#lam[Angstrom] flux[erg/cm2/s/A]
1010.0 1.848500586051527e-47
1020.0 7.774939611028399e-47
1030.0 2.6127066179948316e-45
1040.0 1.5536721111593588e-45
1050.0 1.5455010908585146e-46
1060.0 7.553760516761527e-47
1070.0 2.8000904255198477e-44
1080.0 2.2496472008521784e-42
1090.0 1.2142835418418433e-43
1100.0 3.065404751234438e-44
1110.0 3.506832213387075e-42
1120.0 6.988127143270427e-42
1130.0 3.7637395971230126e-41
1140.0 2.4400741394940145e-40
1150.0 2.2260924394909553e-40
1160.0 4.826228423749249e-40
1170.0 1.4753374956359962e-39
1180.0 1.256941067208801e-39
1190.0 5.190787256585893e-39
1200.0 7.16407280647656e-39
1210.0 1.7853685599199536e-38
1220.0 1.7603157925388166e-38
1230.0 5.312416152948778e-38
1240.0 1.0125400563219576e-37
1250.0 1.7727463587842294e-37
1260.0 2.8091250290862907e-37
1270.0 5.294384362860566e-37
1280.0 8.215275551006322e-37
1290.0 1.4847508952917292e-36
1300.0 2.7328634083131502e-36
1310.0 4.351458512932331e-36
1320.0 2.3278573269549906e-35
1330.0 5.177418338335865e-35
1340.0 7.971218330777367e-35
1350.0 1.2682318511433108e-34
1360.0 1.9172222877335718e-34
1370.0 2.883960606191151e-34
1380.0 4.224941627240099e-34
1390.0 6.582007983964769e-34
1400.0 9.019930760657823e-34
1410.0 1.4394393840974473e-33
1420.0 2.356595610770346e-33
1430.0 3.5456270480641526e-33
1440.0 4.8504849944776486e-33
1450.0 7.834524405033739e-33
1460.0 9.992825921544017e-33
1470.0 1.6681050324666224e-32
1480.0 2.545991282040336e-32
1490.0 3.6180772700918835e-32
1500.0 5.625111041981439e-32
1510.0 8.233544058699905e-32
1520.0 1.2257140831001413e-31
1530.0 1.6656073110285166e-31
1540.0 2.2936006088617483e-31
1550.0 3.278064900590509e-31
1560.0 5.167834806511767e-31
1570.0 7.372482403009359e-31
1580.0 5.9922832883238275e-31
1590.0 1.2705285563594676e-30
1600.0 1.5750735765782293e-30
1610.0 3.2869052286985186e-30
1620.0 2.48436962717892e-30
1630.0 3.718559450814968e-30
1640.0 5.846851277559613e-30
1650.0 1.4246704686019983e-29
1660.0 1.9305394003760498e-29
1670.0 2.662376070993818e-29
1680.0 3.093438032204466e-29
1690.0 4.5388358204318795e-29
1700.0 4.704164522569651e-29
1710.0 8.497446554271099e-29
1720.0 1.1714145801150333e-28
1730.0 2.006596812619972e-28
1740.0 3.204313663655299e-28
1750.0 4.7944802988055905e-28
1760.0 7.309974006515734e-28
1770.0 1.02488150460817e-27
1780.0 1.3973026623398824e-27
1790.0 2.0148267784748838e-27
1800.0 2.8946290700002006e-27
1810.0 3.800248114039903e-27
1820.0 5.433134944999786e-27
1830.0 7.091648013362141e-27
1840.0 9.174040790266244e-27
1850.0 1.2079843138833977e-26
1860.0 1.8414943219039125e-26
1870.0 2.5528700796298197e-26
1880.0 3.522025567591381e-26
1890.0 4.755556465000035e-26
1900.0 6.58881538034211e-26
1910.0 8.800455960715368e-26
1920.0 1.2025354304999995e-25
1930.0 1.5428009938330653e-25
1940.0 2.0957710242499445e-25
1950.0 2.8570311192500725e-25
1960.0 3.212862316654989e-25
1970.0 4.8530981339502745e-25
1980.0 6.713634073175048e-25
1990.0 8.880893217150112e-25
2000.0 1.0923580080000198e-24
2010.0 1.3980918975099812e-24
2020.0 1.8258376203584122e-24
2030.0 2.4698450730000755e-24
2040.0 3.1902961662050875e-24
2050.0 4.313398621399986e-24
2060.0 5.749591696349873e-24
2070.0 6.708995430850936e-24
2080.0 9.88482442898626e-24
2090.0 1.2500230262000759e-23
2100.0 1.675883059114859e-23
2110.0 2.1557326439998166e-23
2120.0 2.8749131297000054e-23
2130.0 3.6387823777400947e-23
2140.0 3.814884315436748e-23
2150.0 6.324486176199181e-23
2160.0 8.206861830100071e-23
2170.0 9.648445977249088e-23
2180.0 1.3231687499247358e-22
2190.0 1.7946650200000113e-22
2200.0 2.2235493899999583e-22
2210.0 2.780308191399835e-22
2220.0 3.760053890450094e-22
2230.0 4.545772971173805e-22
2240.0 6.03814301879965e-22
2250.0 7.580395530500048e-22
2260.0 9.786732103499233e-22
2270.0 1.2171036167499427e-21
2280.0 1.5432362615853634e-21
2290.0 1.9265869480000347e-21
2300.0 2.3671239894999535e-21
2310.0 2.8866392972499248e-21
2320.0 3.7870929485000996e-21
2330.0 4.952398238415299e-21
2340.0 5.975906154999559e-21
2350.0 7.54669829350102e-21
2360.0 9.533608465998065e-21
2370.0 1.1622418845459459e-20
2380.0 1.4416790195499186e-20
2390.0 1.848390595500008e-20
2400.0 2.278306937500004e-20
2410.0 2.1531318044497697e-20
2420.0 4.42318932133912e-20
2430.0 5.334248124299933e-20
2440.0 7.222892599499014e-20
2450.0 9.408568412500201e-20
2460.0 1.1505428050243929e-19
2470.0 1.4103117409999288e-19
2480.0 1.747278579999909e-19
2490.0 2.1347082814998641e-19
2500.0 2.547067298500323e-19
2510.0 3.1593408212393044e-19
2520.0 3.3654053324999014e-19
2530.0 4.367617766000159e-19
2540.0 5.489072180000463e-19
2550.0 6.848015754679355e-19
2560.0 8.338832285000613e-19
2570.0 9.811553727000872e-19
2580.0 1.2271560850000102e-18
2590.0 1.454398598738779e-18
2600.0 1.7842337649999388e-18
2610.0 2.1332312720001532e-18
2620.0 2.5681758599998965e-18
2630.0 3.048461702999749e-18
2640.0 3.670422820538448e-18
2650.0 4.2951081575001075e-18
2660.0 5.251803769999891e-18
2670.0 6.310478054999977e-18
2680.0 7.414843315984558e-18
2690.0 8.99843968500012e-18
2700.0 1.0779250574999342e-17
2710.0 1.2617410149998373e-17
2720.0 1.523475554499012e-17
2730.0 1.822546169999956e-17
2740.0 2.167505854999999e-17
2750.0 2.5522000000001153e-17
2760.0 3.007030428886133e-17
2770.0 3.586100230000198e-17
2780.0 4.258614640000042e-17
2790.0 5.020030554999948e-17
2800.0 5.918612529999927e-17
2810.0 6.960092711440036e-17
2820.0 8.210966740000217e-17
2830.0 9.581240025000204e-17
2840.0 1.138369019999993e-16
2850.0 1.2663722365128562e-16
2860.0 1.4134244876577967e-08
2870.0 5.05141699553946e-08
2880.0 1.551204751893155e-07
2890.0 2.730944795862019e-07
2900.0 5.150756288800115e-07
2910.0 7.025667035220702e-07
2920.0 9.94429899607607e-07
2930.0 1.0924933482242915e-06
2940.0 7.382193293809129e-07
2950.0 1.5293923619499013e-06
2960.0 2.727001196499962e-06
2970.0 2.294178223310873e-06
2980.0 2.912049605087318e-06
2990.0 8.17402826430948e-07
3000.0 3.191451081418263e-06
3010.0 2.9171837129519583e-06
3020.0 2.1521230384557406e-06
3030.0 6.161338685105735e-06
3040.0 1.3106512105486203e-06
3050.0 1.359897280260244e-06
3060.0 2.3032451055396166e-06
3070.0 6.08708766389072e-06
3080.0 1.871404695447883e-06
3090.0 6.0368382180726414e-06
3100.0 1.1934553249511307e-05
3110.0 2.7427504643026026e-05
3120.0 2.5194894878442916e-05
3130.0 2.2371563802863506e-05
3140.0 1.7308854606934683e-05
3150.0 2.9089555212777313e-05
3160.0 3.607945081429565e-05
3170.0 5.352960531713506e-05
3180.0 7.590114796918853e-05
3190.0 5.647681120762555e-05
3200.0 6.720880554805302e-05
3210.0 8.345869818799998e-05
3220.0 3.1989049039752444e-05
3230.0 5.362310590930016e-05
3240.0 3.060969244964474e-05
3250.0 1.2680490109826422e-05
3260.0 7.047727175616709e-05
3270.0 2.493325362843919e-05
3280.0 1.9014551495826035e-05
3290.0 1.1074911440288927e-05
3300.0 5.0003143748749475e-08
3310.0 1.974178093845333e-06
3320.0 4.619607043097141e-05
3330.0 0.00012381041282597146
3340.0 0.0002503787859319899
3350.0 0.0002772288028990443
3360.0 0.0003884270973378783
3370.0 0.00018180626199865984
3380.0 0.000358191337773568
3390.0 0.00022312942044521483
3400.0 0.00024457785169116643
3410.0 1.5112441300101395e-05
3420.0 0.00021231184905981732
3430.0 0.0001473970993225946
3440.0 8.67145712603935e-05
3450.0 1.0139366254707644e-05
3460.0 3.6518298248135686e-05
3470.0 2.425799755431976e-05
3480.0 0.00034773703614087716
3490.0 0.0003966025523431494
3500.0 0.00013747962407543025
3510.0 3.101632878131538e-05
3520.0 3.8575142615841265e-05
3530.0 2.0658777797767797e-05
3540.0 0.0009657046729134834
3550.0 0.0008239971657552421
3560.0 0.0009979602736414099
3570.0 0.0003469237357935024
3580.0 0.00011421432099451787
3590.0 0.00020759206189115183
3600.0 0.00017846538667935013
3610.0 0.0005947296703261827
3620.0 0.0015602076276952336
3630.0 0.0015925494609347998
3640.0 0.003374072289499562
3650.0 0.002202241410854796
3660.0 0.003905813904150832
3670.0 0.004174379402262488
3680.0 0.003634947690257685
3690.0 0.004797528218773683
3700.0 0.005725952800327888
3710.0 0.004611231856942338
3720.0 0.0025516073984858546
3730.0 0.002371807598908954
3740.0 0.00317938590213575
3750.0 0.004981195131341584
3760.0 0.008234086055797066
3770.0 0.009669963121646745
3780.0 0.008445811682483994
3790.0 0.009569798527439295
3800.0 0.006439720052124639
3810.0 0.010491887518148372
3820.0 0.01013708366900068
3830.0 0.011596096203649672
3840.0 0.013594386658414571
3850.0 0.011414817745088906
3860.0 0.0036736030009943384
3870.0 0.009861445679165848
3880.0 0.010593412503972078
3890.0 0.01033889831215311
3900.0 0.01018386069935084
3910.0 0.009342669161778953
3920.0 0.01590196928005009
3930.0 0.011965943489437365
3940.0 0.018037882400232266
3950.0 0.020359422699539588
3960.0 0.019280491495051403
3970.0 0.017148644646465473
3980.0 0.016949133362834542
3990.0 0.013528485985109258
4000.0 0.011258537993551735
4010.0 0.0050428524072317306
4020.0 0.0017365725835040752
4030.0 0.0002795985734206965
4040.0 0.0003360531385966784
4050.0 0.0011387659816226117
4060.0 0.009008075297276244
4070.0 0.023053152777498812
4080.0 0.027148339060026224
4090.0 0.03455313407092297
4100.0 0.03628053458803769
4110.0 0.049341798596555866
4120.0 0.05376927931470117
4130.0 0.055113194431501374
4140.0 0.06884213516952363
4150.0 0.06250350998458631
4160.0 0.07171059855170311
4170.0 0.0326551592336111
4180.0 0.07296700306506125
4190.0 0.04413587207880036
4200.0 0.07253359012701227
4210.0 0.07483140786796284
4220.0 0.06309955931842694
4230.0 0.04477351446902933
4240.0 0.08410482879994857
4250.0 0.03627050614627845
4260.0 0.04013528553781666
4270.0 0.039423560808942056
4280.0 0.04140608902999203
4290.0 0.03262331667881625
4300.0 0.10384692153078488
4310.0 0.12631590171800727
4320.0 0.14569365151777933
4330.0 0.1418283777218997
4340.0 0.1458421220777493
4350.0 0.17648816987703833
4360.0 0.18603023993277484
4370.0 0.2170259486524839
4380.0 0.21653494757143443
4390.0 0.2422927233120183
4400.0 0.22404032745740868
4410.0 0.2367630355088016
4420.0 0.2216699669934189
4430.0 0.2426639083937227
4440.0 0.2629510374063936
4450.0 0.2994323058919952
4460.0 0.31082759912943014
4470.0 0.34501893460661354
4480.0 0.27860726665110247
4490.0 0.36600018366529163
4500.0 0.29628005543927804
4510.0 0.3572717482675173
4520.0 0.3351869201356107
4530.0 0.35648715747604065
4540.0 0.40987090184030844
4550.0 0.38422515118157163
4560.0 0.4392903465968658
4570.0 0.3869165628942175
4580.0 0.443898570831059
4590.0 0.39595071474341886
4600.0 0.3780582619664959
4610.0 0.15275211613386402
4620.0 0.4922531388774216
4630.0 0.2868545363283253
4640.0 0.4322207086618628
4650.0 0.34665544174467305
4660.0 0.5782361077293139
4670.0 0.6161355310361449
4680.0 0.5986854520682166
4690.0 0.6708746000833334
4700.0 0.8552843828516499
4710.0 0.7202300406531557
4720.0 0.5673874237196604
4730.0 0.562809246059523
4740.0 0.8060509893926442
4750.0 0.8698959702480948
4760.0 0.7010622123921904
4770.0 0.8179610269827885
4780.0 0.6863595043241348
4790.0 0.65050724126089
4800.0 0.7052316765000443
4810.0 0.36152004135458227
4820.0 0.732498687615087
4830.0 0.8362231664498871
4840.0 0.6899598645130689
4850.0 0.6145730473402987
4860.0 0.7357988744650897
4870.0 0.8450109322220715
4880.0 0.7441709190871304
4890.0 0.8352792828912377
4900.0 0.7176631662595025
4910.0 0.6841699118372571
4920.0 0.5913010283485152
4930.0 0.7494205045225577
4940.0 0.7167941710531344
4950.0 0.47624007140271873
4960.0 0.655620815098477
4970.0 0.6287619960349242
4980.0 0.5096050204787812
4990.0 0.4836809125899741
5000.0 0.4211734499500205
5010.0 0.3125788173500777
5020.0 0.24285897742412818
5030.0 0.18773729645751835
5040.0 0.16805712684709423
5050.0 0.16572908349914137
5060.0 0.1645859457186685
5070.0 0.16913037639147566
5080.0 0.17960052656496767
5090.0 0.16974340856071451
5100.0 0.15508659934941132
5110.0 0.14950364449997586
5120.0 0.12516505497493355
5130.0 0.12416074758047545
5140.0 0.11768090612252144
5150.0 0.1134995519875358
5160.0 0.10856316990497683
5170.0 0.10505260775726594
5180.0 0.08954337550947856
5190.0 0.10660183744599677
5200.0 0.09092730828347494
5210.0 0.09899435333299075
5220.0 0.11406143684998721
5230.0 0.0994853210369995
5240.0 0.10013574450506574
5250.0 0.09626116299998942
5260.0 0.09484915920999343
5270.0 0.08843047466602888
5280.0 0.08384396721597275
5290.0 0.08334551572050113
5300.0 0.0754239408804883
5310.0 0.07787516004998549
5320.0 0.07458707411671393
5330.0 0.06888990061860814
5340.0 0.06422961139000968
5350.0 0.06271593989091573
5360.0 0.060087628302000415
5370.0 0.05812103118699926
5380.0 0.05571913202800012
5390.0 0.053199477569813435
5400.0 0.04955325752948675
5410.0 0.05048420526500229
5420.0 0.04835507849998751
5430.0 0.04520228318987703
5440.0 0.04480097491500226
5450.0 0.0422309511020039
5460.0 0.04031842566650391
5470.0 0.03976302024322247
5480.0 0.03831360314999552
5490.0 0.03614743032000512
5500.0 0.03518550127615333
5510.0 0.03451692884999584
5520.0 0.03274612937000016
5530.0 0.031125360675008082
5540.0 0.030132377084377177
5550.0 0.027733430277507187
5560.0 0.026747768416992303
5570.0 0.02641656169999749
5580.0 0.025600736327697327
5590.0 0.02500314649999702
5600.0 0.023580142700003873
5610.0 0.022229328049994647
5620.0 0.020440326363128113
5630.0 0.020055581265000663
5640.0 0.01894711925000374
5650.0 0.018253059228301716
5660.0 0.01728794355499501
5670.0 0.016569183699999716
5680.0 0.015170639001499418
5690.0 0.014668973035732363
5700.0 0.013741120799996252
5710.0 0.012904938600000672
5720.0 0.011951811700000653
5730.0 0.011182604333900734
5740.0 0.010195222220001507
5750.0 0.009393310009000212
5760.0 0.008700115044999896
5770.0 0.007669887498751246
5780.0 0.007097394305000445
5790.0 0.006402078875000615
5800.0 0.005716670987388724
5810.0 0.005042595170000008
5820.0 0.004446260815000533
5830.0 0.0036650281749997515
5840.0 0.0029326530397361214
5850.0 0.0024487694499995697
5860.0 0.0019658041899999527
5870.0 0.0009338016159998378
5880.0 0.00017858475918327318
5890.0 2.5069912050013665e-05
5900.0 5.1820103999924695e-05
5910.0 0.0002569585306777944
5920.0 0.0012724555530000546
5930.0 0.0031387528724999923
5940.0 0.0046965559000001645
5950.0 0.0063476575743168905
5960.0 0.008154347075000337
5970.0 0.010306664300001435
5980.0 0.012799627100003538
5990.0 0.016076495505954295
6000.0 0.019785418299999455
6010.0 0.024004507000000223
6020.0 0.02899088620000026
6030.0 0.03519535941847643
6040.0 0.04250229819999982
6050.0 0.050158383899998035
6060.0 0.05849817851065173
6070.0 0.06842362050000957
6080.0 0.07811819745001977
6090.0 0.09245183785000134
6100.0 0.10612377759985615
6110.0 0.1235304804999977
6120.0 0.14207977499999858
6130.0 0.16300534399999836
6140.0 0.18538900595535937
6150.0 0.2092855249999984
6160.0 0.23807509250001985
6170.0 0.273303019999996
6180.0 0.3091316210089073
6190.0 0.34186274625001417
6200.0 0.39182162149998984
6210.0 0.44197587403662913
6220.0 0.48592192104992776
6230.0 0.5457775732500341
6240.0 0.6024424745499781
6250.0 0.6816883583725417
6260.0 0.7457106880000074
6270.0 0.8411026719999565
6280.0 0.93235732299995
6290.0 1.0331540961865497
6300.0 1.1050359609998712
6310.0 1.2195261657601097
6320.0 1.4298980872785245
6330.0 1.563497669999887
6340.0 1.7437781449998837
6350.0 1.9497557249999984
6360.0 2.1554728625762953
6370.0 2.358878280000064
6380.0 2.6169838249999886
6390.0 2.860412244999838
6400.0 3.1313717745972434
6410.0 3.4358687949999394
6420.0 3.7158478000002146
6430.0 3.9816637270000363
6440.0 4.44379897157403
6450.0 4.890962185000053
6460.0 5.18656257100046
6470.0 5.710380873786234
6480.0 6.269002275000057
6490.0 6.772978330000074
6500.0 7.321111515000086
6510.0 7.718681143028826
6520.0 8.514780699999502
6530.0 9.092750174999583
6540.0 9.911727774998841
6550.0 10.612138484635823
6560.0 11.427591199999657
6570.0 12.3256651000002
6580.0 12.490098397208595
6590.0 14.019981250000257
6600.0 14.861182780000787
6610.0 15.669583055
6620.0 17.035346116504662
6630.0 17.76188633999899
6640.0 19.247080250000252
6650.0 20.37362085000119
6660.0 21.680309123210527
6670.0 22.725041300000044
6680.0 24.181116950000153
6690.0 25.584250450000233
6700.0 26.32576216594829
6710.0 26.501918800000183
6720.0 29.773894249999827
6730.0 29.783399244322293
6740.0 32.636600199999165
6750.0 33.915066650001
6760.0 35.43586285000012
6770.0 36.23972131918629
6780.0 36.056941007001825
6790.0 39.128593099997
6800.0 39.7802013500024
6810.0 40.61433027725599
6820.0 41.078244519996616
6830.0 41.77895600000208
6840.0 41.764262610346755
6850.0 42.19100632500041
6860.0 41.08533264800056
6870.0 42.42533254999975
6880.0 41.827810834751126
6890.0 36.38705239999611
6900.0 39.34832524999903
6910.0 38.884163999999885
6920.0 35.9499346747073
6930.0 37.67454384999939
6940.0 36.09163949500068
6950.0 36.98674525000011
6960.0 36.489586572915286
6970.0 37.10724929999939
6980.0 37.45449745000058
6990.0 35.15690599739974
7000.0 38.364427949997435
7010.0 40.59125994999918
7020.0 41.7854104500004
7030.0 42.56192775998091
7040.0 44.06766920000016
7050.0 44.05252690000147
7060.0 45.15793470000067
7070.0 45.61028439095237
7080.0 46.097494000000566
7090.0 44.30296683500011
7100.0 45.29486775097291
7110.0 47.153181950002185
7120.0 48.37455179999857
7130.0 47.93543564499898
7140.0 48.10359544089813
7150.0 49.34384690000085
7160.0 49.82478294999951
7170.0 49.160535749994345
7180.0 49.56900741667533
7190.0 48.90221389999677
7200.0 47.10461202649923
7210.0 47.42286301671758
7220.0 46.61828645500036
7230.0 47.01833885000031
7240.0 46.12119350000165
7250.0 45.90538576218596
7260.0 44.67113500000325
7270.0 43.900950749999765
7280.0 42.46512725000177
7290.0 42.487344399958346
7300.0 41.4169303499996
7310.0 40.430928849999624
7320.0 39.03437944999994
7330.0 36.97786880692418
7340.0 36.33605395000302
7350.0 35.60772404999996
7360.0 34.024155099589166
7370.0 33.66240874999985
7380.0 33.02731150000094
7390.0 31.694719249999803
7400.0 28.26516254479216
7410.0 27.735099149999705
7420.0 27.193600200000024
7430.0 27.03092539999981
7440.0 24.909807716944453
7450.0 23.5166209999999
7460.0 23.062874500000657
7470.0 23.750081007907134
7480.0 21.35813320000011
7490.0 18.536314250000043
7500.0 18.23171950000016
7510.0 17.688921449304477
7520.0 15.66890405000008
7530.0 14.52420195000008
7540.0 13.765167399998909
7550.0 12.669139725753308
7560.0 10.461217229998937
7570.0 10.41847002000001
7580.0 9.174430276152163
7590.0 8.733563556744873
7600.0 7.124087289999921
7610.0 6.538540829999965
7620.0 5.509235368331489
7630.0 3.994516475
7640.0 1.57926271
7650.0 0.22051556525000005
7660.0 0.03732909240316318
7670.0 0.042512833209997575
7680.0 0.1352600323499989
7690.0 0.0862668452000023
7700.0 0.04629262139925975
7710.0 0.16976740819998185
7720.0 0.8088316894999379
7730.0 2.3385464107697573
7740.0 4.5260926050001355
7750.0 6.824708460000368
7760.0 9.744254140000109
7770.0 12.232767991192242
7780.0 14.156978950000045
7790.0 15.175432699999968
7800.0 7.428332351999755
7810.0 19.163767796016547
7820.0 23.859591
7830.0 27.166176749999995
7840.0 30.120391137025667
7850.0 34.513194749999954
7860.0 37.71425389999995
7870.0 40.95883249999726
7880.0 45.8298657641876
7890.0 50.07051444999978
7900.0 54.3068420499997
7910.0 58.34292544999904
7920.0 64.23256188569698
7930.0 67.99615594999925
7940.0 59.506977799997834
7950.0 32.452753570514204
7960.0 80.60859020000049
7970.0 90.53364304999991
7980.0 99.01602380000026
7990.0 105.58777269542598
8000.0 111.71016749999984
8010.0 118.0352775
8020.0 125.07826000000003
8030.0 132.3193008207386
8040.0 139.15374299999738
8050.0 146.13177449999992
8060.0 152.54728449999976
8070.0 158.52375027525213
8080.0 166.26824049999863
8090.0 173.30212550000806
8100.0 182.65563852467213
8110.0 190.89115900000053
8120.0 195.68513749998854
8130.0 205.81701800000025
8140.0 212.9890399859877
8150.0 220.45117650000023
8160.0 228.31090750000027
8170.0 233.75692850000945
8180.0 239.48489415473534
8190.0 246.3268780000007
8200.0 258.1335624999981
8210.0 269.3053811930736
8220.0 275.3045975000108
8230.0 285.57922299999944
8240.0 293.59271700000096
8250.0 299.0339568612018
8260.0 307.44210600003095
8270.0 320.1508255000009
8280.0 328.23202449998865
8290.0 337.2249372435189
8300.0 344.65140299999916
8310.0 349.9896699999881
8320.0 361.0847629866875
8330.0 365.6472339999741
8340.0 377.57828550000056
8350.0 386.21446300000065
8360.0 395.1610086577923
8370.0 404.34334250000006
8380.0 413.57525749999996
8390.0 422.75957
8400.0 431.51251906716135
8410.0 437.1315309999692
8420.0 449.0252790000034
8430.0 457.7865729999995
8440.0 466.1818732859576
8450.0 474.399717500001
8460.0 482.8942860000008
8470.0 488.69069462519303
8480.0 499.856405499999
8490.0 508.03922449999936
8500.0 509.03493149995427
8510.0 515.9810565508949
8520.0 290.5678238494791
8530.0 520.2315845000071
8540.0 550.8036445000009
8550.0 563.3765740166149
8560.0 567.7747750000135
8570.0 581.9889549999963
8580.0 592.5138263437084
8590.0 601.6900784999995
8600.0 609.7252144999989
8610.0 609.6152164999653
8620.0 611.2883525673004
8630.0 620.2500715000863
8640.0 631.8966630000833
8650.0 641.0553600000217
8660.0 656.138892653355
8670.0 664.9618720000216
8680.0 674.1739189999869
8690.0 686.9861191572342
8700.0 694.2451530000076
8710.0 703.7163864999926
8720.0 714.4545134999698
8730.0 725.6745563507403
8740.0 737.6808325000086
8750.0 746.0574099999646
8760.0 760.8456350000124
8770.0 763.3848444599992
8780.0 779.7142589999853
8790.0 788.4482539999949
8800.0 801.3840112601364
8810.0 798.9999005000991
8820.0 821.3844744999207
8830.0 830.2639335000263
8840.0 844.1063138825257
8850.0 849.9539759999855
8860.0 861.8545994999665
8870.0 870.2259859999132
8880.0 882.6991879190867
8890.0 895.6733430000054
8900.0 901.2055839999898
8910.0 911.4433204999917
8920.0 918.2847738965474
8930.0 926.9324575000036
8940.0 632.2107490600038
8950.0 861.299791111991
8960.0 962.4215879999983
8970.0 972.429982499996
8980.0 983.0060620000379
8990.0 996.2989541086964
9000.0 1003.0295090000297
9010.0 1013.6220950000135
9020.0 1026.777899999997
9030.0 1032.6146837153358
9040.0 1044.0553449999904
9050.0 1054.8510649999644
9060.0 1063.8641762586167
9070.0 1073.8441750000002
9080.0 1083.5090400000338
9090.0 1094.4012949999906
9100.0 1103.540930837757
9110.0 1113.8639499999974
9120.0 1124.7739999999935
9130.0 1134.3169250000092
9140.0 1144.4851746571715
9150.0 1154.6688949999996
9160.0 1165.9118300000066
9170.0 1175.0404128716016
9180.0 1185.7563949999976
9190.0 1196.269300000012
9200.0 1206.5901000000104
9210.0 1215.4560729657078
9220.0 1226.7728350000073
9230.0 1236.7763300000124
9240.0 1246.4874399999885
9250.0 1256.550205685114
9260.0 1267.1853549999992
9270.0 1277.0317299999929
9280.0 1286.9129946952341
9290.0 1297.0051250000051
9300.0 1307.2038249999962
9310.0 1317.3370500000003
9320.0 1327.513012711439
9330.0 1337.0463899999986
9340.0 1347.1313399999942
9350.0 1357.533709999995
9360.0 1367.6662466219561
9370.0 1377.6894600000076
9380.0 1387.9501649999927
9390.0 1398.2942249999976
9400.0 1408.0276508857896
9410.0 1418.4212599999983
9420.0 1428.294805
9430.0 1438.2612271043931
9440.0 1448.2030099999965
9450.0 1458.3859200000006
9460.0 1468.2303100000022
9470.0 1478.3192238014199
9480.0 1488.4797500000006
9490.0 1498.1302999999966
9500.0 1508.1670500000002
9510.0 1518.6561835652078
9520.0 1528.6503449999968
9530.0 1538.8275549999985
9540.0 1549.1408502652396
9550.0 1559.0336100000013
9560.0 1569.3311100000014
9570.0 1579.5643800000005
9580.0 1589.885685617055
9590.0 1600.459504999999
9600.0 1610.9027999999976
9610.0 1621.1887950000003
9620.0 1631.7184841357225
9630.0 1641.9660900000008
9640.0 1652.2648500000014
9650.0 1662.7072405164652
9660.0 1673.1417250000013
9670.0 1683.8315750000002
9680.0 1694.1248499999995
9690.0 1704.6006676008403
9700.0 1715.1377699999994
9710.0 1725.8872349999997
9720.0 1737.0584899999994
9730.0 1747.2383695325798
9740.0 1757.856450000001
9750.0 1767.834975000001
9760.0 1778.105069562606
9770.0 1789.1356249999985
9780.0 1799.8251899999989
9790.0 1810.0663249999982
9800.0 1820.949341407266
9810.0 1831.4100550000007
9820.0 1841.486335
9830.0 1851.7334350000006
9840.0 1861.6080992893606
9850.0 1872.9492999999995
9860.0 1883.7511500000003
9870.0 1893.866977780002
9880.0 1904.4377049999994
9890.0 1915.7534899999987
9900.0 1925.5324249999971
9910.0 1934.666600940836
9920.0 1945.5124100000064
9930.0 1956.6222600000017
9940.0 1967.308490000001
9950.0 1978.056218096286
9960.0 1988.6177850000033
9970.0 1992.5969250000571
9980.0 1999.3537315522944
9990.0 2009.538939128657
10010.0 2033.0659500000259
10020.0 2041.8281999999276
10030.0 2054.513750000049
10040.0 2070.391050000043
10050.0 2080.1299499999604
10060.0 2089.8449499999074
10070.0 2102.531350000042
10080.0 2113.3466999999773
10090.0 2125.413449999959
10100.0 2136.9319000000132
10110.0 2148.6293500000156
10120.0 2158.1997500000516
10130.0 2170.4285499999824
10140.0 2179.6370500000407
10150.0 2192.9447499999997
10160.0 2201.7186499999984
10170.0 2213.951799999999
10180.0 2223.8402499999943
10190.0 2235.872599999967
10200.0 2247.471650000026
10210.0 2256.623949999976
10220.0 2267.873450000029
10230.0 2279.2198500000136
10240.0 2290.5747500000416
10250.0 2303.4617499999736
10260.0 2313.023100000022
10270.0 2323.7397000000165
10280.0 2335.985199999952
10290.0 2346.9432999999767
10300.0 2356.8964999999066
10310.0 2368.635100000054
10320.0 2380.37174999998
10330.0 2391.490999999999
10340.0 2403.123950000025
10350.0 2413.412149999999
10360.0 2425.5752000000402
10370.0 2436.737899999975
10380.0 2447.847550000027
10390.0 2459.3777499999633
10400.0 2470.2189499999936
10410.0 2481.9435000000094
10420.0 2493.0893499999884
10430.0 2504.9138499999794
10440.0 2516.0139000000117
10450.0 2526.9714499999695
10460.0 2539.0757500000227
10470.0 2550.0384500000105
10480.0 2562.0335999999747
10490.0 2573.465499999993
10500.0 2584.996799999994
10510.0 2596.733750000001
10520.0 2608.4830500000103
10530.0 2619.8968000000164
10540.0 2631.1647499999976
10550.0 2643.1130499999954
10560.0 2654.8227000000034
10570.0 2666.349650000014
10580.0 2677.9222499999946
10590.0 2689.5188500000145
10600.0 2701.0039500000003
10610.0 2712.564849999997
10620.0 2724.0915499999996
10630.0 2735.7794499999786
10640.0 2746.93635
10650.0 2758.714749999995
10660.0 2770.198050000006
10670.0 2781.858400000003
10680.0 2793.278599999997
10690.0 2805.0205500000084
10700.0 2816.6025000000027
10710.0 2828.4759500000077
10720.0 2839.6598499999923
10730.0 2851.704050000001
10740.0 2863.5080500000013
10750.0 2875.226600000005
10760.0 2886.624899999995
10770.0 2898.397250000003
10780.0 2910.657450000002
10790.0 2922.6596
10800.0 2933.9935500000065
10810.0 2945.7996999999996
10820.0 2957.9430000000007
10830.0 2969.8352000000004
10840.0 2981.443399999998
10850.0 2993.5449000000003
10860.0 3005.6911500000047
10870.0 3014.840249999993
10880.0 3025.8648500000036
10890.0 3037.8339500000025
10900.0 3044.896700000024
10910.0 3052.3547500000113
10920.0 3065.06190000001
10930.0 3079.711649999994
10940.0 3092.993299999998
10950.0 3103.2656000000406
10960.0 3121.873750000019
10970.0 3132.6584000000225
10980.0 3145.929499999982
10990.0 3158.3902999999923
11000.0 3171.059550000001
11010.0 3184.244450000011
11020.0 3196.745999999984
11030.0 3206.0754500000276
11040.0 3214.6242500000917
11050.0 3227.830649999946
11060.0 3200.4529500000654
11070.0 3227.2917500000844
11080.0 3214.3754500001855
11090.0 3236.935050000046
11100.0 3225.710899999841
11110.0 3211.36845000037
11120.0 3156.0329000004913
11130.0 3178.249549999773
11140.0 3117.7481999999145
11150.0 3180.2451500010757
11160.0 3211.6438000007033
11170.0 3145.068200001302
11180.0 3180.6817500005727
11190.0 3184.3655499994647
11200.0 3137.6604499993696
11210.0 2984.9817500023437
11220.0 2838.357149999575
11230.0 2432.1921900009265
11240.0 2808.9353000014107
11250.0 2809.5163999988076
11260.0 2741.079150002091
11270.0 2718.5488300002426
11280.0 2733.9161800026045
11290.0 2802.2183499997186
11300.0 2872.36458000117
11310.0 3052.43813000222
11320.0 2969.215149999192
11330.0 2966.909499997115
11340.0 2990.297240001335
11350.0 2205.8111400013736
11360.0 2653.658850000863
11370.0 2889.645000000604
11380.0 3001.2895500014192
11390.0 3230.4062499990505
11400.0 3114.115330001051
11410.0 3167.1973300010072
11420.0 3299.9473500001377
11430.0 3153.9041999988776
11440.0 3119.6163099979985
11450.0 3118.3377500000224
11460.0 3081.2576499988427
11470.0 3003.3180500000008
11480.0 2947.837950000984
11490.0 2809.7658500023167
11500.0 2645.843190001183
11510.0 2496.3261000016555
11520.0 2399.3020900016154
11530.0 2255.026529999043
11540.0 2314.6091100034428
11550.0 2125.050843999388
11560.0 2238.4857699999834
11570.0 2385.09825300064
11580.0 2811.146910001398
11590.0 2951.3686100013424
11600.0 2502.5136800019036
11610.0 2485.7846899986525
11620.0 1894.7995139999598
11630.0 2173.785009997423
11640.0 2067.7592400002227
11650.0 2340.0872400017183
11660.0 2617.0054300040947
11670.0 2543.114300002769
11680.0 2836.470839999479
11690.0 2507.405310000855
11700.0 2682.901170002252
11710.0 2879.1531499993366
11720.0 2984.9856600011663
11730.0 3091.1831999987
11740.0 3100.4818000003634
11750.0 3117.5572500011917
11760.0 3267.036700001584
11770.0 2639.290590000417
11780.0 3247.2325499981935
11790.0 3412.000449998457
11800.0 3434.5629000004005
11810.0 3565.856249999619
11820.0 3505.3445999991645
11830.0 3696.988500000417
11840.0 3666.4141499998705
11850.0 3753.003549999787
11860.0 3741.512499999982
11870.0 3380.4675000017673
11880.0 3626.9847000002555
11890.0 3709.2170499986337
11900.0 3857.7941500000156
11910.0 3864.5206000001554
11920.0 3863.108749999552
11930.0 4009.2540499992906
11940.0 4115.600000001025
11950.0 4101.104349999466
11960.0 4124.8180500009785
11970.0 4130.744449998682
11980.0 4156.540199999099
11990.0 4264.265000000228
12000.0 4198.594250001592
12010.0 4236.813399999384
12020.0 4288.024400000559
12030.0 4269.868149999045
12040.0 4350.724800000108
12050.0 4366.3181000006225
12060.0 4409.541099999709
12070.0 4432.544449999923
12080.0 4459.127949999661
12090.0 4492.171649999898
12100.0 4494.836499999956
12110.0 4526.688550000097
12120.0 4540.377250000069
12130.0 4537.644449999921
12140.0 4586.252749999964
12150.0 4604.4819000001535
12160.0 4618.825899999916
12170.0 4625.624350000126
12180.0 4646.998950000082
12190.0 4664.731000000005
12200.0 4671.520450000037
12210.0 4690.203850000015
12220.0 4708.585300000017
12230.0 4711.030999999984
12240.0 4727.980999999974
12250.0 4737.4082000000035
12260.0 4754.62124999999
12270.0 4766.348699999994
12280.0 4774.330550000021
12290.0 4776.210300000179
12300.0 4787.0504999999175
12310.0 4805.003999999927
12320.0 4824.316199999849
12330.0 4841.8834
12340.0 4844.329249999999
12350.0 4859.650249999944
12360.0 4880.665099999958
12370.0 4896.322849999968
12380.0 4911.077000000037
12390.0 4927.224250000027
12400.0 4937.596899999872
12410.0 4957.4625999999835
12420.0 4969.448150000111
12430.0 4683.0173000002205
12440.0 4998.7489000001115
12450.0 5006.190799999991
12460.0 5015.441500000041
12470.0 5031.322050000041
12480.0 5046.7706499999795
12490.0 5060.850800000012
12500.0 5073.146150000054
12510.0 5057.822500000063
12520.0 4624.808099999707
12530.0 5077.933549999633
12540.0 5129.561899999998
12550.0 5092.2535499989435
12560.0 5149.726899999996
12570.0 5107.912449998992
12580.0 5172.061749999996
12590.0 5184.594799999992
12600.0 5137.7782000003845
12610.0 5212.161400000008
12620.0 5221.0818
12630.0 5234.653550000009
12640.0 5183.326600001325
12650.0 5262.248350000002
12660.0 5272.153850000005
12670.0 5284.236149999998
12680.0 5230.428500000072
12690.0 5309.942499999989
12700.0 5324.333349999995
12710.0 5333.5470000000005
12720.0 5346.980649999993
12730.0 5299.0888500010715
12740.0 5372.237250000003
12750.0 5386.617399999988
12760.0 5396.044600000001
12770.0 5409.400250000005
12780.0 5369.591500000302
12790.0 5434.88185
12800.0 5447.46385
12810.0 5458.860450000003
12820.0 5471.3518500000055
12830.0 5483.792649999993
12840.0 5463.495349999725
12850.0 5509.4687000000085
12860.0 5520.810850000006
12870.0 5533.408900000008
12880.0 5545.7982500000035
12890.0 5559.033899999996
12900.0 5575.268500000012
12910.0 5583.245050000001
12920.0 5594.894050000002
12930.0 5608.246849999999
12940.0 5620.257000000001
12950.0 5632.912800000001
12960.0 5644.531399999996
12970.0 5622.559000000716
12980.0 5669.506599999997
12990.0 5679.652600000009
13000.0 5686.297999999987
13010.0 5706.224299999999
13020.0 5705.218099999891
13030.0 5713.528099999994
13040.0 5610.5168000014155
13050.0 5711.336350000239
13060.0 5605.058850000115
13070.0 5641.024450000041
13080.0 5566.38169999874
13090.0 5547.477049999156
13100.0 5500.817500001955
13110.0 5359.690549999624
13120.0 5266.303200001691
13130.0 5582.024699998636
13140.0 5404.360300000503
13150.0 5750.160899999697
13160.0 5491.809650000385
13170.0 5733.111149999082
13180.0 5273.850000002067
13190.0 5821.302949999681
13200.0 5735.627500000014
13210.0 5702.698499999443
13220.0 5771.658150002295
13230.0 5803.458399998655
13240.0 5679.521299998976
13250.0 5483.160400000215
13260.0 5851.645149998374
13270.0 5895.334749999996
13280.0 5684.6958999996095
13290.0 5233.377490000248
13300.0 3844.944199993925
13310.0 2761.198861003871
13320.0 5035.36478000319
13330.0 5132.991349998446
13340.0 5257.113600000137
13350.0 5514.292599998462
13360.0 5286.09740000056
13370.0 4934.178893999728
13380.0 5081.643789998125
13390.0 5540.381430003099
13400.0 4753.227660001587
13410.0 4996.851070003182
13420.0 4705.84752999827
13430.0 4731.309519999405
13440.0 4879.425859998555
13450.0 4614.510745000784
13460.0 4336.497644996343
13470.0 4447.1286399983965
13480.0 4240.279799998078
13490.0 4831.067650002394
13500.0 4523.996849995726
13510.0 4683.255999998316
13520.0 4299.390779999286
13530.0 4557.137670001661
13540.0 4620.804760000733
13550.0 4642.459660002572
13560.0 4166.815999997737
13570.0 2957.899160001177
13580.0 4523.707380001977
13590.0 4530.168140000797
13600.0 4864.327639996236
13610.0 5120.011699998264
13620.0 3845.137890000318
13630.0 4850.4575500023875
13640.0 4323.196289998716
13650.0 4336.598880001474
13660.0 4616.1110200026815
13670.0 4861.779289999265
13680.0 4466.975810000368
13690.0 5004.473599997988
13700.0 4557.1268800013795
13710.0 3746.698529997374
13720.0 4558.490049998576
13730.0 4238.745220000576
13740.0 4442.836379998177
13750.0 4191.933680000562
13760.0 4390.6145500035045
13770.0 4196.5805999993245
13780.0 4509.178329993701
13790.0 4218.20324000001
13800.0 3772.65573999755
13810.0 4423.099189999351
13820.0 4104.8572600022335
13830.0 4110.846230001585
13840.0 4111.886230000552
13850.0 4283.314819998821
13860.0 4427.608330002869
13870.0 4006.253180000558
13880.0 4478.333150000567
13890.0 4259.398719998217
13900.0 4324.063710002393
13910.0 4209.299519999935
13920.0 4813.265080003921
13930.0 4685.300320001372
13940.0 4786.21173999955
13950.0 5410.681749997014
13960.0 5098.096049998268
13970.0 4638.47012999957
13980.0 4185.781639998977
13990.0 4219.59195000047
14000.0 4265.6362700047575
14010.0 4251.737100003439
14020.0 4420.137360002287
14030.0 4608.031299996368
14040.0 5021.388780003777
14050.0 4847.32726999785
14060.0 4826.734060004368
14070.0 4829.56972999826
14080.0 3922.526619997867
14090.0 4439.339720003459
14100.0 4659.647599990522
14110.0 5009.246199997685
14120.0 5162.726520004071
14130.0 5371.517450003074
14140.0 5855.006850000287
14150.0 4948.704450002859
14160.0 5886.000350000034
14170.0 5349.068150001611
14180.0 5409.808680004499
14190.0 5556.419309997186
14200.0 5418.7475999983235
14210.0 5895.159800003859
14220.0 5688.811200002711
14230.0 5864.029249999657
14240.0 5440.998899999651
14250.0 5721.300749997599
14260.0 5738.469250001301
14270.0 5993.818349999175
14280.0 6003.6916499998515
14290.0 5495.906949998231
14300.0 6187.63824999793
14310.0 6194.964249999826
14320.0 6176.273849996616
14330.0 6093.8190500015435
14340.0 6338.204100000759
14350.0 6594.632599997108
14360.0 6405.601749998185
14370.0 6498.2513499995475
14380.0 6478.934350001535
14390.0 6582.755900000644
14400.0 6853.506550001449
14410.0 6580.586500000931
14420.0 6682.432149997928
14430.0 6885.724200000555
14440.0 6841.47209999957
14450.0 6811.577299999607
14460.0 6748.317350000623
14470.0 6831.980999998406
14480.0 6969.969049998546
14490.0 7059.613949999682
14500.0 7146.310449999872
14510.0 6948.801649999906
14520.0 7079.614850000399
14530.0 7098.104949999488
14540.0 7158.4526999989575
14550.0 7050.758799998921
14560.0 7182.824000000289
14570.0 7221.411200000199
14580.0 7191.583499999178
14590.0 7260.54204999964
14600.0 7161.708549998905
14610.0 7291.046850000483
14620.0 7330.010000000235
14630.0 7320.548450000089
14640.0 7398.520050000059
14650.0 7326.866599999097
14660.0 7377.975099999263
14670.0 7402.679049999727
14680.0 7362.759350000123
14690.0 7231.250300000879
14700.0 7203.617750000631
14710.0 7138.216100001679
14720.0 7234.216000001054
14730.0 7242.464900002161
14740.0 7347.877849998719
14750.0 7410.519149998481
14760.0 7492.103800000001
14770.0 7468.506000000682
14780.0 7115.084799999634
14790.0 7300.444199999812
14800.0 7388.8576999984125
14810.0 7514.542900000186
14820.0 7533.733600000706
14830.0 7524.336750000661
14840.0 7533.717450000481
14850.0 7602.17679999895
14860.0 7589.25560000098
14870.0 7587.7927499991
14880.0 7656.628299999815
14890.0 7635.781249999121
14900.0 7623.227149999265
14910.0 7709.35485000018
14920.0 7703.850200000107
14930.0 7725.494549999901
14940.0 7706.112650000256
14950.0 7726.263900000761
14960.0 7718.363249999364
14970.0 7771.610600000343
14980.0 7810.093099999992
14990.0 7798.719200000181
15000.0 7816.24410000013
15010.0 7812.1971499999045
15020.0 7845.728150000063
15030.0 7851.039599999932
15040.0 7858.862299999973
15050.0 7841.979750000146
15060.0 7874.044999999981
15070.0 7858.740550000184
15080.0 7886.850649999934
15090.0 7881.931550000362
15100.0 7920.188150000122
15110.0 7888.847950000025
15120.0 7864.087299999748
15130.0 7901.810300000166
15140.0 7929.08090000011
15150.0 7942.218349999973
15160.0 7931.8089500004835
15170.0 7968.946300000225
15180.0 7982.845450000061
15190.0 7982.642899999806
15200.0 7997.903350000212
15210.0 8011.303550000153
15220.0 8019.945149999842
15230.0 8045.145799999926
15240.0 8029.573900000071
15250.0 8047.90775000013
15260.0 8045.9099999996615
15270.0 8073.4384000004175
15280.0 8056.4097500001535
15290.0 8058.017350000246
15300.0 8099.125249999992
15310.0 8071.876749999525
15320.0 8110.889499999929
15330.0 8122.345349999959
15340.0 8126.435049999963
15350.0 8125.830149999938
15360.0 8116.5916500002495
15370.0 8137.487899999913
15380.0 8166.315999999924
15390.0 8137.04790000018
15400.0 8154.639400000142
15410.0 8160.889200000222
15420.0 8168.221399999781
15430.0 8182.739699999922
15440.0 8171.865549999823
15450.0 8184.912450000016
15460.0 8196.718250000167
15470.0 8207.360199999937
15480.0 8193.744549999887
15490.0 8216.989700000071
15500.0 8212.192999999903
15510.0 8221.680900000023
15520.0 8237.820499999896
15530.0 8210.982750000223
15540.0 8230.628599999885
15550.0 8223.567450000124
15560.0 8238.624300000203
15570.0 8197.248299999614
15580.0 6469.976550006141
15590.0 7192.964169999258
15600.0 7475.51392000237
15610.0 7642.0174700013995
15620.0 7711.327569998409
15630.0 7708.4054999986365
15640.0 7742.059359999375
15650.0 7923.970300000927
15660.0 7736.687299998386
15670.0 8027.077799999504
15680.0 7711.040749997349
15690.0 7907.862039998954
15700.0 8015.501049999369
15710.0 7997.495800002347
15720.0 7858.327849999621
15730.0 8042.745449999234
15740.0 8133.514700000322
15750.0 7886.470000003242
15760.0 7855.788550001152
15770.0 8040.977399998554
15780.0 6801.732250003822
15790.0 7207.9371499974495
15800.0 7603.412699999642
15810.0 7481.69280000091
15820.0 7453.904899998472
15830.0 7175.545789996665
15840.0 7507.673800001889
15850.0 7482.190390000918
15860.0 7519.087729996651
15870.0 7249.146900000825
15880.0 7517.363650000866
15890.0 7574.074130000099
15900.0 7571.610700004101
15910.0 7198.436750001505
15920.0 7570.433250000592
15930.0 7374.433650002288
15940.0 7314.242100002461
15950.0 7573.9595500019195
15960.0 7141.990600001793
15970.0 7060.982849995346
15980.0 7470.461100001965
15990.0 6970.262250001904
16000.0 6963.010700000765
16010.0 7213.150349999462
16020.0 7067.965000002374
16030.0 6491.385750000367
16040.0 7375.23765000029
16050.0 7010.138150003287
16060.0 6372.834699997097
16070.0 7278.4382000017085
16080.0 6457.143249995547
16090.0 6801.165700002288
16100.0 6595.593099997776
16110.0 6855.337550000189
16120.0 6477.878599998716
16130.0 6565.056650000846
16140.0 6807.643299999168
16150.0 6132.722299996393
16160.0 6595.64489999811
16170.0 5859.473149999781
16180.0 6099.936000003299
16190.0 5760.616850004176
16200.0 6303.338749999906
16210.0 6077.431899999534
16220.0 6817.243850000672
16230.0 6989.505200000225
16240.0 6951.1070499994175
16250.0 7300.651250000002
16260.0 6665.250199999618
16270.0 6923.27220000004
16280.0 6762.698400000604
16290.0 7133.6484499994585
16300.0 6418.4606500037735
16310.0 6707.030450000578
16320.0 6548.155099999818
16330.0 6244.246550001584
16340.0 6660.31864999732
16350.0 6160.731000001464
16360.0 6464.570700001288
16370.0 6264.934700000499
16380.0 6236.079550000651
16390.0 6758.321700002295
16400.0 6241.2223999976195
16410.0 6455.914000000118
16420.0 6117.060099998895
16430.0 6287.7081000019725
16440.0 6786.729549998607
16450.0 5649.325920002272
16460.0 5964.294050004094
16470.0 6332.374700001168
16480.0 6101.141049998428
16490.0 6444.016450001146
16500.0 6520.3104500018
16510.0 6902.525500000972
16520.0 6593.691049999565
16530.0 6775.30454999894
16540.0 6850.305350002113
16550.0 6445.891399997148
16560.0 5676.481250000284
16570.0 6129.801499996763
16580.0 5296.116949999551
16590.0 6183.32489999712
16600.0 6336.904849999572
16610.0 6468.112899999204
16620.0 6524.804899998298
16630.0 6176.041400002159
16640.0 6789.1550999998535
16650.0 5489.350299999883
16660.0 5176.508799998806
16670.0 5226.16930000144
16680.0 4488.76375000099
16690.0 5527.940650002131
16700.0 4861.486800000178
16710.0 4474.648699995073
16720.0 4984.222150000443
16730.0 5302.13599999981
16740.0 5732.180149999753
16750.0 6387.862249999833
16760.0 6237.815199999003
16770.0 6283.54909999797
16780.0 6520.592899999163
16790.0 6607.9065000011
16800.0 6168.606399999679
16810.0 6046.681799997554
16820.0 6207.61740000165
16830.0 5482.09234999889
16840.0 4826.571639998854
16850.0 5242.872950001716
16860.0 5061.625149996845
16870.0 4343.506590000301
16880.0 4892.740950000878
16890.0 4419.63434999708
16900.0 4337.924339997902
16910.0 5020.665199999117
16920.0 4755.117600000204
16930.0 5342.811149996704
16940.0 4437.919390001642
16950.0 4500.701299998515
16960.0 4248.631200002216
16970.0 4487.549449996687
16980.0 4744.23289999703
16990.0 5354.5146999998315
17000.0 4793.504650003952
17010.0 5260.593550000108
17020.0 5326.362099999061
17030.0 4945.804749996971
17040.0 4666.370049997608
17050.0 5547.880849998298
17060.0 5917.361599998661
17070.0 4967.922250001134
17080.0 5406.483800000307
17090.0 5739.802699998733
17100.0 5314.958599996785
17110.0 4656.60975000134
17120.0 5545.183050000069
17130.0 5753.745400000018
17140.0 5608.29649999988
17150.0 5718.0490499982525
17160.0 6580.194649998339
17170.0 5912.122449996321
17180.0 6255.2251999998425
17190.0 6104.860999997834
17200.0 5184.368699998129
17210.0 5638.01029999767
17220.0 5658.827199998227
17230.0 5638.477000002721
17240.0 5053.220900002533
17250.0 5440.1048000013625
17260.0 5137.445250000124
17270.0 5283.703100000601
17280.0 5442.588250002444
17290.0 6251.893100000442
17300.0 5996.932800002084
17310.0 5997.325050001517
17320.0 6357.8916500010455
17330.0 6212.014549999321
17340.0 6444.844149999502
17350.0 5855.175499997784
17360.0 6165.908150001227
17370.0 5727.445200000653
17380.0 5734.6101500022905
17390.0 6002.914249998095
17400.0 5568.464199999197
17410.0 6005.4523499992265
17420.0 5674.9819499992855
17430.0 5790.186249999254
17440.0 5445.47460000002
17450.0 5693.007799999081
17460.0 5807.001550001293
17470.0 5555.672649999254
17480.0 5653.112249997527
17490.0 5998.792399998212
17500.0 5948.766300003332
17510.0 6150.459999998731
17520.0 6097.492399999369
17530.0 6097.442849999962
17540.0 5868.053949997984
17550.0 6100.726500002853
17560.0 6642.365049998636
17570.0 6931.323049999297
17580.0 6910.515849999402
17590.0 6651.685699999905
17600.0 6796.036950000034
17610.0 6872.384049998014
17620.0 6740.624800001397
17630.0 7053.006149998334
17640.0 6569.732950001398
17650.0 7017.255749998966
17660.0 6627.207199997836
17670.0 6730.566949999693
17680.0 6571.480150002373
17690.0 6204.109899999484
17700.0 6317.4265999992
17710.0 6025.914100004548
17720.0 6258.487799999364
17730.0 6311.086399997518
17740.0 6151.117449999801
17750.0 6053.86664999965
17760.0 6518.787599999278
17770.0 6401.28064999872
17780.0 6534.1455499996555
17790.0 6336.406699997613
17800.0 6488.322200002777
17810.0 6473.516700003072
17820.0 6556.679249998682
17830.0 6516.124700000007
17840.0 6229.300199999945
17850.0 6548.8062500018705
17860.0 6294.997900001841
17870.0 6113.149799998964
17880.0 6733.547600000984
17890.0 6651.54180000075
17900.0 6489.844899999143
17910.0 6527.035649999345
17920.0 6630.875200001294
17930.0 6855.202350000957
17940.0 6721.128499999352
17950.0 6892.383550000724
17960.0 7209.123349999465
17970.0 7006.791099999873
17980.0 7273.565499999337
17990.0 6711.799950003317
18000.0 7178.234550000571
18010.0 7008.6036000015265
18020.0 6998.870999999059
18030.0 6704.427750002355
18040.0 6841.08229999827
18050.0 6673.322950001055
18060.0 6983.984800000895
18070.0 6837.1386500009285
18080.0 7103.89509999927
18090.0 7280.925699998348
18100.0 7046.925749998865
18110.0 7530.845400000306
18120.0 7367.8398999994315
18130.0 7405.590300000268
18140.0 7432.857300000145
18150.0 7604.326499999334
18160.0 7683.407450000224
18170.0 7685.860799999122
18180.0 7395.874399999295
18190.0 7691.740149999876
18200.0 7802.827100002724
18210.0 7793.020999999866
18220.0 7494.416850001442
18230.0 7809.578650000024
18240.0 7685.528349999142
18250.0 7816.793950000814
18260.0 7667.513049998838
18270.0 7728.201749999187
18280.0 7788.412700000539
18290.0 7831.2766999985215
18300.0 7823.191649999568
18310.0 7653.598550001198
18320.0 7841.07880000002
18330.0 7899.804799999192
18340.0 7847.697449999757
18350.0 7819.504350000472
18360.0 7669.835649998626
18370.0 7935.376000001101
18380.0 7784.955900001307
18390.0 7837.6056000001245
18400.0 7841.186600000192
18410.0 7975.460250000133
18420.0 7906.140550000326
18430.0 7791.052100000661
18440.0 7818.980449998841
18450.0 7836.863800000463
18460.0 7871.481349999578
18470.0 7631.011149997466
18480.0 7541.10060000106
18490.0 7766.788750000926
18500.0 7772.974250000876
18510.0 7763.299700000314
18520.0 7458.103649999426
18530.0 7561.528150001449
18540.0 7701.98434999935
18550.0 7723.4932500003615
18560.0 7778.421299999463
18570.0 7155.598499999428
18580.0 7347.159749999713
18590.0 7112.90294999876
18600.0 7338.114050000322
18610.0 7672.181650001379
18620.0 7400.169300000029
18630.0 7389.593950001357
18640.0 7558.592249999305
18650.0 7230.745050000973
18660.0 7559.836750000122
18670.0 7637.5415999991465
18680.0 7496.111699998641
18690.0 7613.845349998675
18700.0 7545.703399999402
18710.0 7549.256650001704
18720.0 7675.302150000269
18730.0 7614.423999999499
18740.0 7800.149750000466
18750.0 7575.845150000094
18760.0 7769.398000000162
18770.0 7567.504950000055
18780.0 7723.385699999366
18790.0 7744.347199999138
18800.0 7564.400849999968
18810.0 7658.903500001167
18820.0 7696.600450000486
18830.0 7840.784349999496
18840.0 7626.911050001592
18850.0 7695.941550000744
18860.0 7523.697899997759
18870.0 7640.109699999748
18880.0 7773.722549999764
18890.0 7843.430250000853
18900.0 7734.009799998759
18910.0 7824.907199999918
18920.0 7674.104699999845
18930.0 7715.0710000011095
18940.0 7791.633200000275
18950.0 7837.703300000314
18960.0 7809.443500000214
18970.0 7788.533299999951
18980.0 7827.800550000329
18990.0 7827.493699999387
19000.0 7641.883150000531
19010.0 7806.839800000787
19020.0 7821.406299999758
19030.0 7841.818600000774
19040.0 7805.060800000416
19050.0 7808.583099999692
19060.0 7713.454699999588
19070.0 7805.894099999755
19080.0 7763.2458999997725
19090.0 7851.886849999967
19100.0 7772.775800000878
19110.0 7774.230099999417
19120.0 7798.377949999927
19130.0 7757.1155000002345
19140.0 7815.451299999562
19150.0 7856.955749999928
19160.0 7783.63449999956
19170.0 7850.219799999995
19180.0 7792.5433500005165
19190.0 7770.004249999554
19200.0 7686.191249999686
19210.0 7808.670150000169
19220.0 7791.870199999856
19230.0 7778.269649999858
19240.0 7745.617549999799
19250.0 7802.722099999916
19260.0 7728.723299999586
19270.0 7687.262149999799
19280.0 7733.699749998897
19290.0 7765.160500000205
19300.0 7760.994950000671
19310.0 7688.890150000476
19320.0 7763.062049999752
19330.0 7757.451400000107
19340.0 7680.269900000621
19350.0 7658.805699999131
19360.0 7698.406949999894
19370.0 7686.4448500005
19380.0 7733.724350000017
19390.0 7624.011899998946
19400.0 7725.281099999906
19410.0 7714.349250000155
19420.0 7683.771899999492
19430.0 7660.641249999615
19440.0 7684.706200000306
19450.0 7658.475549999888
19460.0 7742.222799999762
19470.0 7602.607750000396
19480.0 7689.811950000253
19490.0 7688.262700000645
19500.0 7746.752900000109
19510.0 7624.78830000009
19520.0 7661.121999999676
19530.0 7715.074749999808
19540.0 7689.730850000388
19550.0 7588.113849999469
19560.0 7686.201650000545
19570.0 7768.572250000101
19580.0 7578.670749999925
19590.0 7588.985750000437
19600.0 7737.014100000044
19610.0 7713.391000000088
19620.0 7581.077599999783
19630.0 7645.228199999606
19640.0 7714.344749999873
19650.0 7697.612100000015
19660.0 7604.678500000709
19670.0 7672.171500000075
19680.0 7706.000550000099
19690.0 7617.88709999968
19700.0 7544.7506000004405
19710.0 7597.604300000179
19720.0 7669.432900000034
19730.0 7580.579249999886
19740.0 7660.554099999716
19750.0 7587.579350000031
19760.0 7658.270450000103
19770.0 7599.904900000342
19780.0 7561.710149999517
19790.0 7660.200450000161
19800.0 7551.781550000824
19810.0 7520.572100000243
19820.0 7635.479800000306
19830.0 7600.382449999906
19840.0 7544.762900000422
19850.0 7515.281000000333
19860.0 7615.643399999873
19870.0 7609.550599999951
19880.0 7605.190949999842
19890.0 7486.077749999324
19900.0 7580.604799999866
19910.0 7572.919450000175
19920.0 7571.1595499999585
19930.0 7421.060849998857
19940.0 7525.064199999906
19950.0 7599.735850000079
19960.0 7590.50430000026
19970.0 7445.824250000453
19980.0 7524.045750000232
19990.0 7552.637750000066
20010.0 7366.240550000214
20020.0 7484.723000000455
20030.0 7544.803749999906
20040.0 7503.191700000031
20050.0 7347.32049999962
20060.0 7467.654149999941
20070.0 7504.106949999923
20080.0 7485.100250000231
20090.0 7352.601300000605
20100.0 7471.074149999713
20110.0 7477.801500000032
20120.0 7439.808450000191
20130.0 7296.113049999245
20140.0 7476.347750000087
20150.0 7463.894750000017
20160.0 7421.187400000321
20170.0 7221.264249999607
20180.0 7429.952350000009
20190.0 7416.825050000042
20200.0 7326.903750000011
20210.0 7286.183350000098
20220.0 7385.477200000001
20230.0 7399.41614999999
20240.0 7393.896249999887
20250.0 7193.471049998816
20260.0 7332.502500000226
20270.0 7391.420850000253
20280.0 7317.723650000119
20290.0 7208.352250000677
20300.0 7252.583649999562
20310.0 7356.323950000113
20320.0 7355.685649999994
20330.0 7182.602549999578
20340.0 7293.429900000529
20350.0 7272.682950000277
20360.0 7318.231599999866
20370.0 7207.148200000796
20380.0 7253.527050000053
20390.0 7267.8383499998945
20400.0 7263.2378500001
20410.0 7194.871049999931
20420.0 7216.745299999717
20430.0 7276.701349999955
20440.0 7248.494049999976
20450.0 7132.143350000131
20460.0 7215.666899999907
20470.0 7232.365650000062
20480.0 7207.796950000194
20490.0 7182.328750000085
20500.0 7183.379800000061
20510.0 7190.413749999902
20520.0 7177.733949999963
20530.0 7160.9093500000345
20540.0 7152.215699999948
20550.0 7166.513449999953
20560.0 7115.101449999822
20570.0 7133.883750000081
20580.0 7112.154449999947
20590.0 7116.802999999826
20600.0 7119.939450000038
20610.0 7092.885000000091
20620.0 7070.854150000043
20630.0 7043.0956000000015
20640.0 7073.100549999961
20650.0 7024.660499999907
20660.0 7058.786149999982
20670.0 7030.037649999928
20680.0 7020.858700000006
20690.0 6979.862749999843
20700.0 6988.567350000044
20710.0 6996.3635500001365
20720.0 6981.111799999919
20730.0 6958.088950000019
20740.0 6934.10374999994
20750.0 6932.033950000099
20760.0 6934.974849999875
20770.0 6901.316099999802
20780.0 6877.814200000052
20790.0 6894.9796500001
20800.0 6861.311349999774
20810.0 6847.905699999686
20820.0 6876.524500000157
20830.0 6871.0098499998085
20840.0 6828.8865500000975
20850.0 6765.984800000302
20860.0 6784.988649999999
20870.0 6792.208749999936
20880.0 6745.14175000029
20890.0 6764.173949999879
20900.0 6782.299899999924
20910.0 6739.439249999995
20920.0 6664.788800000136
20930.0 6650.743249999851
20940.0 6709.3291000001245
20950.0 6710.18360000003
20960.0 6609.064999999332
20970.0 6656.006299999795
20980.0 6628.734699999791
20990.0 6544.760650000104
21000.0 6563.718299999519
21010.0 6574.9954500004105
21020.0 6523.819150000054
21030.0 6566.160949999619
21040.0 6534.050550000502
21050.0 6509.497350000043
21060.0 6446.237700000592
21070.0 6425.63994999948
21080.0 6482.806450000415
21090.0 6482.667649999548
21100.0 6323.604750000206
21110.0 6396.384149999661
21120.0 6274.857049999819
21130.0 6354.905300000358
21140.0 6391.12899999967
21150.0 6392.2771499996525
21160.0 6282.490500000753
21170.0 6220.278449999321
21180.0 6218.719399999922
21190.0 6251.100700000743
21200.0 6310.833349999753
21210.0 6239.165950000184
21220.0 6222.1155499995875
21230.0 6092.2664000006525
21240.0 6241.017849999835
21250.0 6120.5550499995625
21260.0 6276.180150000548
21270.0 6060.174100000608
21280.0 6059.364249999604
21290.0 6123.9183499994415
21300.0 6146.772849999455
21310.0 6134.106150000016
21320.0 5911.8432999996
21330.0 6126.8770999999615
21340.0 5978.7053000004025
21350.0 6070.080650001307
21360.0 5994.735199999723
21370.0 5728.7248499991565
21380.0 5986.737499999634
21390.0 5972.040050000039
21400.0 5917.866300000243
21410.0 5822.075600001556
21420.0 5465.693149999007
21430.0 5778.280650000406
21440.0 5700.730700000136
21450.0 5630.473700000024
21460.0 5550.5038500004575
21470.0 5347.285000000103
21480.0 5672.218099999962
21490.0 5609.548300001309
21500.0 5663.960350000246
21510.0 5485.14804999813
21520.0 5348.343049999271
21530.0 5635.5329000002685
21540.0 5571.171900000736
21550.0 5434.7385500003875
21560.0 5538.661299999688
21570.0 5430.4087499997495
21580.0 5602.556349999757
21590.0 5449.585899999492
21600.0 5069.623750001396
21610.0 5321.902349999653
21620.0 5315.55669999795
21630.0 5544.698399999218
21640.0 5343.9223499999625
21650.0 5236.4678499996435
21660.0 5155.133700000175
21670.0 4932.68994999983
21680.0 5143.2990500006035
21690.0 5251.275150000502
21700.0 5137.96135000078
21710.0 5179.73010000094
21720.0 4804.233000000633
21730.0 5008.375900000165
21740.0 4927.515500000751
21750.0 4932.936550001119
21760.0 5156.830850000441
21770.0 4790.308900000603
21780.0 4635.112249999478
21790.0 4837.113099999464
21800.0 4693.445849998051
21810.0 4912.060749999327
21820.0 4811.390650000747
21830.0 4263.762200000227
21840.0 4607.010150000398
21850.0 4614.3411000014175
21860.0 4589.660499998927
21870.0 4581.220399999638
21880.0 4418.120900000131
21890.0 4005.378449999615
21900.0 4262.281250000294
21910.0 4321.021199999871
21920.0 4135.5825499990715
21930.0 4109.59545000083
21940.0 3951.401199999289
21950.0 3694.443650001262
21960.0 3770.6788499988497
21970.0 3636.841250000355
21980.0 3338.469299999389
21990.0 3535.9067500004985
22000.0 3144.157400000115
22010.0 2862.2439100013753
22020.0 2859.119639999806
22030.0 3193.915630000094
22040.0 2638.4186999997205
22050.0 2341.1998000007225
22060.0 2579.4957000007576
22070.0 2739.9794150001044
22080.0 2580.066464999416
22090.0 2720.125049999411
22100.0 2785.047900000502
22110.0 3006.6044999989094
22120.0 2819.78394000125
22130.0 3190.0105499996316
22140.0 3171.1404499993805
22150.0 3607.1117499997763
22160.0 3320.229050000574
22170.0 3565.2116000008937
22180.0 3354.754239999485
22190.0 3770.4115000000284
22200.0 3393.554509999438
22210.0 3622.470299999249
22220.0 3276.027549998864
22230.0 3469.2019500002284
22240.0 3506.63729999955
22250.0 3410.4795500005985
22260.0 3276.0519499993065
22270.0 2942.218599999039
22280.0 3421.2613900015085
22290.0 3500.5937499998663
22300.0 3263.770899999018
22310.0 2937.754019999346
22320.0 3254.1713700005903
22330.0 3180.289010000103
22340.0 3321.8747499999477
22350.0 3406.7080500016364
22360.0 3084.5217600015912
22370.0 2991.1403100007556
22380.0 3105.9461299998447
22390.0 3272.8900000011854
22400.0 2920.2728999991355
22410.0 2797.238029998863
22420.0 2997.513399998823
22430.0 2934.619329997449
22440.0 3190.3105800002345
22450.0 2748.4140299994547
22460.0 2677.6516199998905
22470.0 2981.8229199993866
22480.0 2868.04209999938
22490.0 3022.707309999019
22500.0 2723.9818900013706
22510.0 3003.7471300001994
22520.0 2759.815899999173
22530.0 2716.963900000458
22540.0 3208.648199999432
22550.0 2659.490900000705
22560.0 2768.5104049991587
22570.0 2788.0720649995556
22580.0 3094.546420000864
22590.0 2739.277699997292
22600.0 2655.9627899990946
22610.0 2615.3931400002275
22620.0 3089.0461599999826
22630.0 2988.5980999989865
22640.0 2455.042139998859
22650.0 2856.990000001017
22660.0 3018.5245000004907
22670.0 2818.6996999995217
22680.0 2575.8028799990852
22690.0 2753.9370499999663
22700.0 2875.1317100011247
22710.0 2759.793750000814
22720.0 2485.8190400004346
22730.0 2876.090799999885
22740.0 2769.669299999061
22750.0 2564.315410000294
22760.0 2704.822309997521
22770.0 2670.1858900001894
22780.0 2417.9858399994773
22790.0 2755.722800000467
22800.0 2564.183439999877
22810.0 2637.5171499995627
22820.0 2328.958480000915
22830.0 2422.5504000007663
22840.0 2539.925800000115
22850.0 2412.800709999922
22860.0 2263.265149999518
22870.0 2485.4611999995404
22880.0 2400.61814999987
22890.0 2202.7177200013784
22900.0 2161.7034700000745
22910.0 2325.301990000271
22920.0 2067.385069999701
22930.0 1746.878880000399
22940.0 1804.0212900002155
22950.0 1902.499129999447
22960.0 1839.822570000189
22970.0 1947.4860600003487
22980.0 1838.5221050006116
22990.0 2092.201834999252
23000.0 1994.5216500006445
23010.0 2180.030400000191
23020.0 1937.8772700004856
23030.0 1988.2429600004393
23040.0 2055.850729999666
23050.0 2254.3939900001574
23060.0 2189.190060000248
23070.0 2342.4818700005317
23080.0 2403.192039999416
23090.0 2518.6135900005106
23100.0 2740.3122999998996
23110.0 2507.3302699994233
23120.0 2311.9588900002104
23130.0 2393.1556300013167
23140.0 2464.573960000112
23150.0 2735.011750000619
23160.0 1805.4084149997216
23170.0 1739.4738049985303
23180.0 1911.9692899996805
23190.0 1793.461239998534
23200.0 1726.1621299990866
23210.0 1897.0323500001277
23220.0 1864.566449999313
23230.0 1608.6468299999087
23240.0 1516.9031600009178
23250.0 1491.371850000469
23260.0 1584.865520000192
23270.0 1707.150370001254
23280.0 1466.0039500003104
23290.0 1757.1594250003654
23300.0 1550.2045549990405
23310.0 1630.115110001136
23320.0 1888.0559900003434
23330.0 1605.2539499998481
23340.0 1591.3376700005588
23350.0 1641.0701099995492
23360.0 1784.9412800006253
23370.0 1750.768229999185
23380.0 1849.5964600012385
23390.0 1673.1868800005104
23400.0 1970.2776099995353
23410.0 1719.900480000214
23420.0 2147.5473000000907
23430.0 1587.9721899998253
23440.0 2155.5305299989786
23450.0 1733.4365399995459
23460.0 2010.614389999619
23470.0 2108.0634599997525
23480.0 1837.841860000387
23490.0 1845.619659999819
23500.0 1927.5534999994418
23510.0 1741.6232799989764
23520.0 1964.396129999358
23530.0 1955.0157999973005
23540.0 1941.5391699994047
23550.0 1841.0021150004898
23560.0 2205.224784999793
23570.0 2217.73541999987
23580.0 1780.5749500005527
23590.0 2034.327739998912
23600.0 2331.9503300001334
23610.0 2044.5584099993023
23620.0 2082.2493800004686
23630.0 2146.4652300009907
23640.0 2229.248260000779
23650.0 2165.613879999936
23660.0 2219.926650000625
23670.0 1926.4245600006075
23680.0 2567.7992600000634
23690.0 2235.3370100001944
23700.0 1332.5014549980895
23710.0 1695.6621150002325
23720.0 1587.0752500006815
23730.0 2019.5222400000766
23740.0 2009.4778899996422
23750.0 1715.5599299993776
23760.0 2196.065260000726
23770.0 1808.9550500000068
23780.0 1608.7585100002577
23790.0 1901.1836899993787
23800.0 1620.9660800008148
23810.0 1829.3969500006433
23820.0 1748.0161100013902
23830.0 1430.7494599998092
23840.0 1868.478050000293
23850.0 2070.550269999524
23860.0 1817.5688100004734
23870.0 2050.4035400010025
23880.0 2314.8378500004305
23890.0 1961.4415400007504
23900.0 2034.722790000145
23910.0 1936.0169299990964
23920.0 1864.4640499994227
23930.0 2146.570599998394
23940.0 2003.4621000006282
23950.0 2084.8244499990083
23960.0 2257.4035799997705
23970.0 2001.2086499996608
23980.0 2329.9926299988365
23990.0 2693.6532699995782
24000.0 1816.6204500000267
24010.0 2478.684940001331
24020.0 2493.230600000981
24030.0 2163.110290000022
24040.0 2666.5048900010656
24050.0 2483.8371899998397
24060.0 2475.7756000007157
24070.0 2429.371859999608
24080.0 2287.9937500005126
24090.0 2549.6313800001494
24100.0 1987.8685900004998
24110.0 2742.339950000711
24120.0 2787.3556999992256
24130.0 1899.493039999424
24140.0 2720.677350000355
24150.0 2588.9640299998146
24160.0 2137.7441199996474
24170.0 2430.961600000309
24180.0 2515.0325299985093
24190.0 2102.0845300001115
24200.0 2790.1415000001116
24210.0 2905.9578999994005
24220.0 2173.8522000003722
24230.0 2290.3461800004534
24240.0 2771.1398000007453
24250.0 2185.661180000894
24260.0 2559.506059999509
24270.0 2505.6887499996387
24280.0 2467.6948399998905
24290.0 2775.9499500004504
24300.0 2510.213549999384
24310.0 2714.7726500005615
24320.0 2896.7243699992814
24330.0 2310.6969199984005
24340.0 2932.886769999135
24350.0 2428.3490399991924
24360.0 2374.58733000001
24370.0 2297.1363100004214
24380.0 2840.498379999213
24390.0 3069.238250000704
24400.0 2347.244759999558
24410.0 2776.2747799989743
24420.0 2810.980210000137
24430.0 2957.245849998565
24440.0 2514.240780000708
24450.0 2872.515880001015
24460.0 3225.1828699987905
24470.0 2283.632239999533
24480.0 3135.7230100003817
24490.0 2917.8808400005237
24500.0 2568.4690000006935
24510.0 2948.0840099992934
24520.0 3282.6834500011314
24530.0 2779.3019000000836
24540.0 2819.832740000183
24550.0 2922.66231999994
24560.0 2992.557479999334
24570.0 2825.343809998895
24580.0 3001.802069999535
24590.0 2598.3313299997862
24600.0 3230.830689999677
24610.0 3203.325910000406
24620.0 3056.505629999751
24630.0 3282.324220001004
24640.0 3020.026660000091
24650.0 3030.684590000092
24660.0 3405.17591499875
24670.0 2897.3420950002746
24680.0 2546.2952400001755
24690.0 3332.9667000006184
24700.0 3428.331970000598
24710.0 2732.67875999884
24720.0 3484.095939999766
24730.0 3367.64224000054
24740.0 3460.1644899983103
24750.0 2453.9911900000398
24760.0 3577.4807499990748
24770.0 3531.382899999578
24780.0 3061.4585500014173
24790.0 2611.0345999998494
24800.0 3655.9584900003406
24810.0 3435.772750001
24820.0 2998.632700001134
24830.0 2850.7684600000434
24840.0 3590.015900000856
24850.0 3444.9055800005917
24860.0 3350.655269999534
24870.0 3386.401579999467
24880.0 3508.057669999907
24890.0 3229.804789999369
24900.0 3094.907590000195
24910.0 3146.0081799987806
24920.0 3535.726459998252
24930.0 3263.8647499991735
24940.0 3156.685200001733
24950.0 3512.1891099998193
24960.0 3111.8285800000813
24970.0 3589.080680000183
24980.0 3620.5143700010667
24990.0 3182.554394903053
