#lam[Angstrom] flux[erg/cm2/s/A]
1010.0 6.4039274262454605e-09
1020.0 8.00254726308176e-09
1030.0 2.4480399653016864e-08
1040.0 4.537752270888003e-08
1050.0 6.562575071899573e-08
1060.0 8.383565211828845e-08
1070.0 1.2024708744314702e-07
1080.0 1.4959386670669468e-07
1090.0 2.2678510201155104e-07
1100.0 3.193765437551189e-07
1110.0 5.002976970069509e-07
1120.0 7.4832793817352e-07
1130.0 8.77133545852146e-07
1140.0 9.018509713039511e-07
1150.0 9.886973590231613e-07
1160.0 8.975165371982792e-07
1170.0 7.079634452634488e-07
1180.0 1.2202206187084976e-06
1190.0 1.5812129044003474e-06
1200.0 7.531219654998916e-06
1210.0 2.6754761435250524e-06
1220.0 3.1347542448672017e-06
1230.0 1.60755322091696e-05
1240.0 2.4737207953965216e-05
1250.0 3.112670889238385e-05
1260.0 3.425101182305457e-05
1270.0 4.0099824862036595e-05
1280.0 5.287379325711386e-05
1290.0 7.02611963101177e-05
1300.0 9.274774007535187e-05
1310.0 0.00010302755296732101
1320.0 0.0001083661563568113
1330.0 0.00013089289060851724
1340.0 0.00016433620950764705
1350.0 0.000217246100211261
1360.0 0.0002482833041897928
1370.0 0.00027903461243910594
1380.0 0.0003625516645530882
1390.0 0.0005195277509758342
1400.0 0.0006400305538261895
1410.0 0.0007961782852075817
1420.0 0.0010159666298553722
1430.0 0.0012603656635244943
1440.0 0.0014702164780854394
1450.0 0.0017502607446769076
1460.0 0.0021364588765785853
1470.0 0.002286398531260166
1480.0 0.0028748518342288838
1490.0 0.003470771520912591
1500.0 0.0038039868997531115
1510.0 0.004745318857047681
1520.0 0.008188063920015967
1530.0 0.11103821895088871
1540.0 0.11979726836929143
1550.0 0.09958230606652542
1560.0 0.19144982798556526
1570.0 0.4426025321576212
1580.0 0.6119475334308903
1590.0 0.6584018055968318
1600.0 0.860882230999986
1610.0 0.9149857072000598
1620.0 1.05493560871499
1630.0 1.3363284592597482
1640.0 2.2219756891621087
1650.0 2.187198652876028
1660.0 2.777126517074708
1670.0 2.5637459252792754
1680.0 8.310640209560061
1690.0 14.800900593647167
1700.0 12.982936328221756
1710.0 26.110479595314004
1720.0 25.877919769021176
1730.0 28.361594495226967
1740.0 29.743401549216536
1750.0 39.32550888688309
1760.0 45.267001878138046
1770.0 38.95250383604155
1780.0 59.03590794785374
1790.0 103.70324032669018
1800.0 122.94375495500093
1810.0 103.330928343204
1820.0 116.54024397981398
1830.0 92.27383378005885
1840.0 85.72254655792844
1850.0 85.95574378033193
1860.0 133.83482027192687
1870.0 156.44556672245088
1880.0 168.54195544188397
1890.0 207.74541404288382
1900.0 180.32900348428254
1910.0 202.01654634952342
1920.0 229.84316318075398
1930.0 279.6278389556947
1940.0 246.71870312218627
1950.0 328.47700378460917
1960.0 393.2676870545148
1970.0 453.4256712554839
1980.0 405.30333434089414
1990.0 455.93364380900783
2000.0 531.9621069081738
2010.0 483.6104307009742
2020.0 522.0935367464339
2030.0 544.4188148340419
2040.0 686.614052020331
2050.0 756.0142130944953
2060.0 775.344393142296
2070.0 3361.6393870230013
2080.0 2315.3611124048957
2090.0 2560.160538269409
2100.0 3207.931453119301
2110.0 3726.1885225590872
2120.0 5567.146092125047
2130.0 3984.0445964684077
2140.0 4733.283813657411
2150.0 3526.6192373216327
2160.0 3418.7243345027096
2170.0 2866.7304273897776
2180.0 4490.522117571051
2190.0 5796.794966182421
2200.0 5776.2785678829205
2210.0 3832.6566072050236
2220.0 4632.149783462747
2230.0 9030.756840862337
2240.0 13351.65108098473
2250.0 10690.923101865834
2260.0 6320.1435072247605
2270.0 6570.434353026456
2280.0 9114.711678569289
2290.0 7738.403941881435
2300.0 7160.161288677074
2310.0 9814.143083826546
2320.0 9583.514198343297
2330.0 8948.80292252789
2340.0 9300.596872491045
2350.0 8221.290273645438
2360.0 7809.201674900067
2370.0 7687.7981547102145
2380.0 7532.148573587768
2390.0 8307.129067826565
2400.0 8337.671606696797
2410.0 8126.235099110819
2420.0 17871.604035677967
2430.0 23493.931071543655
2440.0 16703.60770798199
2450.0 21669.365793754532
2460.0 20972.015691359684
2470.0 16310.538021931294
2480.0 11764.078697191182
2490.0 7067.361933680333
2500.0 16804.71552415977
2510.0 11300.432821636898
2520.0 6068.570767642014
2530.0 15025.06473062733
2540.0 17684.828890884266
2550.0 37891.772556836855
2560.0 39247.75260045581
2570.0 57155.351478160155
2580.0 36573.0890734812
2590.0 38644.03968208663
2600.0 30969.05494574553
2610.0 25015.41491179267
2620.0 45817.94803979546
2630.0 36230.5727103807
2640.0 159941.25479269732
2650.0 170264.68844213506
2660.0 160594.79112858552
2670.0 145329.00157052782
2680.0 217378.6547652343
2690.0 213480.41017846862
2700.0 206246.64751220393
2710.0 153128.38393296924
2720.0 43319.974043447284
2730.0 78901.28967715074
2740.0 45135.49427539722
2750.0 70659.85513229165
2760.0 117431.45496289626
2770.0 129292.36346446873
2780.0 83137.16887270207
2790.0 43732.564158259855
2800.0 13640.284478064805
2810.0 70545.62696365747
2820.0 183234.89433294992
2830.0 193588.53975530146
2840.0 125260.38792224128
2850.0 32020.982989859967
2860.0 106805.44252285903
2870.0 273929.3583503555
2880.0 182654.5590516598
2890.0 436518.26259288174
2900.0 850216.117208471
2910.0 632711.4413129621
2920.0 662287.922546973
2930.0 614777.8099376501
2940.0 364832.00777429383
2950.0 468457.8944219469
2960.0 738381.8777558341
2970.0 250808.72680473857
2980.0 466622.4597553457
2990.0 496533.9650196365
3000.0 390414.6764857823
3010.0 532619.1213318866
3020.0 208739.68339382118
3030.0 556014.4700852032
3040.0 482102.896849798
3050.0 501825.2258645915
3060.0 574060.3172481419
3070.0 934088.8489853442
3080.0 736920.6252301878
3090.0 805056.0495554431
3100.0 590436.9785182494
3110.0 1155169.298755945
3120.0 1004077.2472851992
3130.0 960367.0186927548
3140.0 973353.5036622436
3150.0 1199000.8639061386
3160.0 709317.8557402779
3170.0 1154907.773799703
3180.0 801190.6427750764
3190.0 989167.4609570744
3200.0 983375.6494251338
3210.0 792075.3052951667
3220.0 884232.4322512714
3230.0 450330.4567056161
3240.0 906166.2969444883
3250.0 1044954.5591957542
3260.0 1645456.8909108285
3270.0 1321403.3717287735
3280.0 1227897.8428821603
3290.0 1544490.4767484735
3300.0 1717153.7065893796
3310.0 1213609.6293209724
3320.0 1108060.4107303566
3330.0 1497425.6859526536
3340.0 1108059.754156468
3350.0 1040442.8315714842
3360.0 924080.814934701
3370.0 580569.1081995516
3380.0 1006885.8316618659
3390.0 955970.7673838133
3400.0 1242474.3018655067
3410.0 877962.720480322
3420.0 862086.1266538574
3430.0 1235873.5550419234
3440.0 677885.9176620316
3450.0 1058014.8297125087
3460.0 999302.7523120017
3470.0 942774.5232676384
3480.0 1071671.9499513702
3490.0 1144890.574855335
3500.0 1489911.6779724767
3510.0 1189703.8002371392
3520.0 917103.505184115
3530.0 1198978.17219361
3540.0 1747889.2926230624
3550.0 1416329.0849589803
3560.0 1400693.4258041875
3570.0 721442.2363019552
3580.0 715363.4575890935
3590.0 902144.9601757592
3600.0 1599759.3909932454
3610.0 890441.8276642263
3620.0 1056490.4580278827
3630.0 1337454.5373269045
3640.0 1502359.457438917
3650.0 1231597.4154812447
3660.0 2005888.4307541188
3670.0 1757367.110042017
3680.0 1449138.9682186479
3690.0 1514106.3980781715
3700.0 1908286.8414695954
3710.0 1431037.7455821203
3720.0 880614.2768208703
3730.0 1105604.836563665
3740.0 778810.3942863963
3750.0 839699.7492662405
3760.0 1170376.7089477214
3770.0 1800307.5300589188
3780.0 2521998.567454956
3790.0 1677955.7315165675
3800.0 1951893.1556840327
3810.0 2009627.7130842372
3820.0 865707.0247154506
3830.0 651070.6872701823
3840.0 1164774.8592272052
3850.0 2092834.289473408
3860.0 949457.2221024635
3870.0 1653836.3196268857
3880.0 1766530.8794562053
3890.0 1414836.778253166
3900.0 1478619.4157972746
3910.0 1912209.3488802186
3920.0 1463417.9920991636
3930.0 571838.6449354532
3940.0 969211.0075090007
3950.0 2067141.7792072585
3960.0 1628521.344944336
3970.0 638208.8244005985
3980.0 2290719.133285247
3990.0 2950284.572476267
4000.0 2903865.4201363693
4010.0 2961300.3801403497
4020.0 3194005.360047833
4030.0 2458813.914313536
4040.0 3003035.1039930442
4050.0 2718232.4710829896
4060.0 2670766.233475933
4070.0 2575315.572872792
4080.0 2990164.714172086
4090.0 3784745.0232818
4100.0 3219168.391235877
4110.0 3474273.624434727
4120.0 3490202.8465710836
4130.0 2962842.8328430443
4140.0 3159882.289003878
4150.0 3161120.1592342327
4160.0 3601460.4171780027
4170.0 3301424.368491823
4180.0 3287735.6243107007
4190.0 3200629.506096609
4200.0 2655517.275872975
4210.0 3579695.6021590317
4220.0 3183107.0534131937
4230.0 2701157.44298149
4240.0 2944726.6518211393
4250.0 2567849.673091732
4260.0 2953602.4748774306
4270.0 2240361.8825430893
4280.0 2705410.5191251608
4290.0 2427883.3975620726
4300.0 1818155.7745736479
4310.0 1559259.144769915
4320.0 3253071.2698613424
4330.0 2846805.8706432516
4340.0 3142042.009578173
4350.0 2970482.285026716
4360.0 3423763.6449400615
4370.0 3420602.990560519
4380.0 2713207.8160186666
4390.0 3042660.573345084
4400.0 2964293.045903704
4410.0 3342629.0320296567
4420.0 3490687.4054080998
4430.0 3569663.6711641257
4440.0 3531060.048759216
4450.0 3694374.7956150654
4460.0 3277077.301603713
4470.0 3810901.880524172
4480.0 3967270.9314613645
4490.0 4084753.228627643
4500.0 4228316.501719619
4510.0 4669109.044704341
4520.0 4210756.3074251935
4530.0 3723475.4191542505
4540.0 4101000.823979401
4550.0 4206158.625293885
4560.0 4434343.372950245
4570.0 4377120.628839186
4580.0 4130790.9552516234
4590.0 4064085.8159472262
4600.0 4008523.43736682
4610.0 4284274.872706176
4620.0 4353225.028291481
4630.0 4377831.8784305835
4640.0 4427780.395393287
4650.0 4265091.754853903
4660.0 4497272.852056504
4670.0 4287613.876465056
4680.0 4311344.716880385
4690.0 4378984.908295471
4700.0 4285707.478247736
4710.0 4270561.274425018
4720.0 4573186.878520702
4730.0 4194758.88688625
4740.0 4359065.345833705
4750.0 4685205.789621826
4760.0 4475379.139519899
4770.0 4467665.660705063
4780.0 4744028.927090168
4790.0 4374630.632405612
4800.0 4566271.357320684
4810.0 4353925.825644809
4820.0 4510938.421750694
4830.0 4508666.51190533
4840.0 4165365.681488206
4850.0 4497167.491548806
4860.0 3827296.1319819028
4870.0 4014442.4003983354
4880.0 4337049.174060429
4890.0 4029549.9788402817
4900.0 4604527.734779621
4910.0 4406670.611257361
4920.0 4029361.5364392395
4930.0 4598858.046600945
4940.0 4222542.840368932
4950.0 4716104.03968922
4960.0 4457693.730067881
4970.0 4553451.58633545
4980.0 4118227.263417931
4990.0 4279530.719907306
5000.0 4270336.214382111
5010.0 3715341.9952581916
5020.0 4040682.125728291
5030.0 4612089.236067916
5040.0 3993433.4221069375
5050.0 4223550.997513502
5060.0 4663600.971393526
5070.0 4283208.949319898
5080.0 3872222.026857854
5090.0 4431938.035069028
5100.0 4277989.404917376
5110.0 4067651.1752207987
5120.0 4169757.485586528
5130.0 3918644.1054004435
5140.0 3935760.495388376
5150.0 3926586.4925504485
5160.0 4115994.65673559
5170.0 3002118.9408537005
5180.0 3633796.413360384
5190.0 3949788.765061078
5200.0 4171047.6566669084
5210.0 3979102.14914121
5220.0 4175238.124055909
5230.0 3904209.8781988425
5240.0 4480757.844199171
5250.0 4353235.284289284
5260.0 4127799.270787433
5270.0 3137044.8758104914
5280.0 4094420.218884518
5290.0 4685064.468647545
5300.0 4241505.133618498
5310.0 4730816.760920985
5320.0 4368825.555054503
5330.0 3672537.575174882
5340.0 4336262.334443326
5350.0 4460618.838207953
5360.0 4723971.952489936
5370.0 3988239.55510548
5380.0 4520927.753404034
5390.0 4461061.952801224
5400.0 3949847.07803108
5410.0 3938492.5281053074
5420.0 4355966.5401265565
5430.0 3981554.336202123
5440.0 4625423.840492068
5450.0 4244536.835299477
5460.0 4306194.119237035
5470.0 4607014.223040263
5480.0 4277946.410221981
5490.0 4331335.104017141
5500.0 4487089.974555079
5510.0 4232664.782806402
5520.0 4648307.823047677
5530.0 4341211.345162879
5540.0 4745367.088533847
5550.0 4587031.666488257
5560.0 4520406.210816954
5570.0 4355205.063140825
5580.0 4502718.017505646
5590.0 4055729.9044080223
5600.0 4319760.115700362
5610.0 4709587.064446629
5620.0 4269509.415152329
5630.0 4643702.582120989
5640.0 4480691.891274787
5650.0 4495038.877685477
5660.0 4278919.701405765
5670.0 4609075.332641886
5680.0 4576525.338797525
5690.0 4586868.461877013
5700.0 4481229.22848446
5710.0 4218008.853509216
5720.0 4667966.8053657105
5730.0 4672309.402905171
5740.0 4660559.707150479
5750.0 4390495.494350916
5760.0 4560380.079725622
5770.0 4693216.422296886
5780.0 4466500.468879779
5790.0 4475726.968616358
5800.0 4617615.846170229
5810.0 4564948.198152631
5820.0 4666709.00696344
5830.0 4664911.506999858
5840.0 4663577.003769048
5850.0 4537688.273148211
5860.0 4414417.017859737
5870.0 4573187.945082447
5880.0 4557504.069138336
5890.0 4350417.651583843
5900.0 4428397.437486631
5910.0 4555956.101693922
5920.0 4464607.257831843
5930.0 4458226.530417849
5940.0 4509909.285756501
5950.0 4478768.775208546
5960.0 4541132.909110937
5970.0 4612437.3127603065
5980.0 4354856.659371511
5990.0 4513165.740683531
6000.0 4456198.888041824
6010.0 4365806.759883593
6020.0 4320610.700269911
6030.0 4454942.551373308
6040.0 4572815.300764262
6050.0 4537734.980790574
6060.0 4422523.201624056
6070.0 4503213.947995807
6080.0 4420204.4138586335
6090.0 4319839.41944787
6100.0 4293868.73904701
6110.0 4384622.096705116
6120.0 4286819.15900753
6130.0 4328933.633336053
6140.0 4092443.869555492
6150.0 4340565.0627947515
6160.0 4030935.448602255
6170.0 4159967.8318544216
6180.0 4366584.271244761
6190.0 4215557.559367424
6200.0 4365333.771832026
6210.0 4315948.977639031
6220.0 4168934.4491292657
6230.0 4200892.68353707
6240.0 4133740.2840828085
6250.0 4058975.7919924385
6260.0 4204569.352638325
6270.0 4177065.314681985
6280.0 4087436.014867039
6290.0 4191188.2491748165
6300.0 4135804.753964568
6310.0 4254028.718229352
6320.0 4090807.202477409
6330.0 4309470.930557312
6340.0 4107112.7600687887
6350.0 4308303.310130649
6360.0 4042060.572043948
6370.0 4267708.036195967
6380.0 4249147.87726644
6390.0 4181383.8657238525
6400.0 4132457.8754163594
6410.0 4151606.2575670206
6420.0 4109437.7827004185
6430.0 4199683.591828746
6440.0 4133529.236652756
6450.0 4191780.207364868
6460.0 4024751.1808609627
6470.0 4178506.6012043864
6480.0 4129815.680875543
6490.0 4066299.726032914
6500.0 3924114.678327253
6510.0 4219242.091537923
6520.0 4183208.037657907
6530.0 4164897.1701389477
6540.0 4182926.591603969
6550.0 4045026.2914116634
6560.0 3668749.1896641613
6570.0 4020827.694060498
6580.0 4154274.960908524
6590.0 4037464.659497979
6600.0 4138756.679216316
6610.0 4062242.853074773
6620.0 4160538.149280699
6630.0 3991154.0641414193
6640.0 4079549.8275094167
6650.0 4133844.6421345165
6660.0 4076376.907908335
6670.0 4096665.708289651
6680.0 4075844.6341809616
6690.0 4134106.420362294
6700.0 4013551.3469218765
6710.0 3915517.56793618
6720.0 4003827.380953636
6730.0 4027015.1605010103
6740.0 4048914.8358098515
6750.0 4003938.613750068
6760.0 4099674.143597215
6770.0 3939957.835716727
6780.0 4035527.8181707333
6790.0 3988470.8217855203
6800.0 3980603.7938481355
6810.0 3954361.533141791
6820.0 4016848.19570722
6830.0 3991465.0315233325
6840.0 3872760.6950885374
6850.0 4000242.736769612
6860.0 3892184.8863269296
6870.0 3986675.0304394257
6880.0 3949442.748197488
6890.0 3979510.289907164
6900.0 4011939.038583545
6910.0 3911941.0001171883
6920.0 3917627.227914869
6930.0 3878143.6808414953
6940.0 3910957.808871615
6950.0 3837061.5146006225
6960.0 3888746.7458923114
6970.0 3854364.6955158655
6980.0 3733770.915669379
6990.0 3856958.9995971634
7000.0 3773280.379261953
7010.0 3786423.523913694
7020.0 3678566.0791214425
7030.0 3756206.813248722
7040.0 3817308.7506270674
7050.0 3822616.7300172015
7060.0 3825522.8251482276
7070.0 3750036.2500651157
7080.0 3787962.7614397816
7090.0 3741256.928645602
7100.0 3791572.1636176603
7110.0 3658835.729340577
7120.0 3733788.9632098326
7130.0 3641102.6428573565
7140.0 3732309.0857051443
7150.0 3624068.715033729
7160.0 3630122.8391136406
7170.0 3733058.6841827184
7180.0 3613246.6646527806
7190.0 3494215.614308069
7200.0 3695009.0200003916
7210.0 3571042.2394381394
7220.0 3642536.1358530996
7230.0 3731130.108339988
7240.0 3663938.240114976
7250.0 3649268.0306252353
7260.0 3619968.0986424275
7270.0 3687308.755692988
7280.0 3562706.0101618683
7290.0 3490364.607102428
7300.0 3593884.4949999675
7310.0 3553238.975848473
7320.0 3613492.8195528244
7330.0 3520005.580022194
7340.0 3645024.5876674457
7350.0 3614361.1927706157
7360.0 3490266.6849028002
7370.0 3623920.0042046243
7380.0 3618254.731077716
7390.0 3424114.87173019
7400.0 3564634.4970231876
7410.0 3436341.6645462606
7420.0 3409927.919395503
7430.0 3594641.5389927058
7440.0 3528053.403351834
7450.0 3472218.2065497455
7460.0 3527798.0879131313
7470.0 3553192.515692186
7480.0 3524523.967062503
7490.0 3500455.5606111917
7500.0 3484291.241081594
7510.0 3435590.2528644055
7520.0 3532572.807184694
7530.0 3512302.5509625645
7540.0 3557747.034009397
7550.0 3519014.3281854074
7560.0 3477273.9812238673
7570.0 3488947.0463221148
7580.0 3484790.9169919207
7590.0 3461236.6561920107
7600.0 3475399.0900391373
7610.0 3490556.406713282
7620.0 3370775.1866455986
7630.0 3526194.9259981336
7640.0 3515270.765382249
7650.0 3475956.5550012304
7660.0 3238399.9961029496
7670.0 3460003.5017811568
7680.0 3464512.602376342
7690.0 3425036.3877503565
7700.0 3451070.9609058634
7710.0 3357949.9977365914
7720.0 3382809.69848449
7730.0 3419714.612944917
7740.0 3425621.5853143116
7750.0 3293312.155594759
7760.0 3432545.196578331
7770.0 3431175.9722809503
7780.0 3377547.919441936
7790.0 3387685.1813987787
7800.0 3361765.246900651
7810.0 3354691.2943152534
7820.0 3402313.6190181053
7830.0 3307898.818661493
7840.0 3319980.248680141
7850.0 3331488.5850962265
7860.0 3350741.047350067
7870.0 3341821.083598005
7880.0 3288776.0790928877
7890.0 3287068.6626359588
7900.0 3232200.582998285
7910.0 3181890.628003528
7920.0 3174769.1419425104
7930.0 3162445.5009029726
7940.0 3106964.973263014
7950.0 3138905.7548443647
7960.0 3209181.399183322
7970.0 3211025.7260433137
7980.0 3235758.048309205
7990.0 3221761.528774014
8000.0 3140444.3121949513
8010.0 3226593.767216424
8020.0 3218024.5132974437
8030.0 3131012.0899550454
8040.0 3198701.9225138943
8050.0 3069011.3262579693
8060.0 3206943.01461053
8070.0 3112875.227396221
8080.0 3100823.2760055275
8090.0 3039027.397195982
8100.0 3081906.1545800264
8110.0 3086525.977041383
8120.0 3120610.3077590764
8130.0 3122243.072782364
8140.0 3089230.455982917
8150.0 3083399.3969848463
8160.0 3080739.881041436
8170.0 3090160.8947315062
8180.0 3065305.1890162937
8190.0 3056102.044807795
8200.0 3014245.6918341126
8210.0 2961158.518475133
8220.0 3010597.9839326553
8230.0 3023906.8048888324
8240.0 3067686.348761566
8250.0 3046612.016358797
8260.0 3075821.9141157996
8270.0 3044262.143847578
8280.0 3062165.4658155385
8290.0 3003677.4184753327
8300.0 3015494.0503494414
8310.0 2926976.202254022
8320.0 3005124.5610838817
8330.0 2853083.7454336244
8340.0 2962023.187098749
8350.0 2932273.874202379
8360.0 2964280.133657885
8370.0 2965951.201018588
8380.0 2937123.800262074
8390.0 2878569.1440666406
8400.0 2935121.730588097
8410.0 2964100.350255747
8420.0 2922656.3998338333
8430.0 2914593.52840753
8440.0 2882672.184764489
8450.0 2977335.8902266035
8460.0 2958269.0309965853
8470.0 2862609.425272374
8480.0 2947623.5249998854
8490.0 2971806.134921167
8500.0 2713237.422933065
8510.0 2882936.739852056
8520.0 2891427.6881666305
8530.0 2890619.267401593
8540.0 2406648.098329158
8550.0 2852630.8196130106
8560.0 2894048.763651333
8570.0 2904583.648214204
8580.0 2874324.669991159
8590.0 2904048.0991598973
8600.0 2822124.477335388
8610.0 2839499.0046690013
8620.0 2868855.6231567436
8630.0 2878281.0994242113
8640.0 2861543.5295064365
8650.0 2850397.857440889
8660.0 2420093.763410027
8670.0 2738678.9716175175
8680.0 2799833.718400958
8690.0 2694625.0451731426
8700.0 2800492.2741700327
8710.0 2784452.046320434
8720.0 2833019.165279303
8730.0 2832713.1900808443
8740.0 2751099.79431775
8750.0 2758173.7321530487
8760.0 2780616.7541673714
8770.0 2786504.2925277045
8780.0 2827487.4139984148
8790.0 2748810.328277413
8800.0 2798402.2016191687
8810.0 2670390.6792564667
8820.0 2714271.328526839
8830.0 2822134.3776607895
8840.0 2726305.2309816023
8850.0 2795011.3970192755
8860.0 2736977.50997884
8870.0 2744827.908163771
8880.0 2745172.607075658
8890.0 2776432.1942948326
8900.0 2783768.173054562
8910.0 2767238.069621975
8920.0 2727105.6246942696
8930.0 2703827.0584388273
8940.0 2765331.0317283995
8950.0 2700158.2449237113
8960.0 2743815.843955928
8970.0 2716632.580556108
8980.0 2679261.535854967
8990.0 2712963.9159292085
9000.0 2648125.022318259
9010.0 2572837.995704049
9020.0 2617061.6516865757
9030.0 2712121.1765353773
9040.0 2711203.1529721124
9050.0 2702663.088360688
9060.0 2654481.167978592
9070.0 2695156.4953962
9080.0 2646884.4312549485
9090.0 2571809.734275325
9100.0 2621628.2839262043
9110.0 2599843.450848767
9120.0 2615271.704629932
9130.0 2671887.39062016
9140.0 2587552.0698643983
9150.0 2557647.538911976
9160.0 2567936.1777550327
9170.0 2480012.5607735836
9180.0 2520244.2069032793
9190.0 2525958.248760622
9200.0 2484880.1171208373
9210.0 2420038.387920711
9220.0 2453604.402737575
9230.0 2449365.706634934
9240.0 2455381.997132597
9250.0 2464700.80239202
9260.0 2352883.4313413505
9270.0 2516894.124095859
9280.0 2494164.680201208
9290.0 2445153.090859344
9300.0 2487594.062018317
9310.0 2493134.4463994326
9320.0 2470094.949120476
9330.0 2482976.339046821
9340.0 2513486.8324452383
9350.0 2474546.462110997
9360.0 2414058.2580745947
9370.0 2465366.5429210914
9380.0 2441263.431612269
9390.0 2445536.6519786003
9400.0 2407990.699384528
9410.0 2301669.3936279896
9420.0 2378718.6309672976
9430.0 2395486.8131057327
9440.0 2372017.0277778166
9450.0 2380827.3297321824
9460.0 2392889.4172950317
9470.0 2431217.5727192233
9480.0 2408262.963065285
9490.0 2380476.716202267
9500.0 2409094.596844532
9510.0 2388476.823308152
9520.0 2424153.828892124
9530.0 2379587.8112781267
9540.0 2368451.773341944
9550.0 2307539.528608089
9560.0 2364137.502534239
9570.0 2354169.904792597
9580.0 2390086.637578304
9590.0 2396607.470455117
9600.0 2332566.513584737
9610.0 2369234.365926126
9620.0 2354160.327253614
9630.0 2340976.814427184
9640.0 2336709.1205649893
9650.0 2315617.0272922507
9660.0 2313834.8588029714
9670.0 2360533.382305938
9680.0 2332221.2691056887
9690.0 2309090.5382018103
9700.0 2360581.3062271327
9710.0 2330836.899281636
9720.0 2332909.0143349585
9730.0 2308740.8591393656
9740.0 2286520.42356453
9750.0 2294737.7359824837
9760.0 2302266.4406418423
9770.0 2314135.166980378
9780.0 2294735.767474627
9790.0 2292310.478362519
9800.0 2313649.575202822
9810.0 2312500.478758051
9820.0 2308930.022609125
9830.0 2293320.7882246585
9840.0 2310643.0798561606
9850.0 2289945.6412983937
9860.0 2303937.2377737593
9870.0 2303254.0405526278
9880.0 2296575.139872104
9890.0 2266619.492166457
9900.0 2257899.2131131
9910.0 2272922.056115394
9920.0 2288932.5323996167
9930.0 2270013.3230957794
9940.0 2254927.9224773115
9950.0 2258192.3464583904
9960.0 2277963.787825158
9970.0 2254195.817575422
9980.0 2266669.5928558074
9990.0 2245137.0581697975
10010.0 2236634.0000002687
10020.0 2268063.1499999543
10030.0 2228695.849999928
10040.0 2234936.600000335
10050.0 2146133.999999837
10060.0 2199930.55000002
10070.0 2225580.699999631
10080.0 2208323.050000247
10090.0 2213794.650000028
10100.0 2190245.55000043
10110.0 2201379.5000002147
10120.0 2208280.3499997687
10130.0 2221764.900000022
10140.0 2211388.4499998614
10150.0 2154661.589999604
10160.0 2159215.5500001074
10170.0 2188406.5000003083
10180.0 2165062.449999905
10190.0 2150493.3500009337
10200.0 2162297.5500002634
10210.0 2158724.900000231
10220.0 2126516.2699996685
10230.0 2168528.2000000114
10240.0 2165602.3999999533
10250.0 2171645.3000002312
10260.0 2171848.8499999745
10270.0 2152972.700000378
10280.0 2166391.399999884
10290.0 2134054.29999962
10300.0 2137887.299999743
10310.0 2148026.9500001543
10320.0 2148922.4500001334
10330.0 2085210.0300004103
10340.0 2076304.0299995337
10350.0 2119841.8499998595
10360.0 2130307.0499997595
10370.0 2071348.7899999768
10380.0 2108475.100000001
10390.0 2127564.2000002055
10400.0 2064999.200000026
10410.0 2105958.2499998193
10420.0 2086003.6500004407
10430.0 2094511.5999999298
10440.0 2103678.8499999335
10450.0 2100210.5999998813
10460.0 2047637.599999888
10470.0 2048877.1099998844
10480.0 2076065.2999999719
10490.0 2084067.6500003706
10500.0 2058208.299999819
10510.0 2066902.6999999431
10520.0 2071262.749999911
10530.0 2041901.690000283
10540.0 2072586.40000005
10550.0 2062488.8499998972
10560.0 2068563.6000000658
10570.0 2033781.1500001638
10580.0 1995555.0000004098
10590.0 1955593.8100002701
10600.0 2009938.644627963
10610.0 2039837.43390387
10620.0 2017444.6551725676
10630.0 1987883.6044660793
10640.0 2039069.1286307382
10650.0 2035671.5294117883
10660.0 1985484.9732936944
10670.0 2010417.626112701
10680.0 1995073.7741046236
10690.0 1913012.09702704
10700.0 1967220.0602408862
10710.0 1973336.985507393
10720.0 1980145.9014085548
10730.0 1911155.074405067
10740.0 1992934.3562873574
10750.0 1919116.2562277077
10760.0 1999157.1746032939
10770.0 1972100.4233576336
10780.0 1940291.2970024252
10790.0 1924311.165487739
10800.0 1967893.547486011
10810.0 1886549.9171124124
10820.0 1951775.5510755102
10830.0 1873575.672333912
10840.0 1922148.2632294986
10850.0 1953799.9056603315
10860.0 1939621.89969592
10870.0 1816896.10326065
10880.0 1898367.346041575
10890.0 1892756.3342698007
10900.0 1931068.8492755366
10910.0 1897063.928571801
10920.0 1921741.9677915445
10930.0 1811019.4298244764
10940.0 1814851.8429003973
10950.0 1850240.7839722978
10960.0 1800976.979969262
10970.0 1770968.875165799
10980.0 1755859.0538239395
10990.0 1827706.9427710883
11000.0 1800735.4315471558
11010.0 1754053.6601301236
11020.0 1755637.7134145515
11030.0 1797008.3977904299
11040.0 1812486.1176466132
11050.0 1829470.673050162
11060.0 1771175.000000502
11070.0 1811393.1333329063
11080.0 1820704.9602121983
11090.0 1805051.6202529862
11100.0 1810447.110214927
11110.0 1812281.4207793765
11120.0 1797721.6016485936
11130.0 1765368.025641256
11140.0 1833639.2826087605
11150.0 1814808.275862088
11160.0 1805355.1470588606
11170.0 1803833.4113205192
11180.0 1794709.9919353493
11190.0 1769500.0282887756
11200.0 1750809.524193552
11210.0 1774339.562333959
11220.0 1815286.5425532935
11230.0 1782782.324397059
11240.0 1780680.2815010305
11250.0 1702676.547120217
11260.0 1757303.430555403
11270.0 1811547.0523414495
11280.0 1759406.6991640755
11290.0 1741451.4814815507
11300.0 1755020.8053492673
11310.0 1752653.2435067992
11320.0 1790149.1933241829
11330.0 1726772.2400000468
11340.0 1783625.3125000023
11350.0 1733538.7077748938
11360.0 1777946.8614128497
11370.0 1707870.8219889111
11380.0 1763783.7744804074
11390.0 1705855.110803371
11400.0 1720752.6168741912
11410.0 1732306.0725240037
11420.0 1726996.6584617635
11430.0 1731415.4028570387
11440.0 1701125.5401658688
11450.0 1739561.685714468
11460.0 1732103.9090909648
11470.0 1740780.1410257486
11480.0 1716976.9272235124
11490.0 1733349.1304349173
11500.0 1725458.1595882205
11510.0 1748909.662775499
11520.0 1720486.404199605
11530.0 1717240.9006620634
11540.0 1728254.0740740441
11550.0 1726720.08253103
11560.0 1719937.6697529391
11570.0 1733617.619680766
11580.0 1723946.1042522723
11590.0 1639109.516483407
11600.0 1720113.1838563222
11610.0 1586307.5747794493
11620.0 1719330.043795573
11630.0 1697397.45627958
11640.0 1647815.0695038487
11650.0 1705951.3416815067
11660.0 1695190.1111110908
11670.0 1682690.1801799985
11680.0 1689641.21776531
11690.0 1633036.5295700622
11700.0 1692117.8860759686
11710.0 1688284.8927039853
11720.0 1682491.6378162233
11730.0 1689410.860214961
11740.0 1678105.465116362
11750.0 1634698.1163858534
11760.0 1682153.7293233695
11770.0 1650850.8112095345
11780.0 1596223.5299146746
11790.0 1670482.1137025815
11800.0 1662966.080000034
11810.0 1634963.9276136714
11820.0 1657706.735905044
11830.0 1555825.4109589537
11840.0 1629059.1560101882
11850.0 1652263.2891246602
11860.0 1641042.3955429897
11870.0 1637530.6999999934
11880.0 1536409.495956617
11890.0 1616809.8846152187
11900.0 1632861.2777777226
11910.0 1643717.4794519881
11920.0 1636847.5261779914
11930.0 1648173.3670886192
11940.0 1625799.664879438
11950.0 1609347.0244565376
11960.0 1612693.462962831
11970.0 1519561.0999998213
11980.0 1570514.4341085234
11990.0 1558199.9732141946
12000.0 1612032.566137454
12010.0 1606320.5897435017
12020.0 1614387.6202532267
12030.0 1524755.0643045492
12040.0 1573920.7999999612
12050.0 1604001.3999998686
12060.0 1595915.5999999717
12070.0 1587068.862433978
12080.0 1465197.960000184
12090.0 1583194.6000000967
12100.0 1544237.586206851
12110.0 1574739.6901410185
12120.0 1579406.3109354007
12130.0 1578204.2354534203
12140.0 1590490.9890110176
12150.0 1579504.151898724
12160.0 1590790.281690181
12170.0 1567705.2051283412
12180.0 1572580.5774647393
12190.0 1556146.0462426376
12200.0 1544602.52890178
12210.0 1546126.3826816394
12220.0 1566034.910256521
12230.0 1551224.4797687102
12240.0 1554689.6962025086
12250.0 1554019.211886237
12260.0 1549449.429708185
12270.0 1522077.6646342475
12280.0 1549088.3106267366
12290.0 1556399.164383521
12300.0 1545785.6606397454
12310.0 1541051.1111110414
12320.0 1539157.9188481774
12330.0 1532666.1394102175
12340.0 1492623.4090909436
12350.0 1523208.0055402252
12360.0 1479797.2513090128
12370.0 1519944.434210413
12380.0 1534445.9007092868
12390.0 1518640.253521126
12400.0 1493703.7774193564
12410.0 1505891.815789418
12420.0 1492763.76606677
12430.0 1483722.1448468019
12440.0 1521437.3432836288
12450.0 1517154.4102564263
12460.0 1508597.5267380525
12470.0 1496875.3217157752
12480.0 1508385.9873417518
12490.0 1505009.973474742
12500.0 1502569.4152047152
12510.0 1469867.968749978
12520.0 1417242.4127909376
12530.0 1470727.9419889073
12540.0 1492998.238805978
12550.0 1490555.988857876
12560.0 1460225.5307917073
12570.0 1473926.9529084943
12580.0 1465238.731988457
12590.0 1484929.0080429432
12600.0 1482238.4453781303
12610.0 1458875.4353932156
12620.0 1467501.5504086474
12630.0 1474747.4794520398
12640.0 1436348.0864716065
12650.0 1450760.1465518626
12660.0 1466179.5121950258
12670.0 1459155.9641872754
12680.0 1447618.4973545521
12690.0 1463241.5706051318
12700.0 1460916.263157877
12710.0 1441209.7058823153
12720.0 1463673.6363636847
12730.0 1455313.0136986272
12740.0 1433234.2756680835
12750.0 1459151.4709851523
12760.0 1455946.0215053456
12770.0 1451406.621983963
12780.0 1448025.2987012763
12790.0 1437969.4715446976
12800.0 1432383.207547231
12810.0 1393784.862442103
12820.0 1289908.0454545585
12830.0 1400705.9599998712
12840.0 1425671.1963589317
12850.0 1428163.8322496093
12860.0 1435498.4395318502
12870.0 1425601.2792296826
12880.0 1407700.940000029
12890.0 1431143.6206896617
12900.0 1374080.5776567045
12910.0 1405738.7374003823
12920.0 1406812.3194443367
12930.0 1403846.3835263774
12940.0 1405772.0563379405
12950.0 1407562.6064516145
12960.0 1405563.0181347034
12970.0 1389112.353887462
12980.0 1382773.2755904007
12990.0 1399711.8387909166
13000.0 1398696.0506329285
13010.0 1396493.8987341751
13020.0 1401297.1653542973
13030.0 1373512.430379628
13040.0 1379438.8516622707
13050.0 1388486.636481256
13060.0 1377801.164294993
13070.0 1388998.6317135303
13080.0 1389857.5000000251
13090.0 1385194.9999999583
13100.0 1361719.718670122
13110.0 1387853.6090225563
13120.0 1303092.0522787364
13130.0 1369123.8225806826
13140.0 1369855.079999971
13150.0 1296163.3514987514
13160.0 1371269.4790158472
13170.0 1378012.958748232
13180.0 1337676.2099738256
13190.0 1369877.400000026
13200.0 1354082.7278481275
13210.0 1340442.5362693802
13220.0 1359151.3844086132
13230.0 1368023.454301069
13240.0 1368285.3239436517
13250.0 1352768.7948718353
13260.0 1346651.4915695211
13270.0 1347789.8034076544
13280.0 1339070.8097824731
13290.0 1300441.9694962555
13300.0 1342305.155038746
13310.0 1343887.075949344
13320.0 1300074.5108694904
13330.0 1336366.8784530035
13340.0 1340840.2698863968
13350.0 1321098.4398978055
13360.0 1344480.8502024377
13370.0 1330828.6569148574
13380.0 1328607.9733728115
13390.0 1303303.281045617
13400.0 1317809.9469495842
13410.0 1329156.774193543
13420.0 1317683.1114131822
13430.0 1323154.7277936898
13440.0 1330181.145251391
13450.0 1316871.532258048
13460.0 1314726.9166666665
13470.0 1322966.376623376
13480.0 1317987.804232793
13490.0 1310424.063291114
13500.0 1295578.3874486447
13510.0 1321361.633986911
13520.0 1308523.978494587
13530.0 1314127.2363150918
13540.0 1314279.0233236346
13550.0 1281442.9670618025
13560.0 1287238.015706692
13570.0 1287611.36827957
13580.0 1304810.9918478294
13590.0 1290192.5075986842
13600.0 1270172.8337875926
13610.0 1303810.0534045198
13620.0 1296436.736401679
13630.0 1263746.5215190214
13640.0 1276050.9973116512
13650.0 1286742.2189348564
13660.0 1289602.8494623743
13670.0 1271792.9268291756
13680.0 1257845.5316454393
13690.0 1277054.1825613123
13700.0 1269180.592933952
13710.0 1268894.3644067664
13720.0 1259969.5872170115
13730.0 1247990.2774726101
13740.0 1269791.1971830593
13750.0 1270872.901907358
13760.0 1244329.490647679
13770.0 1267234.226646233
13780.0 1265764.9728260352
13790.0 1268499.300000016
13800.0 1268453.2113821006
13810.0 1265556.1260053683
13820.0 1239994.3897434736
13830.0 1255873.1432396786
13840.0 1265496.6487213774
13850.0 1229148.6481010227
13860.0 1241668.444767541
13870.0 1250194.240506375
13880.0 1254492.5822784954
13890.0 1251094.8270893588
13900.0 1224097.9141274951
13910.0 1250752.8974358696
13920.0 1246358.5000000366
13930.0 1246463.7190082646
13940.0 1236518.5202492306
13950.0 1224028.4517045906
13960.0 1238316.4681440047
13970.0 1236526.6025641016
13980.0 1233100.2784809733
13990.0 1227485.4698456868
14000.0 1188952.1693427295
14010.0 1209678.3817204386
14020.0 1235303.743589739
14030.0 1210214.3949366058
14040.0 1221735.185676429
14050.0 1233787.2493224677
14060.0 1201257.05769222
14070.0 1192412.7799999567
14080.0 1197840.6253164744
14090.0 1205930.0891892286
14100.0 1195331.0885713745
14110.0 1187453.6449863575
14120.0 1160282.4220687856
14130.0 1147228.3673468812
14140.0 1187909.1025640485
14150.0 1189260.2266288013
14160.0 1163426.370466408
14170.0 1188459.7266484222
14180.0 1154693.9044942989
14190.0 1172455.1168287687
14200.0 1167121.5519568338
14210.0 1151614.0287958097
14220.0 1154349.2343324495
14230.0 1174160.6460525796
14240.0 1122795.9071116208
14250.0 1136810.803212957
14260.0 1131847.8342857726
14270.0 1136455.4939394854
14280.0 1159710.732467582
14290.0 1100568.4946237889
14300.0 1161360.9943976426
14310.0 1125950.6777108696
14320.0 1152974.1071428703
14330.0 1174992.5506494255
14340.0 1156966.6137565924
14350.0 1150908.4089742906
14360.0 1168833.1211718058
14370.0 1152366.5225226376
14380.0 1168142.5200000932
14390.0 1156072.0626701973
14400.0 1067617.295454358
14410.0 1154204.8132182937
14420.0 1121422.4233575717
14430.0 1141626.7160159897
14440.0 1114150.0967742822
14450.0 1171564.1294963718
14460.0 1107436.6956522346
14470.0 1159765.638964509
14480.0 1108375.1868420825
14490.0 1139109.2455696273
14500.0 1110649.677686091
14510.0 1091814.7021279475
14520.0 1136613.0560746395
14530.0 1114813.306179781
14540.0 1095823.594395245
14550.0 1103081.8064971673
14560.0 1121085.1037233814
14570.0 1105710.5350648698
14580.0 1131805.1224490928
14590.0 1106534.9711285126
14600.0 1082118.641791082
14610.0 1128509.3359579989
14620.0 1109905.8759493171
14630.0 1099501.5851063107
14640.0 1115930.2424242236
14650.0 1029274.9119172577
14660.0 1112868.9615385185
14670.0 1118044.5674157052
14680.0 1094698.1923078818
14690.0 1105152.0518418457
14700.0 1082364.5251700857
14710.0 1086850.4531644257
14720.0 1072264.621997364
14730.0 1112220.4410413112
14740.0 1094974.1486879473
14750.0 1052552.6937320745
14760.0 1105400.0538462193
14770.0 1079782.5603216405
14780.0 1080923.0248538055
14790.0 1109968.7227978697
14800.0 1095056.853164513
14810.0 1074056.1187152995
14820.0 1099149.3972601816
14830.0 1057338.8355614955
14840.0 1080391.7997311736
14850.0 1091832.7485206882
14860.0 1065145.7295775646
14870.0 1053922.8659219756
14880.0 916254.9820513824
14890.0 1098855.7839999122
14900.0 1055134.9525640062
14910.0 1060493.25571436
14920.0 1096377.6657608622
14930.0 1085210.120000063
14940.0 1088010.0579513488
14950.0 1080098.6103151357
14960.0 1044139.1333333867
14970.0 1064020.0861111695
14980.0 1053500.351898882
14990.0 1079756.7148387623
15000.0 1072046.2877697845
15010.0 1059405.58366271
15020.0 981597.9187328015
15030.0 1006666.4857915626
15040.0 979784.466954046
15050.0 975162.6563379974
15060.0 1060905.5316456526
15070.0 1077135.2999999626
15080.0 1047219.7211798481
15090.0 1066560.0197628655
15100.0 1032949.4925373169
15110.0 1070198.5333333467
15120.0 1019386.6734178407
15130.0 1059076.4186666834
15140.0 1025519.8607593084
15150.0 1074312.1709039416
15160.0 1017463.5658602437
15170.0 1061908.0887656591
15180.0 1035662.9677419283
15190.0 1048998.4549071556
15200.0 1029976.5245231307
15210.0 1023175.678670282
15220.0 1004138.814763021
15230.0 1035414.8110236598
15240.0 1028397.4799999555
15250.0 1041322.4101265522
15260.0 1017614.188010744
15270.0 1052949.8857142562
15280.0 1039690.9794871259
15290.0 982920.6769662284
15300.0 1032398.512953316
15310.0 1046508.8399999187
15320.0 1027701.2924049582
15330.0 1031700.5300001112
15340.0 999217.2539474472
15350.0 1027530.6258691692
15360.0 1029688.6088117554
15370.0 1050077.5800000285
15380.0 1007436.2267760354
15390.0 1008000.1699999758
15400.0 998518.3900000254
15410.0 1042406.2089136402
15420.0 1003738.4916433974
15430.0 1023556.9092219119
15440.0 1022241.2439352637
15450.0 1024988.6375661169
15460.0 1024499.3911392024
15470.0 1022428.6531645647
15480.0 1009863.6999999186
15490.0 1010678.729487063
15500.0 1002933.7828417547
15510.0 1013779.5200000016
15520.0 1021721.5599999586
15530.0 993954.7300000968
15540.0 981102.0300001355
15550.0 997375.6599999117
15560.0 961268.4575597135
15570.0 993917.9600000725
15580.0 1012781.1737346156
15590.0 958430.202937542
15600.0 1010385.1799999924
15610.0 1014030.2199999318
15620.0 976689.5487180612
15630.0 980479.6419098154
15640.0 998562.441772086
15650.0 995242.7924049452
15660.0 974517.1399998867
15670.0 974731.4456233511
15680.0 973251.5498686843
15690.0 942438.4858974132
15700.0 963818.5472972457
15710.0 981131.021519037
15720.0 969399.9936708855
15730.0 990417.9199491352
15740.0 936432.8352201062
15750.0 919045.3088606973
15760.0 976205.3784810784
15770.0 836122.9498606375
15780.0 987060.0346154694
15790.0 973752.5799998607
15800.0 974928.1799999997
15810.0 988309.6400000082
15820.0 909689.9717948857
15830.0 967230.5600000336
15840.0 964344.9405063991
15850.0 967865.6200000586
15860.0 950558.9800001392
15870.0 929954.3449198441
15880.0 882016.6473282586
15890.0 846867.0890124855
15900.0 902961.7661500254
15910.0 907686.9000000774
15920.0 958221.2189873431
15930.0 958141.8010075882
15940.0 957844.1392406226
15950.0 950806.8999999767
15960.0 899293.7900000957
15970.0 965630.5900000294
15980.0 933130.2840159148
15990.0 962393.9911504264
16000.0 954005.3000000971
16010.0 908128.3199999812
16020.0 953680.0699999679
16030.0 964551.1924051233
16040.0 918330.3500001142
16050.0 954650.2721519643
16060.0 919845.295514502
16070.0 934401.40000007
16080.0 948047.6499999873
16090.0 907308.8700000291
16100.0 882215.6569619577
16110.0 885111.5586666522
16120.0 911719.3225388502
16130.0 925579.320000032
16140.0 926998.8000000932
16150.0 910467.4000001311
16160.0 882868.9512820031
16170.0 932468.8270777627
16180.0 915406.0348836719
16190.0 903046.917695537
16200.0 866521.8094611898
16210.0 911874.9683544373
16220.0 927429.2810881175
16230.0 902384.4291138471
16240.0 905086.5961538436
16250.0 929911.3772151205
16260.0 928445.3613989338
16270.0 934436.7473261904
16280.0 929444.3217949101
16290.0 919183.5109890567
16300.0 919986.4833333389
16310.0 917217.0794871678
16320.0 893093.400000055
16330.0 904717.4537571837
16340.0 924825.259999976
16350.0 911748.5502645221
16360.0 883544.8333333408
16370.0 895445.3992042366
16380.0 832747.4481013257
16390.0 866506.8229463871
16400.0 821337.6064689922
16410.0 806895.1006713838
16420.0 875217.5064011554
16430.0 886157.3341774323
16440.0 853381.8064100336
16450.0 888833.4405065792
16460.0 902091.4374194461
16470.0 869842.6325037609
16480.0 892823.9400001566
16490.0 857314.8727273503
16500.0 899298.8468467821
16510.0 886663.3692943987
16520.0 869090.5400003832
16530.0 887408.7316457104
16540.0 854605.9757035288
16550.0 868128.500000314
16560.0 854419.0199998107
16570.0 877378.9400000541
16580.0 870677.6800000886
16590.0 856244.2987343608
16600.0 879434.3999998587
16610.0 862301.2200000044
16620.0 852791.2080100941
16630.0 844764.159891787
16640.0 855856.9399998205
16650.0 821458.3478857182
16660.0 858718.7522934095
16670.0 833461.6149583214
16680.0 838370.8045209186
16690.0 858416.6124662962
16700.0 863583.3069444002
16710.0 844363.5013889415
16720.0 812198.1684490913
16730.0 850973.8511749991
16740.0 848210.7578945991
16750.0 795664.0729732431
16760.0 819841.9864130314
16770.0 847198.6002747754
16780.0 829156.4601138929
16790.0 817614.3923884168
16800.0 781626.280219829
16810.0 752998.4525746383
16820.0 777936.8136485812
16830.0 814255.9899999071
16840.0 816970.8699998898
16850.0 831264.3699999512
16860.0 801573.7312831591
16870.0 811035.2230769303
16880.0 819303.3073878345
16890.0 803459.212042035
16900.0 802941.0884613557
16910.0 823873.2156084878
16920.0 825185.6645569622
16930.0 813727.6075949317
16940.0 824846.1142857006
16950.0 817746.1316488768
16960.0 812100.8739837204
16970.0 794110.0694087405
16980.0 802596.3153033736
16990.0 794495.9807693774
17000.0 778208.9595373387
17010.0 759450.7671956829
17020.0 797305.1966145671
17030.0 792922.3287671121
17040.0 804878.2291139215
17050.0 798032.5212201482
17060.0 785757.0983380103
17070.0 781890.2846152876
17080.0 792268.5314207932
17090.0 777892.6462264563
17100.0 786255.3708860804
17110.0 711300.3118278374
17120.0 784400.4164557958
17130.0 781825.4399999996
17140.0 787235.3400000168
17150.0 784347.6799999485
17160.0 768124.040000218
17170.0 783286.2126581274
17180.0 777627.4567567579
17190.0 775743.1443569828
17200.0 766504.4038459522
17210.0 768930.8599998781
17220.0 770189.9800000001
17230.0 719071.485639285
17240.0 769831.9696202503
17250.0 758748.4666665683
17260.0 766822.4799999171
17270.0 752893.9800002102
17280.0 746520.6399999085
17290.0 757847.8025316746
17300.0 741806.0734174872
17310.0 752478.090078302
17320.0 740162.3375957938
17330.0 690800.5427461413
17340.0 711482.8799999775
17350.0 720538.1000000336
17360.0 659591.0720000272
17370.0 702262.018987339
17380.0 725894.9933066174
17390.0 720180.8679245306
17400.0 734987.7971939747
17410.0 704830.2506461075
17420.0 727066.219999825
17430.0 728560.0952380811
17440.0 741103.3721227676
17450.0 723810.4457143142
17460.0 723222.389873477
17470.0 692424.0399999901
17480.0 730999.0645569845
17490.0 733627.3499999545
17500.0 719109.4500000221
17510.0 712270.0900000696
17520.0 724131.45999999
17530.0 723317.759999937
17540.0 721564.0088384949
17550.0 706663.6837016981
17560.0 715855.0949366591
17570.0 722350.300000055
17580.0 711357.2569620843
17590.0 720590.1200000305
17600.0 707393.0704788703
17610.0 698184.2756410846
17620.0 674950.1499999111
17630.0 713779.0500000245
17640.0 674867.4699998271
17650.0 713236.6329113668
17660.0 691029.3705129855
17670.0 697425.7460105873
17680.0 678220.8383706135
17690.0 700713.5271808853
17700.0 692489.7900000259
17710.0 681423.0199999763
17720.0 668478.6310809839
17730.0 690987.654205571
17740.0 684822.3565108407
17750.0 681238.3089744207
17760.0 675002.173333172
17770.0 667632.2000001245
17780.0 682827.8505435362
17790.0 679760.2903681925
17800.0 683362.6828025635
17810.0 677891.6611465672
17820.0 678005.4751592751
17830.0 679813.2641261207
17840.0 665994.8687001347
17850.0 664767.2230429582
17860.0 664277.2776977313
17870.0 673356.6400001084
17880.0 678985.4754522368
17890.0 676996.7999999688
17900.0 677066.1358695267
17910.0 671992.062025264
17920.0 666941.3522100389
17930.0 649405.8397437304
17940.0 648294.5574413417
17950.0 670743.4200000069
17960.0 667458.1994681926
17970.0 658586.7184987157
17980.0 656457.2263427627
17990.0 660919.7649350371
18000.0 653005.9831461562
18010.0 656022.0696203716
18020.0 648422.8736559603
18030.0 636776.9931623103
18040.0 651018.7417503212
18050.0 644887.6535432853
18060.0 647568.5367847718
18070.0 646411.6113922403
18080.0 639708.4447440569
18090.0 643909.1129517829
18100.0 625689.4126580661
18110.0 636556.5363637224
18120.0 638495.0772150957
18130.0 643263.6133501105
18140.0 635503.6698369908
18150.0 625750.9384614417
18160.0 603881.0879121805
18170.0 563325.2572674226
18180.0 585954.1820729056
18190.0 619160.5248691569
18200.0 629053.4757033205
18210.0 632835.8975410245
18220.0 610125.1294870183
18230.0 622696.0662338563
18240.0 629257.6759260052
18250.0 628768.2076922937
18260.0 630321.5158729936
18270.0 627810.4300518705
18280.0 608371.8291141912
18290.0 624182.0702917554
18300.0 614828.3564100999
18310.0 624125.3379746892
18320.0 608914.1800000537
18330.0 625284.4699999804
18340.0 614293.9746834532
18350.0 612475.479999934
18360.0 610159.5458116436
18370.0 585851.9129834778
18380.0 610229.5543766053
18390.0 606332.0400001862
18400.0 603394.3095856195
18410.0 589739.710126828
18420.0 578058.4544304417
18430.0 596592.6691920398
18440.0 601190.0300751779
18450.0 598543.7217846685
18460.0 606609.6658130608
18470.0 580091.9578392494
18480.0 603263.1594937111
18490.0 599603.8900000836
18500.0 598841.1623710407
18510.0 599768.2561132496
18520.0 581144.4547769158
18530.0 584386.9641025824
18540.0 597168.0129533862
18550.0 564421.4620251969
18560.0 588454.7259740585
18570.0 595523.3153745269
18580.0 568563.5261147221
18590.0 588563.8346456019
18600.0 590243.4802547821
18610.0 581887.7200539114
18620.0 580136.1112676458
18630.0 577721.2135134401
18640.0 582115.544959204
18650.0 578711.1591511567
18660.0 564044.2108107175
18670.0 581854.2464588969
18680.0 570852.7196261229
18690.0 576133.9276774115
18700.0 575888.2613636395
18710.0 570012.5884058834
18720.0 550327.8101850325
18730.0 565484.533519565
18740.0 541452.0794601912
18750.0 469870.6139240834
18760.0 536758.5945946105
18770.0 542683.8991597216
18780.0 563046.7426160553
18790.0 559655.110625946
18800.0 566852.2600276609
18810.0 567862.0359042757
18820.0 555167.7240000069
18830.0 564843.3599999894
18840.0 556692.0949008422
18850.0 556320.227393575
18860.0 532306.287652585
18870.0 554931.4291609161
18880.0 536752.2041342023
18890.0 541211.6157895618
18900.0 529829.4827587256
18910.0 535022.810000292
18920.0 538748.2347479698
18930.0 528722.814766973
18940.0 536310.9100000435
18950.0 542982.568831168
18960.0 527403.9435897997
18970.0 532781.5345303268
18980.0 548626.9728682089
18990.0 531857.6987340413
19000.0 542124.2012821586
19010.0 543723.5362694663
19020.0 545396.3531645285
19030.0 530250.0581394931
19040.0 540036.063968777
19050.0 532508.0485932963
19060.0 540552.5032257703
19070.0 542773.2295719811
19080.0 526265.8527851423
19090.0 539753.8617886079
19100.0 535267.600000013
19110.0 519717.30687826255
19120.0 525515.5063937418
19130.0 534254.1399999792
19140.0 526459.6532797606
19150.0 529999.1928480086
19160.0 525300.2518987227
19170.0 527997.8291138879
19180.0 528527.8820512488
19190.0 511962.6045845083
19200.0 521375.1708861598
19210.0 516837.2064934315
19220.0 521760.10759495693
19230.0 524903.2296588446
19240.0 523790.94810126757
19250.0 515665.03999996337
19260.0 510537.2762147991
19270.0 510906.7199999752
19280.0 511654.6368715283
19290.0 517804.0744125464
19300.0 513869.11999997764
19310.0 495995.8600000087
19320.0 514988.2199999656
19330.0 513531.19999999343
19340.0 494056.18101281143
19350.0 512257.6493671086
19360.0 513346.37820512604
19370.0 513127.1799999998
19380.0 509535.86000003753
19390.0 489713.5600002316
19400.0 501122.2620253816
19410.0 501984.9799999835
19420.0 499798.0104711782
19430.0 460170.48320410884
19440.0 462658.09555856057
19450.0 434008.5278155327
19460.0 484168.07088614634
19470.0 485323.10266665596
19480.0 486528.5999999758
19490.0 477964.3000000076
19500.0 495336.2599999533
19510.0 452741.8455694795
19520.0 498704.6800000068
19530.0 492761.51690139144
19540.0 487662.4584414884
19550.0 496239.6039999783
19560.0 495697.1800000066
19570.0 492621.97999998473
19580.0 484133.8253163302
19590.0 483531.78000001993
19600.0 481814.55739796173
19610.0 476273.4911392651
19620.0 485554.2200000129
19630.0 467934.02067178895
19640.0 476388.9499999753
19650.0 488234.2199999956
19660.0 485959.93000002374
19670.0 485049.549999996
19680.0 483258.3399999684
19690.0 482075.0999999553
19700.0 482343.8599999745
19710.0 479890.9199999719
19720.0 449418.6085165812
19730.0 466898.4999999558
19740.0 474195.1075949122
19750.0 474845.5911392146
19760.0 474529.5759493573
19770.0 475050.65251988714
19780.0 437966.11518989614
19790.0 461889.6991149605
19800.0 472365.0411347497
19810.0 470926.2005347612
19820.0 469146.5215190006
19830.0 471678.1899999689
19840.0 471994.3600000199
19850.0 442819.1341771556
19860.0 442585.1299999956
19870.0 463893.1233421704
19880.0 463250.7699999932
19890.0 466583.66000000417
19900.0 464619.850000001
19910.0 461818.8177215473
19920.0 453481.88999994536
19930.0 437589.01999988325
19940.0 460649.57468354626
19950.0 456023.2900000675
19960.0 449082.7299999147
19970.0 438763.23047854175
19980.0 455103.6443850283
19990.0 457502.8481012806
20010.0 453610.5800000668
20020.0 446408.95999999717
20030.0 447493.62000005133
20040.0 447606.80000004097
20050.0 437129.6400000083
20060.0 448635.79999997234
20070.0 445130.1799999413
20080.0 447026.23999998823
20090.0 442338.32000010565
20100.0 447306.4799999902
20110.0 446178.46000001475
20120.0 447471.779999973
20130.0 443900.41999994905
20140.0 436270.14
20150.0 443254.759999931
20160.0 443431.46000001294
20170.0 440233.69999998086
20180.0 442522.2199999916
20190.0 436251.16000000905
20200.0 434575.38000000064
20210.0 419643.8399999761
20220.0 435557.36000004946
20230.0 429625.23999998247
20240.0 428066.8200000839
20250.0 434872.9999999949
20260.0 427105.11999999534
20270.0 429308.6600000493
20280.0 427350.4200000789
20290.0 429486.07999993744
20300.0 407626.1999999452
20310.0 432333.61999999615
20320.0 429747.3999999891
20330.0 426958.7959697788
20340.0 411330.40000006324
20350.0 421543.92000002414
20360.0 424512.9299999324
20370.0 422522.52999998233
20380.0 402406.0100000886
20390.0 425380.73999998346
20400.0 419715.64999995707
20410.0 408836.8700001107
20420.0 421432.989999988
20430.0 422522.9800000482
20440.0 420822.8100000097
20450.0 417690.5699999975
20460.0 420182.1100000227
20470.0 415294.270000022
20480.0 419406.9900000029
20490.0 418797.82999999553
20500.0 417569.3099999776
20510.0 414928.9199999824
20520.0 401838.51000000804
20530.0 414514.08000000607
20540.0 407424.8900000122
20550.0 412349.019999966
20560.0 411660.459999991
20570.0 409602.42999998806
20580.0 410101.72999998735
20590.0 401929.939999989
20600.0 386164.08999995235
20610.0 407815.96000000543
20620.0 406211.8399999538
20630.0 365172.8499999541
20640.0 405646.67000001494
20650.0 406402.55000001076
20660.0 405181.5799999949
20670.0 384510.4100000037
20680.0 397977.23000000726
20690.0 399875.23000001756
20700.0 384600.6511335086
20710.0 394092.6800000422
20720.0 394074.26000007713
20730.0 398544.23999998916
20740.0 392518.2600000218
20750.0 397903.59999997984
20760.0 388009.1399998263
20770.0 380328.64000006544
20780.0 395944.9115384448
20790.0 394429.0600000585
20800.0 386885.4800000361
20810.0 394362.280000007
20820.0 390994.99999999336
20830.0 376760.859999969
20840.0 380943.5599999772
20850.0 388282.67999996874
20860.0 391119.960000005
20870.0 387275.540000038
20880.0 385194.0800000032
20890.0 384776.8799999669
20900.0 387887.7400000562
20910.0 387086.040000003
20920.0 368065.60000000225
20930.0 382675.58000003546
20940.0 385125.1400000331
20950.0 383899.0600000139
20960.0 378470.55999999854
20970.0 379834.0199999868
20980.0 380956.76000001025
20990.0 378443.8600000918
21000.0 384285.4800000121
21010.0 374812.3200000429
21020.0 374252.94000001065
21030.0 381827.5600000024
21040.0 380233.1999999734
21050.0 380737.7400000011
21060.0 375171.9199999824
21070.0 371121.55919394706
21080.0 374236.67000007734
21090.0 366224.39999994263
21100.0 374958.8700000234
21110.0 371964.89999995474
21120.0 371587.23000000586
21130.0 373393.0399999766
21140.0 369072.2299999694
21150.0 372204.8099999731
21160.0 355379.3000000238
21170.0 369168.9417721232
21180.0 367928.25999996916
21190.0 347818.45000002783
21200.0 363797.3800000504
21210.0 362003.31000003335
21220.0 362813.67000000284
21230.0 347769.72000002663
21240.0 360864.6600000687
21250.0 365719.4099999866
21260.0 358167.44999999204
21270.0 362367.57999991835
21280.0 361270.6900000011
21290.0 362448.2599999724
21300.0 361337.0499999916
21310.0 363314.3499999995
21320.0 358353.6599999684
21330.0 361416.18999999226
21340.0 358774.35999998776
21350.0 346299.4299999665
21360.0 359587.3400000003
21370.0 359785.690000003
21380.0 358197.0800000072
21390.0 355765.9499999648
21400.0 356976.880000006
21410.0 356993.300000018
21420.0 357457.809999998
21430.0 350768.21999997087
21440.0 351840.32115868037
21450.0 350327.3199999661
21460.0 349353.580000057
21470.0 353027.29999999376
21480.0 351801.68000001775
21490.0 348904.86000003543
21500.0 351684.3000000129
21510.0 350805.859999996
21520.0 346384.7400000185
21530.0 346718.8999999842
21540.0 345253.8000000064
21550.0 346987.8199999848
21560.0 346975.9800000307
21570.0 346714.80000001215
21580.0 346681.4399999889
21590.0 341127.61999999767
21600.0 344541.2000000145
21610.0 339488.77999997756
21620.0 340937.23999998905
21630.0 338906.74000000616
21640.0 331456.47999997996
21650.0 311303.79999998864
21660.0 310452.74000000546
21670.0 325040.2599999788
21680.0 334478.1000000121
21690.0 332864.9999999944
21700.0 334205.3399999944
21710.0 334724.9000000054
21720.0 337032.25999999786
21730.0 337334.06000000087
21740.0 331200.12000002427
21750.0 332907.5999999932
21760.0 326013.46000005526
21770.0 334280.73999999894
21780.0 312007.740000107
21790.0 330891.680000013
21800.0 334764.22040301125
21810.0 333809.42000000225
21820.0 318314.50000004424
21830.0 331625.479999973
21840.0 331840.7399999865
21850.0 330633.9100000044
21860.0 329858.220000015
21870.0 324970.2799999849
21880.0 312639.95999998774
21890.0 326487.78999999654
21900.0 322771.18000001495
21910.0 326919.45999999647
21920.0 328296.14999999263
21930.0 326644.7799999915
21940.0 321331.2100000261
21950.0 325458.9799999961
21960.0 325779.91999999096
21970.0 324048.9900000057
21980.0 324144.1700000021
21990.0 322379.7600000232
22000.0 321007.66000004933
22010.0 321095.1200000272
22020.0 321386.69999998086
22030.0 318920.66999999795
22040.0 317655.2999999758
22050.0 318474.99999999197
22060.0 293037.13000004995
22070.0 313787.83999999927
22080.0 311456.8600000133
22090.0 317966.8300000178
22100.0 316216.3100000088
22110.0 313648.2199999989
22120.0 317111.9400000176
22130.0 316468.0600000183
22140.0 315990.82000000845
22150.0 315039.5500000265
22160.0 308931.73000001174
22170.0 310596.982367761
22180.0 313343.1600000253
22190.0 313938.07999999303
22200.0 312681.68000000605
22210.0 310948.39999999106
22220.0 312620.58000000403
22230.0 309765.38354428264
22240.0 310173.8000000116
22250.0 310911.9199999883
22260.0 300616.9200000786
22270.0 307097.94000002334
22280.0 305222.4000000489
22290.0 308523.1399999954
22300.0 305162.6399999674
22310.0 306118.2399999842
22320.0 306511.6200000001
22330.0 307134.3199999931
22340.0 305030.96835442673
22350.0 304955.4800000062
22360.0 305423.8599999965
22370.0 304450.0800000018
22380.0 295520.12000000494
22390.0 297679.64000003977
22400.0 303708.87999998895
22410.0 301858.3399999887
22420.0 296925.0800000675
22430.0 300939.9599999937
22440.0 299420.73999997706
22450.0 300167.680000026
22460.0 300096.8199999948
22470.0 292169.2799999771
22480.0 298133.7999999954
22490.0 297943.2199999769
22500.0 298702.27999999945
22510.0 294822.61999998416
22520.0 294903.26000001346
22530.0 294906.1000000235
22540.0 282654.22680417285
22550.0 292049.4600000393
22560.0 293347.83999999065
22570.0 292896.0000000027
22580.0 293687.560000013
22590.0 293966.5800000018
22600.0 293456.53999998956
22610.0 288220.7799999616
22620.0 281535.75999996485
22630.0 289196.8200000065
22640.0 290152.70999998914
22650.0 285810.1999999755
22660.0 289579.9100000049
22670.0 288829.8455696058
22680.0 289598.65999999805
22690.0 288031.34430382133
22700.0 288393.07289001835
22710.0 282422.3900000052
22720.0 287612.14999999054
22730.0 287153.6600000039
22740.0 281705.56000005116
22750.0 284457.6100000061
22760.0 283621.6341772067
22770.0 285787.79820052226
22780.0 283661.55303029885
22790.0 281848.188607598
22800.0 281313.5300000012
22810.0 262014.454430363
22820.0 278821.48607592145
22830.0 280048.23291144
22840.0 282057.1600000057
22850.0 280418.4100000036
22860.0 277376.2000000068
22870.0 279805.41000002716
22880.0 279799.5700000094
22890.0 278793.350000028
22900.0 280295.3740554159
22910.0 275998.9599999694
22920.0 278587.13999999827
22930.0 231833.9799999524
22940.0 242576.22000009942
22950.0 257126.3200001185
22960.0 250980.21999985512
22970.0 255952.6799998728
22980.0 259805.999999959
22990.0 263492.5000000311
23000.0 266018.7999999778
23010.0 263598.3400000815
23020.0 265440.3000000052
23030.0 266134.61999993405
23040.0 264710.8199999479
23050.0 264275.3399999463
23060.0 265424.920000001
23070.0 264477.74000006047
23080.0 266303.12000011053
23090.0 263868.4399999267
23100.0 269474.6800000289
23110.0 263309.800000038
23120.0 263151.460000003
23130.0 264071.63999997475
23140.0 258015.1199999121
23150.0 266753.40000002837
23160.0 258045.86000005918
23170.0 261553.6599999798
23180.0 260523.34000003367
23190.0 263283.4600000525
23200.0 261872.4199999699
23210.0 260911.37999997818
23220.0 224510.18000005983
23230.0 222213.18000023253
23240.0 239468.019999936
23250.0 237367.379999995
23260.0 245292.76000006005
23270.0 243526.82115878476
23280.0 248841.61000011148
23290.0 252805.77000007848
23300.0 240490.23000027423
23310.0 247253.96999992995
23320.0 252913.41999999265
23330.0 247456.83000003546
23340.0 254529.57999999475
23350.0 244393.4100000468
23360.0 250964.4099999761
23370.0 247104.86999988707
23380.0 243349.60000004427
23390.0 253689.01999992988
23400.0 249131.46999993364
23410.0 247653.99000012805
23420.0 249748.0999999678
23430.0 249876.44999996212
23440.0 252837.34000003157
23450.0 246245.96999994555
23460.0 248447.5099999929
23470.0 252120.189999979
23480.0 244745.16999993467
23490.0 247233.3199999933
23500.0 250564.0100000014
23510.0 244884.56999992908
23520.0 199950.3500000243
23530.0 214425.40000007674
23540.0 227109.53000006283
23550.0 225648.43000004507
23560.0 231818.1299999521
23570.0 232539.34000000168
23580.0 233256.5499999774
23590.0 234323.95999990607
23600.0 237948.70999993425
23610.0 235395.33000006602
23620.0 232721.0899999353
23630.0 239592.74000005028
23640.0 235387.435768315
23650.0 236424.32000011683
23660.0 235011.65999995195
23670.0 237177.5199998839
23680.0 235681.5999999677
23690.0 236022.8200000272
23700.0 239230.9399999406
23710.0 237891.7599999428
23720.0 229556.97999998202
23730.0 232910.1799999304
23740.0 223197.52000002656
23750.0 233068.8000000483
23760.0 234910.06000000192
23770.0 237295.93999997957
23780.0 235307.8200000316
23790.0 235585.45999996606
23800.0 232858.6800000351
23810.0 237849.56000007383
23820.0 216021.73999999076
23830.0 190529.66000017535
23840.0 207880.50000007884
23850.0 212348.31999992998
23860.0 209960.85999994446
23870.0 217277.13999997464
23880.0 229410.04000006896
23890.0 218223.76000010042
23900.0 219148.52000005025
23910.0 226479.67999995558
23920.0 214273.99999992826
23930.0 229984.10000008089
23940.0 220376.47999993933
23950.0 223769.22000006126
23960.0 225520.92000008695
23970.0 219729.24000007808
23980.0 225039.79999995828
23990.0 232902.8400000264
24000.0 213509.14000005915
24010.0 227419.9521410122
24020.0 221923.86000003398
24030.0 227306.310000053
24040.0 223702.5400000493
24050.0 219837.49999993952
24060.0 227593.65000007642
24070.0 226208.460000033
24080.0 219477.11999995954
24090.0 225667.4299999533
24100.0 221995.99999995803
24110.0 222822.98999999004
24120.0 226028.1392404678
24130.0 212557.20759483532
24140.0 183411.78999999035
24150.0 195653.25000012806
24160.0 197697.52999998335
24170.0 212151.950000077
24180.0 209214.16000000335
24190.0 204594.65999993827
24200.0 217617.0999999574
24210.0 212600.37999995326
24220.0 214053.00999998036
24230.0 208905.7499998869
24240.0 213618.05999994307
24250.0 209916.55999992607
24260.0 212554.62000003032
24270.0 213887.7400000436
24280.0 208268.4900000416
24290.0 217071.93000002904
24300.0 214046.23000004137
24310.0 210240.13000017506
24320.0 218322.49999998749
24330.0 207084.35999998025
24340.0 213986.24000009111
24350.0 209343.15999998138
24360.0 212082.8700000446
24370.0 204511.44206538025
24380.0 214632.8200000787
24390.0 215015.05999996615
24400.0 208220.72000011645
24410.0 212693.46000004534
24420.0 212716.33999999054
24430.0 218528.83999998978
24440.0 201296.04000008278
24450.0 206383.2399999877
24460.0 183515.1999998808
24470.0 183791.41999987746
24480.0 202833.0599999393
24490.0 199093.05999988999
24500.0 194351.04000009084
24510.0 194931.99999998085
24520.0 200279.03999991686
24530.0 204028.41999997626
24540.0 198498.16000000722
24550.0 200004.60000004785
24560.0 195197.62000009423
24570.0 191980.11999991385
24580.0 209439.52000003605
24590.0 199574.38000007288
24600.0 207177.61999999525
24610.0 205588.13999996145
24620.0 202287.72000004665
24630.0 205885.71999998367
24640.0 200697.92000002196
24650.0 201339.77999991778
24660.0 207328.76000001963
24670.0 204750.1799999824
24680.0 196539.8399999356
24690.0 197472.5999999688
24700.0 198141.39999996687
24710.0 200491.1400001021
24720.0 201694.15999999407
24730.0 197659.03999996532
24740.0 203671.248110794
24750.0 197437.83999992898
24760.0 195087.24000006786
24770.0 204395.1199999773
24780.0 184889.37999987922
24790.0 181449.5600000553
24800.0 184291.46000013466
24810.0 190218.92000003898
24820.0 184077.58999990372
24830.0 187118.9900000008
24840.0 196448.44000003967
24850.0 192802.44000002713
24860.0 174824.30000002452
24870.0 189518.07999998698
24880.0 188463.33000004222
24890.0 194617.30999997474
24900.0 194189.43999999127
24910.0 191918.91000007454
24920.0 191120.62999997666
24930.0 197532.0500000249
24940.0 189966.1400000762
24950.0 191163.38000001473
24960.0 191264.93000005488
24970.0 194072.09999997437
24980.0 191863.83000004158
24990.0 192835.27010926962
