#lam[Angstrom] flux[erg/cm2/s/A]
1010.0 9.480661118366175e-05
1020.0 0.0031906610203557015
1030.0 0.001897755660186082
1040.0 0.00024230225208362962
1050.0 0.00030211673900000475
1060.0 0.000373952949644624
1070.0 0.000495008635401461
1080.0 0.0006654516697783909
1090.0 0.0008711681781996479
1100.0 0.0030409466368970335
1110.0 0.008731244464459588
1120.0 0.01572236665031752
1130.0 0.016793892718018774
1140.0 0.017112612824208926
1150.0 0.020307740572399955
1160.0 0.019960457920639118
1170.0 0.02554285717028985
1180.0 0.04564907095027129
1190.0 0.08390104358565142
1200.0 0.41458247473013854
1210.0 7.549967240778539
1220.0 10.556766351240375
1230.0 0.7700665688006377
1240.0 0.6726093037410594
1250.0 0.8261853222466456
1260.0 0.8555043449295249
1270.0 1.0283417257046397
1280.0 1.2265013186466611
1290.0 1.5497928713751428
1300.0 1.7405975082905334
1310.0 2.09231777567435
1320.0 2.416377781315102
1330.0 2.7293547343794535
1340.0 3.2969798904040393
1350.0 3.9565301504214756
1360.0 4.375969439206416
1370.0 4.893455502339175
1380.0 5.81291824203088
1390.0 7.147357037660089
1400.0 7.7004659568637095
1410.0 8.897091356294165
1420.0 10.282568936384084
1430.0 11.429694927333212
1440.0 13.57293451987227
1450.0 15.525652640994998
1460.0 17.82707045515891
1470.0 18.21287707724069
1480.0 21.852371644678946
1490.0 25.310245387051552
1500.0 28.052335723396126
1510.0 31.897932705854753
1520.0 42.821761987520546
1530.0 164.23315051468617
1540.0 211.25606651155258
1550.0 203.43742358792494
1560.0 212.1538499701878
1570.0 309.4600610834974
1580.0 407.03636950169755
1590.0 429.7033948262757
1600.0 513.8766753167987
1610.0 514.6814717611619
1620.0 515.4525072254711
1630.0 528.3021651602583
1640.0 748.0728038185765
1650.0 694.8620084139842
1660.0 700.0940769237628
1670.0 784.4275948652543
1680.0 2404.630073088558
1690.0 2999.413885099545
1700.0 3053.9273734657963
1710.0 5206.334127902994
1720.0 6664.387462204712
1730.0 8814.20045793006
1740.0 8316.114260849243
1750.0 9748.628937340709
1760.0 12741.849178878823
1770.0 8681.96427344089
1780.0 14017.469259943844
1790.0 30649.991521233405
1800.0 36826.54083158099
1810.0 17077.2940764752
1820.0 18648.52679124972
1830.0 16797.988326544822
1840.0 13849.537770817196
1850.0 14323.7369083884
1860.0 26567.999839868982
1870.0 31423.693583887285
1880.0 35329.84322894193
1890.0 38105.060357406575
1900.0 28296.922966042726
1910.0 30429.17578261428
1920.0 36787.5197012136
1930.0 27316.493618508735
1940.0 35390.617014187395
1950.0 48637.8488906649
1960.0 66439.28278506764
1970.0 65417.24982995683
1980.0 49813.9001544426
1990.0 69940.7593672966
2000.0 81726.68265943104
2010.0 68250.54842201869
2020.0 68197.3567633505
2030.0 80541.54403320844
2040.0 107310.70298788522
2050.0 126324.4047917818
2060.0 87365.34430152131
2070.0 387163.7422623939
2080.0 347753.00799019943
2090.0 466025.1223103332
2100.0 492880.8091374871
2110.0 591143.0371871121
2120.0 662809.35672931
2130.0 381324.1952340626
2140.0 582302.6590453062
2150.0 494123.1203312482
2160.0 531285.4178837213
2170.0 273417.2771213394
2180.0 523508.9345781282
2190.0 588963.6056127606
2200.0 789717.2990622398
2210.0 285078.78771322966
2220.0 307832.32389413513
2230.0 596894.3428701004
2240.0 1073312.5333343649
2250.0 564277.6221995439
2260.0 503159.79465199495
2270.0 470306.3202119251
2280.0 656356.8926124439
2290.0 537601.5427011321
2300.0 466388.6898012028
2310.0 769537.1453327604
2320.0 636404.992211009
2330.0 238921.4901012761
2340.0 235618.59379742522
2350.0 273259.3084634206
2360.0 167603.3455567343
2370.0 189990.52254507932
2380.0 147549.71050930096
2390.0 162844.43005232356
2400.0 142359.72395971228
2410.0 149467.97552347573
2420.0 632563.1469443562
2430.0 735707.5120586373
2440.0 611775.205432486
2450.0 794574.8010063639
2460.0 788950.6741792735
2470.0 647124.686560547
2480.0 534120.4282979093
2490.0 330350.9690518969
2500.0 622247.0418299007
2510.0 424519.9752777542
2520.0 241886.94614695045
2530.0 342026.69390769507
2540.0 409273.5531896567
2550.0 696667.690632919
2560.0 630731.4260106425
2570.0 906843.6201936164
2580.0 561399.9936649165
2590.0 518025.25960036874
2600.0 348237.7268727899
2610.0 253871.08224233324
2620.0 516522.9762698027
2630.0 409819.1143721428
2640.0 1722091.5761963679
2650.0 1921717.3820251434
2660.0 1688212.5770130784
2670.0 1525775.2998865563
2680.0 2046952.975096049
2690.0 2015489.5653197344
2700.0 2140944.29893184
2710.0 1495352.8480403444
2720.0 832929.1132179762
2730.0 985570.3435005833
2740.0 636638.9959587725
2750.0 634009.0868290534
2760.0 1188545.7366371339
2770.0 1333863.9355940716
2780.0 932972.1608883066
2790.0 464146.17163853167
2800.0 168212.0759291652
2810.0 742858.6450767516
2820.0 2116672.4119898453
2830.0 2239359.5524824206
2840.0 1906522.6599886327
2850.0 983540.9322100048
2860.0 2247456.023166379
2870.0 2686372.0193391806
2880.0 1875189.0991967036
2890.0 2916160.8626003955
2900.0 4693842.971505935
2910.0 4258943.805199487
2920.0 3663061.582653756
2930.0 3569211.8453346826
2940.0 3172699.243680551
2950.0 3190515.0042179567
2960.0 4434426.24139182
2970.0 3363359.0278244596
2980.0 3394637.6502243844
2990.0 3711976.9354366213
3000.0 3807993.0055623
3010.0 4418125.6609128835
3020.0 3430934.5810105414
3030.0 4054503.9666277515
3040.0 3830933.980150478
3050.0 4596155.842314074
3060.0 4209106.7025256185
3070.0 4555526.1800755095
3080.0 4316562.575262467
3090.0 4371473.132997433
3100.0 3826410.194921345
3110.0 5096375.887837717
3120.0 4563959.210679948
3130.0 4294670.143104017
3140.0 4618068.79264882
3150.0 5098355.907909801
3160.0 3556984.4382992485
3170.0 5062539.314636721
3180.0 3988005.0438381
3190.0 4228719.039174878
3200.0 4756005.047871693
3210.0 3914064.6448703413
3220.0 4619623.241899265
3230.0 2893397.0427317643
3240.0 4318481.873602149
3250.0 4813516.281668408
3260.0 6138606.780829754
3270.0 5689865.672607076
3280.0 4902521.786132298
3290.0 6122140.308104491
3300.0 6227543.604615614
3310.0 5197864.868287633
3320.0 5455121.048260107
3330.0 5746581.567103611
3340.0 4908910.363575283
3350.0 4678534.864109492
3360.0 4816265.049588566
3370.0 3832951.899783229
3380.0 4962513.429412755
3390.0 4859458.655952711
3400.0 5370745.63460415
3410.0 4628097.040749743
3420.0 4693397.439090266
3430.0 5687750.897758573
3440.0 4611037.16975305
3450.0 5669246.649763866
3460.0 5183037.85100104
3470.0 5341030.276790268
3480.0 5017786.433110374
3490.0 5696402.045461081
3500.0 5900703.785568082
3510.0 5507105.195672797
3520.0 4768308.134450953
3530.0 5316028.866042987
3540.0 6518638.864147556
3550.0 5555008.070796198
3560.0 6151139.713913764
3570.0 4218423.903826983
3580.0 4864786.195454401
3590.0 4353060.630895818
3600.0 6323266.42507283
3610.0 4751119.689461497
3620.0 5177613.309813968
3630.0 5728190.396236696
3640.0 5851209.285730624
3650.0 5425173.790977396
3660.0 6718850.864259303
3670.0 6176358.489238577
3680.0 5682183.2812153995
3690.0 5827573.732472932
3700.0 6483839.843239414
3710.0 6060000.203639843
3720.0 5775647.01072952
3730.0 6151031.364537202
3740.0 5649614.937659218
3750.0 5126098.4199826
3760.0 6555032.031466073
3770.0 6479971.777754658
3780.0 9145778.321112143
3790.0 7332046.090424951
3800.0 7306246.190296436
3810.0 8568867.159526166
3820.0 6473496.535823891
3830.0 4772710.019219934
3840.0 5752839.927817619
3850.0 8906722.551423384
3860.0 6989079.172987651
3870.0 7802776.667625648
3880.0 8399032.70106714
3890.0 6206212.954402072
3900.0 7535395.374446297
3910.0 8118909.440153097
3920.0 7542501.159145227
3930.0 3345162.047059631
3940.0 5029529.503083879
3950.0 8484110.463930953
3960.0 7401817.829149499
3970.0 3124807.940128333
3980.0 8867941.290407702
3990.0 10066951.671545364
4000.0 9997595.504795456
4010.0 10095526.397244556
4020.0 10523551.125939071
4030.0 9564754.535470808
4040.0 10576617.839865338
4050.0 10117543.315107169
4060.0 9734618.81084756
4070.0 9601275.38688023
4080.0 9977947.114106122
4090.0 11552256.408738444
4100.0 8801284.92885769
4110.0 10628453.234642984
4120.0 11153092.185224047
4130.0 10064736.322137073
4140.0 11003015.466306524
4150.0 10622598.016214307
4160.0 11259619.032163076
4170.0 10574328.933551172
4180.0 10442602.768664297
4190.0 10769362.983029036
4200.0 9445099.26006565
4210.0 11084363.447067298
4220.0 10652549.929177757
4230.0 9650144.902059255
4240.0 10135531.915661016
4250.0 9662969.799485965
4260.0 10169188.418316748
4270.0 9063844.009234767
4280.0 9786291.630579492
4290.0 8875968.663353054
4300.0 7194045.298215974
4310.0 6957041.559097765
4320.0 10404722.819655346
4330.0 9769970.83114382
4340.0 8245752.106439397
4350.0 10032121.396631047
4360.0 11226050.589824338
4370.0 10746919.026396368
4380.0 9676292.77586929
4390.0 10225137.464103298
4400.0 9890735.104626315
4410.0 10768628.546924315
4420.0 10661994.136846218
4430.0 10886629.208460083
4440.0 10690524.448012276
4450.0 10856327.84226679
4460.0 9860370.00330311
4470.0 11164854.17877022
4480.0 11385750.270757718
4490.0 11399068.725740766
4500.0 11611809.649221348
4510.0 12455024.263929376
4520.0 11359320.061305001
4530.0 10584222.920271577
4540.0 11462217.649183154
4550.0 11221116.438492259
4560.0 11664890.51149208
4570.0 11720494.542441923
4580.0 11101050.93929856
4590.0 11107972.228609549
4600.0 11178958.483661514
4610.0 11592860.834170599
4620.0 11457559.354586247
4630.0 11529202.71315056
4640.0 11803893.38016445
4650.0 11466487.746999882
4660.0 11884719.025380095
4670.0 11385626.500029624
4680.0 11649435.859448882
4690.0 11704728.629276745
4700.0 11439185.546797024
4710.0 11422002.014243947
4720.0 11790959.744800493
4730.0 11269115.566946968
4740.0 11471990.17902324
4750.0 11921624.608170673
4760.0 11437204.658125868
4770.0 11601712.807387248
4780.0 11954407.625580845
4790.0 11356990.563662425
4800.0 11691064.231142309
4810.0 11330134.478089115
4820.0 11480001.876389569
4830.0 11562671.171546018
4840.0 10907020.322059542
4850.0 11101554.18236024
4860.0 8365327.268210845
4870.0 10112314.516631352
4880.0 10887414.01097977
4890.0 10486407.793458771
4900.0 11326079.348016381
4910.0 11062403.745552728
4920.0 10402062.726931848
4930.0 11360111.473643566
4940.0 10826736.711990697
4950.0 11427622.489450984
4960.0 11132540.893262027
4970.0 11223637.857338194
4980.0 10471375.881037228
4990.0 10803288.936232777
5000.0 10829019.67438688
5010.0 10112740.030191544
5020.0 10190784.783390138
5030.0 11354402.696696397
5040.0 10216600.606860645
5050.0 10869690.309128698
5060.0 11435203.388311269
5070.0 10784680.081443619
5080.0 10157515.931405934
5090.0 11154013.259753041
5100.0 10803673.424146157
5110.0 10622113.138325714
5120.0 10719170.42162567
5130.0 10290716.374045543
5140.0 10310806.24604678
5150.0 10287801.40509281
5160.0 10694255.65005051
5170.0 8951657.846700652
5180.0 9831747.95987662
5190.0 10104898.05169378
5200.0 10215491.489576513
5210.0 10348989.699996825
5220.0 10402722.038183564
5230.0 9756516.28379303
5240.0 10585301.53282348
5250.0 10477146.044161094
5260.0 9913342.698170053
5270.0 8834614.393012159
5280.0 9875954.220223999
5290.0 10903169.421709752
5300.0 10211134.424830114
5310.0 10786351.218945894
5320.0 10298301.14110421
5330.0 9445347.544628737
5340.0 10127787.059145276
5350.0 10394590.912629213
5360.0 10696080.107668463
5370.0 9924257.633727483
5380.0 10445070.62596485
5390.0 10429423.857735872
5400.0 9729325.257013673
5410.0 9639445.934020987
5420.0 10082863.450001143
5430.0 9839571.32216653
5440.0 10616243.667747196
5450.0 10183337.190429937
5460.0 10132243.672622273
5470.0 10538888.111267708
5480.0 10021902.242723104
5490.0 9956049.945874423
5500.0 10285180.171356969
5510.0 9921280.298791798
5520.0 10500755.094967937
5530.0 9929485.841816675
5540.0 10545363.447904976
5550.0 10256199.6975627
5560.0 10159763.646871505
5570.0 9865035.613439117
5580.0 10103578.143051483
5590.0 9437460.876384914
5600.0 9711236.135551332
5610.0 10362075.789578324
5620.0 9734739.818337394
5630.0 10258294.94302321
5640.0 10002166.200185345
5650.0 10022571.504340224
5660.0 9523940.459684093
5670.0 10059033.653865697
5680.0 9953383.483837156
5690.0 10029371.26542732
5700.0 9964729.975883517
5710.0 9443457.45860999
5720.0 10107413.683469092
5730.0 10153685.309339305
5740.0 10168576.811039347
5750.0 9634301.544468636
5760.0 9936430.876652747
5770.0 10093091.097330749
5780.0 9828122.962119266
5790.0 9791739.45131651
5800.0 9955294.624930725
5810.0 9871409.675701635
5820.0 9937400.694838172
5830.0 9959005.952051593
5840.0 9943525.804911098
5850.0 9746958.57462603
5860.0 9493022.26145133
5870.0 9764820.987255262
5880.0 9787389.20286726
5890.0 9521855.796594204
5900.0 9602929.31089353
5910.0 9673176.827046882
5920.0 9671184.698445216
5930.0 9451514.013040671
5940.0 9661139.037298279
5950.0 9525230.64060575
5960.0 9636410.498503922
5970.0 9672142.31132652
5980.0 9319182.525573058
5990.0 9472703.916666906
6000.0 9434541.882320601
6010.0 9297055.957458034
6020.0 9171750.756856857
6030.0 9313045.444115045
6040.0 9527023.8788524
6050.0 9441654.877670165
6060.0 9325648.650444584
6070.0 9344316.386643238
6080.0 9229851.568520084
6090.0 9186573.59464444
6100.0 9049731.492561037
6110.0 9159942.250013612
6120.0 9051957.197395455
6130.0 9056199.19246308
6140.0 8693992.473993389
6150.0 9008651.749859497
6160.0 8503271.071220879
6170.0 8737841.613853198
6180.0 9022498.020164937
6190.0 8890823.564487549
6200.0 9046471.394782206
6210.0 9024227.17372809
6220.0 8820968.529667512
6230.0 8780962.759548984
6240.0 8569189.47015999
6250.0 8480667.383287514
6260.0 8771506.149439884
6270.0 8771867.337421192
6280.0 8540463.504659617
6290.0 8699206.837076329
6300.0 8589997.319050152
6310.0 8756563.671987252
6320.0 8440322.801274788
6330.0 8816428.520004561
6340.0 8477196.775785325
6350.0 8755756.051273564
6360.0 8450997.810474962
6370.0 8688539.842179244
6380.0 8664398.693844313
6390.0 8546945.330430105
6400.0 8485675.712129204
6410.0 8455655.376006618
6420.0 8375249.623376369
6430.0 8497225.955858462
6440.0 8419561.907164076
6450.0 8489077.26626503
6460.0 8201495.667317467
6470.0 8434219.407050654
6480.0 8399874.407100977
6490.0 8259285.985078075
6500.0 8035973.581809188
6510.0 8467682.269799404
6520.0 8364849.164678312
6530.0 8340214.483909944
6540.0 8288869.908090029
6550.0 7988409.721044606
6560.0 6430046.824663772
6570.0 7615515.6029508
6580.0 8147744.276661734
6590.0 8037413.83473314
6600.0 8208722.567100826
6610.0 8150279.6062158765
6620.0 8242372.311195609
6630.0 8030977.028648013
6640.0 8093239.376312307
6650.0 8191002.720754537
6660.0 8062600.109907153
6670.0 8129681.581240759
6680.0 8048935.376264269
6690.0 8120764.38657949
6700.0 7981119.768108346
6710.0 7855042.265536031
6720.0 7903039.921569798
6730.0 7958380.32020585
6740.0 7978093.168542762
6750.0 7865833.337114355
6760.0 7954153.996081732
6770.0 7790523.826876434
6780.0 7891960.819426053
6790.0 7824558.9679225115
6800.0 7797794.458974326
6810.0 7762640.77878486
6820.0 7809307.514871328
6830.0 7752845.652631334
6840.0 7613888.199311796
6850.0 7781971.091065266
6860.0 7596785.229421579
6870.0 7742170.296615037
6880.0 7686964.017538982
6890.0 7672786.460392324
6900.0 7707535.785036713
6910.0 7581569.7624038495
6920.0 7554909.742774281
6930.0 7585557.886963381
6940.0 7603468.775202264
6950.0 7500530.929222366
6960.0 7555282.058232917
6970.0 7530182.442146741
6980.0 7345741.839907742
6990.0 7492669.269873071
7000.0 7345552.6143586645
7010.0 7375427.767951159
7020.0 7211371.944690475
7030.0 7334590.261984045
7040.0 7353414.441769587
7050.0 7373991.720000099
7060.0 7336408.2141395295
7070.0 7254080.260663613
7080.0 7288798.658486447
7090.0 7242690.172342034
7100.0 7300151.274686174
7110.0 7147957.149321234
7120.0 7180240.258326038
7130.0 7076364.060383727
7140.0 7211952.070883496
7150.0 7061019.595903746
7160.0 7039588.329408204
7170.0 7132240.772331956
7180.0 6984680.219284417
7190.0 6815574.277444161
7200.0 7058285.212316488
7210.0 6877608.309370493
7220.0 6939593.334025052
7230.0 7045902.09538347
7240.0 6962129.81041622
7250.0 6971301.917815809
7260.0 6939203.860348199
7270.0 7002386.400181949
7280.0 6825832.335691245
7290.0 6679794.439963019
7300.0 6877394.341590645
7310.0 6757058.154572558
7320.0 6879215.3706898065
7330.0 6727757.712306992
7340.0 6873126.055579218
7350.0 6830636.192211342
7360.0 6699139.2464651605
7370.0 6813803.756952165
7380.0 6789442.1155633265
7390.0 6512811.717480495
7400.0 6695013.782221711
7410.0 6478041.222577148
7420.0 6439291.163125501
7430.0 6704443.94741096
7440.0 6624503.720748573
7450.0 6518694.091372869
7460.0 6606659.405601742
7470.0 6629029.290984805
7480.0 6543865.831551011
7490.0 6555918.126569119
7500.0 6511846.072193297
7510.0 6436170.1321242
7520.0 6508642.25700446
7530.0 6484582.424446181
7540.0 6556930.292194308
7550.0 6497128.407337223
7560.0 6412036.39617158
7570.0 6429844.817142599
7580.0 6417559.712664599
7590.0 6390049.487164781
7600.0 6388130.320142969
7610.0 6409521.089681297
7620.0 6223755.012893337
7630.0 6422988.410411303
7640.0 6402829.001933815
7650.0 6363935.771129619
7660.0 5969439.545258368
7670.0 6310174.303552416
7680.0 6289225.217600471
7690.0 6233204.529008107
7700.0 6255504.89999952
7710.0 6116529.095324327
7720.0 6167813.666105713
7730.0 6211848.7817149935
7740.0 6201084.914919987
7750.0 6029775.023943291
7760.0 6195488.293315302
7770.0 6141577.820360444
7780.0 6081282.8725820035
7790.0 6126437.951447073
7800.0 6073661.527452774
7810.0 6064597.119244025
7820.0 6114018.201275899
7830.0 5971449.036204686
7840.0 5979618.179562097
7850.0 5992995.847475583
7860.0 6019720.308745127
7870.0 6045407.642987381
7880.0 5967339.9412673265
7890.0 6008042.029296121
7900.0 5936077.855978109
7910.0 5908850.7391134435
7920.0 5868912.037195806
7930.0 5797559.824897556
7940.0 5738755.263246233
7950.0 5797006.556351239
7960.0 5876642.060416188
7970.0 5859738.852732651
7980.0 5874025.69913155
7990.0 5853910.736459089
8000.0 5731296.102072581
8010.0 5815952.773951005
8020.0 5808198.240434319
8030.0 5698841.835941577
8040.0 5766489.083769748
8050.0 5611534.336907501
8060.0 5754378.30320421
8070.0 5693636.305048543
8080.0 5680000.110960239
8090.0 5582720.2241029
8100.0 5626808.498906729
8110.0 5678333.660151053
8120.0 5674191.9673380535
8130.0 5657404.962458162
8140.0 5633900.145613212
8150.0 5594785.101784616
8160.0 5582174.252891865
8170.0 5589908.846956926
8180.0 5515339.498677357
8190.0 5496020.722759764
8200.0 5449026.043192168
8210.0 5384466.375599809
8220.0 5403001.743969164
8230.0 5404345.492119427
8240.0 5471764.017563601
8250.0 5387883.652674984
8260.0 5469518.493780765
8270.0 5458351.890533886
8280.0 5450871.368335532
8290.0 5370477.889015825
8300.0 5403535.70772053
8310.0 5298801.728034332
8320.0 5347323.7279720055
8330.0 5193152.745664886
8340.0 5237437.976664077
8350.0 5255854.2192398235
8360.0 5287940.462547918
8370.0 5249195.253674137
8380.0 5252304.203018859
8390.0 5133218.90866228
8400.0 5202541.709339764
8410.0 5211168.1653731605
8420.0 5153678.666317057
8430.0 5164221.915601512
8440.0 5065468.627633953
8450.0 5175364.3928685
8460.0 5172945.564891619
8470.0 4993493.168357676
8480.0 5168906.153691351
8490.0 5161353.328191498
8500.0 4692968.4385331245
8510.0 5009895.250000121
8520.0 5103619.436699204
8530.0 5044355.733235778
8540.0 4212918.562913694
8550.0 4912450.362229154
8560.0 5038640.612531136
8570.0 5084882.41498527
8580.0 5023396.7938431315
8590.0 4994402.995463971
8600.0 4757413.822134932
8610.0 4939913.955199927
8620.0 4984277.533191114
8630.0 5018045.013195174
8640.0 4964186.423637545
8650.0 4936968.994894368
8660.0 4154541.1947646947
8670.0 4639709.289047188
8680.0 4867641.755008721
8690.0 4734447.552040514
8700.0 4876625.989660389
8710.0 4845362.733006544
8720.0 4895413.223457719
8730.0 4880585.250774388
8740.0 4687437.277097134
8750.0 4475807.272893041
8760.0 4725809.792664752
8770.0 4811624.246890944
8780.0 4869931.151485462
8790.0 4743104.242772027
8800.0 4839329.356857753
8810.0 4666045.392072618
8820.0 4728641.60378403
8830.0 4827507.189195183
8840.0 4717909.592498139
8850.0 4727084.983500112
8860.0 4399713.789430522
8870.0 4547103.481555446
8880.0 4675675.252719053
8890.0 4720657.995325277
8900.0 4742900.080256769
8910.0 4686060.701305607
8920.0 4663479.148584646
8930.0 4602633.521574825
8940.0 4713093.735498876
8950.0 4619688.679714468
8960.0 4670100.364631827
8970.0 4622028.293479159
8980.0 4577317.837512426
8990.0 4616502.373737278
9000.0 4485805.384359055
9010.0 4203726.269458546
9020.0 4258068.221938047
9030.0 4564658.268300666
9040.0 4574391.247687971
9050.0 4566439.580318524
9060.0 4439847.091488327
9070.0 4549466.638178227
9080.0 4454984.892688511
9090.0 4333780.222297186
9100.0 4441000.080245186
9110.0 4425423.560348481
9120.0 4461873.759624701
9130.0 4499962.031265962
9140.0 4484011.581838895
9150.0 4441850.824559794
9160.0 4446985.91458421
9170.0 4421437.9498017095
9180.0 4414021.365448915
9190.0 4416902.49472811
9200.0 4388429.176217546
9210.0 4233995.0540707745
9220.0 4219577.982445507
9230.0 3853076.4786637914
9240.0 4173187.889897784
9250.0 4268201.517729874
9260.0 4125885.4146156847
9270.0 4324115.8351281
9280.0 4321193.064151887
9290.0 4256453.1449319795
9300.0 4295996.7952375375
9310.0 4293729.0343671655
9320.0 4263086.38125318
9330.0 4259170.668137853
9340.0 4273510.468325569
9350.0 4235714.44077652
9360.0 4203187.145430952
9370.0 4233147.071689789
9380.0 4219069.018903141
9390.0 4193819.81638119
9400.0 4155460.9611810734
9410.0 3917443.416418607
9420.0 4094888.171937413
9430.0 4105391.2849798165
9440.0 4069683.3544231122
9450.0 4119255.8697722093
9460.0 4125992.617593899
9470.0 4149354.0587665737
9480.0 4127588.788758768
9490.0 4108400.2616278045
9500.0 4109725.7399738855
9510.0 4070523.425896598
9520.0 4081951.1226484245
9530.0 4017421.6716668517
9540.0 3844415.535519171
9550.0 3655734.391519923
9560.0 3966939.6333409115
9570.0 3985542.4909200263
9580.0 4020946.4397739903
9590.0 4013398.747950829
9600.0 3950835.1083339094
9610.0 3974236.6271094857
9620.0 3956291.4139298094
9630.0 3923197.903918089
9640.0 3938927.933732399
9650.0 3923045.540937349
9660.0 3863572.12425711
9670.0 3951372.3499206207
9680.0 3909764.527268789
9690.0 3888566.775339229
9700.0 3932635.984898232
9710.0 3917752.801886673
9720.0 3918924.6298780576
9730.0 3882855.8763358667
9740.0 3834734.327890368
9750.0 3836243.0301570506
9760.0 3849853.3386599883
9770.0 3858324.0316453897
9780.0 3850550.0832236474
9790.0 3831158.9032296306
9800.0 3823606.699627563
9810.0 3838875.625072761
9820.0 3821373.721975628
9830.0 3810157.475424951
9840.0 3796343.566403271
9850.0 3774340.5252835057
9860.0 3777931.1306698844
9870.0 3791952.6912838044
9880.0 3780322.179726932
9890.0 3702231.120991272
9900.0 3722964.788620029
9910.0 3721954.182532633
9920.0 3743592.526174924
9930.0 3714878.152982979
9940.0 3689608.6247792603
9950.0 3710393.7856551553
9960.0 3708515.091995732
9970.0 3678107.1142319413
9980.0 3696098.7428134
9990.0 3668754.470391138
10010.0 3640815.6500000674
10020.0 3665093.6500000204
10030.0 3612946.500000136
10040.0 3515362.90000045
10050.0 3158339.9500000793
10060.0 3518050.799999928
10070.0 3568432.54999963
10080.0 3595264.200000176
10090.0 3588601.3500000993
10100.0 3551905.8000002773
10110.0 3565004.499999934
10120.0 3536219.349999941
10130.0 3585372.650000063
10140.0 3577216.7999999123
10150.0 3497997.349999711
10160.0 3492352.050000036
10170.0 3542229.45000011
10180.0 3474778.39999994
10190.0 3474074.05000077
10200.0 3503497.7500000796
10210.0 3486548.3000001353
10220.0 3442451.9499998065
10230.0 3497195.650000017
10240.0 3474973.1999999518
10250.0 3477890.400000353
10260.0 3486379.049999951
10270.0 3464298.9500002945
10280.0 3462634.199999878
10290.0 3413092.999999487
10300.0 3437342.799999845
10310.0 3433250.7000000877
10320.0 3440343.350000029
10330.0 3331851.1500008292
10340.0 3346635.2499996703
10350.0 3395356.4999999166
10360.0 3402336.599999814
10370.0 3311142.200000026
10380.0 3379471.3
10390.0 3387408.8000000715
10400.0 3340584.799999988
10410.0 3350582.3999998188
10420.0 3347739.6500002905
10430.0 3328190.7499998375
10440.0 3349829.549999975
10450.0 3315839.399999843
10460.0 3191568.8499999032
10470.0 3268428.9499998954
10480.0 3293153.550000092
10490.0 3306112.3000002187
10500.0 3281259.0499998685
10510.0 3276158.54999997
10520.0 3263132.2499998426
10530.0 3244286.3500002846
10540.0 3269760.650000113
10550.0 3266087.6999999676
10560.0 3263013.250000056
10570.0 3220107.550000083
10580.0 3179331.2500003427
10590.0 3103886.2000002456
10600.0 3173650.6942146546
10610.0 3205775.754276867
10620.0 3200990.0000000806
10630.0 3118413.878505028
10640.0 3212091.6907514855
10650.0 3204057.4336283403
10660.0 3141678.8112924765
10670.0 3174481.578947328
10680.0 3113089.239598259
10690.0 2912890.728814103
10700.0 3097435.643878973
10710.0 3081764.5710061253
10720.0 3119255.6017831727
10730.0 3008220.957909993
10740.0 3126034.553990522
10750.0 3025204.4859810667
10760.0 3127335.6821830445
10770.0 3093256.2367222486
10780.0 3077501.6335224924
10790.0 3024840.82269499
10800.0 3074219.374999923
10810.0 2961958.4656085805
10820.0 3072260.5298914895
10830.0 2939592.1240310078
10840.0 3006130.8387944414
10850.0 3053090.230352262
10860.0 3032394.3272170196
10870.0 2863296.3685635272
10880.0 3005711.5683233775
10890.0 2957657.73668642
10900.0 3015535.244956866
10910.0 2954752.5975977415
10920.0 2949639.6739130137
10930.0 2862329.0579709834
10940.0 2594908.3030302194
10950.0 2883661.0234899987
10960.0 2895702.511773989
10970.0 2913459.3840102428
10980.0 2842506.6253443193
10990.0 2959817.456647416
11000.0 2960219.145299065
11010.0 2926485.429447972
11020.0 2846982.1165644587
11030.0 2926535.4787235265
11040.0 2933742.4287651866
11050.0 2904971.4741034163
11060.0 2911459.7244095416
11070.0 2920482.0754716196
11080.0 2911026.5879264544
11090.0 2906087.285714229
11100.0 2897204.402173938
11110.0 2895328.727034162
11120.0 2865005.194444711
11130.0 2827354.544303827
11140.0 2880305.28871391
11150.0 2862990.6631299853
11160.0 2856438.585164817
11170.0 2864438.7792207315
11180.0 2844342.160326088
11190.0 2779743.9161849734
11200.0 2785475.5569949104
11210.0 2831141.876640397
11220.0 2838990.8196721063
11230.0 2827198.260869635
11240.0 2822636.867304934
11250.0 2689191.3009196054
11260.0 2796265.519125632
11270.0 2810505.3760445667
11280.0 2796367.3770491546
11290.0 2702172.889305885
11300.0 2760230.179909859
11310.0 2762221.2248062296
11320.0 2772469.761570905
11330.0 2727322.0674486742
11340.0 2751749.3398876055
11350.0 2743707.744565202
11360.0 2739046.5342465085
11370.0 2710030.71243498
11380.0 2717827.6934521566
11390.0 2679786.8584071263
11400.0 2652185.7567187203
11410.0 2690421.9746120684
11420.0 2681214.7922851364
11430.0 2707086.0571428705
11440.0 2658347.732240322
11450.0 2667311.444444558
11460.0 2697646.789473717
11470.0 2690042.4102563784
11480.0 2674553.7290501907
11490.0 2682170.904109614
11500.0 2669541.3484646846
11510.0 2677199.521345379
11520.0 2645190.2207792443
11530.0 2662534.966532775
11540.0 2658148.6345381094
11550.0 2658570.1462766016
11560.0 2651258.90173409
11570.0 2645068.0636604424
11580.0 2639533.6675823946
11590.0 2547251.2482062774
11600.0 2614875.346097272
11610.0 2488293.4788726047
11620.0 2603441.673944694
11630.0 2592033.202511727
11640.0 2558019.4076165413
11650.0 2575800.6493505845
11660.0 2548149.4325153865
11670.0 2555694.6460176627
11680.0 2585290.028901746
11690.0 2533565.9239131864
11700.0 2563086.1538462196
11710.0 2572003.972789152
11720.0 2567862.7962716264
11730.0 2556905.767045421
11740.0 2546890.8169014496
11750.0 2430400.016366584
11760.0 2526626.5747460537
11770.0 2516081.7699116403
11780.0 2454099.2727272892
11790.0 2528195.4069767515
11800.0 2511630.521978029
11810.0 2492617.090908961
11820.0 2500186.8672838835
11830.0 2404607.3802816113
11840.0 2472008.0909091965
11850.0 2482319.3386244187
11860.0 2481816.7285713614
11870.0 2481386.90909094
11880.0 2350734.853556229
11890.0 2443527.2061067875
11900.0 2456030.313837442
11910.0 2472654.966078646
11920.0 2471965.8943089405
11930.0 2466236.0000000102
11940.0 2459407.4757281574
11950.0 2418941.713900291
11960.0 2431187.0634919438
11970.0 2368271.4339619377
11980.0 2364218.436214031
11990.0 2357201.838235343
12000.0 2425847.460317423
12010.0 2406341.860759497
12020.0 2418505.7974683773
12030.0 2305029.5026881355
12040.0 2378831.37974678
12050.0 2399795.9999999222
12060.0 2395638.139240484
12070.0 2385391.0353866573
12080.0 2214227.433962302
12090.0 2372321.177215184
12100.0 2315767.2888283757
12110.0 2349732.3901100038
12120.0 2362995.994550374
12130.0 2363914.060773511
12140.0 2368371.5081521715
12150.0 2351822.1392404996
12160.0 2360307.13675214
12170.0 2342612.1282051313
12180.0 2338066.9061583797
12190.0 2327362.563380239
12200.0 2309939.0598290707
12210.0 2302532.5609757006
12220.0 2325401.0129870237
12230.0 2305435.157142768
12240.0 2306754.313471465
12250.0 2292446.791237073
12260.0 2296262.1138211214
12270.0 2264665.000000064
12280.0 2295147.783933551
12290.0 2299374.593837526
12300.0 2290779.9440559787
12310.0 2269434.0787623073
12320.0 2279708.7265415504
12330.0 2265945.9424084267
12340.0 2224560.186170222
12350.0 2248197.8314917865
12360.0 2204264.85411147
12370.0 2246992.6683937195
12380.0 2263241.798063636
12390.0 2243385.1395007665
12400.0 2211487.8402367886
12410.0 2228413.025640987
12420.0 2206911.9531249614
12430.0 2200801.4247311135
12440.0 2235985.937499996
12450.0 2230931.5897435755
12460.0 2215311.7638889444
12470.0 2201620.584239076
12480.0 2215415.922077924
12490.0 2209370.5687830374
12500.0 2201594.4230769495
12510.0 2158804.378698205
12520.0 2104412.357142915
12530.0 2163849.155124574
12540.0 2186555.931232118
12550.0 2178419.903846124
12560.0 2153445.0289855422
12570.0 2160739.6816976005
12580.0 2137094.6069182013
12590.0 2164483.2930107964
12600.0 2157840.210084012
12610.0 2123014.0166204474
12620.0 2148241.721311412
12630.0 2153833.150134053
12640.0 2108654.7126439945
12650.0 2125639.9852072727
12660.0 2134792.435158439
12670.0 2132681.28065395
12680.0 2111210.4059540513
12690.0 2127657.5400290824
12700.0 2118156.454545444
12710.0 2099743.296398876
12720.0 2120254.184782617
12730.0 2113498.1908832015
12740.0 2095040.0706214726
12750.0 2105654.9591280604
12760.0 2100148.3057851274
12770.0 2090269.1689373516
12780.0 2081741.8076922982
12790.0 2059662.4376731156
12800.0 2027202.6000000318
12810.0 1929992.176656193
12820.0 1679336.7507205473
12830.0 1969208.756476625
12840.0 2026328.0878552939
12850.0 2047996.623036634
12860.0 2054949.4980185016
12870.0 2048326.2833099442
12880.0 2039210.430379771
12890.0 2053355.4606141653
12900.0 2003562.7770178057
12910.0 2033711.831550714
12920.0 2027374.2445054254
12930.0 2028303.7451235058
12940.0 2022659.391424566
12950.0 2023167.9342105172
12960.0 2016343.586387429
12970.0 1999100.7909605498
12980.0 1998008.4005200202
12990.0 2010586.8247694268
13000.0 2005765.100000001
13010.0 2008061.5569620184
13020.0 2004715.7427055573
13030.0 1970183.599999935
13040.0 1982805.0523559323
13050.0 1985004.8623853128
13060.0 1969378.6762778955
13070.0 1984047.5831201985
13080.0 1984096.2999999998
13090.0 1976084.6999999627
13100.0 1953327.3037975142
13110.0 1976230.6999999941
13120.0 1894988.888888749
13130.0 1955350.595238128
13140.0 1953936.820512766
13150.0 1876844.881889831
13160.0 1946532.763358735
13170.0 1954267.8540146088
13180.0 1904467.6525199823
13190.0 1944208.4782608873
13200.0 1931883.8999999962
13210.0 1917776.79028132
13220.0 1933476.071428572
13230.0 1934960.576407503
13240.0 1932637.0516304355
13250.0 1917824.3766234042
13260.0 1912115.913272107
13270.0 1909718.9150327048
13280.0 1902041.0732983407
13290.0 1859031.6391186332
13300.0 1898959.076517143
13310.0 1901608.833333338
13320.0 1852784.8450703162
13330.0 1890310.3043478106
13340.0 1892152.3419540387
13350.0 1874371.6356383318
13360.0 1889868.6684073072
13370.0 1877138.6754966308
13380.0 1876326.879643388
13390.0 1836654.730769169
13400.0 1866090.295698916
13410.0 1865994.2705570217
13420.0 1859699.2503347422
13430.0 1855478.673621454
13440.0 1864628.008130067
13450.0 1849558.4239130216
13460.0 1843763.931623929
13470.0 1852022.7712418274
13480.0 1845606.542056072
13490.0 1839206.935897406
13500.0 1814627.8804346586
13510.0 1843436.0384615292
13520.0 1831580.3877005195
13530.0 1833490.769230761
13540.0 1831384.8507462745
13550.0 1803327.823129102
13560.0 1795525.7681939562
13570.0 1801577.9403793453
13580.0 1815952.959770111
13590.0 1803797.0348836752
13600.0 1792603.3002833356
13610.0 1810094.6457765498
13620.0 1802047.115942041
13630.0 1779003.9350649375
13640.0 1781570.6544501567
13650.0 1792073.6578170739
13660.0 1789802.258064516
13670.0 1771743.241758194
13680.0 1758309.3797467118
13690.0 1771011.0302197833
13700.0 1753501.0329341043
13710.0 1758598.2311978296
13720.0 1750679.8796791534
13730.0 1738035.751366145
13740.0 1741134.5427728004
13750.0 1758741.4265928052
13760.0 1728526.8061368528
13770.0 1745222.5426356448
13780.0 1738750.4269971633
13790.0 1751516.6329114002
13800.0 1735404.1847825923
13810.0 1743248.3021390536
13820.0 1723102.5132978037
13830.0 1721170.4913679534
13840.0 1738809.6679946745
13850.0 1712943.2857141322
13860.0 1710299.1265061547
13870.0 1721000.269230797
13880.0 1724771.6835443068
13890.0 1718637.3109243934
13900.0 1690404.2500000845
13910.0 1715020.1617250496
13920.0 1706390.2284264215
13930.0 1705967.3180593203
13940.0 1685848.4776119443
13950.0 1679004.579831967
13960.0 1697317.507288594
13970.0 1696908.0205655685
13980.0 1691307.4873737087
13990.0 1683230.138312575
14000.0 1642132.4308584726
14010.0 1659246.6298342696
14020.0 1684086.9480519458
14030.0 1655341.3005049285
14040.0 1671423.9480519607
14050.0 1677744.7282608598
14060.0 1665737.1232875958
14070.0 1659174.0506328614
14080.0 1647351.7662337557
14090.0 1661223.5041551418
14100.0 1656720.5753424335
14110.0 1625506.2569830953
14120.0 1622966.9198893704
14130.0 1619057.6031745388
14140.0 1644318.6447368523
14150.0 1643206.4589234958
14160.0 1616554.76315795
14170.0 1637901.2803234505
14180.0 1622954.0793201856
14190.0 1632142.921985775
14200.0 1611806.4314247884
14210.0 1609033.2620320928
14220.0 1595631.369146038
14230.0 1623129.6923076836
14240.0 1561623.7399999558
14250.0 1593826.1658031547
14260.0 1581748.62318835
14270.0 1582720.0294118533
14280.0 1604793.2179486726
14290.0 1521858.2424243928
14300.0 1595733.2283464414
14310.0 1560359.9402985913
14320.0 1591587.4862637392
14330.0 1595302.9090909015
14340.0 1590659.808184148
14350.0 1583457.782051291
14360.0 1584711.3093525085
14370.0 1586474.372523124
14380.0 1580489.7594936884
14390.0 1577374.4547872334
14400.0 1464714.5030029898
14410.0 1571275.2549575157
14420.0 1529084.3544668306
14430.0 1540046.3685636013
14440.0 1535630.6916428066
14450.0 1564637.754800569
14460.0 1540100.1536491895
14470.0 1550035.6104650635
14480.0 1526011.0632911425
14490.0 1541010.5000000575
14500.0 1509153.3905014424
14510.0 1497797.9530387819
14520.0 1528421.0276072493
14530.0 1532069.2537313392
14540.0 1480284.1005747125
14550.0 1509881.8742857869
14560.0 1517140.9855643322
14570.0 1495114.2857142896
14580.0 1531741.9148936195
14590.0 1504792.387267836
14600.0 1505541.9467786816
14610.0 1521083.227146813
14620.0 1500991.1710525865
14630.0 1497402.274193394
14640.0 1489506.92204305
14650.0 1432101.9947644335
14660.0 1510171.2911392471
14670.0 1501692.5498575582
14680.0 1500150.8482142894
14690.0 1487748.8633288972
14700.0 1460904.7006711238
14710.0 1475226.2467531567
14720.0 1449705.5288091314
14730.0 1493336.110260327
14740.0 1478127.4079319665
14750.0 1438034.0527704302
14760.0 1475957.1009772068
14770.0 1465595.8855585863
14780.0 1442781.9152047536
14790.0 1475775.4388297726
14800.0 1471719.4430379663
14810.0 1446930.4227406657
14820.0 1465524.8825064944
14830.0 1416508.9268293441
14840.0 1455991.5425532453
14850.0 1445392.9153605036
14860.0 1435151.5561959287
14870.0 1421940.9943978197
14880.0 1275191.9392405334
14890.0 1449635.6891891812
14900.0 1419292.9230769274
14910.0 1421982.06647409
14920.0 1441591.916010497
14930.0 1440358.9615384657
14940.0 1430100.8783783528
14950.0 1431740.5270655432
14960.0 1394131.4846153785
14970.0 1413628.9068494043
14980.0 1405777.0000000447
14990.0 1402466.402597436
15000.0 1414656.1871508255
15010.0 1393138.8015979028
15020.0 1339117.025199053
15030.0 1353125.1991585116
15040.0 1319099.718100873
15050.0 1323221.2827380598
15060.0 1399167.7820512748
15070.0 1401397.5999999836
15080.0 1379440.5571031668
15090.0 1386550.6114732947
15100.0 1373193.0290456535
15110.0 1391531.9215686324
15120.0 1349993.5490446596
15130.0 1383528.7105263143
15140.0 1350505.9291138335
15150.0 1381328.8603988497
15160.0 1351368.9136490605
15170.0 1371760.85635358
15180.0 1357613.5324675352
15190.0 1364982.6127321052
15200.0 1345422.6109660582
15210.0 1333115.2005493208
15220.0 1322015.7728530555
15230.0 1345520.8115183217
15240.0 1336649.637974617
15250.0 1348677.6717948394
15260.0 1330317.3026315365
15270.0 1348159.1489361497
15280.0 1347218.675324683
15290.0 1287411.577464692
15300.0 1332981.9948186188
15310.0 1345123.09999998
15320.0 1330235.468354393
15330.0 1330696.1139240565
15340.0 1286984.9137466687
15350.0 1320227.352537689
15360.0 1330049.7023004317
15370.0 1336669.6666666702
15380.0 1296746.5594595016
15390.0 1306219.8948717653
15400.0 1279814.2506329739
15410.0 1324018.1385869507
15420.0 1285268.6829268348
15430.0 1302381.4121037426
15440.0 1290763.810810796
15450.0 1300274.1018766682
15460.0 1310458.2828282844
15470.0 1299160.5846154236
15480.0 1288213.2936707847
15490.0 1300298.779220765
15500.0 1289393.5449735476
15510.0 1302840.6994818654
15520.0 1295408.6999999876
15530.0 1270640.0600000846
15540.0 1261894.0400000678
15550.0 1256935.664961602
15560.0 1218561.4840425672
15570.0 1262837.4230769502
15580.0 1283303.1158455438
15590.0 1242230.926829394
15600.0 1283542.9487179406
15610.0 1290646.4430379674
15620.0 1252098.468421117
15630.0 1254927.4999999474
15640.0 1275816.934210486
15650.0 1261891.9999999339
15660.0 1246671.359999896
15670.0 1241366.8367875493
15680.0 1238271.7506630982
15690.0 1189190.7948052343
15700.0 1197362.301369863
15710.0 1222950.600000003
15720.0 1220829.4200000314
15730.0 1245484.8005148002
15740.0 1198017.2805030763
15750.0 1187686.0799999773
15760.0 1241031.759493697
15770.0 1118418.6140844831
15780.0 1251040.400000026
15790.0 1240114.9367087928
15800.0 1241794.200000005
15810.0 1245919.00000002
15820.0 1179786.6000000548
15830.0 1218989.4531645956
15840.0 1215288.2200000365
15850.0 1208913.2000000244
15860.0 1192076.0000000603
15870.0 1151238.2786885903
15880.0 1094081.9592145376
15890.0 1095324.185439574
15900.0 1149076.031746115
15910.0 1158479.6200000367
15920.0 1206309.6000000127
15930.0 1204003.702770787
15940.0 1208246.3200000618
15950.0 1194900.994936678
15960.0 1149716.2600001197
15970.0 1211161.4143222722
15980.0 1196265.6341789295
15990.0 1211847.3052362597
16000.0 1196949.4500000682
16010.0 1160366.9099999818
16020.0 1192018.0399999898
16030.0 1204732.2151898793
16040.0 1167044.9000000372
16050.0 1188918.0000000247
16060.0 1155000.6806283123
16070.0 1166504.0600000345
16080.0 1170594.1000000034
16090.0 1117612.6911392652
16100.0 1080115.4987341214
16110.0 1051765.4605263178
16120.0 1108822.6835443021
16130.0 1133331.740000011
16140.0 1144032.2050633596
16150.0 1137228.020000078
16160.0 1114453.3467532052
16170.0 1158644.262516913
16180.0 1153597.8473479769
16190.0 1148888.0632737295
16200.0 1110139.471747657
16210.0 1149329.1599999922
16220.0 1152683.251295359
16230.0 1142472.439999984
16240.0 1135664.0430379927
16250.0 1158078.9746835213
16260.0 1155269.0414507636
16270.0 1156234.5953002565
16280.0 1152276.3670886182
16290.0 1143402.2983425758
16300.0 1143192.8846154057
16310.0 1137893.0199999877
16320.0 1114091.760000051
16330.0 1117736.5749999513
16340.0 1135917.0128205002
16350.0 1125000.9224598827
16360.0 1093594.610256409
16370.0 1101114.9607329802
16380.0 1038500.0012821117
16390.0 1052567.093444865
16400.0 994659.5627531535
16410.0 955990.902666797
16420.0 1045170.5880759041
16430.0 1075046.569230861
16440.0 1057009.8734175498
16450.0 1093404.716455793
16460.0 1103226.000000024
16470.0 1081583.3796712114
16480.0 1100094.4000000749
16490.0 1068702.1799999718
16500.0 1104430.1568627327
16510.0 1094119.1463746713
16520.0 1083347.3392406728
16530.0 1097539.2784810842
16540.0 1066806.6753928238
16550.0 1079438.7329114832
16560.0 1064055.7999999109
16570.0 1081851.0000000182
16580.0 1080905.883544317
16590.0 1062367.4860760926
16600.0 1081886.3999999377
16610.0 1074955.0759493671
16620.0 1068751.6937171295
16630.0 1059261.1020943522
16640.0 1065636.999999922
16650.0 1031541.2166893354
16660.0 1064737.742363846
16670.0 1046818.2013697659
16680.0 1041256.341207113
16690.0 1059519.8900804678
16700.0 1060324.708333317
16710.0 1046981.9705094022
16720.0 1014619.1463413025
16730.0 1046106.9523809885
16740.0 1041432.4599999534
16750.0 995500.6854221852
16760.0 1016037.8805775904
16770.0 1024707.3525180027
16780.0 1002562.6841415368
16790.0 975076.3687002145
16800.0 907905.9705882516
16810.0 862007.545685308
16820.0 937174.0000003548
16830.0 983135.001265703
16840.0 1003512.848717903
16850.0 1012333.2734177242
16860.0 998130.0659629833
16870.0 1004563.7267904865
16880.0 1010998.1888020993
16890.0 985688.0184136054
16900.0 994887.865284855
16910.0 1014018.9389920436
16920.0 1012571.0399999972
16930.0 1005762.2075949429
16940.0 1010636.4155844029
16950.0 1005693.311170183
16960.0 999928.8654891116
16970.0 986365.2789473572
16980.0 992446.5287958109
16990.0 982577.599999918
17000.0 967922.3483963266
17010.0 955193.6700767761
17020.0 984187.3500000106
17030.0 981840.3777173598
17040.0 986851.8799999685
17050.0 983731.1553133266
17060.0 975345.1312335969
17070.0 974815.1204662863
17080.0 977417.5350140313
17090.0 953552.5335276498
17100.0 972971.3911392586
17110.0 910911.7290575616
17120.0 967723.2000000507
17130.0 966083.2164557183
17140.0 967645.3200000168
17150.0 964747.6126581781
17160.0 950910.9400001552
17170.0 962232.0799999571
17180.0 957782.0608107835
17190.0 954105.4678284205
17200.0 946972.9569618994
17210.0 948038.303797392
17220.0 947469.119999998
17230.0 892148.9347254754
17240.0 944309.939999996
17250.0 936513.7199999548
17260.0 941703.2999999619
17270.0 922881.160000084
17280.0 918762.8399999836
17290.0 929230.8924050954
17300.0 915484.2807690392
17310.0 921172.698966392
17320.0 895213.4391533404
17330.0 853210.9696202584
17340.0 849855.8799999241
17350.0 846536.2820512775
17360.0 742224.922969217
17370.0 813199.555128206
17380.0 866402.9556135938
17390.0 877044.2405063731
17400.0 893303.0692695706
17410.0 871037.1728233427
17420.0 896304.5200000039
17430.0 892386.1455696292
17440.0 905355.7487179205
17450.0 884172.2347221563
17460.0 882107.3899999618
17470.0 863165.8899999787
17480.0 891233.8600000148
17490.0 898794.3999999741
17500.0 889207.6113923939
17510.0 870184.2800000302
17520.0 887229.96000002
17530.0 888036.5699999685
17540.0 888397.6662404508
17550.0 865982.0939226972
17560.0 882230.7164556406
17570.0 886677.1300000106
17580.0 878009.6600000277
17590.0 883770.4106217688
17600.0 871884.4462366092
17610.0 857283.71923074
17620.0 838387.0499998808
17630.0 875413.3199999994
17640.0 833193.0999999202
17650.0 873075.9202531585
17660.0 857557.7393484977
17670.0 855500.6260053576
17680.0 841354.5603217634
17690.0 862482.3299492885
17700.0 856083.2900000156
17710.0 848650.5037974627
17720.0 832814.4324323365
17730.0 853128.4150197429
17740.0 848441.7266922357
17750.0 844396.9835443218
17760.0 837885.1688143357
17770.0 822172.9493672488
17780.0 843624.6555555374
17790.0 835482.5605633414
17800.0 842122.1871794912
17810.0 829570.120000066
17820.0 836494.1164557082
17830.0 832798.451570662
17840.0 825036.5452127784
17850.0 818941.1424289299
17860.0 823645.1612446187
17870.0 829443.5708861412
17880.0 832644.4306282807
17890.0 829673.6799999801
17900.0 830200.5474933947
17910.0 825673.439999985
17920.0 821289.0512821123
17930.0 807637.0911393245
17940.0 805099.0891473524
17950.0 820904.594629171
17960.0 818515.838888907
17970.0 810606.7653846438
17980.0 809710.7923077231
17990.0 811442.6432224803
18000.0 806021.087301648
18010.0 805964.9329114502
18020.0 795545.5152778114
18030.0 792574.1686143926
18040.0 803028.5622254845
18050.0 796244.3683510269
18060.0 792750.7384393035
18070.0 794583.1126581485
18080.0 786149.1910995138
18090.0 787436.3885714225
18100.0 776249.2405062336
18110.0 780067.8799999977
18120.0 779903.0311688215
18130.0 778511.8543814365
18140.0 766413.2715877419
18150.0 750797.3265822014
18160.0 714153.4972753355
18170.0 627275.8371757509
18180.0 666240.5525568237
18190.0 730079.3903394215
18200.0 751364.3206806217
18210.0 761617.5645604586
18220.0 737461.4399998805
18230.0 761661.0405759537
18240.0 764086.2396907476
18250.0 767684.5837563492
18260.0 769127.2966751886
18270.0 767103.7875647865
18280.0 750228.5974685961
18290.0 765993.1310160371
18300.0 759361.4628204686
18310.0 763761.6299999965
18320.0 742150.8600000595
18330.0 762673.7599999933
18340.0 756172.9399999615
18350.0 754348.7899999934
18360.0 751489.484334271
18370.0 731410.7077150057
18380.0 749828.7427440592
18390.0 747878.843038066
18400.0 743917.154761973
18410.0 732638.7900001837
18420.0 715974.8200000864
18430.0 735346.1098485952
18440.0 740095.5101522866
18450.0 737109.7728493939
18460.0 741517.2151088365
18470.0 716713.9973297338
18480.0 738683.3101265971
18490.0 735962.2700000262
18500.0 734047.0415616843
18510.0 733399.1999999916
18520.0 718399.3399998763
18530.0 721214.9800000109
18540.0 730318.6118598423
18550.0 696046.5610389627
18560.0 722562.6858974526
18570.0 726923.2870493985
18580.0 706271.4566039273
18590.0 721156.438461531
18600.0 721795.7801778879
18610.0 713256.9384011539
18620.0 712568.2627235173
18630.0 710955.2401091057
18640.0 712015.9275955949
18650.0 708132.6410256345
18660.0 698420.116094933
18670.0 708735.7254641801
18680.0 698856.6954787278
18690.0 701191.0599455166
18700.0 698903.0990712141
18710.0 690739.7116991312
18720.0 667387.9534160629
18730.0 670828.3457300342
18740.0 633853.6185409963
18750.0 506176.41050909174
18760.0 622471.1854103352
18770.0 651067.2831491664
18780.0 675963.0741258768
18790.0 679047.8748137199
18800.0 685552.4921316179
18810.0 688148.915789476
18820.0 678537.8807692088
18830.0 687763.7169013973
18840.0 673133.0057470624
18850.0 676875.089610343
18860.0 663094.3579088293
18870.0 680185.1158037987
18880.0 666189.1447027235
18890.0 670342.8846154363
18900.0 657984.6066667902
18910.0 658270.6151900636
18920.0 663143.0530504057
18930.0 643589.6860760216
18940.0 659078.6199999832
18950.0 665026.9113924184
18960.0 648635.0800000208
18970.0 660773.3784530038
18980.0 670818.5723860515
18990.0 655366.5999998449
19000.0 665053.7600000644
19010.0 665952.0246114214
19020.0 666426.5899999909
19030.0 651002.9563491882
19040.0 661873.5333333903
19050.0 655577.3506328777
19060.0 660470.368421037
19070.0 661803.6560913745
19080.0 650207.4074073985
19090.0 658750.4133858216
19100.0 654287.7900000073
19110.0 642322.9194373086
19120.0 645241.3120203813
19130.0 652433.2699999888
19140.0 646758.703956336
19150.0 648089.8551099534
19160.0 643763.9599999795
19170.0 646201.0898733983
19180.0 646142.1999999883
19190.0 628767.5364431192
19200.0 639587.7949367514
19210.0 636038.8799999581
19220.0 638718.0350649406
19230.0 640346.401595772
19240.0 639164.2400000033
19250.0 633504.6199999886
19260.0 630140.6799999741
19270.0 626147.6399999921
19280.0 625935.2330508514
19290.0 632148.8430079219
19300.0 628868.7399999896
19310.0 614579.2200000243
19320.0 628228.5199999907
19330.0 626663.8399999958
19340.0 611363.2800000596
19350.0 623696.100000002
19360.0 623048.8199999981
19370.0 621688.7683544287
19380.0 618031.145569627
19390.0 598399.480000182
19400.0 606837.4600000391
19410.0 603457.0599999913
19420.0 594532.307594929
19430.0 552947.4227848279
19440.0 516792.863574354
19450.0 491301.9960370135
19460.0 567754.3600000318
19470.0 582377.0586666589
19480.0 588932.2799999608
19490.0 582906.679999957
19500.0 600939.7399999802
19510.0 565168.7620251856
19520.0 604573.0800000029
19530.0 599594.5302197154
19540.0 595837.6306666144
19550.0 603104.4399999888
19560.0 602369.9544303848
19570.0 600080.6199999929
19580.0 594614.5799999412
19590.0 593542.0400000294
19600.0 591810.9681122422
19610.0 586391.2900000089
19620.0 592389.6200000164
19630.0 578200.9676165805
19640.0 588167.6616162126
19650.0 594032.8620253128
19660.0 592295.4400000081
19670.0 591485.5200000012
19680.0 589532.9599999951
19690.0 587830.5599999776
19700.0 587921.9423076854
19710.0 586205.6499999929
19720.0 557429.3141361951
19730.0 573956.2329113609
19740.0 582036.3199999947
19750.0 581418.5974683667
19760.0 579783.299999999
19770.0 580913.7815013373
19780.0 553568.3607595474
19790.0 569060.9450829483
19800.0 576989.2254758347
19810.0 575078.3342036544
19820.0 573550.6099999923
19830.0 574709.9620253028
19840.0 574158.6400000027
19850.0 550520.639999956
19860.0 552375.95999999
19870.0 568195.9490861588
19880.0 567238.8800000101
19890.0 568138.8395989982
19900.0 567205.8042929316
19910.0 564506.0500000033
19920.0 560171.9899999669
19930.0 542171.5999999109
19940.0 562071.1499999935
19950.0 559638.6800000216
19960.0 553022.3899999487
19970.0 542138.1712845803
19980.0 556938.5254010528
19990.0 558007.8227848113
20010.0 553887.360000031
20020.0 546875.6399999936
20030.0 549882.7000000109
20040.0 546852.1400000253
20050.0 538239.9599999911
20060.0 549119.9599999988
20070.0 545114.9799999698
20080.0 547068.3999999891
20090.0 542320.0800000734
20100.0 546159.0800000022
20110.0 544374.560000014
20120.0 545121.4599999973
20130.0 542709.3799999906
20140.0 535018.0200000021
20150.0 540647.6799999725
20160.0 540829.7599999991
20170.0 538328.6599999956
20180.0 538983.1399999988
20190.0 534885.4000000025
20200.0 533037.9600000043
20210.0 518172.6999999744
20220.0 533244.3999999997
20230.0 527542.4399999817
20240.0 527052.8000000315
20250.0 531401.7599999923
20260.0 524616.7200000111
20270.0 525655.8200000194
20280.0 525557.8400000393
20290.0 524925.9999999778
20300.0 502455.7799999558
20310.0 525964.8199999967
20320.0 524889.0000000058
20330.0 522345.8841309791
20340.0 505704.56000004045
20350.0 518461.0999999996
20360.0 519176.6199999703
20370.0 517169.31000000075
20380.0 496787.92000009614
20390.0 518214.7600000051
20400.0 512915.61999997735
20410.0 505673.2000000714
20420.0 514356.5999999906
20430.0 514667.57000000717
20440.0 513878.220000004
20450.0 511359.15999998606
20460.0 512395.8600000066
20470.0 509120.1000000128
20480.0 510408.71000000543
20490.0 509777.8199999948
20500.0 509239.7899999975
20510.0 506195.489999993
20520.0 495961.5200000114
20530.0 504699.59999999916
20540.0 499777.4800000156
20550.0 503541.509999992
20560.0 503360.7599999937
20570.0 501070.70999999664
20580.0 501066.8299999903
20590.0 494806.9799999851
20600.0 477934.0699999664
20610.0 497747.95999999676
20620.0 496275.8499999795
20630.0 459340.5899999571
20640.0 495858.1600000027
20650.0 495264.89999999665
20660.0 493886.719999998
20670.0 478638.7999999959
20680.0 488693.6500000154
20690.0 489908.51000000373
20700.0 474463.24685139407
20710.0 483337.82000001153
20720.0 483759.6200000668
20730.0 486825.2399999908
20740.0 483474.6200000021
20750.0 485057.4799999881
20760.0 477414.4199999166
20770.0 469930.52000003925
20780.0 482692.7961538354
20790.0 483039.9600000098
20800.0 476435.6200000091
20810.0 480982.12000000017
20820.0 477941.69999999343
20830.0 466214.33999996603
20840.0 469282.79999996856
20850.0 475285.4399999803
20860.0 476164.5000000015
20870.0 473866.48000001465
20880.0 471456.03999999724
20890.0 469713.79999998957
20900.0 474041.30000000633
20910.0 471913.5599999962
20920.0 451238.3000000209
20930.0 467638.6000000287
20940.0 470118.4000000162
20950.0 469540.0600000137
20960.0 464784.09999998217
20970.0 465504.8999999846
20980.0 464796.7999999911
20990.0 463409.78000003117
21000.0 466282.4200000051
21010.0 459845.42000002926
21020.0 453615.58000002045
21030.0 463097.7600000036
21040.0 463255.2399999985
21050.0 462263.72
21060.0 457792.6399999916
21070.0 454927.18261963734
21080.0 458209.7800000182
21090.0 449340.71999993944
21100.0 455976.9200000116
21110.0 454974.8399999972
21120.0 454674.0700000053
21130.0 454746.90999999136
21140.0 450006.6199999826
21150.0 453185.81999999774
21160.0 435592.160000018
21170.0 450073.8772151777
21180.0 449433.9600000016
21190.0 426604.87000000745
21200.0 446717.7500000105
21210.0 438993.55000002787
21220.0 444104.1999999973
21230.0 432429.13000001374
21240.0 442743.90000003646
21250.0 445626.5800000027
21260.0 429908.0599999617
21270.0 442081.8599999605
21280.0 440748.73999999836
21290.0 440887.67999999074
21300.0 437214.209999988
21310.0 441729.6400000029
21320.0 438226.00999998744
21330.0 439785.6300000007
21340.0 438325.41999999783
21350.0 424354.8800000119
21360.0 436387.53000000457
21370.0 436191.6899999983
21380.0 436081.8699999985
21390.0 432364.4299999821
21400.0 434533.35999999923
21410.0 433335.5700000252
21420.0 433510.32999999734
21430.0 427881.3899999712
21440.0 428739.2518891694
21450.0 428644.4199999971
21460.0 426589.4400000265
21470.0 428568.30000001076
21480.0 428167.6800000041
21490.0 426605.34000000334
21500.0 426747.62000000104
21510.0 425205.5599999941
21520.0 422118.38000001153
21530.0 422411.6848101239
21540.0 421073.35999999463
21550.0 421617.31999999576
21560.0 421283.0200000053
21570.0 419826.38000000326
21580.0 419031.300000002
21590.0 415292.29999999184
21600.0 414962.8200000027
21610.0 409664.43999999226
21620.0 407622.91999999236
21630.0 401790.17999999726
21640.0 388057.099999999
21650.0 345080.17999999947
21660.0 340918.08000000217
21670.0 381896.8399999804
21680.0 397103.4199999991
21690.0 397459.2800000005
21700.0 403695.38
21710.0 404595.2000000019
21720.0 407493.4200000012
21730.0 407022.4799999912
21740.0 404458.27999999904
21750.0 404951.17999999644
21760.0 401028.14000002237
21770.0 406155.12000000174
21780.0 387356.90000002587
21790.0 404021.4200000071
21800.0 405879.0428211564
21810.0 404856.13999999803
21820.0 390849.0000000333
21830.0 403028.22999999626
21840.0 402672.2699999929
21850.0 402250.3800000025
21860.0 401248.31000000547
21870.0 396183.0399999766
21880.0 383973.2000000156
21890.0 398009.24999998766
21900.0 396216.7599999986
21910.0 397595.1400000027
21920.0 397912.47999999777
21930.0 396917.02999999654
21940.0 393601.0300000006
21950.0 395569.660000001
21960.0 395264.0199999972
21970.0 394075.81999999954
21980.0 393860.4099999966
21990.0 391649.6400000081
22000.0 392214.2900000103
22010.0 390424.2800000154
22020.0 390811.5599999933
22030.0 387815.1899999971
22040.0 386368.39999998716
22050.0 388530.07999999874
22060.0 361954.1000000426
22070.0 383787.3400000229
22080.0 380114.18000002136
22090.0 386829.65000000235
22100.0 384859.12999999814
22110.0 382542.62999999593
22120.0 384315.41000001115
22130.0 384426.3800000037
22140.0 383679.4000000012
22150.0 382854.09000000806
22160.0 369982.84000002476
22170.0 374294.47732996376
22180.0 380537.5600000089
22190.0 380924.1599999992
22200.0 379707.1200000023
22210.0 378950.71999999776
22220.0 378875.54000000015
22230.0 377616.98101265647
22240.0 376709.36000000837
22250.0 376842.5799999959
22260.0 369290.4400000576
22270.0 375246.3600000044
22280.0 372470.20000002906
22290.0 374526.61999999837
22300.0 371705.75999998883
22310.0 372705.2399999965
22320.0 371790.8799999974
22330.0 372058.0200000002
22340.0 370352.5759493631
22350.0 370687.160000001
22360.0 370019.8399999987
22370.0 369402.9599999982
22380.0 361986.6000000043
22390.0 364949.3200000253
22400.0 367998.15999999945
22410.0 366757.879999997
22420.0 362755.6200000411
22430.0 365271.5799999977
22440.0 364638.4599999918
22450.0 364344.42000001034
22460.0 364182.9200000015
22470.0 356697.299999987
22480.0 361950.39999999857
22490.0 361651.3399999902
22500.0 361920.9999999986
22510.0 357369.1999999791
22520.0 356691.7400000221
22530.0 357163.04000002454
22540.0 346835.1404639763
22550.0 352980.5100000425
22560.0 354033.7399999943
22570.0 356310.51000000694
22580.0 355382.38000000775
22590.0 356190.0899999959
22600.0 355475.7100000005
22610.0 352498.83999998454
22620.0 346242.9599999748
22630.0 352352.4800000031
22640.0 350115.5499999749
22650.0 348929.61999998277
22660.0 351237.2300000085
22670.0 350732.25316455
22680.0 350897.0000000006
22690.0 349774.11392405996
22700.0 349863.19565217337
22710.0 341258.59000001266
22720.0 348336.6099999947
22730.0 348116.3700000013
22740.0 343784.160000033
22750.0 345738.47999999777
22760.0 345360.6949367084
22770.0 345918.93187661225
22780.0 344586.20959595783
22790.0 342549.7835443033
22800.0 341460.9499999909
22810.0 324459.9101265612
22820.0 340381.75063289556
22830.0 340698.57848103443
22840.0 341635.0200000051
22850.0 340493.29999999487
22860.0 337749.13999999716
22870.0 339701.4000000084
22880.0 339509.2100000038
22890.0 337026.14000002376
22900.0 338974.76700251736
22910.0 333411.61999997136
22920.0 337336.279999997
22930.0 331746.6599999983
22940.0 334148.2200000064
22950.0 333356.8599999986
22960.0 329099.4799999913
22970.0 331570.1200000077
22980.0 333216.1600000025
22990.0 332005.8000000047
23000.0 332316.98000000353
23010.0 332250.8400000102
23020.0 331200.94000000734
23030.0 330964.459999993
23040.0 330336.5199999955
23050.0 329613.5799999983
23060.0 329924.83999999915
23070.0 329245.5000000067
23080.0 328983.28000000695
23090.0 327898.33999999514
23100.0 327953.7599999991
23110.0 327248.22000000475
23120.0 326781.4599999981
23130.0 324890.23999999324
23140.0 321736.6799999736
23150.0 324804.5400000026
23160.0 322623.39999998535
23170.0 323503.9999999959
23180.0 320392.27999998943
23190.0 323203.5600000027
23200.0 322791.5399999992
23210.0 322288.35999999964
23220.0 317251.3199999996
23230.0 317224.5800000243
23240.0 318483.16000000236
23250.0 316116.7199999922
23260.0 318086.26000000956
23270.0 317732.4848866674
23280.0 317654.76000001014
23290.0 317463.1800000052
23300.0 316039.36000002746
23310.0 314813.63000002
23320.0 316293.5700000024
23330.0 314328.0100000057
23340.0 315334.1999999912
23350.0 309601.40000003413
23360.0 313815.30000000796
23370.0 313167.3300000002
23380.0 304802.76999998325
23390.0 313265.3399999986
23400.0 311454.6999999885
23410.0 311541.6800000118
23420.0 311275.2499999915
23430.0 310915.6099999957
23440.0 310015.6400000005
23450.0 309274.4799999866
23460.0 308473.56000000465
23470.0 308460.1899999962
23480.0 306524.42999999557
23490.0 307558.8899999945
23500.0 306517.8300000032
23510.0 306440.97999999824
23520.0 301081.94999998825
23530.0 303040.43000000186
23540.0 303507.580000005
23550.0 303207.3600000133
23560.0 303210.94999999483
23570.0 297568.01999999606
23580.0 301653.76999999856
23590.0 302341.7799999973
23600.0 301316.40999998973
23610.0 300620.6300000219
23620.0 301023.6400000026
23630.0 300694.99999999424
23640.0 300144.3816120936
23650.0 299907.020000005
23660.0 298980.9399999983
23670.0 298414.4799999942
23680.0 297245.71999999083
23690.0 296141.0600000023
23700.0 297712.6800000004
23710.0 296377.7199999951
23720.0 294871.3400000017
23730.0 291741.4599999989
23740.0 281819.86000000115
23750.0 294100.3000000061
23760.0 293320.41999999667
23770.0 294240.1599999951
23780.0 293837.1800000034
23790.0 293392.51999999874
23800.0 292446.5800000024
23810.0 292466.1000000024
23820.0 289516.4600000046
23830.0 286303.9800000327
23840.0 280758.0000000231
23850.0 286741.25999998936
23860.0 279608.1800000076
23870.0 287669.26000000513
23880.0 288361.7999999973
23890.0 286663.3200000128
23900.0 286742.1600000045
23910.0 287002.42000000033
23920.0 284713.3399999931
23930.0 286768.1800000107
23940.0 285825.4600000034
23950.0 284070.19999999367
23960.0 285285.10000000906
23970.0 284474.160000007
23980.0 283564.51999998605
23990.0 282315.76000002096
24000.0 280205.3600000137
24010.0 282214.6385390358
24020.0 281580.3299999966
24030.0 281711.1700000013
24040.0 280708.0800000079
24050.0 279075.0999999883
24060.0 280890.91000000725
24070.0 280388.0700000074
24080.0 278742.20999999344
24090.0 279699.47999999515
24100.0 279211.7599999921
24110.0 278296.0199999976
24120.0 277658.6379746809
24130.0 276596.0265822748
24140.0 272613.29999999766
24150.0 266786.41000001034
24160.0 267553.25999999605
24170.0 274530.9600000032
24180.0 274321.2500000077
24190.0 273943.66999999026
24200.0 274101.7399999957
24210.0 273785.5799999987
24220.0 272834.0200000005
24230.0 271888.1200000007
24240.0 268824.91999997915
24250.0 271881.58999999246
24260.0 270509.0900000039
24270.0 269794.3900000029
24280.0 269676.919999999
24290.0 268457.4999999997
24300.0 268902.2100000028
24310.0 268820.5900000145
24320.0 269346.1399999987
24330.0 265311.2800000197
24340.0 266086.1400000132
24350.0 263035.43999999843
24360.0 267106.1500000101
24370.0 263172.21536522324
24380.0 267329.8000000038
24390.0 266707.9799999946
24400.0 265903.4600000101
24410.0 265763.28000000305
24420.0 264551.66000000073
24430.0 264800.7399999966
24440.0 263307.98000000603
24450.0 263110.3000000039
24460.0 260225.41999997976
24470.0 259803.49999999598
24480.0 260609.37999999768
24490.0 259633.91999998095
24500.0 257942.36000001768
24510.0 255029.49999999758
24520.0 257786.29999999594
24530.0 259213.23999999498
24540.0 260095.8000000025
24550.0 254767.28000003746
24560.0 255478.69999999797
24570.0 247663.83999996906
24580.0 259753.1200000039
24590.0 258754.46000000433
24600.0 259131.89999999752
24610.0 258477.7399999968
24620.0 257471.06000000238
24630.0 256617.8599999959
24640.0 256760.56000000075
24650.0 253833.7199999855
24660.0 255143.62000000512
24670.0 254951.90000000386
24680.0 252601.1999999925
24690.0 245838.73999999568
24700.0 248489.21999999756
24710.0 252838.34000000785
24720.0 252432.89999999793
24730.0 247214.4200000052
24740.0 252702.43576825864
24750.0 251550.59999999363
24760.0 248752.32000001107
24770.0 251142.77999999764
24780.0 248087.76999998238
24790.0 249897.92000000694
24800.0 241986.970000023
24810.0 249558.6700000055
24820.0 239190.20000000388
24830.0 248987.8600000012
24840.0 249365.8600000033
24850.0 248239.9000000016
24860.0 232931.1400000014
24870.0 243272.13999999815
24880.0 243802.180000009
24890.0 245183.90000000084
24900.0 245045.9899999991
24910.0 245298.56000000337
24920.0 242668.9799999991
24930.0 243694.9600000014
24940.0 241521.85000001133
24950.0 239420.8499999865
24960.0 242167.1600000014
24970.0 242154.34999999532
24980.0 240331.27000001166
24990.0 241792.9334657407
