#lam[Angstrom] flux[erg/cm2/s/A]
1010.0 364.55071670499603
1020.0 377.47582676285833
1030.0 1302.2708556796324
1040.0 513.3345698099432
1050.0 386.54026316916367
1060.0 390.034618001886
1070.0 411.8644421559718
1080.0 1246.4242036077792
1090.0 1269.8243070761364
1100.0 407.071626363376
1110.0 410.334737685804
1120.0 426.28768888965334
1130.0 414.6474176117964
1140.0 450.30838594925746
1150.0 422.57997528553454
1160.0 430.6150334898675
1170.0 431.41174394655883
1180.0 433.2696679984869
1190.0 435.90671200019153
1200.0 657.2827646627359
1210.0 585.0185728906008
1220.0 3722.133320068757
1230.0 538.4063066330268
1240.0 2194.796527058742
1250.0 764.4550574175901
1260.0 1063.8084588005518
1270.0 1092.9336939516027
1280.0 1128.397320137121
1290.0 1217.847924169562
1300.0 1311.4877308861987
1310.0 1442.2754009251794
1320.0 1506.5044228877466
1330.0 1531.935931868043
1340.0 1709.77847169799
1350.0 1645.5191298905193
1360.0 1684.7579210940178
1370.0 1709.709188943683
1380.0 1745.9594608228876
1390.0 3997.468288202846
1400.0 4445.491648280267
1410.0 3286.4059145608953
1420.0 1853.8382527620936
1430.0 1820.4142477556952
1440.0 1829.7523414662924
1450.0 1841.9264916043373
1460.0 1856.4218391245079
1470.0 1870.8108737807177
1480.0 1879.6210912172287
1490.0 2950.058694249345
1500.0 1861.0308106573812
1510.0 1857.9659685712904
1520.0 1860.005656967199
1530.0 1943.5636225417284
1540.0 1846.9437252325179
1550.0 26225.11377655533
1560.0 1847.685943165013
1570.0 1839.7571508997128
1580.0 1927.667345237122
1590.0 1838.0127953202573
1600.0 2015.2504144850177
1610.0 1834.433174088048
1620.0 1834.2874975504303
1630.0 1823.4312365608262
1640.0 16677.564376933995
1650.0 1808.1619840991289
1660.0 2338.91324581628
1670.0 3185.0275175323477
1680.0 1796.5776891877963
1690.0 1791.1506373322254
1700.0 1783.8302698828397
1710.0 1774.814554234547
1720.0 1905.30716920192
1730.0 1783.7300065299087
1740.0 1817.499286427151
1750.0 2696.6036432644482
1760.0 1767.8568391183808
1770.0 1767.3005276059719
1780.0 1772.6257637812532
1790.0 1895.7570826158128
1800.0 1760.7464721374138
1810.0 2171.711907492949
1820.0 2209.0161754061187
1830.0 1728.2437188839588
1840.0 1717.2197621511816
1850.0 1854.006558529335
1860.0 1783.5215013179904
1870.0 1697.095192428845
1880.0 2782.4712284462203
1890.0 3482.1950898054656
1900.0 1680.2082842306475
1910.0 11289.052313760953
1920.0 1668.5880854079414
1930.0 1676.0050192868505
1940.0 1645.5954691394531
1950.0 1644.6979043293825
1960.0 1627.9668566464902
1970.0 1618.3842536215375
1980.0 1609.7241820050067
1990.0 1602.6587006203424
2000.0 1591.8188303813777
2010.0 1577.9467384909547
2020.0 1512.5775371564723
2030.0 1426.6553212122008
2040.0 1384.7278216609138
2050.0 1321.7447478587023
2060.0 1299.7361714337378
2070.0 1309.5620802120463
2080.0 1280.766297373305
2090.0 1320.606234955863
2100.0 1292.110251679455
2110.0 1292.3073249642407
2120.0 1329.6118579398426
2130.0 1327.770897883624
2140.0 1396.530657377619
2150.0 1277.569820717337
2160.0 1287.4090472976004
2170.0 1256.4149241485309
2180.0 1305.865897457882
2190.0 1277.375273769233
2200.0 1290.1989131084408
2210.0 1305.7816976493332
2220.0 1370.0582355406723
2230.0 1340.514411005358
2240.0 1362.1476679029392
2250.0 1446.7608850703255
2260.0 1411.6644565948668
2270.0 1439.8099677275595
2280.0 1469.1603296610854
2290.0 1499.8298477161172
2300.0 1568.4816392912471
2310.0 1650.1587383286223
2320.0 1732.2163998029407
2330.0 3104.0872146958845
2340.0 1967.9014915330754
2350.0 1754.8125321331297
2360.0 1713.0563022290162
2370.0 1746.6080584504125
2380.0 1779.7248028308748
2390.0 1945.482219257737
2400.0 1846.9964992897449
2410.0 1885.312682990343
2420.0 1911.3948707821478
2430.0 4138.634666772367
2440.0 1974.6274215999101
2450.0 2012.2419114824654
2460.0 2037.0105754124043
2470.0 2068.2688770302448
2480.0 2099.7844249098766
2490.0 2131.968102601388
2500.0 2161.0231963987676
2510.0 2411.8114643915756
2520.0 2225.9335480287273
2530.0 2255.8120918824948
2540.0 2281.0096217559994
2550.0 2311.098977752621
2560.0 2677.2404216264667
2570.0 2367.8171183250524
2580.0 2398.1940670614363
2590.0 2486.728738344971
2600.0 2456.7873049413197
2610.0 2482.597428339913
2620.0 2507.8160490663377
2630.0 2535.183792194485
2640.0 2563.7912843194854
2650.0 2586.4465382546377
2660.0 2603.9907670440625
2670.0 2923.322830791826
2680.0 2648.5279647780135
2690.0 2675.0812851913906
2700.0 2700.3222675485226
2710.0 2720.163978875892
2720.0 2754.4893863905545
2730.0 2951.911133157624
2740.0 2977.3636581646037
2750.0 2823.0703974183944
2760.0 2859.876586386962
2770.0 2876.1673996112213
2780.0 2902.2911540118316
2790.0 11578.461178878562
2800.0 7312.664633624172
2810.0 2984.5026265235037
2820.0 3008.8947496096816
2830.0 4689.032714932876
2840.0 3057.2407042690857
2850.0 3261.6493699448765
2860.0 3167.920072318739
2870.0 3135.7770544514174
2880.0 3163.269152471511
2890.0 3186.744628836605
2900.0 3210.8382714450727
2910.0 3232.9476744008684
2920.0 3256.6388406398764
2930.0 3795.7691709711976
2940.0 3304.6227629049604
2950.0 3400.793818480711
2960.0 3353.662256350903
2970.0 3379.036492613284
2980.0 3413.7230191371254
2990.0 3428.6895339196717
3000.0 3449.445876376754
3010.0 3474.100005126786
3020.0 3500.575176371751
3030.0 3522.9065223483935
3040.0 3549.344938792812
3050.0 3570.598735337529
3060.0 3593.3289170792573
3070.0 3616.44976796785
3080.0 3637.78251221155
3090.0 3657.3488254456324
3100.0 3695.651300436062
3110.0 3713.8469683986646
3120.0 3737.064417779028
3130.0 3747.7677893032906
3140.0 3767.2357221809584
3150.0 3787.95682330801
3160.0 3807.475198555846
3170.0 3824.6563383731036
3180.0 3848.5362514139674
3190.0 3993.3582538686705
3200.0 3896.3391539050253
3210.0 4573.40600024202
3220.0 3942.051286431721
3230.0 3967.275330744728
3240.0 3998.0909986713045
3250.0 4006.3365438298356
3260.0 4038.1618606573493
3270.0 4041.3327247730317
3280.0 4058.5895816882444
3290.0 4079.985535088518
3300.0 4092.6221391461554
3310.0 4110.461081861005
3320.0 4127.608707299404
3330.0 4146.240243448824
3340.0 4599.24211955456
3350.0 4185.618895834424
3360.0 4231.035554942704
3370.0 4222.410866421386
3380.0 4242.065826199846
3390.0 4264.249022432126
3400.0 4280.190730276451
3410.0 4296.315491546988
3420.0 4870.071389258516
3430.0 4886.91412139439
3440.0 4352.937716117878
3450.0 4362.416431324512
3460.0 4389.057147100303
3470.0 4415.252087042397
3480.0 4444.946105897361
3490.0 4464.069782260034
3500.0 4445.330807639436
3510.0 4423.400106669592
3520.0 4416.2804408677175
3530.0 4442.20282360623
3540.0 4442.952403856605
3550.0 4466.037691057615
3560.0 4469.050020416333
3570.0 4481.884758888008
3580.0 4625.198807072097
3590.0 4491.472868359287
3600.0 4488.147963264073
3610.0 4491.447838541574
3620.0 4525.472014355387
3630.0 4544.770440705312
3640.0 4527.279699414578
3650.0 4538.949579294545
3660.0 4600.157548599612
3670.0 4611.56055151222
3680.0 4573.159654989086
3690.0 4596.823873436373
3700.0 4595.30498692103
3710.0 4563.379543677118
3720.0 4017.0152601477175
3730.0 6697.106427337351
3740.0 3495.3043748813816
3750.0 3677.4140807033123
3760.0 3512.8901791457347
3770.0 3908.3459470184375
3780.0 3529.9806157061153
3790.0 3538.344635358125
3800.0 3817.2439403953144
3810.0 3554.712218901137
3820.0 3604.738720536562
3830.0 3570.604944998915
3840.0 3941.84526882491
3850.0 3603.515047647908
3860.0 7186.1395762436605
3870.0 3648.566292305212
3880.0 4385.3550250035905
3890.0 3663.1885259129376
3900.0 4335.539188960516
3910.0 3677.355577710162
3920.0 3676.501436962139
3930.0 3628.8061166009416
3940.0 3609.224457161044
3950.0 3579.5182320543327
3960.0 4698.123167888918
3970.0 3590.273552351793
3980.0 4370.677158243528
3990.0 3600.771761785289
4000.0 3607.0029084440166
4010.0 3612.4500953441525
4020.0 3726.8378947653623
4030.0 3623.713338729467
4040.0 3629.1916188579876
4050.0 3634.568425018999
4060.0 3642.321275669217
4070.0 3645.0246350577286
4080.0 4102.679159868948
4090.0 3654.7889902323445
4100.0 4891.223226806406
4110.0 3663.2934596663094
4120.0 3678.2985123258886
4130.0 3671.537261607494
4140.0 3687.686938310656
4150.0 3677.4732332370772
4160.0 3679.018234871201
4170.0 3677.6285015991134
4180.0 3678.637646739341
4190.0 3679.2479184807366
4200.0 3710.1590377120156
4210.0 3687.0730645940566
4220.0 3691.355441182776
4230.0 3693.5160515736443
4240.0 3693.61054111076
4250.0 3695.7022941034256
4260.0 3698.418344568087
4270.0 3707.173702369986
4280.0 3705.085785811956
4290.0 3709.497191705756
4300.0 3711.4987801501925
4310.0 3714.5940389176517
4320.0 3717.620353203453
4330.0 5879.59542236669
4340.0 3720.7705070705233
4350.0 4135.727697730565
4360.0 3721.7123245709154
4370.0 3724.4228102417014
4380.0 3728.7463209079306
4390.0 3729.5845015372242
4400.0 3752.127058880223
4410.0 3732.466186256385
4420.0 3733.5464003086836
4430.0 3734.2566620497914
4440.0 3739.760919998518
4450.0 3737.314056636
4460.0 3908.083428669785
4470.0 3740.5843229081415
4480.0 3740.8449407830367
4490.0 3742.4881655674726
4500.0 3743.540053272292
4510.0 3745.8502524919936
4520.0 3747.201786138983
4530.0 3795.3430244176243
4540.0 3750.706409596401
4550.0 3752.2545858031913
4560.0 3753.9151567256217
4570.0 3755.3717423553035
4580.0 3763.7472054027253
4590.0 3758.2405569938683
4600.0 3777.9446342596393
4610.0 3760.765407320684
4620.0 3766.095174311238
4630.0 3773.5800640178036
4640.0 3789.5252155016683
4650.0 4061.996890094751
4660.0 3802.264605129489
4670.0 3813.39284098473
4680.0 3804.5721028084085
4690.0 5174.376845159486
4700.0 3836.0166357222447
4710.0 3878.072256847816
4720.0 4025.7309242705087
4730.0 3823.8965843626083
4740.0 3973.9684737851094
4750.0 3760.010205042242
4760.0 3841.2120402706714
4770.0 3760.464997725335
4780.0 3760.8543511345165
4790.0 3780.2957252751903
4800.0 3761.986996032093
4810.0 3762.2830276618665
4820.0 3762.7305274829696
4830.0 3763.153210409982
4840.0 3763.2692155660616
4850.0 3763.4476458217473
4860.0 8091.89341645476
4870.0 3763.8266996254606
4880.0 3845.3787124855794
4890.0 3845.432178388711
4900.0 3763.8727902201167
4910.0 3763.975472098575
4920.0 3764.111158942046
4930.0 3854.9928317804606
4940.0 3761.686014544744
4950.0 3756.9784067495716
4960.0 14584.8628769006
4970.0 3752.3223408572035
4980.0 3858.7500875967576
4990.0 3751.3790184697455
5000.0 3750.8290958485745
5010.0 36365.59491460822
5020.0 3748.535144194301
5030.0 3747.1796728289473
5040.0 3745.3271901139055
5050.0 3743.6306309806673
5060.0 3749.617515714608
5070.0 3741.04318350835
5080.0 3747.32962340674
5090.0 3739.0328978174844
5100.0 3737.9450917287845
5110.0 3737.035308739706
5120.0 3735.6076310748726
5130.0 3734.357832819269
5140.0 3732.0489889864957
5150.0 3728.6778408167033
5160.0 3797.622320551226
5170.0 3723.571662978865
5180.0 3722.0437093440482
5190.0 3828.050739460782
5200.0 3717.7398780522362
5210.0 3728.7850527479463
5220.0 3713.2167253750454
5230.0 3711.4162444077765
5240.0 3709.695499115493
5250.0 3707.132655672731
5260.0 3790.2197146767244
5270.0 3787.542287799586
5280.0 3699.100526847334
5290.0 3696.5048235320396
5300.0 3693.455616268726
5310.0 3690.7689495838704
5320.0 3756.9260647159513
5330.0 3685.7846431250887
5340.0 3683.570140151812
5350.0 3680.698979997347
5360.0 3677.1701760931323
5370.0 3674.143637035821
5380.0 3670.6753871287438
5390.0 3667.579415210357
5400.0 3664.8878543287215
5410.0 3661.770681895709
5420.0 3713.5417240121324
5430.0 3710.690510001675
5440.0 3653.2180601927716
5450.0 3650.3635918399095
5460.0 3646.3752042373003
5470.0 3642.049532984208
5480.0 3638.1767953733406
5490.0 3634.5229460579267
5500.0 3631.326430006411
5510.0 3640.719456678787
5520.0 3624.7963990546946
5530.0 3632.1349027016963
5540.0 3628.1932474982336
5550.0 3612.9705190318487
5560.0 3608.7149677466928
5570.0 3604.5303331809473
5580.0 3600.9867154786343
5590.0 3602.4829792973114
5600.0 3593.0099967952415
5610.0 3588.49056723412
5620.0 3589.342717548949
5630.0 3580.285488389216
5640.0 3576.5166655665216
5650.0 3572.955056270838
5660.0 3568.876500897784
5670.0 3565.2175768257734
5680.0 3557.9725009488134
5690.0 3547.133799636242
5700.0 3538.4719725502828
5710.0 3530.4410523763377
5720.0 3526.3989842485435
5730.0 3674.2181037622954
5740.0 3517.603638724296
5750.0 3512.6935322322793
5760.0 3549.1753394955163
5770.0 3503.4960285419897
5780.0 3499.289654845867
5790.0 3495.2615693136845
5800.0 3490.604023429152
5810.0 3486.125823665031
5820.0 3547.6849280334345
5830.0 3476.34193312429
5840.0 3471.1053033634107
5850.0 3466.3791105674172
5860.0 3461.6315808135178
5870.0 3457.2193655908363
5880.0 3892.5052762447704
5890.0 3448.336333736564
5900.0 3443.866778994232
5910.0 3439.6382636116073
5920.0 3434.8737521366006
5930.0 3430.3512531064202
5940.0 3425.263671672627
5950.0 3419.3598335934844
5960.0 3413.4312323024137
5970.0 3415.9044201866673
5980.0 3403.423114952523
5990.0 3398.8041301137378
6000.0 3398.556904002021
6010.0 3389.524714752203
6020.0 3384.8651980853456
6030.0 3381.787636731387
6040.0 3374.807719097836
6050.0 3369.609134332967
6060.0 3364.750187126691
6070.0 3359.8738442210156
6080.0 3355.1381307641095
6090.0 3588.783870026558
6100.0 3343.8685534585293
6110.0 3337.8363813886467
6120.0 3334.397927253902
6130.0 3327.3741693525326
6140.0 3322.5683982091186
6150.0 3317.978010765996
6160.0 3312.11108629134
6170.0 3306.594261892603
6180.0 3303.649105611446
6190.0 3296.345317447166
6200.0 3291.478813963727
6210.0 3286.6775316360104
6220.0 3280.921841508412
6230.0 3275.303812379523
6240.0 3272.483044273231
6250.0 3264.764118740041
6260.0 3259.8433945623756
6270.0 3255.1419837638227
6280.0 3249.9819192523405
6290.0 3245.039591789708
6300.0 3593.737970416105
6310.0 3235.1314594301625
6320.0 3230.1741725793954
6330.0 3225.2042913365444
6340.0 3219.568100662492
6350.0 3213.261367630331
6360.0 3206.946245207252
6370.0 3274.119981173022
6380.0 3196.0253646819483
6390.0 3191.022639263623
6400.0 3189.824386265022
6410.0 3181.009819565209
6420.0 3175.9944419629282
6430.0 3202.553619726365
6440.0 3165.9622058118393
6450.0 3160.944753254207
6460.0 3155.912171940976
6470.0 3150.895896433054
6480.0 3145.8785157319057
6490.0 3140.858485270168
6500.0 3135.065280794655
6510.0 3128.4748543070637
6520.0 3121.927369502573
6530.0 3124.8858217962693
6540.0 3109.961530812951
6550.0 3104.3672197814135
6560.0 14521.803901301755
6570.0 3093.7747119254836
6580.0 3088.6811354497804
6590.0 4603.717835871364
6600.0 3078.7401824295416
6610.0 3073.730108797495
6620.0 3068.7823346575524
6630.0 3063.7219051828124
6640.0 3058.058354840636
6650.0 3052.531470311979
6660.0 3047.298599710593
6670.0 3042.0779608661655
6680.0 3037.164016892074
6690.0 3138.627029817571
6700.0 3026.6843363243524
6710.0 3020.9032099669835
6720.0 3015.3628740948516
6730.0 3770.1014760942776
6740.0 3004.7793988546355
6750.0 2999.6535053351913
6760.0 2994.9481366529985
6770.0 2989.6102137416433
6780.0 2984.4300142559323
6790.0 3021.0566652237226
6800.0 2974.8670586684334
6810.0 2969.8245190707803
6820.0 2964.6316269786194
6830.0 2959.366960599239
6840.0 2953.009431229729
6850.0 2946.827688900969
6860.0 2940.7709446876775
6870.0 2935.171373649799
6880.0 2929.873586746265
6890.0 2924.0256699450088
6900.0 2930.075924397201
6910.0 2913.003504213188
6920.0 2906.662230724702
6930.0 2901.866843416491
6940.0 2895.734300789519
6950.0 2890.722514832503
6960.0 2885.451510379829
6970.0 2880.357991819766
6980.0 2874.425989277538
6990.0 2868.2222700473617
7000.0 2928.153408024271
7010.0 2858.252630687681
7020.0 2853.337127509808
7030.0 2848.3414962087063
7040.0 2843.6924537001637
7050.0 2838.307035735095
7060.0 2833.3802006930805
7070.0 3127.9047868269413
7080.0 2822.4832605661995
7090.0 2816.2181053229237
7100.0 2810.4814189727513
7110.0 2805.4903927310397
7120.0 2800.2731055911304
7130.0 2795.02750324807
7140.0 3191.9220456011626
7150.0 2784.973568046387
7160.0 2779.877148841799
7170.0 2774.606555141324
7180.0 2787.1824458129745
7190.0 2764.2676058218685
7200.0 2758.7988893684487
7210.0 2753.786585729206
7220.0 2747.7187928193584
7230.0 2741.3594350552826
7240.0 2734.82411717808
7250.0 2823.704574886313
7260.0 2722.7067074968218
7270.0 2717.1566457638983
7280.0 2711.539925913176
7290.0 2817.8412306624173
7300.0 2700.648005826933
7310.0 2695.146419821329
7320.0 3200.303135750453
7330.0 2684.1196787530025
7340.0 2678.977616954652
7350.0 2673.8132474385075
7360.0 2668.669597284207
7370.0 2662.785879073402
7380.0 2657.0643034862032
7390.0 2651.2219061780734
7400.0 2645.6205504329196
7410.0 2640.203197329833
7420.0 2635.1733962655803
7430.0 2630.4373314929057
7440.0 2624.8508567382432
7450.0 2619.5707086649936
7460.0 2614.6218143710735
7470.0 2610.266346555377
7480.0 2604.458850309036
7490.0 2599.0386264095287
7500.0 2594.211835709702
7510.0 2589.2753521338154
7520.0 2583.875868898551
7530.0 2578.8994994273985
7540.0 2573.971931503668
7550.0 2578.5305141433964
7560.0 2563.719537878773
7570.0 2558.7293823246087
7580.0 2570.6673426755488
7590.0 2548.787852827971
7600.0 2543.761538455056
7610.0 2538.8037120852673
7620.0 2566.0623956025565
7630.0 2528.5641371964443
7640.0 2523.16737169646
7650.0 2517.840034116819
7660.0 2517.846391235243
7670.0 2505.910966192873
7680.0 2499.2381168881616
7690.0 2492.543420983743
7700.0 2505.7441711340543
7710.0 2480.961982713963
7720.0 2475.8257572357725
7730.0 2470.7475614385844
7740.0 2561.8017154237878
7750.0 2461.2519406009324
7760.0 2456.710702649979
7770.0 2452.1580369489557
7780.0 2448.3069877833627
7790.0 2442.5740133518975
7800.0 2436.822302740106
7810.0 2433.139376626226
7820.0 2428.7158015946566
7830.0 2424.295537812021
7840.0 2419.9839076996577
7850.0 2415.8668108596207
7860.0 2411.0263289896134
7870.0 2406.1065178324393
7880.0 2401.287133473265
7890.0 2397.061529855122
7900.0 2392.292952315291
7910.0 2388.4048885822817
7920.0 2384.5367735369614
7930.0 2380.767628517757
7940.0 2374.5575467636345
7950.0 2365.9196251773897
7960.0 2368.2091198983685
7970.0 2476.5902116565103
7980.0 2361.3883708593626
7990.0 2357.619633500733
8000.0 2353.9596385786513
8010.0 2350.7202188950455
8020.0 2347.248490936444
8030.0 2344.179526268146
8040.0 2341.0251632580816
8050.0 2357.3885976799697
8060.0 2335.0882409957076
8070.0 2332.2652669389568
8080.0 2329.8174237201774
8090.0 2327.405557025142
8100.0 2325.019148975282
8110.0 2322.5932593378093
8120.0 2319.514266189486
8130.0 2317.7098944849395
8140.0 2297.2671172423065
8150.0 2264.513600621539
8160.0 2231.840649176335
8170.0 2210.901781388855
8180.0 2184.574879407656
8190.0 2182.6199735711198
8200.0 2181.2947732883904
8210.0 2186.661959780631
8220.0 2184.743890555709
8230.0 2177.7350447623844
8240.0 2176.544468034636
8250.0 2174.664242404144
8260.0 2197.391531322053
8270.0 2174.190504317619
8280.0 2173.1795175776283
8290.0 2172.4709357279544
8300.0 2171.4919909394594
8310.0 2169.9323840101715
8320.0 2170.4096840410007
8330.0 2168.6466385051003
8340.0 2199.7023973270916
8350.0 2170.2193902193526
8360.0 2170.555530278546
8370.0 2171.088991098332
8380.0 2203.259952359075
8390.0 2172.3104943438643
8400.0 2172.8409872992797
8410.0 2171.81131358901
8420.0 2190.106127685031
8430.0 2193.102121063326
8440.0 2219.9138006494013
8450.0 2247.000846556627
8460.0 2274.188304437409
8470.0 2289.6333149512084
8480.0 2292.6369943650016
8490.0 2293.669614619454
8500.0 2290.9257680174564
8510.0 2289.4934507375383
8520.0 2182.8056347651623
8530.0 2282.1417778378036
8540.0 2304.094975263491
8550.0 2319.060235567058
8560.0 2288.6256333365445
8570.0 2271.920527621922
8580.0 2253.7592100286597
8590.0 2276.609802192607
8600.0 2231.270123783134
8610.0 2230.712067909803
8620.0 2233.469862032082
8630.0 2237.197009744663
8640.0 2453.7145934293767
8650.0 2244.7705040774595
8660.0 2251.4455066763717
8670.0 2254.5081853953716
8680.0 2293.496607600859
8690.0 2266.346525272626
8700.0 2271.0206965227444
8710.0 2275.4775958019504
8720.0 2281.8540048923824
8730.0 2287.2753702722457
8740.0 2293.321831558399
8750.0 2299.0607365394867
8760.0 2308.766572760961
8770.0 2349.593813231914
8780.0 2316.0582891804424
8790.0 2318.7040434559276
8800.0 2322.3022086265305
8810.0 2317.7006752823363
8820.0 2332.525256563199
8830.0 2337.736007622263
8840.0 2347.243155388247
8850.0 2377.781449581714
8860.0 2384.653401776023
8870.0 2368.326680689107
8880.0 2376.660582178709
8890.0 2386.3503218205424
8900.0 2461.1435097777835
8910.0 2397.4570815549177
8920.0 2400.5737470657386
8930.0 2393.507086950494
8940.0 2130.3616384084853
8950.0 2288.343229564167
8960.0 2431.1165224722063
8970.0 2449.1771555531104
8980.0 2459.2990352048487
8990.0 2470.3179909171395
9000.0 2472.8047427339493
9010.0 2477.8489367580896
9020.0 2483.910018616718
9030.0 2589.450310167936
9040.0 2493.627843954684
9050.0 2503.0071296418823
9060.0 2510.992511407433
9070.0 2519.8709907781317
9080.0 3586.786126842271
9090.0 2538.42301146144
9100.0 2547.0622169838434
9110.0 2556.268737900202
9120.0 2568.6592709165457
9130.0 2578.4105336207526
9140.0 2587.289069175437
9150.0 2597.2942938394726
9160.0 2609.0067247774264
9170.0 2618.5307124646524
9180.0 2628.2767879689145
9190.0 2639.5467480290677
9200.0 2650.5945932952063
9210.0 2659.823155761907
9220.0 2793.874007828006
9230.0 2681.1259304923706
9240.0 2690.615515161531
9250.0 2699.680197272664
9260.0 2731.769797324588
9270.0 2721.7132585893196
9280.0 2729.955427083706
9290.0 2740.409590390394
9300.0 2751.5358580525653
9310.0 2762.7499486417114
9320.0 2771.387872708129
9330.0 2782.8991608243477
9340.0 2794.202953094934
9350.0 2804.4729436210864
9360.0 2846.513421203048
9370.0 2825.4415425709176
9380.0 2836.6070698957783
9390.0 2847.475357057382
9400.0 2863.6748267453886
9410.0 2868.379342242514
9420.0 2876.705101113796
9430.0 2887.5105834206506
9440.0 2897.899250520907
9450.0 2913.6694997232134
9460.0 2917.592176565503
9470.0 2925.656328804428
9480.0 2934.7652455752504
9490.0 2942.457701741343
9500.0 2963.5120103888476
9510.0 2962.270311144128
9520.0 2969.4750609903995
9530.0 2977.7367707174462
9540.0 4307.982610504201
9550.0 4316.806668142208
9560.0 3002.2832820384747
9570.0 3012.229884714597
9580.0 3023.3861839618467
9590.0 3035.667759212702
9600.0 3044.453113578681
9610.0 3052.7513257958935
9620.0 3064.3579803353023
9630.0 3075.327740557422
9640.0 3087.039934948948
9650.0 3097.2111198783496
9660.0 3105.870752429771
9670.0 3115.857637271253
9680.0 3126.0373810392857
9690.0 3135.928375446345
9700.0 3147.535043509794
9710.0 3160.3691393387962
9720.0 3171.5089680171695
9730.0 3180.6826802411533
9740.0 3188.866894431271
9750.0 3199.2901421226607
9760.0 3210.7303950843334
9770.0 3218.8760113996627
9780.0 3230.40215907896
9790.0 3243.6011801443337
9800.0 3251.452053180822
9810.0 3259.9876329202916
9820.0 3268.6499143708124
9830.0 3279.819995875292
9840.0 3290.9379176899865
9850.0 3298.5733833639943
9860.0 3308.854442032089
9870.0 3318.737490073643
9880.0 3329.483563966425
9890.0 3338.6496447732143
9900.0 3345.1151680061757
9910.0 3350.881335393833
9920.0 3361.0121881743053
9930.0 3372.2493234842073
9940.0 3382.9043322542816
9950.0 3392.907476600377
9960.0 3401.754211215356
9970.0 3396.347782193917
9980.0 3396.240496184033
9990.0 3402.393604690518
10010.0 3420.9782827301133
10020.0 3427.2285843889463
10030.0 3610.570433367528
10040.0 3458.443261505384
10050.0 3464.8861953019236
10060.0 3472.5454823615746
10070.0 3484.2904045815744
10080.0 3492.1835252656692
10090.0 3504.569943697009
10100.0 3516.294126541189
10110.0 3524.83285938229
10120.0 3532.0699297290407
10130.0 3768.4917403138115
10140.0 3551.4213185562585
10150.0 3565.116475084017
10160.0 3569.1003133148056
10170.0 3582.5683705661586
10180.0 3587.92730806118
10190.0 3601.3078870946733
10200.0 3612.9184058705337
10210.0 3618.4624018519758
10220.0 3627.3513554398824
10230.0 3635.8080340074152
10240.0 3646.9434127551826
10250.0 3658.9526900215433
10260.0 3663.9937629338647
10270.0 3672.8761646304647
10280.0 3686.221778085715
10290.0 3694.9770566608995
10300.0 3701.353966310282
10310.0 3711.8885990366934
10320.0 3721.6321023647183
10330.0 3731.1821344425143
10340.0 3928.521448606975
10350.0 3747.6473039205184
10360.0 3758.537459076095
10370.0 3769.77357199444
10380.0 3775.552941755057
10390.0 3791.2520616690836
10400.0 3796.2775432574554
10410.0 3806.925737490683
10420.0 3817.3094896431785
10430.0 3826.3770430263085
10440.0 3842.3843872079206
10450.0 3845.569596852253
10460.0 3855.549903636327
10470.0 3863.0959033118543
10480.0 3872.722697685701
10490.0 3881.788101785731
10500.0 3890.2021441898382
10510.0 3900.1652090750013
10520.0 3907.3530789078072
10530.0 3916.0328412500166
10540.0 3924.9118603997435
10550.0 3934.5605238814255
10560.0 3944.302926237584
10570.0 3951.069227077969
10580.0 3961.2329983289897
10590.0 3970.0405213146487
10600.0 3980.392252361601
10610.0 3988.2985238504725
10620.0 3997.6223789565574
10630.0 4006.8410761898986
10640.0 4017.4536425656715
10650.0 4025.77791345526
10660.0 4034.6772602947676
10670.0 4044.173114532043
10680.0 4053.611298214186
10690.0 4061.8442390514083
10700.0 4071.534966213203
10710.0 4080.828722588696
10720.0 4090.120197964802
10730.0 4099.531012700463
10740.0 4108.653619563395
10750.0 4118.009525433362
10760.0 4128.1015383389695
10770.0 4137.497473857406
10780.0 4146.56986007027
10790.0 4156.4594300713325
10800.0 4166.217413377553
10810.0 4175.966749495573
10820.0 7989.792000476226
10830.0 4195.271018718124
10840.0 4205.2565909470795
10850.0 4215.181563260284
10860.0 4224.665508103868
10870.0 4209.69381966498
10880.0 4214.7124310067065
10890.0 4221.5115273252095
10900.0 4187.094208474608
10910.0 4152.414005621983
10920.0 4427.002745877281
10930.0 4203.533930691168
10940.0 4224.230646312805
10950.0 4215.244975396403
10960.0 4291.00326052283
10970.0 4286.19804969484
10980.0 4306.274434192947
10990.0 4318.549671083906
11000.0 4337.872693502942
11010.0 4359.261592761028
11020.0 4363.131795682169
11030.0 4353.826191541162
11040.0 4332.46764744764
11050.0 4349.491940869533
11060.0 4057.310749561645
11070.0 4149.448348695482
11080.0 3962.7683227056777
11090.0 4052.5987127683684
11100.0 3895.277034603694
11110.0 3793.770008208324
11120.0 3432.317527035373
11130.0 3579.8565974346184
11140.0 3319.3620100327225
11150.0 3488.1711366981376
11160.0 3496.7320908259353
11170.0 3183.3187803805013
11180.0 3314.2036138635403
11190.0 3136.356563652213
11200.0 2883.934208842209
11210.0 2486.3565471333195
11220.0 2226.4171015378915
11230.0 1511.1828277553166
11240.0 2006.4778578384553
11250.0 2086.2576613027964
11260.0 1940.445213886242
11270.0 1953.9001005909647
11280.0 2012.9217163170927
11290.0 2156.516726445996
11300.0 2186.2972037280606
11310.0 2464.3605874986024
11320.0 2283.003137871913
11330.0 2181.362647356454
11340.0 2258.135764287132
11350.0 1518.870978361197
11360.0 1645.115261313219
11370.0 1969.6574712871718
11380.0 2174.6894794269147
11390.0 2618.209444231597
11400.0 2530.6852904918496
11410.0 2554.939982080543
11420.0 2766.3575374221537
11430.0 2353.5189241211265
11440.0 2236.77547483307
11450.0 2169.4907037526173
11460.0 2037.7699165239042
11470.0 1899.6214662268144
11480.0 1811.261658650174
11490.0 1627.856866754838
11500.0 1455.824108761895
11510.0 1342.3883123147648
11520.0 1336.5764353019867
11530.0 1260.6747267040296
11540.0 1289.591560314971
11550.0 1235.9265196621075
11560.0 1281.0669784984811
11570.0 1296.684902717639
11580.0 1669.6969290674565
11590.0 1726.235975879001
11600.0 1409.5684607439746
11610.0 1435.0587514442116
11620.0 1174.1968372244542
11630.0 1196.7018829018311
11640.0 1134.063300789572
11650.0 1234.808027235165
11660.0 1377.38357653532
11670.0 1341.104625886136
11680.0 1637.2715645927265
11690.0 1456.7891216868554
11700.0 1468.0877660011315
11710.0 1610.1854322525273
11720.0 1641.0204825344877
11730.0 1705.301549758823
11740.0 1718.4846152008047
11750.0 1699.6950569230148
11760.0 1918.8665208087623
11770.0 1668.9989192332232
11780.0 1873.1601654262747
11790.0 2058.895140702795
11800.0 2091.7003699286847
11810.0 2310.5077168815105
11820.0 2243.262473263727
11830.0 2568.7112307089014
11840.0 2469.8285349863754
11850.0 2722.25241004236
11860.0 2700.672442942912
11870.0 2079.5269443336574
11880.0 2321.147291473589
11890.0 2528.111473192136
11900.0 2867.17491746469
11910.0 2833.80558690495
11920.0 2884.388353953922
11930.0 3420.136009202987
11940.0 3781.81288343347
11950.0 3673.6061929492516
11960.0 3788.00218514277
11970.0 3823.106298134372
11980.0 3823.062858594321
11990.0 4316.686910717527
12000.0 3873.2808988948536
12010.0 4073.209436303618
12020.0 4198.571610307527
12030.0 4140.358356722237
12040.0 4452.954231975983
12050.0 4518.942939094348
12060.0 4695.174275579803
12070.0 4770.542762009588
12080.0 4880.582994640246
12090.0 5039.396971747577
12100.0 5011.579470325385
12110.0 5128.198441643497
12120.0 5170.518487506704
12130.0 5061.660152564026
12140.0 5357.060549145039
12150.0 5421.104241363766
12160.0 5439.94778257034
12170.0 5410.20039759647
12180.0 5495.17198878317
12190.0 5557.820357199356
12200.0 5508.15145720956
12210.0 5575.17565093651
12220.0 5628.358030433077
12230.0 5557.561527943558
12240.0 5600.345411032518
12250.0 5586.078209257451
12260.0 5642.865541590146
12270.0 5624.973767307354
12280.0 5603.206051240573
12290.0 5515.3132147938395
12300.0 5497.253350319686
12310.0 5566.105563277908
12320.0 5637.978447793864
12330.0 5707.125894661511
12340.0 5592.533519236716
12350.0 5640.341988076945
12360.0 5744.077405178007
12370.0 5766.6002259606375
12380.0 5808.950043042676
12390.0 5845.633610566516
12400.0 5836.510034152434
12410.0 5885.441982251943
12420.0 5846.194766624922
12430.0 5186.917213173231
12440.0 5839.98960394482
12450.0 5906.094640964882
12460.0 5911.664549918274
12470.0 5963.774240992358
12480.0 5976.76445023656
12490.0 6010.467710244441
12500.0 6042.974653890877
12510.0 5929.469747453497
12520.0 4938.612083880015
12530.0 5880.386568724022
12540.0 6071.5037342305895
12550.0 5991.390834011454
12560.0 6103.9438265997605
12570.0 6638.249615879654
12580.0 6127.14832167241
12590.0 6141.425543181066
12600.0 6027.658146720628
12610.0 6165.436147364473
12620.0 6178.320944528219
12630.0 6191.358764901286
12640.0 6067.041851300464
12650.0 6215.634876719427
12660.0 6226.975292520234
12670.0 6238.8927108905555
12680.0 6110.328234714235
12690.0 6283.231031944019
12700.0 6275.4679130016775
12710.0 6285.969849553123
12720.0 6297.141468191126
12730.0 6180.91516950052
12740.0 6321.899507529719
12750.0 6336.339859335656
12760.0 6346.421201309257
12770.0 6357.375842524361
12780.0 6255.302961583412
12790.0 6382.041850922415
12800.0 6392.641350159128
12810.0 6405.5410505060145
12820.0 6868.254268489676
12830.0 6423.844211864421
12840.0 6363.964518341183
12850.0 6451.460675008102
12860.0 6460.570623525266
12870.0 6474.234947405639
12880.0 6484.561082360789
12890.0 6495.993111386075
12900.0 6505.395748411005
12910.0 6519.899003919409
12920.0 6529.11615001014
12930.0 6543.38172907353
12940.0 6554.448965397288
12950.0 6638.35584649203
12960.0 6576.736330430953
12970.0 6507.861052261863
12980.0 6600.646873550871
12990.0 6585.831220013026
13000.0 6549.598207057284
13010.0 6647.732827389386
13020.0 6526.132343093635
13030.0 6487.325314723793
13040.0 5931.28155845297
13050.0 6266.146494568262
13060.0 5512.276914687549
13070.0 5881.57809929461
13080.0 5255.409999405751
13090.0 5169.323582333733
13100.0 5022.769231042413
13110.0 4540.018750020314
13120.0 4306.31001093237
13130.0 5277.686454360907
13140.0 4743.885609257942
13150.0 6002.517538986574
13160.0 4721.261546268652
13170.0 5545.9496713607405
13180.0 4224.194817798758
13190.0 5962.384723767472
13200.0 5666.893771517939
13210.0 6047.9592969237865
13220.0 5807.208248037628
13230.0 5843.36565099895
13240.0 5070.70234211603
13250.0 4789.082666541235
13260.0 5808.275671378934
13270.0 5948.32725421292
13280.0 4856.632558017972
13290.0 3419.739353985793
13300.0 1660.3858009764006
13310.0 1164.3044052617552
13320.0 2866.7435002771954
13330.0 2787.7540245238115
13340.0 3165.4907388805955
13350.0 3858.7489525387855
13360.0 3609.305157832523
13370.0 3339.0209953440926
13380.0 3240.174792578613
13390.0 4176.245486482437
13400.0 2456.1251895027162
13410.0 2737.3910604007824
13420.0 2459.059417155242
13430.0 2393.485050123617
13440.0 2460.581895712057
13450.0 2163.7607005325544
13460.0 1916.6368653413988
13470.0 1934.8079852222806
13480.0 1745.6941759978174
13490.0 2342.968901896197
13500.0 1854.236414359691
13510.0 2107.806809049279
13520.0 1511.4167524390868
13530.0 1872.211622138786
13540.0 1998.0008086513435
13550.0 1867.2627686019296
13560.0 1346.9621140368258
13570.0 940.1376045315402
13580.0 1742.9428663575839
13590.0 1776.0081636498353
13600.0 2285.5730067930535
13610.0 2565.3316353391874
13620.0 1366.9494692763617
13630.0 2156.7756449690396
13640.0 1462.4905160728777
13650.0 1692.7359123710482
13660.0 1995.8933889367752
13670.0 2202.9163275844967
13680.0 1756.7876799713126
13690.0 2323.086181812631
13700.0 1854.2727880722773
13710.0 1215.2141223135252
13720.0 1637.168052297313
13730.0 1547.2236503615263
13740.0 1485.18603640832
13750.0 1519.280213204716
13760.0 1631.6719167899805
13770.0 1370.3921038757258
13780.0 1777.248826223827
13790.0 1365.3685241592711
13800.0 1245.6990807563482
13810.0 1659.0225935130375
13820.0 1527.7528649204628
13830.0 1430.474319345686
13840.0 1354.7210593056836
13850.0 1436.8765152256567
13860.0 1581.521260406761
13870.0 1256.3695956754104
13880.0 1583.0486680064168
13890.0 1519.0646588039713
13900.0 1398.4315677068507
13910.0 1348.2624803207473
13920.0 1981.2689814560126
13930.0 1806.6694459714754
13940.0 1737.2635890318115
13950.0 2481.039510118876
13960.0 2147.120300137823
13970.0 1757.0939297258753
13980.0 1289.4619880179835
13990.0 1376.7492643452533
14000.0 1453.9693813229749
14010.0 1328.6084980008618
14020.0 1507.0281179028248
14030.0 1890.0395706518705
14040.0 2063.228170212087
14050.0 1880.1829209866587
14060.0 1815.7213275322133
14070.0 1759.0726859014212
14080.0 1403.646587165983
14090.0 1397.812937479737
14100.0 1427.7631751879826
14110.0 1733.9986417845948
14120.0 2035.897147651934
14130.0 2283.0148871415986
14140.0 3101.232801070543
14150.0 1844.7725823823453
14160.0 3303.4750741455828
14170.0 2147.867853558078
14180.0 2254.764522508029
14190.0 2620.7615656706653
14200.0 2389.7912391482478
14210.0 2994.9374695660827
14220.0 2524.2263286204943
14230.0 2913.8320486704843
14240.0 2298.9421021196513
14250.0 2553.4591685803916
14260.0 2683.672525179826
14270.0 2918.7658845279407
14280.0 2876.9576258216625
14290.0 2498.1677076241017
14300.0 3318.2582979293247
14310.0 3289.0871371360845
14320.0 3406.996674428451
14330.0 3047.5075129930797
14340.0 3527.8098163276845
14350.0 4295.783227166926
14360.0 3706.13294688942
14370.0 4097.52517587176
14380.0 3962.6069234825763
14390.0 4112.725973403059
14400.0 5038.515200414044
14410.0 4086.5735079736587
14420.0 4691.851798399488
14430.0 5042.106984659902
14440.0 4955.353958155674
14450.0 4700.384977177576
14460.0 4442.767692499817
14470.0 4718.987361566407
14480.0 5389.97430254099
14490.0 5762.51952361622
14500.0 6075.311484345671
14510.0 5081.201519414245
14520.0 5688.630933704846
14530.0 5796.009152168129
14540.0 5976.101842095426
14550.0 5397.574416642409
14560.0 6051.538541242092
14570.0 6241.286652230731
14580.0 5999.744838048288
14590.0 6303.844278019112
14600.0 5933.805517498953
14610.0 6403.705291861978
14620.0 6577.538732945742
14630.0 6524.503507594833
14640.0 6924.478826494067
14650.0 6459.724286563065
14660.0 6758.092806103305
14670.0 6809.231948371289
14680.0 6491.8757141697915
14690.0 5776.069422261367
14700.0 5683.37062713178
14710.0 5616.370903426607
14720.0 5936.123314942308
14730.0 5951.380416613126
14740.0 6503.45567120473
14750.0 6692.64696464463
14760.0 7011.892366771917
14770.0 6851.336097492626
14780.0 5289.353370459772
14790.0 5902.555766653413
14800.0 6320.963408462491
14810.0 6918.131936627454
14820.0 6979.167841820129
14830.0 6903.348795995255
14840.0 6965.846670423904
14850.0 7269.491426805853
14860.0 7223.347337110919
14870.0 7177.767111608349
14880.0 7423.100464121511
14890.0 7354.753608274037
14900.0 7213.861470684922
14910.0 7608.1977229349895
14920.0 7647.212173581932
14930.0 7731.104082775908
14940.0 7550.15147895845
14950.0 7548.857060860506
14960.0 7484.6294810100535
14970.0 7805.077106312278
14980.0 7962.404648767899
14990.0 7836.323143103619
15000.0 7905.1871592067255
15010.0 7884.099331857365
15020.0 7960.259071205072
15030.0 7964.7903277837495
15040.0 7999.030234104188
15050.0 7806.0061969936805
15060.0 7953.771119802886
15070.0 7835.125885246034
15080.0 7996.665795317762
15090.0 7924.717467587759
15100.0 8115.693745170097
15110.0 7950.2226679212345
15120.0 7778.006303202711
15130.0 7939.090739183107
15140.0 8053.824226780648
15150.0 8034.795010051558
15160.0 7981.010259829248
15170.0 8104.645042594345
15180.0 8133.520951279348
15190.0 8105.580969055825
15200.0 8161.0717842280665
15210.0 8160.113320408295
15220.0 8185.620298768702
15230.0 8300.066192870208
15240.0 8152.324060859204
15250.0 8213.961041321027
15260.0 8176.504184254858
15270.0 8278.884956792977
15280.0 8160.766431317497
15290.0 8183.683855040846
15300.0 8277.2632179034
15310.0 8147.298971904991
15320.0 8266.496497832395
15330.0 8302.718835728494
15340.0 8272.03202544777
15350.0 8303.993642133624
15360.0 8156.458075693598
15370.0 8214.671515925787
15380.0 8331.012934424596
15390.0 8117.222864702603
15400.0 8165.899540270508
15410.0 8182.330226349015
15420.0 8174.416242816725
15430.0 8211.966842408401
15440.0 8107.832529461783
15450.0 8104.358847856261
15460.0 8169.947519880934
15470.0 8161.4262871950705
15480.0 8061.1691023374615
15490.0 8132.704735600614
15500.0 8042.4724652685
15510.0 8056.9821372822125
15520.0 8135.6504354095605
15530.0 7910.125757269949
15540.0 7989.455219345384
15550.0 7883.3535031564925
15560.0 7954.204553088361
15570.0 7681.552456457253
15580.0 5810.5930036895115
15590.0 6409.1527842322785
15600.0 6796.391155810495
15610.0 6667.427554336728
15620.0 6980.965748153816
15630.0 6770.390005512436
15640.0 6930.1696310928255
15650.0 6904.28387011014
15660.0 6597.362101941091
15670.0 7275.558765984395
15680.0 6350.598808052787
15690.0 6372.221124254391
15700.0 6842.1467444269
15710.0 6635.014046879765
15720.0 6323.742474424056
15730.0 6491.003713167618
15740.0 6656.917970003575
15750.0 5949.6118884337775
15760.0 5743.925443911038
15770.0 6601.427068977555
15780.0 4657.038612514076
15790.0 4922.3730926667995
15800.0 5793.296858454641
15810.0 5104.390417431876
15820.0 5047.691389663522
15830.0 4158.742146350258
15840.0 4967.6140233148035
15850.0 5042.152433670691
15860.0 4905.504053855845
15870.0 3943.559700374648
15880.0 4777.4551099883465
15890.0 5013.567064029444
15900.0 4840.595064273177
15910.0 3820.0699142555727
15920.0 4549.756342706289
15930.0 4311.6249614378285
15940.0 4053.058089320599
15950.0 4464.936647434281
15960.0 3724.8312051662588
15970.0 3520.052205585264
15980.0 4788.424018809851
15990.0 3529.0497392577972
16000.0 3579.383275735293
16010.0 3558.1469708795807
16020.0 3563.8938325987147
16030.0 2537.2546325922563
16040.0 3858.8682288623463
16050.0 3343.907721225226
16060.0 2434.446239946805
16070.0 3430.963235741627
16080.0 2474.8081883922905
16090.0 2886.0158425701625
16100.0 2597.5078447787546
16110.0 2672.66560738975
16120.0 2462.0221128362346
16130.0 2455.5604290681254
16140.0 2595.8771675965863
16150.0 1756.1811449528395
16160.0 2381.2058909067537
16170.0 1725.2293698724857
16180.0 1815.8892079728037
16190.0 1606.399851568482
16200.0 2081.9516912699014
16210.0 1806.4600081965018
16220.0 2703.434012207258
16230.0 2728.5602691239724
16240.0 2967.418482633507
16250.0 3256.9063327450167
16260.0 2409.573501476941
16270.0 2626.941053370295
16280.0 2558.5509956406804
16290.0 3017.217629947049
16300.0 2057.4394178639873
16310.0 2262.8158675731115
16320.0 2195.555990548277
16330.0 1848.1901263650072
16340.0 2275.890510562085
16350.0 1916.0859093835131
16360.0 2111.4399114135804
16370.0 1969.0895205775323
16380.0 1869.0623510705145
16390.0 2286.2802567576746
16400.0 2051.1822511339883
16410.0 2193.477749406629
16420.0 1798.104967985875
16430.0 1791.316012142237
16440.0 2254.488195482639
16450.0 1484.7160165467153
16460.0 2014.8247284703996
16470.0 1723.1043734505738
16480.0 1647.6234080699721
16490.0 1933.227823002979
16500.0 2029.4623986067706
16510.0 2404.1850638375554
16520.0 2057.7567601317646
16530.0 2413.062550493874
16540.0 2287.6953659215874
16550.0 1860.810713023477
16560.0 1311.5098653904604
16570.0 1623.619662724708
16580.0 1141.4069952256273
16590.0 1610.254435326883
16600.0 1745.5805985957236
16610.0 1888.4382162465567
16620.0 2006.0002560358564
16630.0 1613.0293983797153
16640.0 2174.5355443483104
16650.0 1322.110448089683
16660.0 1175.9238498514217
16670.0 1070.6056873396144
16680.0 770.6684533820771
16690.0 1166.3835253467378
16700.0 913.6737953998196
16710.0 804.5791852954699
16720.0 958.1648244965779
16730.0 1149.7742175111432
16740.0 1287.3147557655782
16750.0 1721.4503149671564
16760.0 1623.6633671621685
16770.0 1722.205833597072
16780.0 1847.1835769810477
16790.0 1998.6054186838924
16800.0 1542.4727054405068
16810.0 1391.0203334922194
16820.0 1575.838695812595
16830.0 1249.9323914660079
16840.0 914.9651798988306
16850.0 1076.5377636207106
16860.0 956.4291324848048
16870.0 741.6831682015006
16880.0 890.2377447923982
16890.0 796.3951158041782
16900.0 747.945223939581
16910.0 943.5723927797642
16920.0 891.3423918144804
16930.0 1067.906434542008
16940.0 782.4215535018205
16950.0 786.5291236663331
16960.0 706.3788609706944
16970.0 806.6521237071805
16980.0 827.2465007190233
16990.0 1008.7557233633516
17000.0 854.1708980557476
17010.0 964.5930899639808
17020.0 1032.2103633348863
17030.0 959.5839150453191
17040.0 788.9296781233302
17050.0 1103.0141835006643
17060.0 1301.807149420791
17070.0 919.8361910812919
17080.0 1110.2417527919597
17090.0 1222.600234743787
17100.0 999.5311393537135
17110.0 827.3659569905819
17120.0 1153.356207893987
17130.0 1260.0986784020185
17140.0 1127.1582237991115
17150.0 1252.714233094104
17160.0 1895.2537556577313
17170.0 1464.344797978475
17180.0 1549.3493385696515
17190.0 1544.8244659411314
17200.0 1066.1201937776516
17210.0 1239.5791531273169
17220.0 1219.5484081729064
17230.0 1145.7883603859573
17240.0 986.0063333178417
17250.0 1128.7439553992401
17260.0 1014.2417252380882
17270.0 1058.7447776411377
17280.0 1156.956718974129
17290.0 1515.0424722125083
17300.0 1416.0882238570705
17310.0 1341.764094733505
17320.0 1614.2063970869413
17330.0 1563.7305528103047
17340.0 1735.9076975605924
17350.0 1317.2931061179445
17360.0 1510.2314093156942
17370.0 1305.213476684929
17380.0 1214.0942049604027
17390.0 1393.8255570898245
17400.0 1199.5000305886858
17410.0 1413.5071589922923
17420.0 1210.3251609861456
17430.0 1253.906770152366
17440.0 1097.362655226484
17450.0 1259.5015438161165
17460.0 1307.9604089480915
17470.0 1177.6854641795883
17480.0 1257.302425466043
17490.0 1423.2603395374208
17500.0 1407.5647222502207
17510.0 1499.3999061856812
17520.0 1502.484230955721
17530.0 1442.7048947808048
17540.0 1357.7187076581722
17550.0 1480.1499257900725
17560.0 1815.9540791807292
17570.0 2151.7334256831846
17580.0 2139.8172514735356
17590.0 1913.0903149769988
17600.0 2016.5546811209624
17610.0 2110.4651663168297
17620.0 1967.1906464747099
17630.0 2245.3068952448957
17640.0 1820.6506619510728
17650.0 2211.221178153776
17660.0 1857.3612836585696
17670.0 1933.2632933733355
17680.0 1775.2919545318343
17690.0 1598.4533355725284
17700.0 1561.746071280874
17710.0 1349.2231794849172
17720.0 1529.7233389129992
17730.0 1606.143351738705
17740.0 1476.2426384468495
17750.0 1402.5929679038675
17760.0 1800.9787805329152
17770.0 1751.8625267308291
17780.0 1831.8872301330732
17790.0 1757.1420043957316
17800.0 1765.3279819853913
17810.0 1870.1196448497733
17820.0 1869.3568186473121
17830.0 1755.8983759413316
17840.0 1614.9113457834417
17850.0 1854.8743399510681
17860.0 1667.3925296862212
17870.0 1540.8293626002474
17880.0 1987.7104974268054
17890.0 1918.14545611536
17900.0 1738.409292397535
17910.0 1791.361755738214
17920.0 1902.421049636689
17930.0 2124.200428903523
17940.0 1963.570122166293
17950.0 2215.1745160742485
17960.0 2546.4798672086854
17970.0 2293.056897282045
17980.0 2686.501507413474
17990.0 2081.4709514109354
18000.0 2564.959101511966
18010.0 2515.708106731094
18020.0 2363.4488497884136
18030.0 2114.254584991433
18040.0 2157.5815687602076
18050.0 2032.5810233507257
18060.0 2341.227792851675
18070.0 2215.936109217127
18080.0 2495.9387340812523
18090.0 2828.886235737328
18100.0 2512.2347483857006
18110.0 3135.8260313805854
18120.0 2897.58241648648
18130.0 2951.080002483944
18140.0 2922.8299541494875
18150.0 3310.120945289308
18160.0 3445.2205644927917
18170.0 3375.0303517527186
18180.0 2928.92766976019
18190.0 3575.7895411364107
18200.0 3732.6805501632684
18210.0 3623.7156060668567
18220.0 3042.6382162313525
18230.0 3957.5045243076834
18240.0 3632.7406752254487
18250.0 3639.3570430869327
18260.0 3397.1988125160215
18270.0 3409.9015598626916
18280.0 3753.0154186460054
18290.0 3684.995685324679
18300.0 3771.633057247186
18310.0 3331.795946647823
18320.0 3714.1415428386244
18330.0 3808.5050103096137
18340.0 3691.385411747623
18350.0 3686.2559946132687
18360.0 3365.196981002404
18370.0 3988.988111009482
18380.0 3748.2487056812406
18390.0 3769.0732932330993
18400.0 3804.5529774342904
18410.0 4022.4168215026475
18420.0 3962.440526706929
18430.0 3635.2948600728187
18440.0 3755.2149137427195
18450.0 3809.8264984042453
18460.0 3810.6918923663743
18470.0 3413.576053677498
18480.0 3139.704413174546
18490.0 3783.3035722425807
18500.0 3738.9208442529493
18510.0 3665.6153109120164
18520.0 3087.3121390994897
18530.0 3297.7163570119606
18540.0 3572.1290840566403
18550.0 3595.124326584168
18560.0 3703.3972888958237
18570.0 2673.911899693938
18580.0 2954.3276790079303
18590.0 2796.374329995998
18600.0 3132.9470007079103
18610.0 3562.28197928882
18620.0 3098.079037005152
18630.0 3082.393553862192
18640.0 3388.641473951834
18650.0 2852.365876051619
18660.0 3328.1834400168573
18670.0 3565.9852224752362
18680.0 3324.6616183656765
18690.0 3522.536772507458
18700.0 3363.8725290460725
18710.0 3434.638714743361
18720.0 3647.001395967399
18730.0 3572.210222739924
18740.0 4379.160413526901
18750.0 3439.267493059377
18760.0 3790.802987473479
18770.0 3458.3226111148347
18780.0 3695.5221546153643
18790.0 3720.147384444638
18800.0 3450.710674822035
18810.0 3624.4606277414846
18820.0 3632.6623881988935
18830.0 3971.0504156188335
18840.0 3586.485615917021
18850.0 3667.6245048977657
18860.0 3404.828252583593
18870.0 3622.0162959327013
18880.0 3820.9237006919425
18890.0 3984.0380727777133
18900.0 3788.265631960539
18910.0 3962.1048050103163
18920.0 3663.959219345385
18930.0 3739.041025648317
18940.0 3920.977916230018
18950.0 4028.5023805167816
18960.0 4034.4938557479572
18970.0 3946.383971378505
18980.0 4049.085046558763
18990.0 4040.6710560499496
19000.0 3683.026318118257
19010.0 3973.4186438248607
19020.0 4039.3489937907675
19030.0 4089.9198600762206
19040.0 4004.90638326953
19050.0 4055.4693278523887
19060.0 3875.56622678684
19070.0 4041.416408383228
19080.0 3948.0420085658207
19090.0 4145.449003079373
19100.0 4018.34661465678
19110.0 4054.7870020469436
19120.0 4036.907142644103
19130.0 3987.2794290363213
19140.0 4099.239949577133
19150.0 4204.369973486943
19160.0 4087.100009258345
19170.0 4197.269121226691
19180.0 4054.4153804740836
19190.0 4107.515606021557
19200.0 3978.8077417856684
19210.0 4134.38724689792
19220.0 4109.122278635181
19230.0 4158.235849463738
19240.0 4088.6739983132647
19250.0 4167.286573866234
19260.0 4025.142929576294
19270.0 3956.1272285076157
19280.0 4080.2799781411427
19290.0 4107.126826451418
19300.0 4137.962359990749
19310.0 4044.3697948683416
19320.0 4139.866070935128
19330.0 4174.037822342503
19340.0 3989.9620239456835
19350.0 3980.750786300568
19360.0 4086.3165029124557
19370.0 4040.86370171126
19380.0 4163.743208217885
19390.0 4005.359448307462
19400.0 4169.560673121571
19410.0 4138.476695185735
19420.0 4061.3597510942964
19430.0 4021.8943840894963
19440.0 4090.915838111518
19450.0 4048.587696798539
19460.0 4145.52735698143
19470.0 3966.9310569933295
19480.0 4120.476332341843
19490.0 4102.087097265991
19500.0 4196.36657154746
19510.0 3985.9237253009746
19520.0 4071.0525548054943
19530.0 4181.654696375657
19540.0 4138.926232213417
19550.0 3986.7865289291667
19560.0 4121.557158373158
19570.0 4257.958238550086
19580.0 3974.4072692083555
19590.0 3983.236297431195
19600.0 4225.780051276505
19610.0 4168.97000346755
19620.0 3979.4553650629214
19630.0 4098.8400283013525
19640.0 4192.845475280064
19650.0 4164.218957267161
19660.0 4014.0122152590147
19670.0 4147.272674364269
19680.0 4174.461794762645
19690.0 4017.3260537196707
19700.0 3930.2078950498703
19710.0 4060.401758674858
19720.0 4121.138993384773
19730.0 3996.427691795935
19740.0 4141.923771664712
19750.0 4038.8409620653656
19760.0 4135.57936198265
19770.0 4008.57312915311
19780.0 3979.8117691551442
19790.0 4147.756205613317
19800.0 4002.2715260597924
19810.0 3927.7213064912635
19820.0 4125.677620785167
19830.0 4048.6264948487014
19840.0 3961.7711588989973
19850.0 3897.576188172789
19860.0 4078.794317831647
19870.0 4067.1128026955257
19880.0 4087.057076403818
19890.0 3899.4978535404953
19900.0 4056.4294628061475
19910.0 4040.1397008354706
19920.0 4029.5958617326287
19930.0 3771.6059247899047
19940.0 3948.324425172496
19950.0 4088.0066594521663
19960.0 4063.6064398050985
19970.0 3857.694352153943
19980.0 3949.474409307919
19990.0 4009.561391609018
20010.0 3751.205481631971
20020.0 3887.9987829930874
20030.0 3998.271639012332
20040.0 3932.90268413091
20050.0 3729.5297486888853
20060.0 3901.245202599623
20070.0 3946.310510604345
20080.0 3925.261807834543
20090.0 3751.1497797050347
20100.0 3923.8824971284366
20110.0 3920.3270429192416
20120.0 3859.550782742238
20130.0 3656.5051907362954
20140.0 3924.5983575194423
20150.0 3905.4793886686894
20160.0 3852.6430267035485
20170.0 3576.2659700998397
20180.0 3851.4816768503697
20190.0 3863.008275266136
20200.0 3731.0680793093893
20210.0 3657.490499480214
20220.0 3810.425765386445
20230.0 3816.9588299339252
20240.0 3816.286406819261
20250.0 3566.267825496262
20260.0 3751.663040154117
20270.0 3835.3059633438365
20280.0 3713.3058798477973
20290.0 3581.8807949938005
20300.0 3649.0690061224313
20310.0 3772.917785189293
20320.0 3800.4203306588206
20330.0 3535.539315637665
20340.0 3701.272780616419
20350.0 3693.9699887813017
20360.0 3744.6321884848776
20370.0 3600.155025544025
20380.0 3654.1975335948405
20390.0 3683.908828492698
20400.0 3663.3505655644212
20410.0 3595.902455828175
20420.0 3615.9383615909674
20430.0 3718.7484877946304
20440.0 3666.807337020987
20450.0 3494.9400025484215
20460.0 3623.197748073659
20470.0 3651.9609701730697
20480.0 3622.000803627222
20490.0 3587.082355538349
20500.0 3580.0778875742544
20510.0 3594.8743362224945
20520.0 3586.6483005846035
20530.0 3568.4661788958356
20540.0 3562.900262347465
20550.0 3592.3742232606864
20560.0 3484.1312221929975
20570.0 3530.0631728422763
20580.0 3505.676228885022
20590.0 3520.236146282537
20600.0 3534.3526036023923
20610.0 3515.41420603641
20620.0 3445.432970516337
20630.0 3414.5200770669935
20640.0 3472.4332260756287
20650.0 3387.216828576135
20660.0 3459.1708749300274
20670.0 3402.957224521872
20680.0 3400.3637135283248
20690.0 3333.8939576747075
20700.0 3352.690243265305
20710.0 3381.6525202071284
20720.0 3356.355767080089
20730.0 3330.119866973037
20740.0 3287.1131735279305
20750.0 3291.7602964156495
20760.0 3302.7901197506862
20770.0 3251.008973876176
20780.0 3214.0618292113186
20790.0 3248.3291999907306
20800.0 3192.7651105640552
20810.0 3191.374665751972
20820.0 3244.1631558293743
20830.0 3242.3407059964416
20840.0 3173.706090926182
20850.0 3064.372052968255
20860.0 3106.792699857972
20870.0 3126.8869534418995
20880.0 3054.0573935237035
20890.0 3094.7300444833886
20900.0 3122.927071034232
20910.0 3064.292817214849
20920.0 2944.058062253498
20930.0 2929.644042415741
20940.0 3025.2255177587604
20950.0 3034.855366789407
20960.0 2875.0973740349223
20970.0 2960.6125602967363
20980.0 2912.6140405695346
20990.0 2788.3441954178743
21000.0 2821.144003154752
21010.0 2843.6491334396665
21020.0 2768.0547532958126
21030.0 2848.391920701845
21040.0 2810.14877396297
21050.0 2761.6212054960956
21060.0 2665.8877986697967
21070.0 2644.7240434624146
21080.0 2773.287978102458
21090.0 2746.882442604923
21100.0 2501.2766392177973
21110.0 2617.2779915087754
21120.0 2448.3189379766773
21130.0 2574.6103422357482
21140.0 2617.9224503711816
21150.0 2640.003808853808
21160.0 2537.922457201309
21170.0 2382.557966114544
21180.0 2364.8833489336043
21190.0 2463.5647479009986
21200.0 2562.0676801167665
21210.0 2471.8327997497845
21220.0 2420.450366038066
21230.0 2229.304835470777
21240.0 2447.1968963482177
21250.0 2337.762463226688
21260.0 2532.0469042553436
21270.0 2212.988220162761
21280.0 2223.4690925786963
21290.0 2358.2837549478086
21300.0 2380.755132812513
21310.0 2357.3867936557044
21320.0 2061.765338851048
21330.0 2356.316823219903
21340.0 2188.294172341993
21350.0 2314.2481875745
21360.0 2210.1641286994595
21370.0 1906.3652230184255
21380.0 2221.4565065115335
21390.0 2194.2669077812793
21400.0 2138.0041646546006
21410.0 2018.9998137067203
21420.0 1668.2064314216348
21430.0 1934.0479550141208
21440.0 1892.9926062188529
21450.0 1790.8772490881258
21460.0 1777.5045338073471
21470.0 1572.9792539758428
21480.0 1929.5004075915244
21490.0 1813.538434781132
21500.0 1882.357866630642
21510.0 1776.0945446240332
21520.0 1574.5574754855559
21530.0 1889.6046699752856
21540.0 1793.8099150128353
21550.0 1655.2941942388838
21560.0 1798.4104661099514
21570.0 1660.265169586225
21580.0 1865.3695302738793
21590.0 1712.3808918333352
21600.0 1408.1226339049724
21610.0 1632.4957376064554
21620.0 1537.1256085217328
21630.0 1825.3062206726872
21640.0 1630.066760416573
21650.0 1546.6204469921386
21660.0 1462.9004542411863
21670.0 1360.559464208223
21680.0 1469.1294584693426
21690.0 1563.224009127019
21700.0 1482.1498387736988
21710.0 1529.3260924439196
21720.0 1265.8533818046412
21730.0 1421.7278212766616
21740.0 1351.4721307331752
21750.0 1392.0359745939877
21760.0 1535.9413826039754
21770.0 1277.8506902186236
21780.0 1239.1331052042328
21790.0 1303.471056835117
21800.0 1275.9281232819335
21810.0 1398.9311554400097
21820.0 1319.8232696276186
21830.0 1022.4448664427478
21840.0 1205.3959691102268
21850.0 1212.0171344805524
21860.0 1241.904413091922
21870.0 1189.218855401768
21880.0 1121.0649591984575
21890.0 947.6026995690318
21900.0 1033.4225745982194
21910.0 1063.9942055672652
21920.0 950.3731543985402
21930.0 960.6050074703115
21940.0 886.9863192909061
21950.0 792.5886328885272
21960.0 789.7876859963185
21970.0 751.6725139245233
21980.0 620.785300710399
21990.0 660.1524531700319
22000.0 566.1991050827712
22010.0 521.5084150462424
22020.0 505.21718872154077
22030.0 621.1127934019577
22040.0 477.0355288822249
22050.0 419.04171169913207
22060.0 467.0324595989156
22070.0 512.560106888992
22080.0 485.67572909574506
22090.0 533.637987380954
22100.0 545.7366642568365
22110.0 584.1701147759609
22120.0 560.6916691571545
22130.0 649.5634959132116
22140.0 653.1015254406811
22150.0 767.6659757096953
22160.0 676.8214158867422
22170.0 739.6613342150424
22180.0 709.8835290555999
22190.0 834.2198929501762
22200.0 730.0932418891805
22210.0 761.8035067901421
22220.0 661.1255053898167
22230.0 711.6763203062338
22240.0 731.4035878868079
22250.0 701.2468809907477
22260.0 667.928726484792
22270.0 575.2977138864549
22280.0 700.6848227097469
22290.0 725.8122768345027
22300.0 661.3859173369167
22310.0 557.9645617411818
22320.0 648.4556834398194
22330.0 654.3300720807559
22340.0 676.3807451349287
22350.0 703.6585411905302
22360.0 578.0543071884274
22370.0 575.442044138938
22380.0 607.372105192212
22390.0 641.3613971885852
22400.0 560.454937365737
22410.0 527.6736983688687
22420.0 565.284174997385
22430.0 572.3756791538556
22440.0 632.4677580756229
22450.0 490.8102578637139
22460.0 485.82310799294635
22470.0 576.0427661188021
22480.0 523.3820133006981
22490.0 583.6595351723713
22500.0 501.6780243396963
22510.0 554.9249743126647
22520.0 498.7047701374653
22530.0 488.56692258431735
22540.0 646.3284706765405
22550.0 491.9803708138358
22560.0 490.8022196959512
22570.0 507.7534121000034
22580.0 603.8088879741415
22590.0 496.11746453161686
22600.0 491.3926226041583
22610.0 469.8073315952611
22620.0 573.7468433242507
22630.0 569.0144723674225
22640.0 464.27975848544475
22650.0 538.0536507229037
22660.0 565.9107985871046
22670.0 508.0836264662105
22680.0 481.1357108219962
22690.0 506.4665615207649
22700.0 565.1447003441117
22710.0 512.4095873980501
22720.0 462.9368948202361
22730.0 540.779228131405
22740.0 528.767089108054
22750.0 476.98635119494185
22760.0 520.1946186677595
22770.0 513.0129087442696
22780.0 450.7269553160655
22790.0 532.3288952777874
22800.0 481.5863842671653
22810.0 498.56335724850396
22820.0 445.85915119427625
22830.0 447.3049519169099
22840.0 466.2304707490884
22850.0 464.6209654668089
22860.0 408.5270106306326
22870.0 471.3240038358746
22880.0 436.64770150204646
22890.0 411.2984864951887
22900.0 395.7127289729017
22910.0 435.8213544903397
22920.0 374.8757406826692
22930.0 392.5996362734799
22940.0 411.6466986033581
22950.0 401.6427029891873
22960.0 391.6404496901238
22970.0 424.49324231084154
22980.0 393.26716870728717
22990.0 468.60934367947857
23000.0 403.59924856953694
23010.0 493.6811067291951
23020.0 420.81761927186517
23030.0 411.4369356720622
23040.0 431.9979544775496
23050.0 494.276637105643
23060.0 484.5450452293162
23070.0 538.1847185604058
23080.0 546.612139567137
23090.0 579.8999408653888
23100.0 638.0262345855089
23110.0 598.8069723964168
23120.0 565.4256799989895
23130.0 619.1468335058387
23140.0 607.9030501251161
23150.0 604.673969498845
23160.0 384.19789229804275
23170.0 378.02874693632737
23180.0 410.83221530311425
23190.0 353.45857398695364
23200.0 373.9890886112572
23210.0 395.2487316879135
23220.0 415.44047967632343
23230.0 388.51190193497195
23240.0 337.61851089198603
23250.0 332.137125057868
23260.0 358.25080378805035
23270.0 370.9458561803525
23280.0 334.0832596144613
23290.0 380.69846138394746
23300.0 362.13870408314517
23310.0 363.7999561968767
23320.0 417.96853938140504
23330.0 366.38522964304565
23340.0 347.40012366892006
23350.0 393.2120190263105
23360.0 393.44926812856727
23370.0 417.9348754766537
23380.0 396.26201724349943
23390.0 372.3892264674226
23400.0 433.7039708266679
23410.0 384.203293865501
23420.0 471.92095019541443
23430.0 369.77891430489757
23440.0 426.8630019594094
23450.0 376.272867549719
23460.0 421.4586158119621
23470.0 436.169798014145
23480.0 373.42609505569783
23490.0 430.52623633895456
23500.0 390.8164237922902
23510.0 404.78342384465844
23520.0 452.09011995953097
23530.0 442.0715854338361
23540.0 411.6833956258653
23550.0 389.65337509430753
23560.0 489.17505918611585
23570.0 492.30552452098163
23580.0 397.46647336751033
23590.0 448.61558706237724
23600.0 542.6877212088966
23610.0 431.70817036000403
23620.0 499.7784720624947
23630.0 479.3796766956478
23640.0 518.1084070256096
23650.0 524.6937747933223
23660.0 496.37777664407463
23670.0 466.37649365004967
23680.0 607.7017158848475
23690.0 466.5474711776854
23700.0 297.42765539636434
23710.0 338.7473916055902
23720.0 360.0070039013735
23730.0 430.20310903616496
23740.0 413.22537121422437
23750.0 404.9693522942799
23760.0 455.7188478522087
23770.0 390.78942908274547
23780.0 369.6677193814591
23790.0 395.0506242306409
23800.0 365.7900171189668
23810.0 381.7272193288038
23820.0 373.4309401969706
23830.0 350.46119671039827
23840.0 395.02054736128207
23850.0 468.33551137496625
23860.0 430.9294101155979
23870.0 478.7825473632979
23880.0 500.5229456199371
23890.0 483.47481055278615
23900.0 467.6589947414285
23910.0 439.5136332442246
23920.0 475.68989926695787
23930.0 460.58769886463534
23940.0 466.93021486339444
23950.0 510.4258625988252
23960.0 504.0758452791389
23970.0 491.2241001894272
23980.0 529.8081312314765
23990.0 596.660747395798
24000.0 460.277363043104
24010.0 555.0847902910829
24020.0 613.9129440068732
24030.0 532.4497713518459
24040.0 646.2411539412346
24050.0 594.4121923792934
24060.0 593.4960287108171
24070.0 600.1867601881669
24080.0 572.7442243283258
24090.0 585.0516395122961
24100.0 514.618306238139
24110.0 690.7237725638147
24120.0 642.5704778212676
24130.0 533.9042421277318
24140.0 619.8469110348518
24150.0 642.2139287713596
24160.0 571.0667730788072
24170.0 615.4706148553216
24180.0 605.7069612260243
24190.0 552.9184100783016
24200.0 693.3973277241735
24210.0 711.1538123137364
24220.0 500.48141929933536
24230.0 534.9707689050103
24240.0 574.0275501844687
24250.0 557.0206686938551
24260.0 636.8255572179187
24270.0 604.9313388256127
24280.0 584.5849643611646
24290.0 661.3337691658999
24300.0 669.8075831805118
24310.0 664.8505643457986
24320.0 685.4974794164164
24330.0 569.8760954084564
24340.0 725.6975146611018
24350.0 538.8508109879518
24360.0 565.5423268332634
24370.0 593.071163518119
24380.0 710.0095292482748
24390.0 741.2806141700388
24400.0 602.2476054635113
24410.0 699.0551472460099
24420.0 680.1946032984367
24430.0 721.2414084484849
24440.0 736.5177918889085
24450.0 725.1653456014606
24460.0 826.6151861779709
24470.0 628.6055391760543
24480.0 743.1536616190892
24490.0 729.4482279455483
24500.0 748.6850341412878
24510.0 784.2494666259162
24520.0 842.5206257122586
24530.0 778.221733989486
24540.0 762.3601672873995
24550.0 797.8836546191294
24560.0 787.84946077639
24570.0 799.166691952901
24580.0 777.2152833502781
24590.0 725.297855329929
24600.0 920.993535500413
24610.0 839.0567425749589
24620.0 853.3617109921696
24630.0 936.5408113330611
24640.0 863.8178978895219
24650.0 871.7120848473182
24660.0 1021.3087189084284
24670.0 779.7564408163419
24680.0 710.6430340957015
24690.0 850.43850918847
24700.0 1050.3409044394045
24710.0 793.6826690223422
24720.0 1008.4349428468495
24730.0 934.073589028615
24740.0 1023.7882688353583
24750.0 787.9874926594537
24760.0 1034.6079192165148
24770.0 1078.260152906246
24780.0 906.326371906198
24790.0 763.6109683163213
24800.0 1078.0301673092636
24810.0 1017.9363364345769
24820.0 950.1866372887129
24830.0 862.6085311882417
24840.0 1050.4768138945963
24850.0 1115.4645589198049
24860.0 1071.7979339660094
24870.0 1039.6995463498451
24880.0 1072.099907341186
24890.0 939.0296980800472
24900.0 955.3972510309593
24910.0 960.813304343924
24920.0 1132.9844866382716
24930.0 957.9939206784666
24940.0 1127.5929609443965
24950.0 1202.5228719711563
24960.0 1098.2840979819914
24970.0 1166.62411031621
24980.0 1227.9179633745123
24990.0 1038.8480460628634
