#lam[Angstrom] flux[erg/cm2/s/A]
1010.0 7875.228324574368
1020.0 8154.4438268219
1030.0 28132.382434308147
1040.0 11089.340628392205
1050.0 8350.25946918795
1060.0 8425.746664857981
1070.0 8897.32711874318
1080.0 26925.953375734192
1090.0 27431.45615179928
1100.0 8793.797411461166
1110.0 8864.300404313142
1120.0 9208.937450464255
1130.0 8957.483122824124
1140.0 9727.851497357902
1150.0 9128.851854731538
1160.0 9302.422276621735
1170.0 9319.63058075268
1180.0 9359.783945175694
1190.0 9416.756662377384
1200.0 14199.216681289196
1210.0 12638.012918392938
1220.0 80407.74186353244
1230.0 11631.382336381646
1240.0 47413.90561420049
1250.0 16515.10520517998
1260.0 22981.94948482715
1270.0 23611.300511027526
1280.0 24377.701012965113
1290.0 26310.374560485663
1300.0 28333.53815118004
1310.0 31159.18548624797
1320.0 32546.947369811216
1330.0 33096.63491474312
1340.0 36939.03689313743
1350.0 35551.68594867241
1360.0 36399.82590830625
1370.0 36939.236597446834
1380.0 37723.331285590386
1390.0 86363.25341809646
1400.0 96042.19409548245
1410.0 71004.35126303996
1420.0 40058.85153733442
1430.0 39338.266129316085
1440.0 39542.124309059865
1450.0 39807.0887215414
1460.0 40122.53733658736
1470.0 40433.86141426728
1480.0 40627.91257661454
1490.0 63755.44452825545
1500.0 40231.89813760882
1510.0 40169.997871175234
1520.0 40227.787498766294
1530.0 42211.8327175635
1540.0 40179.70941589495
1550.0 566795.0137987556
1560.0 40229.03195279314
1570.0 40181.73894074459
1580.0 42230.180440946046
1590.0 40306.284665672356
1600.0 44279.9142297916
1610.0 40397.56812080582
1620.0 40378.03340942187
1630.0 40155.02572199132
1640.0 361428.1050484384
1650.0 40126.55167836793
1660.0 51741.49165724918
1670.0 70035.62054410527
1680.0 41872.16254808159
1690.0 42202.5780696578
1700.0 42052.79636632989
1710.0 45247.90338680794
1720.0 48889.57076320828
1730.0 49376.2258568448
1740.0 48514.47314521138
1750.0 72481.71706410614
1760.0 53746.64116253769
1770.0 48941.44056537762
1780.0 57974.088735999016
1790.0 84647.91769651366
1800.0 83670.0468348081
1810.0 64633.54633220446
1820.0 69546.70941912741
1830.0 55080.81502357386
1840.0 50564.34530190629
1850.0 54245.91767560412
1860.0 65426.798183784544
1870.0 70472.12399366644
1880.0 102453.73692729168
1890.0 121063.41463431105
1900.0 67932.75991609722
1910.0 282822.10420189676
1920.0 87721.16224895988
1930.0 71929.26584953276
1940.0 81871.40016340316
1950.0 97782.00650683779
1960.0 127912.32776247963
1970.0 124377.16099299546
1980.0 88134.90633753307
1990.0 97542.90567519228
2000.0 118119.97442271865
2010.0 106162.00633256187
2020.0 109023.39328689687
2030.0 116026.52347761279
2040.0 166396.17678716878
2050.0 190399.6318540958
2060.0 134925.762875612
2070.0 494650.61776976584
2080.0 240880.1536451204
2090.0 233164.1830668562
2100.0 325122.66559649253
2110.0 412814.2281611837
2120.0 498567.6311841695
2130.0 267873.65828142845
2140.0 481643.1151220469
2150.0 382207.332548685
2160.0 328102.7049555366
2170.0 181680.88095349073
2180.0 405201.83346460067
2190.0 455167.5467686413
2200.0 536052.0434425898
2210.0 210334.1974443828
2220.0 262206.69024436746
2230.0 625437.757265042
2240.0 1151660.6223673385
2250.0 612066.382561529
2260.0 399385.8212601069
2270.0 363864.20567983424
2280.0 528955.2597468391
2290.0 371622.50783392787
2300.0 363499.7544669521
2310.0 675707.89754068
2320.0 456866.0960332848
2330.0 335129.85642309184
2340.0 325635.1861265216
2350.0 386153.6484876344
2360.0 255572.96234477434
2370.0 271009.31767605606
2380.0 256941.60605352718
2390.0 263845.74492923036
2400.0 245175.98478189833
2410.0 248504.13625993067
2420.0 642581.0603766948
2430.0 788267.997895628
2440.0 489868.7585408699
2450.0 604401.6146617404
2460.0 650557.7348107788
2470.0 496565.56639452674
2480.0 442847.4434031064
2490.0 273428.4475603364
2500.0 464235.8744054126
2510.0 350614.22743899806
2520.0 253781.9515995039
2530.0 354360.0369209459
2540.0 363970.0309461596
2550.0 571532.341981496
2560.0 570219.5784375138
2570.0 830069.9667394271
2580.0 598785.0856346921
2590.0 600435.0737281097
2600.0 515629.90821830434
2610.0 431973.25467194396
2620.0 673113.8984411629
2630.0 572490.8766318242
2640.0 1693960.5954906314
2650.0 1831492.2527286997
2660.0 1520715.4643173164
2670.0 1423359.857911581
2680.0 2107427.558471093
2690.0 2212726.8643663167
2700.0 2200608.268594021
2710.0 1495947.8789491076
2720.0 680010.4722057695
2730.0 890658.326142464
2740.0 675753.0793384634
2750.0 801641.3783998231
2760.0 1387406.672699842
2770.0 1513859.91548856
2780.0 929066.4616613128
2790.0 1014353.0405505165
2800.0 487411.9567946001
2810.0 1208927.6347225858
2820.0 2595980.7693768945
2830.0 2458146.1206357186
2840.0 1702930.698306835
2850.0 733141.5290530843
2860.0 1540355.768781344
2870.0 2319375.7225665795
2880.0 1606100.2100847852
2890.0 3065632.2049346115
2900.0 5254247.052924087
2910.0 4533935.81681632
2920.0 4248129.966138872
2930.0 4154689.758492531
2940.0 2821760.5962265837
2950.0 3256819.0361698116
2960.0 4711405.760363973
2970.0 2653536.1426021424
2980.0 3466224.8009826895
2990.0 3523773.744323172
3000.0 3006568.6897416525
3010.0 3642146.3886337657
3020.0 2562656.1990515892
3030.0 4189716.2942883153
3040.0 3801374.6274223104
3050.0 3883409.003591099
3060.0 4204588.063615714
3070.0 5303762.219046816
3080.0 4181447.4488287843
3090.0 4263818.604597209
3100.0 3424438.2846622327
3110.0 6036656.831944781
3120.0 5452899.209122431
3130.0 5013828.988971059
3140.0 5517255.377755454
3150.0 6061854.613756185
3160.0 3767393.7698388826
3170.0 5631906.558399819
3180.0 4379037.22318055
3190.0 4883576.686379741
3200.0 5143526.359714951
3210.0 3939664.8868051865
3220.0 4701622.370710678
3230.0 2855592.0240819906
3240.0 4657192.253718836
3250.0 5047477.84922613
3260.0 7009070.215449118
3270.0 6642096.947712791
3280.0 5775112.324124408
3290.0 6975015.087283449
3300.0 7599835.06296261
3310.0 5756918.024916979
3320.0 6020516.650283493
3330.0 7107491.277749612
3340.0 5798923.552065529
3350.0 5829207.649114778
3360.0 5411184.791467489
3370.0 3998841.7759996555
3380.0 5551585.944350533
3390.0 5325170.398114985
3400.0 6008843.6964488765
3410.0 4708451.520479812
3420.0 4711983.464585785
3430.0 6029897.337439666
3440.0 4357807.0524287475
3450.0 5582711.922852572
3460.0 5452814.866638209
3470.0 5520525.171226495
3480.0 5718977.777052237
3490.0 5743397.476631425
3500.0 6471155.775342646
3510.0 5656387.12113464
3520.0 4606819.486663351
3530.0 5513437.729339849
3540.0 7036791.928040674
3550.0 6147356.065948762
3560.0 6387770.246481454
3570.0 3690054.9298427617
3580.0 3959183.073695931
3590.0 4159511.2903680103
3600.0 6847483.2677541915
3610.0 4144719.1790749896
3620.0 4714268.163368503
3630.0 5851329.252488582
3640.0 6082891.783573961
3650.0 5487399.002024399
3660.0 7649162.79279936
3670.0 7259321.449789025
3680.0 6256700.93206744
3690.0 6347891.111792071
3700.0 7442188.9977397695
3710.0 6090173.658694428
3720.0 4873633.692657414
3730.0 5358724.925855585
3740.0 4224377.14768122
3750.0 4164717.614145103
3760.0 5212390.551611774
3770.0 6361414.223117644
3780.0 8807105.09329068
3790.0 6710575.684719009
3800.0 7031095.467732781
3810.0 7397636.034470091
3820.0 4462026.072709604
3830.0 3105973.279344128
3840.0 4376053.40926203
3850.0 8126785.791583607
3860.0 5482079.206663846
3870.0 6662175.3846327895
3880.0 7635393.412162586
3890.0 5615154.714200745
3900.0 6244140.648897706
3910.0 7831738.66014327
3920.0 7045024.730336113
3930.0 3589304.1790421046
3940.0 5252271.777639375
3950.0 8348203.364050291
3960.0 6780622.439823969
3970.0 3760296.2164090537
3980.0 9125991.84383115
3990.0 10199495.018803243
4000.0 9831363.4804625
4010.0 9924008.348928066
4020.0 10524503.86205808
4030.0 9136333.484777678
4040.0 10209017.70420654
4050.0 9574004.66437574
4060.0 9019918.56425349
4070.0 8406912.375239141
4080.0 9688300.251348635
4090.0 11950232.648613153
4100.0 9151579.957209554
4110.0 10847239.976689273
4120.0 11430730.496248549
4130.0 9655908.250364533
4140.0 10507234.847912852
4150.0 10342526.96324125
4160.0 11113407.747399209
4170.0 10534931.086510366
4180.0 10200741.477343533
4190.0 10091391.14545994
4200.0 8487071.161314193
4210.0 11170033.460989246
4220.0 9947848.499645544
4230.0 8628371.768490762
4240.0 9629916.741578124
4250.0 8613478.53128178
4260.0 9825864.77112358
4270.0 7991486.103890097
4280.0 9347528.317263108
4290.0 8327091.856515897
4300.0 6809995.200503607
4310.0 6430357.605647913
4320.0 10155937.020539224
4330.0 9577397.17452335
4340.0 8692588.576169102
4350.0 10024860.063647518
4360.0 11268069.588221744
4370.0 10968363.835140843
4380.0 9030504.443397066
4390.0 9999008.757287221
4400.0 9722828.752259975
4410.0 10707083.608011879
4420.0 10792530.703834396
4430.0 10824139.87775843
4440.0 10699618.337623695
4450.0 10792038.413821496
4460.0 9707124.826294862
4470.0 11211906.046768598
4480.0 11365722.669463515
4490.0 11653775.268367836
4500.0 11941712.395345237
4510.0 12870672.02739242
4520.0 11847048.947185278
4530.0 10534589.977730872
4540.0 11897415.77227796
4550.0 11604903.124825511
4560.0 12143592.62712898
4570.0 12203716.440107405
4580.0 11390675.17854051
4590.0 11395177.787449177
4600.0 11503918.696766669
4610.0 11734694.489794314
4620.0 11857374.875693412
4630.0 11991487.91993028
4640.0 12214163.564009264
4650.0 11580908.407030703
4660.0 12467199.557503529
4670.0 11804237.472885033
4680.0 12005834.824281797
4690.0 12089159.888885284
4700.0 11623214.373354306
4710.0 11638468.486419175
4720.0 12223925.213722445
4730.0 11681385.94970905
4740.0 11760785.373557568
4750.0 12266869.510445418
4760.0 11828105.391428592
4770.0 11972504.568119418
4780.0 12303747.575301921
4790.0 11591471.464621805
4800.0 12082925.685634779
4810.0 11789565.593807817
4820.0 11875473.083359797
4830.0 11913935.358626515
4840.0 11303664.366944337
4850.0 11661655.719075816
4860.0 8885365.836173795
4870.0 10303498.708495801
4880.0 11134346.372011093
4890.0 10413855.4383237
4900.0 11549707.261396453
4910.0 11296921.1939381
4920.0 9990176.100179713
4930.0 11679460.558955632
4940.0 10890409.580869906
4950.0 11760006.471194409
4960.0 11271108.574585656
4970.0 11439315.229707958
4980.0 10411236.54427609
4990.0 10860700.215655405
5000.0 10937117.514532609
5010.0 10418806.724505566
5020.0 10332244.64489409
5030.0 11703785.500314407
5040.0 10235334.730582008
5050.0 10791279.057825683
5060.0 11735868.508449212
5070.0 10882462.424726222
5080.0 9961198.403795127
5090.0 11566149.158773249
5100.0 11108474.60671937
5110.0 10733887.2152834
5120.0 10934339.012353705
5130.0 10334585.518120907
5140.0 10121938.83301097
5150.0 10401476.543965194
5160.0 10672891.936847536
5170.0 7472670.084615972
5180.0 8949311.170464996
5190.0 9622107.462085523
5200.0 10302974.032929717
5210.0 10269351.564325498
5220.0 10533410.69646403
5230.0 9460802.270708026
5240.0 10891208.613733197
5250.0 10913630.706049465
5260.0 10051341.500656115
5270.0 8142374.982526695
5280.0 10159763.461749913
5290.0 11262193.629762141
5300.0 10460026.599570643
5310.0 11270258.787076268
5320.0 10544730.697798321
5330.0 9218545.965525934
5340.0 10181949.922545921
5350.0 10693132.472577196
5360.0 11080142.489027329
5370.0 9539971.670274468
5380.0 10599999.824657109
5390.0 10673542.475974204
5400.0 9563279.179415906
5410.0 9478239.729480065
5420.0 10185739.032034604
5430.0 9775922.558542535
5440.0 10918640.783840096
5450.0 10184201.930204187
5460.0 10213521.355860269
5470.0 10964998.722316338
5480.0 10307949.057447268
5490.0 10274413.436579628
5500.0 10564979.864021355
5510.0 10253397.48340406
5520.0 10914547.890963169
5530.0 10140432.091947827
5540.0 10959646.337196166
5550.0 10638605.291440098
5560.0 10442834.138019389
5570.0 9918867.351005642
5580.0 10430581.21802633
5590.0 9317297.033738675
5600.0 9856752.174093924
5610.0 10751304.608620353
5620.0 9852407.87572627
5630.0 10669498.308187272
5640.0 10450384.872544806
5650.0 10456150.722547043
5660.0 9916247.600901162
5670.0 10545566.294257835
5680.0 10389930.95155631
5690.0 10421306.346403982
5700.0 10408025.26039341
5710.0 9800618.32043821
5720.0 10503145.86009091
5730.0 10569863.998859052
5740.0 10596293.411969658
5750.0 9994894.980438322
5760.0 10268417.364737406
5770.0 10517127.640311131
5780.0 10256444.066067975
5790.0 10203998.535259165
5800.0 10401172.168349806
5810.0 10303916.31807611
5820.0 10352726.164454501
5830.0 10377881.276509328
5840.0 10367076.970035357
5850.0 10187447.777918775
5860.0 9709406.412345625
5870.0 10158059.28961109
5880.0 10201116.664275436
5890.0 9584393.405996723
5900.0 9823735.526496947
5910.0 10042089.717179697
5920.0 10079986.079524975
5930.0 9764803.839383153
5940.0 10088376.684050657
5950.0 9893250.836186336
5960.0 10060861.448324082
5970.0 10078864.063436175
5980.0 9647299.425513677
5990.0 9872001.174587132
6000.0 9840974.383435437
6010.0 9682137.894341685
6020.0 9402007.882116342
6030.0 9664516.770608906
6040.0 9937918.025446324
6050.0 9868894.70589411
6060.0 9690250.393987123
6070.0 9690944.0885994
6080.0 9643022.695318041
6090.0 9620942.162348486
6100.0 9358948.456710696
6110.0 9596041.351997433
6120.0 9325526.069038847
6130.0 9444863.363492904
6140.0 8927015.254332919
6150.0 9448425.638633858
6160.0 8684563.792464625
6170.0 8991594.860543562
6180.0 9451526.522393938
6190.0 9190667.795382561
6200.0 9446482.078857679
6210.0 9406626.965490734
6220.0 9194991.423534987
6230.0 9086935.856348097
6240.0 8951755.44491895
6250.0 8767140.415310862
6260.0 9136038.628349598
6270.0 9162497.409283211
6280.0 8927300.92906314
6290.0 9070736.67414966
6300.0 8906017.996945905
6310.0 9159601.534337757
6320.0 8791815.554485912
6330.0 9215853.204193477
6340.0 8801856.890561748
6350.0 9160176.01531804
6360.0 8859628.131525988
6370.0 9110493.50642577
6380.0 9029906.146744842
6390.0 8902108.349245211
6400.0 8730920.924041811
6410.0 8743700.981409557
6420.0 8717337.18670937
6430.0 8880704.469684225
6440.0 8612209.68418781
6450.0 8856049.43997458
6460.0 8458351.003516613
6470.0 8773303.043039812
6480.0 8777353.36752482
6490.0 8489802.145677099
6500.0 8277484.073655155
6510.0 8838687.854870386
6520.0 8754508.078431128
6530.0 8710259.84365257
6540.0 8645552.812603526
6550.0 8291413.673866289
6560.0 6836637.070631853
6570.0 7876978.833336868
6580.0 8487244.119789826
6590.0 8411217.426192142
6600.0 8598527.419341179
6610.0 8553353.736924987
6620.0 8607900.093693906
6630.0 8396033.818641692
6640.0 8462519.436098235
6650.0 8561964.407556128
6660.0 8422036.524136243
6670.0 8500074.112310313
6680.0 8385970.687905
6690.0 8483920.6027378
6700.0 8330226.219895961
6710.0 8184000.47889368
6720.0 8243111.435186401
6730.0 8332282.290723238
6740.0 8349337.595291996
6750.0 8228921.379226809
6760.0 8323025.046048549
6770.0 8157529.501009244
6780.0 8257014.544598991
6790.0 8192051.473563507
6800.0 8165085.82007619
6810.0 8116876.799941183
6820.0 8156107.587537552
6830.0 8128597.785396941
6840.0 7968128.009585828
6850.0 8128732.866080993
6860.0 7943140.780930275
6870.0 8094880.11142154
6880.0 8035997.267945761
6890.0 8023235.168686697
6900.0 8052769.026280827
6910.0 7946217.16859614
6920.0 7890535.387568111
6930.0 7927952.841346886
6940.0 7952274.271535812
6950.0 7834210.116703101
6960.0 7904220.762059605
6970.0 7875207.623184463
6980.0 7677570.255872923
6990.0 7846008.739247826
7000.0 7712319.498775815
7010.0 7718349.416242006
7020.0 7552822.281068907
7030.0 7680134.105638987
7040.0 7682608.170755633
7050.0 7723009.140701926
7060.0 7677088.341968398
7070.0 7600743.79535342
7080.0 7626405.269772584
7090.0 7565478.2968265
7100.0 7643197.152149638
7110.0 7502156.494256035
7120.0 7506286.201318588
7130.0 7370412.823667236
7140.0 7553747.223463684
7150.0 7288078.605141626
7160.0 7343521.174107392
7170.0 7448004.095964897
7180.0 7309580.896200126
7190.0 7096823.106905449
7200.0 7362859.784165144
7210.0 7168094.986458034
7220.0 7293036.564775366
7230.0 7379365.763209845
7240.0 7312270.376391584
7250.0 7293371.878243935
7260.0 7267688.462527375
7270.0 7326194.908517641
7280.0 7155057.100967517
7290.0 6948299.6407971885
7300.0 7202285.3455001945
7310.0 7093964.840076849
7320.0 7207311.678818747
7330.0 6999368.619336594
7340.0 7194966.057965625
7350.0 7156744.784384928
7360.0 7028483.622664221
7370.0 7137351.195344051
7380.0 7108909.948088426
7390.0 6772927.784489697
7400.0 6994270.941572601
7410.0 6721808.651573262
7420.0 6673588.153503063
7430.0 7035148.114083323
7440.0 6925995.928088335
7450.0 6805783.857186381
7460.0 6923087.906705562
7470.0 6954279.228389639
7480.0 6894735.444096256
7490.0 6816078.107588664
7500.0 6797933.943933984
7510.0 6642889.13663145
7520.0 6834519.940114194
7530.0 6783476.293632334
7540.0 6865215.756568342
7550.0 6806221.969444117
7560.0 6709840.781466584
7570.0 6702003.452854851
7580.0 6715468.434614003
7590.0 6660359.127202581
7600.0 6695729.980266307
7610.0 6710245.8438477665
7620.0 6478001.102393651
7630.0 6724631.62963716
7640.0 6702941.116750497
7650.0 6657065.079032246
7660.0 6181011.541587268
7670.0 6604437.40716491
7680.0 6576202.89724011
7690.0 6492621.980412532
7700.0 6545707.7878101375
7710.0 6425389.926565646
7720.0 6468526.247136865
7730.0 6495939.495338948
7740.0 6487153.279217533
7750.0 6275145.589247045
7760.0 6490315.152876232
7770.0 6439546.865430264
7780.0 6325131.561295186
7790.0 6416840.892979557
7800.0 6345573.598704094
7810.0 6341897.435145012
7820.0 6403438.759442304
7830.0 6200957.9795465125
7840.0 6276876.503381784
7850.0 6295764.4363344675
7860.0 6320886.439011638
7870.0 6330473.448558545
7880.0 6273620.7694055205
7890.0 6293232.310187894
7900.0 6235001.54803555
7910.0 6194928.211550405
7920.0 6141760.765810001
7930.0 6063087.133861815
7940.0 5911170.107471656
7950.0 6013213.5778123755
7960.0 6159380.070321374
7970.0 6145529.872566162
7980.0 6154554.945157951
7990.0 6132701.644596251
8000.0 5947626.558145606
8010.0 6097115.6858054465
8020.0 6092520.91114588
8030.0 5975033.086128487
8040.0 6035335.210346992
8050.0 5853601.049136015
8060.0 6028700.928983442
8070.0 5967954.616586997
8080.0 5938041.80890747
8090.0 5832306.577832487
8100.0 5875559.39859462
8110.0 5949734.898216673
8120.0 5945005.693205963
8130.0 5927989.274369018
8140.0 5903176.586546975
8150.0 5866748.231779333
8160.0 5849351.5576761365
8170.0 5855325.391516702
8180.0 5752233.022120846
8190.0 5732434.081620504
8200.0 5682560.271501174
8210.0 5576096.546820398
8220.0 5580856.181149806
8230.0 5636229.523368623
8240.0 5728976.2931642765
8250.0 5665839.662385713
8260.0 5731949.961206365
8270.0 5716094.544351114
8280.0 5706599.422567129
8290.0 5633729.347657061
8300.0 5660826.39106137
8310.0 5548652.305242032
8320.0 5606905.577368536
8330.0 5339297.17316337
8340.0 5521129.577539661
8350.0 5491842.0688458495
8360.0 5574765.557230022
8370.0 5540042.331353701
8380.0 5545489.586675662
8390.0 5341110.807611927
8400.0 5491082.2866490055
8410.0 5521889.87365377
8420.0 5431285.9138355395
8430.0 5441696.444708381
8440.0 5373599.491469624
8450.0 5445595.682885169
8460.0 5455485.887060485
8470.0 5286633.053615866
8480.0 5412999.933901502
8490.0 5402971.565103668
8500.0 4979694.528105047
8510.0 5249423.810193398
8520.0 5319004.962300807
8530.0 5253537.8080647765
8540.0 4378622.720645357
8550.0 5201952.912264204
8560.0 5245344.706585795
8570.0 5298935.360406767
8580.0 5243446.876864462
8590.0 5253897.931598151
8600.0 5160099.272205071
8610.0 5156266.396212606
8620.0 5183470.809396532
8630.0 5222935.514433847
8640.0 5158026.848949614
8650.0 5126782.73352616
8660.0 4374597.934694246
8670.0 4939974.483810941
8680.0 5080930.72965941
8690.0 4830880.600255014
8700.0 5043802.510929389
8710.0 5032361.560257532
8720.0 5079210.065918137
8730.0 5070276.593268057
8740.0 4851910.105090516
8750.0 4906373.411772223
8760.0 4915220.399004667
8770.0 4976486.738195671
8780.0 5051060.049103008
8790.0 4901604.206833121
8800.0 4989147.904913734
8810.0 4648482.482865255
8820.0 4862084.742279494
8830.0 5004651.858196871
8840.0 4889899.941974479
8850.0 4936297.434384448
8860.0 4803045.920185344
8870.0 4772229.602967856
8880.0 4892485.519694483
8890.0 4906568.32707946
8900.0 4928782.974910459
8910.0 4879894.8783242805
8920.0 4837755.592099652
8930.0 4801065.457234703
8940.0 4890217.843442939
8950.0 4800936.53300622
8960.0 4853422.754262905
8970.0 4812850.165325112
8980.0 4778697.61650291
8990.0 4798111.710993197
9000.0 4613843.958050515
9010.0 4490705.8213651525
9020.0 4550370.235175004
9030.0 4758859.296795147
9040.0 4763520.123199609
9050.0 4745379.050369878
9060.0 4615360.454094447
9070.0 4727626.622216026
9080.0 4648968.012908111
9090.0 4477252.820872443
9100.0 4608286.072047229
9110.0 4595277.263295818
9120.0 4638802.2780135395
9130.0 4677868.688197771
9140.0 4657320.1062912755
9150.0 4615784.929738169
9160.0 4619046.831568959
9170.0 4594593.238196613
9180.0 4596607.812879386
9190.0 4589485.828852239
9200.0 4561640.1504192455
9210.0 4398411.179174746
9220.0 4418751.923341049
9230.0 4193294.324669356
9240.0 4374992.841631141
9250.0 4437938.526643395
9260.0 4219986.753801075
9270.0 4491017.963398793
9280.0 4488498.585620915
9290.0 4423193.782505944
9300.0 4466995.258619133
9310.0 4461465.773610484
9320.0 4424329.271823396
9330.0 4433791.428800608
9340.0 4439073.218792111
9350.0 4395102.794632564
9360.0 4366834.7633932885
9370.0 4396069.540733342
9380.0 4384587.6478706105
9390.0 4359390.846038095
9400.0 4308727.443465261
9410.0 4012278.490019007
9420.0 4206866.18988711
9430.0 4259295.646311254
9440.0 4209509.180459972
9450.0 4281346.768435383
9460.0 4288173.950601975
9470.0 4308026.24016771
9480.0 4288261.343075149
9490.0 4267688.000175784
9500.0 4266859.148474639
9510.0 4231266.205722463
9520.0 4243056.32354099
9530.0 4186219.97238501
9540.0 4061770.040620495
9550.0 3937361.054851694
9560.0 4136713.829309653
9570.0 4142841.251408993
9580.0 4178828.0132768624
9590.0 4175060.5296257064
9600.0 4116462.9623447624
9610.0 4133333.3467372293
9620.0 4108003.37820153
9630.0 4078888.6545492825
9640.0 4086933.729611667
9650.0 4079017.367870821
9660.0 4015456.3543350366
9670.0 4107573.4737132736
9680.0 4069882.7503617792
9690.0 4056101.541403621
9700.0 4085938.2603349797
9710.0 4066924.259781966
9720.0 4069911.641482981
9730.0 4034577.8891986986
9740.0 3967759.2631151616
9750.0 3995284.528481108
9760.0 4000257.5279786573
9770.0 4008747.063258404
9780.0 3999612.214330134
9790.0 3981495.8056499874
9800.0 3974225.218311749
9810.0 3986588.1293148
9820.0 3966900.0585916974
9830.0 3955359.4708955227
9840.0 3945299.939547426
9850.0 3933590.378221106
9860.0 3923731.718989532
9870.0 3936014.7687861915
9880.0 3923767.931360712
9890.0 3845752.527727727
9900.0 3855551.0675556487
9910.0 3868579.805075323
9920.0 3893362.816900188
9930.0 3866741.631022682
9940.0 3825609.362748119
9950.0 3854050.784708904
9960.0 3853513.825900885
9970.0 3821659.074877904
9980.0 3839771.00715236
9990.0 3810346.3118942096
10010.0 3783405.990774863
10020.0 3806033.2639081473
10030.0 3762673.8199981702
10040.0 3679019.849078281
10050.0 3358313.462374673
10060.0 3660842.0345206405
10070.0 3705721.718365074
10080.0 3738468.61357917
10090.0 3733113.9561094115
10100.0 3695552.311433653
10110.0 3721806.874456119
10120.0 3683534.597067654
10130.0 3725285.9139115396
10140.0 3709549.46845502
10150.0 3620984.2180525283
10160.0 3618331.4760338278
10170.0 3672362.8921244233
10180.0 3601746.914406768
10190.0 3614485.730031793
10200.0 3636662.4825606295
10210.0 3618285.9738019654
10220.0 3555320.77290606
10230.0 3631065.6759281876
10240.0 3610916.6936075925
10250.0 3620988.4496435886
10260.0 3617519.7191585675
10270.0 3593974.992674051
10280.0 3590916.4709011205
10290.0 3536623.6796763893
10300.0 3568859.360042226
10310.0 3564174.4178875033
10320.0 3569596.3230751767
10330.0 3490973.7247014074
10340.0 3458573.787509167
10350.0 3523303.16337658
10360.0 3530096.500809581
10370.0 3405932.390708381
10380.0 3509283.529812754
10390.0 3514693.005455555
10400.0 3471222.4801582266
10410.0 3480918.9395089378
10420.0 3474481.3459284054
10430.0 3457472.102511779
10440.0 3475707.5940947356
10450.0 3445793.4862813624
10460.0 3331842.3136043204
10470.0 3388304.139831423
10480.0 3420925.463921544
10490.0 3432776.2840390224
10500.0 3415431.15106005
10510.0 3407292.755726312
10520.0 3393382.55225518
10530.0 3371402.2933597253
10540.0 3398214.9261075673
10550.0 3390440.737786579
10560.0 3386586.0944801797
10570.0 3346468.2269540206
10580.0 3267633.15460613
10590.0 3188381.873792193
10600.0 3248958.3544844133
10610.0 3335279.679646271
10620.0 3323543.2540622666
10630.0 3210307.5281713735
10640.0 3330017.435333421
10650.0 3321752.6154365847
10660.0 3202283.6058096206
10670.0 3292773.220540553
10680.0 3211761.4875285914
10690.0 2975294.7374895075
10700.0 3218456.006948879
10710.0 3198461.7327974536
10720.0 3227018.08142294
10730.0 3090404.687157439
10740.0 3238415.6958856015
10750.0 3092753.7775943084
10760.0 3242577.3671144694
10770.0 3214181.96804397
10780.0 3176146.329225477
10790.0 3100862.2658897676
10800.0 3182763.7527359705
10810.0 2960918.989208047
10820.0 3245124.83791721
10830.0 2950144.52387308
10840.0 3095213.1336513734
10850.0 3164083.1917999075
10860.0 3137058.6709160963
10870.0 2873773.490369941
10880.0 3091377.8926956803
10890.0 3057001.1111816177
10900.0 3131122.6522231614
10910.0 3075010.879320457
10920.0 3081587.110561295
10930.0 2980414.058901047
10940.0 2718769.535799926
10950.0 2986240.9910907806
10960.0 2965297.1873479234
10970.0 2993502.451824101
10980.0 2885626.156425236
10990.0 3062785.5222130297
11000.0 3067484.290242638
11010.0 3030180.634416164
11020.0 2884469.9358024443
11030.0 3035164.838705678
11040.0 3041690.560365363
11050.0 3016484.0033183424
11060.0 3021277.3304989324
11070.0 3027477.8803448468
11080.0 3019858.980326847
11090.0 3013871.873347008
11100.0 3001751.0531527447
11110.0 3002299.938121996
11120.0 2966088.702472578
11130.0 2929229.377952616
11140.0 2987954.5342685953
11150.0 2972468.493803659
11160.0 2963146.7154681366
11170.0 2969298.7983485535
11180.0 2947963.5787845254
11190.0 2842102.056869374
11200.0 2882146.540292586
11210.0 2936646.4289148264
11220.0 2943942.008188515
11230.0 2930234.6318780268
11240.0 2920473.027181938
11250.0 2726165.1037370167
11260.0 2872630.0117778345
11270.0 2914086.8251323346
11280.0 2897480.562287305
11290.0 2795327.3962401045
11300.0 2857401.6980470507
11310.0 2860741.540627344
11320.0 2879027.4488638947
11330.0 2826388.6439108243
11340.0 2856459.7902900977
11350.0 2849134.7877473785
11360.0 2847758.340080225
11370.0 2815725.4404050345
11380.0 2814691.5765676345
11390.0 2789990.082763681
11400.0 2758857.4049247922
11410.0 2794511.737550241
11420.0 2772609.252728216
11430.0 2808441.622472775
11440.0 2739705.6361930445
11450.0 2783795.5490061943
11460.0 2796224.8443832486
11470.0 2786366.0183321396
11480.0 2768942.7466254868
11490.0 2779470.0229284056
11500.0 2769204.762434058
11510.0 2775093.8627856695
11520.0 2742254.6319827894
11530.0 2759803.642451303
11540.0 2754655.4562648176
11550.0 2754465.470261896
11560.0 2748197.1855688877
11570.0 2741261.087911651
11580.0 2735512.5861441144
11590.0 2644230.434942424
11600.0 2715044.756655507
11610.0 2547053.9434913043
11620.0 2702820.957977375
11630.0 2688893.9618851347
11640.0 2624836.516864918
11650.0 2683082.9481438366
11660.0 2649042.843174325
11670.0 2650481.303841742
11680.0 2677586.622966537
11690.0 2599416.194211388
11700.0 2656782.304148842
11710.0 2664888.442333083
11720.0 2659407.23767763
11730.0 2653569.463949018
11740.0 2639488.138102344
11750.0 2517924.549135611
11760.0 2613137.18030401
11770.0 2604690.8923257515
11780.0 2536834.613039837
11790.0 2619055.4699919345
11800.0 2606247.4887514138
11810.0 2572686.338641475
11820.0 2578421.4465814275
11830.0 2371296.3070531115
11840.0 2551148.235564598
11850.0 2575589.407845505
11860.0 2577153.6071121343
11870.0 2573458.563820078
11880.0 2400578.8078274564
11890.0 2529322.9506489993
11900.0 2544965.413862313
11910.0 2562184.684133307
11920.0 2560036.528778928
11930.0 2554769.8113346854
11940.0 2546634.0083686295
11950.0 2514465.3612438296
11960.0 2516874.883137741
11970.0 2403550.119978582
11980.0 2366687.307671586
11990.0 2343389.5382650374
12000.0 2505414.294001857
12010.0 2490995.331732111
12020.0 2499350.5047400286
12030.0 2267288.8487633136
12040.0 2448762.0141405817
12050.0 2483193.708169571
12060.0 2478800.0216243095
12070.0 2464859.862751323
12080.0 2177272.4392507956
12090.0 2404594.2051002965
12100.0 2359949.0495876535
12110.0 2433508.363743644
12120.0 2447973.9106736453
12130.0 2449037.370690453
12140.0 2452014.718211759
12150.0 2438418.669397125
12160.0 2443909.7646168754
12170.0 2431711.5217375983
12180.0 2426528.966766948
12190.0 2413533.300275482
12200.0 2390157.3543649917
12210.0 2390618.783834953
12220.0 2408003.806097941
12230.0 2392504.8306185193
12240.0 2394069.3071477683
12250.0 2382391.7615112443
12260.0 2385346.283423841
12270.0 2295888.9647298595
12280.0 2380067.2173988167
12290.0 2381707.3004277144
12300.0 2371783.367770748
12310.0 2359485.2428484145
12320.0 2360440.016777352
12330.0 2349657.924210691
12340.0 2308373.402458067
12350.0 2334494.5700073536
12360.0 2272897.1889745276
12370.0 2327275.2503925464
12380.0 2342610.128326342
12390.0 2323080.9959436264
12400.0 2287590.4244499067
12410.0 2310468.5078781256
12420.0 2276966.8038556236
12430.0 2271193.678659119
12440.0 2314046.25954093
12450.0 2310234.214607481
12460.0 2298107.2637167703
12470.0 2279416.555346419
12480.0 2294511.6628781003
12490.0 2288434.3038966814
12500.0 2280447.229540834
12510.0 2228610.6277383007
12520.0 2182958.221587815
12530.0 2236020.917486378
12540.0 2265244.883574598
12550.0 2259522.0792013523
12560.0 2228170.735587238
12570.0 2255622.934811395
12580.0 2219167.8329082327
12590.0 2241179.670176081
12600.0 2237407.5517339827
12610.0 2202814.708732129
12620.0 2225294.6124845208
12630.0 2229114.650299924
12640.0 2167301.8705636975
12650.0 2203003.455806435
12660.0 2213290.0871376256
12670.0 2209200.301930442
12680.0 2188150.9946066914
12690.0 2203523.346736947
12700.0 2194217.285945591
12710.0 2177673.1242267755
12720.0 2195503.7839330714
12730.0 2188865.590025912
12740.0 2171355.960010893
12750.0 2180392.159450968
12760.0 2174911.9214732978
12770.0 2165383.5976100992
12780.0 2156350.8385945084
12790.0 2134972.4205683623
12800.0 2103016.737448189
12810.0 1995582.9768917947
12820.0 1786489.5826815588
12830.0 2044031.134045194
12840.0 2100317.3578839237
12850.0 2121774.608606628
12860.0 2128330.3006984284
12870.0 2123483.1081509306
12880.0 2113461.194319547
12890.0 2125844.2185463007
12900.0 2067920.8116158196
12910.0 2107689.9894866273
12920.0 2101703.0144514143
12930.0 2100634.780074352
12940.0 2097565.381886826
12950.0 2098234.8851427184
12960.0 2084847.3095522514
12970.0 2068388.7446570243
12980.0 2068653.0523606462
12990.0 2083165.4555149698
13000.0 2077649.6667021613
13010.0 2079602.204267755
13020.0 2076463.6810818645
13030.0 2042687.969120901
13040.0 2053542.950592773
13050.0 2057492.478707456
13060.0 2035814.9492042984
13070.0 2052431.791404648
13080.0 2055695.9529216674
13090.0 2044995.9386399752
13100.0 2024425.2478258964
13110.0 2043540.3610539816
13120.0 1899911.8995024106
13130.0 2011938.0574137352
13140.0 2020262.697009449
13150.0 1914356.6442788679
13160.0 2016534.2181535831
13170.0 2022331.366339185
13180.0 1957715.824302933
13190.0 2012913.75039778
13200.0 2002435.7176147713
13210.0 1991965.383381858
13220.0 2003096.1270931028
13230.0 2003323.1030487043
13240.0 2001244.1077574252
13250.0 1987878.8927637509
13260.0 1981212.6777405469
13270.0 1978509.3613450523
13280.0 1971012.7309846813
13290.0 1913847.0380098987
13300.0 1967032.850365268
13310.0 1967701.2137901464
13320.0 1906057.8401777695
13330.0 1958354.0373186057
13340.0 1959946.247660713
13350.0 1934466.59790796
13360.0 1956350.5112605568
13370.0 1945592.2117613216
13380.0 1943373.708120976
13390.0 1891489.1881211684
13400.0 1931915.2737694462
13410.0 1934827.0428817128
13420.0 1926682.4796024545
13430.0 1925123.3714124253
13440.0 1930515.6528241148
13450.0 1916267.2662054207
13460.0 1912110.408130245
13470.0 1917910.1564476024
13480.0 1911776.0074418925
13490.0 1902883.2540090221
13500.0 1882065.9168799832
13510.0 1908444.1236721524
13520.0 1897750.3836734707
13530.0 1898836.8386506864
13540.0 1896661.836690938
13550.0 1863373.6766384086
13560.0 1857389.402662109
13570.0 1858464.5541973272
13580.0 1881728.0001821232
13590.0 1868336.1991280974
13600.0 1858434.9472669736
13610.0 1873949.1110501618
13620.0 1866994.1057376382
13630.0 1837688.8590225577
13640.0 1850744.6936268695
13650.0 1856728.3896108365
13660.0 1854080.180654296
13670.0 1836175.7560792933
13680.0 1821004.9383024867
13690.0 1835187.852114566
13700.0 1817749.8249750629
13710.0 1826739.298659773
13720.0 1813282.5935562695
13730.0 1796678.1331906163
13740.0 1809662.2417483889
13750.0 1822446.0838109863
13760.0 1784198.7391807833
13770.0 1813992.881439122
13780.0 1808880.7530959183
13790.0 1813835.3679389225
13800.0 1805174.9520450602
13810.0 1805058.4216416092
13820.0 1786714.381282569
13830.0 1786777.7478386762
13840.0 1800759.9733378678
13850.0 1777167.686585079
13860.0 1770120.9354215148
13870.0 1783158.6993669546
13880.0 1786585.1128224162
13890.0 1779912.6700366621
13900.0 1744242.0363936906
13910.0 1777083.0313802382
13920.0 1770643.304522238
13930.0 1769772.1899684353
13940.0 1755645.6885057131
13950.0 1744156.8390891915
13960.0 1758192.5834421325
13970.0 1758685.565279011
13980.0 1751195.5240173365
13990.0 1739650.6955279056
14000.0 1691681.154637323
14010.0 1706252.1924126656
14020.0 1743146.8729475602
14030.0 1712689.2305351386
14040.0 1732292.9351562925
14050.0 1737376.6463001254
14060.0 1726612.44675773
14070.0 1719739.5667630786
14080.0 1702316.3469273716
14090.0 1721167.6854752551
14100.0 1716309.3295007593
14110.0 1674383.2022736818
14120.0 1673131.418792157
14130.0 1660577.3159069445
14140.0 1704337.594802978
14150.0 1702577.9958684389
14160.0 1678743.6487942606
14170.0 1697241.473506001
14180.0 1680441.3935254468
14190.0 1690195.4000211214
14200.0 1667879.419235953
14210.0 1663823.6898420632
14220.0 1647520.2690477201
14230.0 1675250.1992783255
14240.0 1594824.6075841794
14250.0 1644338.719951143
14260.0 1630321.9692020002
14270.0 1619243.176817226
14280.0 1646442.4104930556
14290.0 1552336.0806271692
14300.0 1650175.631393435
14310.0 1626213.2042312
14320.0 1646964.1024665346
14330.0 1652864.7355332002
14340.0 1647885.8336293716
14350.0 1640872.2274346317
14360.0 1640148.6959371623
14370.0 1642626.124427206
14380.0 1637548.3291243261
14390.0 1632013.007271305
14400.0 1482549.0791032927
14410.0 1624748.491903717
14420.0 1577070.1510335493
14430.0 1598848.214725276
14440.0 1575768.6122437993
14450.0 1618944.7399472566
14460.0 1599057.24289038
14470.0 1606910.6845329844
14480.0 1577368.9517165073
14490.0 1594266.686351592
14500.0 1556859.6071341294
14510.0 1515787.8253070477
14520.0 1578069.3023298401
14530.0 1588546.9954476636
14540.0 1521377.6156662253
14550.0 1543181.7823536908
14560.0 1553591.1808351835
14570.0 1541799.299217809
14580.0 1585308.1535760344
14590.0 1556518.3140642853
14600.0 1559974.5460306813
14610.0 1574207.871465348
14620.0 1552713.7711412294
14630.0 1558484.4757431583
14640.0 1541999.7252498756
14650.0 1456408.6398186681
14660.0 1560870.8235955494
14670.0 1557295.7071763268
14680.0 1553335.7260054694
14690.0 1536802.0903416194
14700.0 1496166.4939419187
14710.0 1528049.807319081
14720.0 1490746.717570616
14730.0 1545781.1790440446
14740.0 1533174.7882489644
14750.0 1474405.0548663605
14760.0 1529210.278146968
14770.0 1519482.8240888992
14780.0 1498441.521701853
14790.0 1528289.9983477928
14800.0 1524748.5888682215
14810.0 1503037.5919428905
14820.0 1514061.1124862363
14830.0 1451678.6061465603
14840.0 1504012.3048875714
14850.0 1497422.6373758684
14860.0 1483513.339587965
14870.0 1413493.1475592337
14880.0 1191069.8114205776
14890.0 1482103.8340200314
14900.0 1470354.5910022533
14910.0 1472214.0828900516
14920.0 1494183.3794831885
14930.0 1493057.174289408
14940.0 1483943.948288681
14950.0 1483775.369846173
14960.0 1437668.9812173315
14970.0 1462802.9986892757
14980.0 1458726.8732153745
14990.0 1451672.0794552132
15000.0 1472359.4800830253
15010.0 1438933.7097615
15020.0 1311155.4628614984
15030.0 1322958.8432697635
15040.0 1246774.9969143318
15050.0 1279627.489762578
15060.0 1448357.6024617658
15070.0 1458176.7367692525
15080.0 1428622.3385317512
15090.0 1439665.3521090434
15100.0 1429422.0231658022
15110.0 1452734.2398975636
15120.0 1409787.6938671877
15130.0 1446593.4810953357
15140.0 1411025.6246281194
15150.0 1443280.4286729966
15160.0 1411266.6465585849
15170.0 1433993.2304455945
15180.0 1423188.3681228063
15190.0 1432122.2911115757
15200.0 1410505.4873246353
15210.0 1376992.9302483383
15220.0 1364313.9609930918
15230.0 1407931.5301630574
15240.0 1390709.8214249993
15250.0 1412206.947060693
15260.0 1401455.398824977
15270.0 1415211.7096748361
15280.0 1408528.305349564
15290.0 1316480.7605136323
15300.0 1374825.5879393597
15310.0 1402149.0021574239
15320.0 1390316.5226325123
15330.0 1393381.2706583657
15340.0 1352585.3222956154
15350.0 1391990.9896346927
15360.0 1391372.1687784928
15370.0 1390029.638162641
15380.0 1333936.4591049969
15390.0 1352250.5666177704
15400.0 1333064.087969063
15410.0 1379878.1637492522
15420.0 1351316.8610623558
15430.0 1374468.1033921337
15440.0 1374202.6249487204
15450.0 1369698.6142527685
15460.0 1368736.6828541402
15470.0 1355152.8869321952
15480.0 1342000.9798720216
15490.0 1347478.1422363373
15500.0 1332738.475023496
15510.0 1350171.8409529303
15520.0 1345731.4640155395
15530.0 1318856.4753361982
15540.0 1321956.9894482107
15550.0 1339129.1070866664
15560.0 1297250.5633218044
15570.0 1329847.6865624185
15580.0 1337240.1969610092
15590.0 1279779.414325768
15600.0 1329169.2941713512
15610.0 1332272.3876814237
15620.0 1273090.3402301949
15630.0 1280894.4495425925
15640.0 1316421.3737412996
15650.0 1301870.5316879337
15660.0 1277920.6300776668
15670.0 1288721.6153322456
15680.0 1294907.900905516
15690.0 1259079.0109245086
15700.0 1300939.2037421032
15710.0 1303191.796828279
15720.0 1263609.4027482276
15730.0 1292934.143192872
15740.0 1190150.3981741443
15750.0 1158277.586015169
15760.0 1232134.3009215803
15770.0 1072599.7622039253
15780.0 1286420.141720674
15790.0 1276052.9142427696
15800.0 1279058.1487115184
15810.0 1282169.5401930523
15820.0 1182726.1425240606
15830.0 1250368.4745535415
15840.0 1257516.1530449274
15850.0 1261531.4943728049
15860.0 1251167.4534038184
15870.0 1220171.407338023
15880.0 1188968.7453881612
15890.0 1105932.6935022983
15900.0 1207522.7820777018
15910.0 1193760.1499688418
15920.0 1248516.3638895242
15930.0 1243668.987277932
15940.0 1242815.170612822
15950.0 1228954.6327200646
15960.0 1139595.8448599547
15970.0 1241337.6736988975
15980.0 1223392.361554957
15990.0 1247358.9117292156
16000.0 1235833.0373626498
16010.0 1192944.1017757806
16020.0 1230489.2004629471
16030.0 1239826.5341090043
16040.0 1191650.9615906696
16050.0 1225873.6664686715
16060.0 1177955.8994081572
16070.0 1207423.5967748687
16080.0 1219049.5451329697
16090.0 1163213.2469431304
16100.0 1140102.042972431
16110.0 1196289.9069313414
16120.0 1191676.6766201572
16130.0 1188013.7243463206
16140.0 1187629.2842404647
16150.0 1163659.0487081392
16160.0 1135187.4290158711
16170.0 1190067.7141405693
16180.0 1186972.6223051846
16190.0 1183611.3159325938
16200.0 1123480.2873753349
16210.0 1178882.452006988
16220.0 1185617.2504953656
16230.0 1175442.9700660591
16240.0 1164830.38752018
16250.0 1191248.4639948811
16260.0 1190469.4822024326
16270.0 1188746.965299687
16280.0 1186422.0839832956
16290.0 1172391.0740683868
16300.0 1176646.865641744
16310.0 1168049.7565138908
16320.0 1136921.8360017953
16330.0 1155099.6539579188
16340.0 1168608.693254463
16350.0 1160604.425815476
16360.0 1127249.9488303
16370.0 1135526.3526981287
16380.0 1054712.5157232306
16390.0 1107836.8307616836
16400.0 1094116.860398779
16410.0 1100642.618472853
16420.0 1120843.690454069
16430.0 1127785.4870600891
16440.0 1088560.3785124673
16450.0 1121109.832733901
16460.0 1148610.759667872
16470.0 1122103.337616655
16480.0 1130956.333055466
16490.0 1077803.8254254626
16500.0 1135432.2694063017
16510.0 1126498.7488573522
16520.0 1115665.2884823845
16530.0 1127836.8882038381
16540.0 1101542.6629939128
16550.0 1110340.440317345
16560.0 1093270.4391961999
16570.0 1114933.387691505
16580.0 1113710.7057210547
16590.0 1101426.6528191874
16600.0 1114910.829451322
16610.0 1107215.0030352543
16620.0 1102158.795981214
16630.0 1089985.0303541324
16640.0 1095799.8783083335
16650.0 1063393.4259869775
16660.0 1094376.015921136
16670.0 1075205.5398004916
16680.0 1059064.5530153054
16690.0 1090783.6378831386
16700.0 1090558.840285408
16710.0 1078027.781337458
16720.0 1021539.9325850374
16730.0 1076062.4438087465
16740.0 1071859.7634485222
16750.0 991947.1852837113
16760.0 1042313.7172604635
16770.0 1059807.2891887564
16780.0 1046428.4917420426
16790.0 1033556.8404392656
16800.0 1014250.8465055453
16810.0 1005079.8971587687
16820.0 994160.2317084548
16830.0 1026703.9217706041
16840.0 1040615.4052184391
16850.0 1045653.7977160361
16860.0 1029933.7122763733
16870.0 1036175.3390074921
16880.0 1041006.0688779827
16890.0 1008611.4470771477
16900.0 1015964.8519417065
16910.0 1040830.978611712
16920.0 1042256.0667407393
16930.0 1035965.5861551454
16940.0 1040129.585364211
16950.0 1035604.6866953258
16960.0 1030339.1400755473
16970.0 1016621.6198196759
16980.0 1023588.93097196
16990.0 1013962.0493570003
17000.0 992861.070472539
17010.0 983815.4775876817
17020.0 1013654.3641563198
17030.0 1013935.6300028263
17040.0 1017189.3404882174
17050.0 1013177.1690247768
17060.0 1005629.9082473891
17070.0 1002273.6481320121
17080.0 1006721.2284727644
17090.0 991134.9191427828
17100.0 990160.2668803731
17110.0 863658.7084506608
17120.0 990865.4758430752
17130.0 995141.6497372462
17140.0 996197.6049604887
17150.0 993541.7130530848
17160.0 976095.6037323258
17170.0 990484.4861519933
17180.0 986818.1162905131
17190.0 983755.2974234408
17200.0 974060.9072524015
17210.0 976271.5781854305
17220.0 963023.4584335878
17230.0 909499.3075277301
17240.0 971076.9601741331
17250.0 966122.5656721427
17260.0 969171.7721671911
17270.0 952931.6035389809
17280.0 948144.9792121194
17290.0 957548.7997883314
17300.0 940681.1720634792
17310.0 948727.2031496683
17320.0 926528.892700039
17330.0 850561.7561518344
17340.0 886163.0428382335
17350.0 902183.3940178007
17360.0 870041.6904302306
17370.0 887370.9491440147
17380.0 908758.5818227677
17390.0 912918.1849027138
17400.0 920983.6144243215
17410.0 896631.7313557107
17420.0 924192.0607693966
17430.0 923126.2897280211
17440.0 932032.4142225874
17450.0 911557.4040048146
17460.0 908906.7032714041
17470.0 868110.0596042899
17480.0 923891.75028011
17490.0 925920.6632436765
17500.0 913871.5401768793
17510.0 901300.167831113
17520.0 918189.6377471674
17530.0 918229.8590039036
17540.0 914903.7213655589
17550.0 903313.3402145635
17560.0 908646.8705155324
17570.0 913509.8045173625
17580.0 906058.0670941907
17590.0 909393.4725203204
17600.0 899357.3731200246
17610.0 889468.6418383194
17620.0 849381.4672283637
17630.0 900533.2420358049
17640.0 866087.7105276113
17650.0 898229.16222738
17660.0 882595.3480106228
17670.0 885143.7100628325
17680.0 860539.8965922894
17690.0 888502.6524367362
17700.0 882021.7716043178
17710.0 875036.4865919919
17720.0 846898.3748835475
17730.0 878579.7436618165
17740.0 876103.3835847364
17750.0 872008.7482411668
17760.0 864128.9907934903
17770.0 847411.0316877831
17780.0 869905.2916424043
17790.0 866243.9090209819
17800.0 868919.7472490319
17810.0 861819.8286600605
17820.0 861588.2248531331
17830.0 862256.6158355006
17840.0 852680.9449991086
17850.0 849336.5110311422
17860.0 851107.0288148897
17870.0 854866.5435396818
17880.0 858448.8577451869
17890.0 856441.0443375288
17900.0 855743.3097293158
17910.0 851608.7989646915
17920.0 848251.3944764606
17930.0 830829.9616466935
17940.0 828878.6387244234
17950.0 846580.4772741697
17960.0 843740.3237559523
17970.0 838533.4040431402
17980.0 836174.4818929518
17990.0 836852.0665885643
18000.0 831413.157233257
18010.0 833144.5719639359
18020.0 824735.7809337868
18030.0 815926.0318251362
18040.0 828039.572471983
18050.0 820590.4822670028
18060.0 822307.7312350877
18070.0 820009.0066477824
18080.0 807009.731449016
18090.0 814056.8922610962
18100.0 803617.1223908454
18110.0 805399.2326749677
18120.0 805313.7620187318
18130.0 803373.7142993365
18140.0 793522.130541478
18150.0 777020.3289913102
18160.0 751484.1650036403
18170.0 717524.5830431612
18180.0 730014.361829056
18190.0 764806.5287431543
18200.0 779583.4195445465
18210.0 787173.9819640806
18220.0 762630.4949629607
18230.0 786702.0013368719
18240.0 790899.9087001324
18250.0 791488.6241310091
18260.0 793027.0231754074
18270.0 791054.4504210353
18280.0 774480.6197615948
18290.0 787439.0004991398
18300.0 783827.487301261
18310.0 787044.1575490423
18320.0 771483.4573858496
18330.0 786204.7660445434
18340.0 780113.956387963
18350.0 778236.5657463425
18360.0 775062.1995854925
18370.0 746110.2801698078
18380.0 766600.0458300465
18390.0 771171.3850104695
18400.0 767641.0255944851
18410.0 752064.2451772117
18420.0 719399.6031509013
18430.0 755971.0408332432
18440.0 763196.3774454041
18450.0 760747.0348266988
18460.0 759737.4339531757
18470.0 732212.1445293606
18480.0 761591.3604736609
18490.0 759360.2510537831
18500.0 758163.5053875772
18510.0 757388.972642703
18520.0 744281.8745218125
18530.0 747072.9631115821
18540.0 752826.430587944
18550.0 717394.4349820915
18560.0 741624.7622952621
18570.0 749517.7275025186
18580.0 727948.6457922613
18590.0 743802.7507910329
18600.0 743689.6667781523
18610.0 737007.7435420689
18620.0 736612.5566220355
18630.0 734393.3976977883
18640.0 734137.2205281414
18650.0 732454.2414938515
18660.0 719671.7676310347
18670.0 730713.5306385556
18680.0 722361.9553452614
18690.0 723507.9064845362
18700.0 720105.5164370674
18710.0 711868.1498123796
18720.0 676343.6272458573
18730.0 689459.8651130626
18740.0 666255.482312632
18750.0 536466.037534761
18760.0 638940.3289997767
18770.0 666099.3914074937
18780.0 695923.624459839
18790.0 700574.4684210896
18800.0 707164.8063301633
18810.0 709411.3505726419
18820.0 703246.3406771006
18830.0 709455.4016403032
18840.0 700156.8967992591
18850.0 698982.1636792257
18860.0 674720.4715495375
18870.0 702226.4264277791
18880.0 688296.6242061935
18890.0 691310.683876189
18900.0 661039.1226850463
18910.0 675993.8265733037
18920.0 674302.86096603
18930.0 669526.3829806736
18940.0 683397.9860203642
18950.0 688935.5135940858
18960.0 678360.1841884237
18970.0 682416.6040215439
18980.0 691548.9234983979
18990.0 670535.276305219
19000.0 686789.8966128209
19010.0 687436.6512732496
19020.0 687717.0494702085
19030.0 665939.7954091952
19040.0 682705.7373302028
19050.0 676179.1357828982
19060.0 682015.889161552
19070.0 682581.6552347773
19080.0 673474.2860919868
19090.0 679413.1770118005
19100.0 676272.1441522874
19110.0 658768.192163371
19120.0 663798.7769496304
19130.0 673541.8089497734
19140.0 667686.5857144651
19150.0 669550.599074048
19160.0 665520.8545061557
19170.0 667365.9306961735
19180.0 666345.1832150363
19190.0 640792.7493658476
19200.0 651494.7704925364
19210.0 656178.27835487
19220.0 659297.4214461829
19230.0 661165.1512200731
19240.0 659670.5716125809
19250.0 655064.9401505179
19260.0 650223.4433816163
19270.0 648305.4615880528
19280.0 640942.0086603045
19290.0 652147.5224181904
19300.0 649697.8066073649
19310.0 626791.8649973933
19320.0 648608.9183188668
19330.0 646609.2262294017
19340.0 626510.2555951118
19350.0 643710.6265764952
19360.0 643422.6791007285
19370.0 641427.2463619364
19380.0 636535.0078313778
19390.0 613748.0040679993
19400.0 625607.2150962654
19410.0 624113.8472876742
19420.0 613886.2418210576
19430.0 569093.6197767601
19440.0 558075.7508422295
19450.0 530472.9651928088
19460.0 591439.8003566321
19470.0 602761.7415863179
19480.0 607494.6899282424
19490.0 593135.5534199473
19500.0 616860.6711555093
19510.0 577171.8828347448
19520.0 623632.2141126214
19530.0 618535.8549650107
19540.0 613421.5630801482
19550.0 622473.6652840201
19560.0 621730.0338177513
19570.0 619891.6517549164
19580.0 614398.229278722
19590.0 613393.2119865642
19600.0 611501.6358625073
19610.0 604541.3536569799
19620.0 606230.6302578901
19630.0 594547.7154740327
19640.0 606455.2057418381
19650.0 613333.2290468508
19660.0 611733.8058751421
19670.0 610786.6967691748
19680.0 608927.9208686826
19690.0 607595.6987626988
19700.0 607088.2380915261
19710.0 604742.675745434
19720.0 564559.3282172618
19730.0 589997.806186348
19740.0 599050.7957273093
19750.0 600570.4013686925
19760.0 599060.4034683357
19770.0 597622.7038891705
19780.0 557498.6677909074
19790.0 585725.021122587
19800.0 595842.6715611157
19810.0 593834.6618782982
19820.0 592859.5075071157
19830.0 593560.8687628328
19840.0 592282.4527637758
19850.0 556879.2900550938
19860.0 565059.4203162909
19870.0 586613.4804138802
19880.0 586267.689707195
19890.0 587322.6087985276
19900.0 585900.3081827845
19910.0 583632.8224617606
19920.0 578507.3773464506
19930.0 550736.4449829562
19940.0 579659.2053071951
19950.0 578114.198245091
19960.0 569606.9340596631
19970.0 559479.561414126
19980.0 574780.9340577305
19990.0 576455.2660787654
20010.0 572702.8294120753
20020.0 562649.0974649386
20030.0 567888.2781479512
20040.0 566628.1915569952
20050.0 555525.0972673919
20060.0 567332.5757093129
20070.0 563497.6861210769
20080.0 565226.2492616165
20090.0 559669.5048158794
20100.0 564587.7567096903
20110.0 562992.0188998203
20120.0 563067.0973966512
20130.0 560232.1281674659
20140.0 555227.8310095213
20150.0 558641.1860433108
20160.0 558886.9131072968
20170.0 556543.1521685091
20180.0 556746.6233995938
20190.0 552692.866332045
20200.0 549511.8494368562
20210.0 535673.9426022619
20220.0 550875.8357263345
20230.0 544572.8607024677
20240.0 545673.9978265595
20250.0 548772.2266547271
20260.0 542849.1072774349
20270.0 543207.0799658856
20280.0 542735.1243913411
20290.0 542228.320668806
20300.0 511018.3429105358
20310.0 542870.948001869
20320.0 542189.299498543
20330.0 540329.1893502449
20340.0 523799.63725075964
20350.0 533786.2435857827
20360.0 536529.3816194137
20370.0 533615.9112612812
20380.0 511373.01215796557
20390.0 535407.6346518601
20400.0 530127.6388580989
20410.0 523861.86993346864
20420.0 531145.457676085
20430.0 531902.6426604498
20440.0 531313.2389434286
20450.0 528659.9063798215
20460.0 529568.6852655566
20470.0 526356.2655266064
20480.0 527496.6668342488
20490.0 526720.1693418684
20500.0 526010.4333015606
20510.0 522892.1564694526
20520.0 517251.15065675497
20530.0 520954.99399472843
20540.0 517446.26824503817
20550.0 520505.9438898431
20560.0 519912.8800771248
20570.0 518100.0171027652
20580.0 517240.04504620907
20590.0 510296.1940362227
20600.0 487206.9936097954
20610.0 512601.12369580957
20620.0 511352.7476006268
20630.0 453070.5419520998
20640.0 508145.4769419616
20650.0 510871.7828085072
20660.0 508928.1493435547
20670.0 501231.3267498365
20680.0 503948.2947287109
20690.0 505202.4936199131
20700.0 483648.8992232626
20710.0 501361.8983032692
20720.0 499402.919789356
20730.0 503208.90719551814
20740.0 499545.1055469255
20750.0 501314.3739722829
20760.0 493308.59320853883
20770.0 492227.2028312699
20780.0 498081.89405047835
20790.0 498999.65378607775
20800.0 493328.61487171723
20810.0 496887.5866422672
20820.0 493874.2663549982
20830.0 485173.85927119845
20840.0 481915.9801268131
20850.0 491288.83128928585
20860.0 492115.53292576206
20870.0 490344.54442795727
20880.0 487829.54643974267
20890.0 486992.0384076852
20900.0 489432.2006496237
20910.0 483820.4130367433
20920.0 450213.72015516035
20930.0 483308.4191068183
20940.0 485759.55271030765
20950.0 485331.19654667005
20960.0 480410.35028165183
20970.0 481246.8143645867
20980.0 480695.9680393033
20990.0 479825.0719661013
21000.0 482082.30567641754
21010.0 475743.8495949899
21020.0 471723.6030094078
21030.0 479094.1706044406
21040.0 478862.5311286141
21050.0 477743.28541695635
21060.0 474154.32967789867
21070.0 470540.026012382
21080.0 473621.14742993267
21090.0 460866.3410990513
21100.0 471568.5243189124
21110.0 470959.53738259635
21120.0 470322.27047366457
21130.0 470207.60744641494
21140.0 465878.32494345045
21150.0 468502.42659343424
21160.0 446835.7381776533
21170.0 463576.4274176619
21180.0 463256.59975430934
21190.0 449525.1698672951
21200.0 461116.779555611
21210.0 456195.53869326063
21220.0 458151.5172637531
21230.0 453160.97562330286
21240.0 456321.1937992349
21250.0 459901.9999697922
21260.0 446858.636447129
21270.0 457048.3923189853
21280.0 455980.1474045935
21290.0 456378.47199427034
21300.0 454138.0857757232
21310.0 456674.1689106185
21320.0 453498.1612126176
21330.0 454850.01278585807
21340.0 453292.323750873
21350.0 431686.9337049222
21360.0 447322.10307542223
21370.0 451371.64137194323
21380.0 450980.6389396906
21390.0 448830.66574853344
21400.0 449486.4715354641
21410.0 448624.83622651274
21420.0 448250.1901778037
21430.0 444005.7833291079
21440.0 444596.04735138157
21450.0 443076.92132081976
21460.0 441355.6163145367
21470.0 443931.64525213395
21480.0 443011.743121243
21490.0 441224.5499245957
21500.0 441402.5657937056
21510.0 440325.75032855826
21520.0 437454.2836743752
21530.0 436831.2759741686
21540.0 436404.7371057345
21550.0 436103.27709537535
21560.0 435686.0365323717
21570.0 434215.83607504214
21580.0 433011.6751636921
21590.0 429770.522696159
21600.0 428956.8788807033
21610.0 424286.64352550486
21620.0 421461.61675112654
21630.0 415529.19821237016
21640.0 402811.28826265386
21650.0 370542.7068855377
21660.0 368168.2938399265
21670.0 397887.43070304603
21680.0 410198.27579770144
21690.0 413475.6108805346
21700.0 417988.5345825569
21710.0 418970.4465804554
21720.0 420857.32712630054
21730.0 421306.49609954265
21740.0 419356.6334974429
21750.0 419153.69919945154
21760.0 416190.613200095
21770.0 418352.01561716775
21780.0 389056.3744600002
21790.0 416925.3305882469
21800.0 419482.21400451276
21810.0 418183.3139181637
21820.0 397069.90289409505
21830.0 416570.6201357546
21840.0 416515.59560482
21850.0 416079.1394492314
21860.0 415002.66135665606
21870.0 409094.0614448886
21880.0 385340.28977423307
21890.0 410837.98263222695
21900.0 409540.821750833
21910.0 411972.0253844132
21920.0 411657.6570727737
21930.0 410699.3366296305
21940.0 407544.1142604667
21950.0 409092.1398145742
21960.0 408861.9734590975
21970.0 408014.51509266614
21980.0 407508.85458650196
21990.0 405761.5618501986
22000.0 405458.76025616936
22010.0 404657.2159830207
22020.0 404413.99249047454
22030.0 401931.8270773984
22040.0 400160.27943691623
22050.0 400851.36962383246
22060.0 360211.2876326904
22070.0 394504.6233620455
22080.0 391591.2270393846
22090.0 399868.82834408735
22100.0 398305.84748167987
22110.0 396795.03292864794
22120.0 397593.831039065
22130.0 397798.52543144015
22140.0 397118.6375525869
22150.0 396141.44735867134
22160.0 387055.8747236661
22170.0 389619.6498759893
22180.0 393862.8624563554
22190.0 394128.00286516675
22200.0 393188.23066302773
22210.0 392356.0059129315
22220.0 392096.3353419644
22230.0 391036.07513125706
22240.0 390110.0810132219
22250.0 389877.94817539264
22260.0 381330.3630581553
22270.0 388284.10549974657
22280.0 385334.6351441132
22290.0 387505.61237750953
22300.0 385033.13674789906
22310.0 385735.9490443142
22320.0 385116.6885407295
22330.0 384976.6221657927
22340.0 383483.1478370526
22350.0 383691.49430691655
22360.0 383191.9247212516
22370.0 382202.82219860033
22380.0 373582.6271526711
22390.0 378024.71934235236
22400.0 380786.55875118996
22410.0 379637.4452203146
22420.0 375624.0591990442
22430.0 378239.42016678414
22440.0 377505.6342550144
22450.0 377331.9700293372
22460.0 376834.2388501508
22470.0 366022.9942380787
22480.0 374373.1762808234
22490.0 374284.52499205084
22500.0 374379.4803416337
22510.0 371544.002535047
22520.0 370504.71107641916
22530.0 369660.0863712065
22540.0 354246.53775330045
22550.0 366656.8190140711
22560.0 367777.94852022594
22570.0 368937.95740297757
22580.0 368815.94318709266
22590.0 368856.61600681907
22600.0 367998.3657936752
22610.0 364788.3124051802
22620.0 355870.82594544534
22630.0 364388.6563405307
22640.0 364080.9636068267
22650.0 360473.2578101113
22660.0 363915.6063758269
22670.0 363353.9202481956
22680.0 363244.00673219725
22690.0 362197.56796292815
22700.0 361896.8422729574
22710.0 354384.0347857176
22720.0 360561.34435332404
22730.0 360257.04070175905
22740.0 355116.4438693759
22750.0 357929.79358491756
22760.0 357634.81570789276
22770.0 357858.61409874615
22780.0 356570.2733528753
22790.0 354836.3420395587
22800.0 350789.03319006535
22810.0 324709.56393302325
22820.0 350709.73214402446
22830.0 352639.22740819043
22840.0 353563.61276457756
22850.0 352312.9091376491
22860.0 350324.0220011444
22870.0 351676.4414975103
22880.0 351540.9175062007
22890.0 350256.5496381366
22900.0 350773.379801843
22910.0 346996.62687769165
22920.0 349144.2050837711
22930.0 344487.24951997155
22940.0 346120.24032330303
22950.0 345902.5377814179
22960.0 340690.641532672
22970.0 342216.5515469591
22980.0 345151.92798316275
22990.0 344389.33072894876
23000.0 344204.85992130864
23010.0 344016.473518999
23020.0 343336.25127851404
23030.0 343043.6735748552
23040.0 341987.1021123023
23050.0 341556.59695385734
23060.0 341631.45798445115
23070.0 340906.7655219015
23080.0 340585.83914427453
23090.0 339856.99921047065
23100.0 339569.70535613474
23110.0 338865.817833305
23120.0 338290.9375093216
23130.0 337340.41730003717
23140.0 332959.64421014744
23150.0 335431.2175093313
23160.0 334076.8967043762
23170.0 334892.98204189993
23180.0 332042.2335410581
23190.0 334478.83114980924
23200.0 334170.6946763631
23210.0 333692.14432620676
23220.0 328888.34022810456
23230.0 328741.2019793387
23240.0 329878.3196446025
23250.0 327868.3254871411
23260.0 329479.4072300699
23270.0 329059.0773533878
23280.0 328953.9989131612
23290.0 328769.39873826585
23300.0 327351.23465380276
23310.0 326144.5262597136
23320.0 327443.16398070136
23330.0 325723.16744964535
23340.0 326362.4071350074
23350.0 319390.10248331877
23360.0 324902.3660591865
23370.0 324088.34554454463
23380.0 314247.56091483217
23390.0 324081.1020412944
23400.0 322560.3890033612
23410.0 322606.9318668227
23420.0 322337.6606124382
23430.0 321941.36503478634
23440.0 321495.9853448071
23450.0 320287.0613780972
23460.0 319565.74330182455
23470.0 319478.960287553
23480.0 317660.9441876006
23490.0 318426.21341541753
23500.0 317718.4681555689
23510.0 317305.1186765342
23520.0 312183.10492352163
23530.0 314032.6269677894
23540.0 314503.81440656725
23550.0 314123.4277056234
23560.0 313828.4366347905
23570.0 307348.84118589025
23580.0 312553.1813863133
23590.0 313146.3876716443
23600.0 312275.03853233793
23610.0 311521.47552456066
23620.0 311782.3880372858
23630.0 311486.8960787864
23640.0 310897.5540665766
23650.0 310620.26918098785
23660.0 309773.8838827634
23670.0 309194.12407494645
23680.0 307881.3698671394
23690.0 307007.1611908421
23700.0 307796.53784877935
23710.0 306649.10012315476
23720.0 304884.0479728798
23730.0 301330.1410253355
23740.0 297842.7795873871
23750.0 303497.2036343706
23760.0 303474.4130923014
23770.0 304591.4478789997
23780.0 304352.2480246126
23790.0 303962.5736907625
23800.0 303282.0846719894
23810.0 303243.5610175922
23820.0 300341.4426700476
23830.0 296952.07859669736
23840.0 291210.1620133184
23850.0 295728.8996547907
23860.0 286680.4225182051
23870.0 298125.23083640996
23880.0 299173.90442583966
23890.0 297886.7831604943
23900.0 297854.3471608784
23910.0 298094.45651469106
23920.0 295521.79096713336
23930.0 297136.6307894563
23940.0 296492.4557186031
23950.0 294924.36326195457
23960.0 295864.38122623664
23970.0 295131.96179374703
23980.0 294762.0074406923
23990.0 293730.13833972317
24000.0 290996.1342825714
24010.0 293033.3571070626
24020.0 292731.89162854495
24030.0 292781.67307550577
24040.0 291915.0995827417
24050.0 290206.7611200988
24060.0 291741.10775336897
24070.0 291206.7429458118
24080.0 289637.27367169556
24090.0 290340.3328033569
24100.0 289808.26706651814
24110.0 289012.64654886484
24120.0 288701.7498590877
24130.0 287082.8685649396
24140.0 282722.56540136517
24150.0 279490.4750261837
24160.0 279528.86982631614
24170.0 284584.5796483852
24180.0 284807.3044951096
24190.0 284545.3940141444
24200.0 284668.69151478994
24210.0 284253.0336329752
24220.0 283463.17066348623
24230.0 282369.0425679589
24240.0 280115.1292395583
24250.0 282273.270949516
24260.0 281042.74756359734
24270.0 280773.4989968378
24280.0 280378.4652026822
24290.0 279896.14631811617
24300.0 280210.4222554687
24310.0 279883.9585090641
24320.0 280212.53398558946
24330.0 276214.0696222079
24340.0 277602.7597793577
24350.0 273084.49436664075
24360.0 277866.1436744866
24370.0 272780.98084758286
24380.0 276752.03595865064
24390.0 277051.5388993522
24400.0 275909.1263414485
24410.0 275936.63846023486
24420.0 275287.0349269692
24430.0 275219.1911636571
24440.0 273785.0072050285
24450.0 273590.0432793559
24460.0 271010.6838440779
24470.0 270874.4291704665
24480.0 271669.6191078064
24490.0 270328.01375199115
24500.0 268804.2530811349
24510.0 267854.91697462613
24520.0 267794.44552565593
24530.0 269136.13868217875
24540.0 269428.41637568246
24550.0 262355.0602027027
24560.0 259679.26370523783
24570.0 252576.37331935667
24580.0 268728.46758282464
24590.0 268229.7462873719
24600.0 268627.4095973901
24610.0 268020.2172690568
24620.0 267148.28939826274
24630.0 266916.1261055426
24640.0 266526.26726762194
24650.0 263610.8929748945
24660.0 265372.0631561602
24670.0 265245.6376113859
24680.0 262902.30159177963
24690.0 258799.80191626318
24700.0 259301.7916316702
24710.0 262769.76597722707
24720.0 262429.48462687345
24730.0 254585.6277559809
24740.0 262302.4578604472
24750.0 261003.55737034988
24760.0 258752.2236419312
24770.0 260436.3944313032
24780.0 257045.52943984824
24790.0 258350.17882102408
24800.0 246071.87344043254
24810.0 257052.14098333367
24820.0 237992.3434220188
24830.0 257304.01024701307
24840.0 257855.54147474372
24850.0 255654.69674905099
24860.0 229759.66656033893
24870.0 251517.1406346403
24880.0 253471.89899935873
24890.0 255235.1216791366
24900.0 255035.05861918972
24910.0 255281.6096715772
24920.0 252850.66290978235
24930.0 254731.8528093227
24940.0 253015.0245111311
24950.0 251302.2505498971
24960.0 252789.4206927968
24970.0 252548.2550767817
24980.0 251048.29336488887
24990.0 251209.06804353962
