#lam[Angstrom] flux[erg/cm2/s/A]
1010.0 915.0904888203313
1020.0 947.5349327314841
1030.0 3268.943439945826
1040.0 1288.5657904106872
1050.0 970.2883636310293
1060.0 979.0598478867444
1070.0 1033.8567898227814
1080.0 3128.7578970251516
1090.0 3187.4965337636813
1100.0 1021.8259256782419
1110.0 1030.0169454685888
1120.0 1070.061837019497
1130.0 1040.8425787776455
1140.0 1130.3582797552438
1150.0 1060.7547823384207
1160.0 1080.9242814039048
1170.0 1082.9241736763756
1180.0 1087.58791057487
1190.0 1094.2073842831428
1200.0 1649.9026852692484
1210.0 1468.5060467694752
1220.0 9343.250865345184
1230.0 1351.5005395517132
1240.0 5509.349823697178
1250.0 1918.9251868609754
1260.0 2670.358218943694
1270.0 2743.468007102333
1280.0 2832.488342365338
1290.0 3057.0260903889134
1300.0 3292.079520747988
1310.0 3620.381036623194
1320.0 3781.607895907468
1330.0 3845.445740459151
1340.0 4291.86378121075
1350.0 4130.560813444385
1360.0 4229.057519054171
1370.0 4291.689868537969
1380.0 4382.684831635671
1390.0 10034.393137280544
1400.0 11159.015574679132
1410.0 8249.493573897405
1420.0 4653.48077833211
1430.0 4569.580273743637
1440.0 4593.020635665064
1450.0 4623.580029709023
1460.0 4659.9660633664125
1470.0 4696.085231849242
1480.0 4718.2005255824715
1490.0 7405.199136541172
1500.0 4671.535444030637
1510.0 4663.842117110127
1520.0 4668.962116511373
1530.0 4878.708239776586
1540.0 4636.174224598655
1550.0 65829.94103554846
1560.0 4638.037330442465
1570.0 4618.1345787611945
1580.0 4838.805610313737
1590.0 4613.755919971801
1600.0 5058.655496702244
1610.0 4604.770401104133
1620.0 4604.404725745646
1630.0 4577.153479977894
1640.0 41863.80615559471
1650.0 4538.824800156911
1660.0 5871.109745079362
1670.0 7995.014834337699
1680.0 4509.74605306552
1690.0 4496.123137767874
1700.0 4477.747646181548
1710.0 4455.116513497921
1720.0 4782.677385952791
1730.0 4477.495966411242
1740.0 4562.263175560044
1750.0 6768.979549329556
1760.0 4437.651347102767
1770.0 4436.254901147517
1780.0 4449.622240042821
1790.0 4758.704882260173
1800.0 4419.802995973148
1810.0 5451.403110565938
1820.0 5545.043800860811
1830.0 4338.215005606421
1840.0 4310.542812155504
1850.0 4653.903257289793
1860.0 4476.9725793280395
1870.0 4260.026377814176
1880.0 6984.5232498276
1890.0 8740.9610264913
1900.0 4217.637079509058
1910.0 28337.63294580907
1920.0 4188.468206884226
1930.0 4207.086098271589
1940.0 4130.7524392386085
1950.0 4128.4993836741605
1960.0 4086.5013244164584
1970.0 4062.4471983800768
1980.0 4040.708798740052
1990.0 4022.973118853088
2000.0 3995.7630169353615
2010.0 3960.941471489765
2020.0 3796.852548709309
2030.0 3581.171714778604
2040.0 3475.925848287963
2050.0 3317.826551943108
2060.0 3262.58090837122
2070.0 3287.2457773593196
2080.0 3214.962976129246
2090.0 3314.968671596021
2100.0 3243.438423345471
2110.0 3243.9331141532084
2120.0 3337.574469804368
2130.0 3332.9533157082515
2140.0 3505.5531736793055
2150.0 3206.9392218158523
2160.0 3231.637520977978
2170.0 3153.83647436533
2180.0 3277.967667268496
2190.0 3206.450872585742
2200.0 3238.6406060127856
2210.0 3277.7563099993067
2220.0 3439.1024431527403
2230.0 3364.941917341677
2240.0 3419.245438695616
2250.0 3631.6404408456774
2260.0 3543.541840519938
2270.0 3614.192338133295
2280.0 3687.867236626331
2290.0 3764.853463734957
2300.0 3937.1823020340585
2310.0 4142.207098471427
2320.0 4348.187177810434
2330.0 7791.839534183722
2340.0 4939.800843388611
2350.0 4404.907696607862
2360.0 4300.091748967932
2370.0 4384.312933002153
2380.0 4467.442155945854
2390.0 4883.524276410859
2400.0 4636.306697353779
2410.0 4732.487485555834
2420.0 4797.958655635086
2430.0 10388.747152924177
2440.0 4956.684185954115
2450.0 5051.103591419745
2460.0 5113.277570908629
2470.0 5191.741754892966
2480.0 5270.8516751127945
2490.0 5351.638726135365
2500.0 5424.572446376218
2510.0 6054.097909450961
2520.0 5587.509570569629
2530.0 5662.510304479883
2540.0 5725.760817707292
2550.0 5801.290729528913
2560.0 6720.3742410915365
2570.0 5943.663871599587
2580.0 6019.915694992769
2590.0 6242.1542804896635
2600.0 6166.9956820455955
2610.0 6231.783919607735
2620.0 6295.087374821053
2630.0 6363.785529260049
2640.0 6435.5956855785025
2650.0 6492.464610663194
2660.0 6536.503906605336
2670.0 7338.087118269726
2680.0 6648.300603683371
2690.0 6714.954404769002
2700.0 6778.313991858183
2710.0 6828.120398718954
2720.0 6914.283592212187
2730.0 7409.849104703103
2740.0 7473.739703412843
2750.0 7086.434758097959
2760.0 7178.825177075288
2770.0 7219.718165495146
2780.0 7285.293675537611
2790.0 29064.10333172172
2800.0 18356.156077941363
2810.0 7491.659849351019
2820.0 7552.888640889396
2830.0 11770.349206787465
2840.0 7674.246030285399
2850.0 8187.350016153401
2860.0 7952.071946867579
2870.0 7871.386959589343
2880.0 7940.397267999748
2890.0 7999.3251046880505
2900.0 8059.8046541108115
2910.0 8115.303390937274
2920.0 8174.772649366136
2930.0 9528.090623941804
2940.0 8295.221270313375
2950.0 8536.628608083522
2960.0 8418.319569210393
2970.0 8482.013649051098
2980.0 8569.083318856054
2990.0 8606.652072658439
3000.0 8658.754372567872
3010.0 8720.6408481032
3020.0 8787.09848050742
3030.0 8843.154333842169
3040.0 8909.5197077526
3050.0 8962.870712686306
3060.0 9019.927720304227
3070.0 9077.965380317819
3080.0 9131.51455955236
3090.0 9180.629664414304
3100.0 9276.776035550252
3110.0 9322.45054803298
3120.0 9380.730696985964
3130.0 9407.598165883854
3140.0 9456.466324874042
3150.0 9508.480154681962
3160.0 9557.474922378153
3170.0 9600.60277571308
3180.0 9660.545774207165
3190.0 10024.076138610575
3200.0 9780.540042743893
3210.0 11480.104462860041
3220.0 9895.28608278299
3230.0 9958.603138005814
3240.0 10035.956250210642
3250.0 10056.654115389201
3260.0 10136.541598344491
3270.0 10144.501074146743
3280.0 10187.819015633779
3290.0 10241.526861649896
3300.0 10273.247101852981
3310.0 10318.026184847797
3320.0 10361.069929507123
3330.0 10407.838555141518
3340.0 11544.957918071388
3350.0 10506.686209133899
3360.0 10620.690392830156
3370.0 10599.040940820572
3380.0 10648.378446592442
3390.0 10704.062559956146
3400.0 10744.079283695744
3410.0 10784.555517132081
3420.0 12224.79009773195
3430.0 12267.068523484853
3440.0 10926.687876631357
3450.0 10950.481240306586
3460.0 11017.354417955603
3470.0 11083.108619138728
3480.0 11157.646096346416
3490.0 11205.650024373672
3500.0 11158.61181801966
3510.0 11103.561671405841
3520.0 11085.689978686285
3530.0 11150.760008961885
3540.0 11152.641216317144
3550.0 11210.589546678819
3560.0 11218.150731938531
3570.0 11250.368938785967
3580.0 11610.11409447644
3590.0 11274.43691314837
3600.0 11266.090830322717
3610.0 11274.373561284685
3620.0 11359.779173171593
3630.0 11408.222776048939
3640.0 11364.313657164968
3650.0 11393.610660614297
3660.0 11547.250056458932
3670.0 11575.872099060109
3680.0 11479.480182307154
3690.0 11538.879057103552
3700.0 11535.063148374713
3710.0 11454.927876531037
3720.0 10083.455943145787
3730.0 16810.987237166315
3740.0 8773.863563313987
3750.0 9230.987831825407
3760.0 8817.994935988521
3770.0 9810.65762429747
3780.0 8860.895889789206
3790.0 8881.889367173535
3800.0 9581.989290779038
3810.0 8922.973106741489
3820.0 9048.547636514548
3830.0 8962.863097546768
3840.0 9894.743003211623
3850.0 9045.478209556846
3860.0 18038.550169123893
3870.0 9158.574505596713
3880.0 11008.04876989379
3890.0 9195.27509936185
3900.0 10883.00298024512
3910.0 9230.841878617613
3920.0 9228.682697665185
3930.0 9108.967951863038
3940.0 9059.809580520396
3950.0 8985.23944132133
3960.0 11793.149565407912
3970.0 9012.24496813167
3980.0 10971.20712424924
3990.0 9038.603543585758
4000.0 9054.245379487624
4010.0 9067.922195091009
4020.0 9355.05813346802
4030.0 9096.1980208807
4040.0 9109.949661911918
4050.0 9123.446302782317
4060.0 9142.903804904194
4070.0 9149.680712107374
4080.0 10298.47561454673
4090.0 9174.180500697532
4100.0 12277.855611992276
4110.0 9195.494349784885
4120.0 9233.147259257345
4130.0 9216.17022709088
4140.0 9256.673880038208
4150.0 9231.056447908844
4160.0 9234.920229558185
4170.0 9231.514458365526
4180.0 9233.983958608418
4190.0 9235.570011538206
4200.0 9313.103440101904
4210.0 9255.142600723313
4220.0 9265.883426051514
4230.0 9271.341543693516
4240.0 9271.506900886374
4250.0 9276.84794236513
4260.0 9283.668183512289
4270.0 9305.64423365722
4280.0 9300.401506619257
4290.0 9311.487021162193
4300.0 9316.38919683878
4310.0 9324.110367471256
4320.0 9331.65382580185
4330.0 14758.630878439983
4340.0 9339.571206038925
4350.0 10381.060714187788
4360.0 9341.78543142626
4370.0 9348.460737659825
4380.0 9359.300077530397
4390.0 9361.325681718672
4400.0 9418.041059985695
4410.0 9368.644099572115
4420.0 9371.469256075892
4430.0 9373.191783809265
4440.0 9386.904186658305
4450.0 9380.645984707524
4460.0 9809.257359381056
4470.0 9388.685380896473
4480.0 9389.67441344954
4490.0 9393.408130966774
4500.0 9396.451156017696
4510.0 9401.975591054033
4520.0 9405.5086335792
4530.0 9526.295434700867
4540.0 9414.047476683209
4550.0 9418.123969864451
4560.0 9422.09353398534
4570.0 9425.937275628728
4580.0 9446.786902402422
4590.0 9433.251117154285
4600.0 9482.95454525057
4610.0 9440.118480835414
4620.0 9452.87439523159
4630.0 9472.112581966334
4640.0 9511.768495566983
4650.0 10196.036535081254
4660.0 9543.38701545691
4670.0 9571.066067170677
4680.0 9549.009337262542
4690.0 12987.384377293673
4700.0 9626.920342783555
4710.0 9733.328944853643
4720.0 10104.586545504784
4730.0 9598.02095994033
4740.0 9973.824564043925
4750.0 9436.501636526988
4760.0 9641.015744450791
4770.0 9437.990105337245
4780.0 9439.462815302571
4790.0 9488.353951348294
4800.0 9442.074650613635
4810.0 9443.507277159144
4820.0 9444.197362068971
4830.0 9445.077949096794
4840.0 9445.835063205765
4850.0 9446.467736134005
4860.0 20311.571835124552
4870.0 9447.356900910889
4880.0 9652.204570110525
4890.0 9652.331468845192
4900.0 9447.73570644954
4910.0 9448.033894183016
4920.0 9448.443919190067
4930.0 9676.51119691883
4940.0 9442.315193636769
4950.0 9430.604510639869
4960.0 36610.57030216303
4970.0 9418.883494331341
4980.0 9686.081776071649
4990.0 9416.572480290519
5000.0 9415.215978532975
5010.0 91284.40175102663
5020.0 9409.495186021984
5030.0 9406.100715376006
5040.0 9401.45334632936
5050.0 9397.19507029654
5060.0 9412.223207455152
5070.0 9390.698842248155
5080.0 9406.477371368426
5090.0 9385.651978911648
5100.0 9382.924550113798
5110.0 9380.641370304713
5120.0 9377.060631831473
5130.0 9373.92390230244
5140.0 9368.12845740552
5150.0 9359.666373135142
5160.0 9532.73019346229
5170.0 9346.850712195299
5180.0 9343.016666567873
5190.0 9609.11385744564
5200.0 9332.21537526607
5210.0 9359.938691046444
5220.0 9320.85949077428
5230.0 9316.341355261886
5240.0 9312.021962542181
5250.0 9305.589210706044
5260.0 9514.15360652253
5270.0 9507.43330890741
5280.0 9285.428298573424
5290.0 9278.912562548887
5300.0 9271.259143943753
5310.0 9264.514988916468
5320.0 9430.581965356861
5330.0 9252.004117837549
5340.0 9246.445679251367
5350.0 9239.238636023623
5360.0 9230.380895032702
5370.0 9222.783831052264
5380.0 9214.078011915151
5390.0 9206.306595203247
5400.0 9199.550671558236
5410.0 9191.725933012458
5420.0 9321.681062269907
5430.0 9314.524121013024
5440.0 9170.257622444056
5450.0 9163.092529745378
5460.0 9153.081076497407
5470.0 9142.222853852443
5480.0 9132.501648060534
5490.0 9123.329947924702
5500.0 9115.306132914142
5510.0 9138.88439659318
5520.0 9098.91466257162
5530.0 9117.335797792972
5540.0 9107.441511134883
5550.0 9069.229789478406
5560.0 9058.547607940098
5570.0 9048.04340133851
5580.0 9039.148290271054
5590.0 9042.904185700603
5600.0 9019.125306458087
5610.0 9007.780787404763
5620.0 9009.919958360115
5630.0 8987.184591504147
5640.0 8977.724209111753
5650.0 8968.783908555624
5660.0 8958.546018496476
5670.0 8949.361455988847
5680.0 8931.175038023051
5690.0 8903.967870297762
5700.0 8882.225102572915
5710.0 8862.066021805855
5720.0 8851.919719516998
5730.0 9222.973388106908
5740.0 8829.841828944971
5750.0 8817.516584284305
5760.0 8909.092766459144
5770.0 8794.429227385779
5780.0 8783.870453779866
5790.0 8773.759240932299
5800.0 8762.067976130202
5810.0 8750.826898827001
5820.0 8905.351814894986
5830.0 8726.267624777745
5840.0 8713.122793154196
5850.0 8701.259220503305
5860.0 8689.342084649177
5870.0 8678.266789431518
5880.0 9770.916202852442
5890.0 8655.96917351117
5900.0 8644.749726870104
5910.0 8634.135097170987
5920.0 8622.174859284738
5930.0 8610.822254983943
5940.0 8598.051251501476
5950.0 8583.231277405719
5960.0 8568.34914430744
5970.0 8574.557047410157
5980.0 8543.226343728165
5990.0 8531.631463541213
6000.0 8531.010482985166
6010.0 8508.33759270262
6020.0 8496.640835825248
6030.0 8488.914931589896
6040.0 8471.393386363794
6050.0 8458.343224637643
6060.0 8446.145596162292
6070.0 8433.90415043097
6080.0 8422.01563901514
6090.0 9008.508672063579
6100.0 8393.72398231185
6110.0 8378.5804088821
6120.0 8369.947528080591
6130.0 8352.314463301649
6140.0 8340.248404395179
6150.0 8328.722710160944
6160.0 8313.9924960906
6170.0 8300.140428356337
6180.0 8292.743197151221
6190.0 8274.405193346585
6200.0 8262.18327965173
6210.0 8250.125247344438
6220.0 8235.67219469376
6230.0 8221.562617608786
6240.0 8214.474698343467
6250.0 8195.08839258535
6260.0 8182.72749857841
6270.0 8170.912241681205
6280.0 8157.94541498127
6290.0 8145.523598683035
6300.0 9020.810624172385
6310.0 8120.622869289232
6320.0 8108.146084453663
6330.0 8095.648943890036
6340.0 8081.470461760839
6350.0 8065.6054000611975
6360.0 8049.718359504202
6370.0 8218.30095587646
6380.0 8022.222911813006
6390.0 8009.6187891647705
6400.0 8006.556059494786
6410.0 7984.366910375008
6420.0 7971.719657705013
6430.0 8038.3338913786165
6440.0 7946.383450104783
6450.0 7933.696286172858
6460.0 7920.994648435467
6470.0 7908.283057865611
6480.0 7895.558909721675
6490.0 7882.832558667484
6500.0 7868.150249962497
6510.0 7851.508165021184
6520.0 7834.861128375815
6530.0 7842.13188455521
6540.0 7804.453957670293
6550.0 7790.210586321729
6560.0 36449.87587867368
6570.0 7763.13045812746
6580.0 7750.291863366323
6590.0 11552.85026993674
6600.0 7724.604333790132
6610.0 7711.747415685207
6620.0 7698.886927420198
6630.0 7685.906316205457
6640.0 7671.165878366577
6650.0 7656.869648868099
6660.0 7643.224967367774
6670.0 7629.673509366267
6680.0 7616.775281135793
6690.0 7870.894224773149
6700.0 7589.545208166989
6710.0 7574.607051992922
6720.0 7559.661043147128
6730.0 9454.09226190146
6740.0 7531.707772746545
6750.0 7518.143351019199
6760.0 7505.546047409543
6770.0 7491.643133976133
6780.0 7478.698008519964
6790.0 7569.005223780794
6800.0 7452.667939259377
6810.0 7439.4429957785105
6820.0 7426.212385492305
6830.0 7412.680008284549
6840.0 7396.724430607365
6850.0 7380.973034785398
6860.0 7366.38833041315
6870.0 7351.709878843987
6880.0 7338.770944317401
6890.0 7325.82862662622
6900.0 7340.518363758059
6910.0 7298.078069440244
6920.0 7283.673808256671
6930.0 7270.884662975057
6940.0 7256.234536668991
6950.0 7243.321277624443
6960.0 7230.393265939863
6970.0 7217.340324039294
6980.0 7202.36743115146
6990.0 7187.8681285121975
7000.0 7336.832682003387
7010.0 7160.36044273045
7020.0 7147.461258826522
7030.0 7134.566049298519
7040.0 7122.232432585334
7050.0 7108.791170144639
7060.0 7095.922888509806
7070.0 7835.211982721833
7080.0 7068.433089500736
7090.0 7053.605954194304
7100.0 7038.806162095435
7110.0 7025.344235071505
7120.0 7011.765524686791
7130.0 6998.920282643802
7140.0 7995.175998209858
7150.0 6973.285189818653
7160.0 6960.458545358825
7170.0 6947.631835706764
7180.0 6979.184530510443
7190.0 6922.069924505585
7200.0 6909.279384947692
7210.0 6896.514858920021
7220.0 6881.7780722867465
7230.0 6865.704938331486
7240.0 6849.636221336534
7250.0 7073.004640374532
7260.0 6820.113812323564
7270.0 6806.671363189811
7280.0 6793.230904428363
7290.0 7060.196484567426
7300.0 6766.3633219880785
7310.0 6752.950167868313
7320.0 8021.536916255953
7330.0 6726.651127844008
7340.0 6714.016027546842
7350.0 6701.383537639669
7360.0 6689.104878874522
7370.0 6674.57572857061
7380.0 6660.403338393456
7390.0 6646.238849335797
7400.0 6633.422277402062
7410.0 6619.9915137015005
7420.0 6607.443233987511
7430.0 6595.496990799971
7440.0 6582.377954317569
7450.0 6569.867965480111
7460.0 6557.370154514863
7470.0 6545.92817235444
7480.0 6532.419701355651
7490.0 6519.956117231655
7500.0 6507.515607483245
7510.0 6495.092313131178
7520.0 6482.6695770556535
7530.0 6470.269525935813
7540.0 6457.885619652716
7550.0 6470.09259847838
7560.0 6433.151921839711
7570.0 6420.812086472572
7580.0 6451.040328324905
7590.0 6396.174620294417
7600.0 6383.877239359875
7610.0 6371.596247360586
7620.0 6440.255627769162
7630.0 6346.385622803777
7640.0 6333.27765302532
7650.0 6320.183413162779
7660.0 6320.258878402171
7670.0 6290.29759240925
7680.0 6273.515963688243
7690.0 6256.73070960077
7700.0 6289.878489197647
7710.0 6227.629325769975
7720.0 6214.579620260244
7730.0 6201.547486384681
7740.0 6429.709175548872
7750.0 6176.75618636706
7760.0 6164.715930798914
7770.0 6152.691131110407
7780.0 6142.543465192243
7790.0 6127.751392458759
7800.0 6115.08156761627
7810.0 6102.795982254699
7820.0 6090.527940048469
7830.0 6078.297645536112
7840.0 6066.38941998319
7850.0 6054.766286095764
7860.0 6041.52157189494
7870.0 6027.786172671467
7880.0 6014.0818853567935
7890.0 6001.854521828387
7900.0 5988.036838492227
7910.0 5976.273159768496
7920.0 5964.517800112865
7930.0 5953.506056845652
7940.0 5940.499037116328
7950.0 5927.920092190575
7960.0 5915.610155855972
7970.0 6183.417268624615
7980.0 5890.614497423493
7990.0 5877.959961660913
8000.0 5865.320757578234
8010.0 5853.449634611995
8020.0 5840.826379000109
8030.0 5829.285766688458
8040.0 5817.769541677819
8050.0 5854.915181847865
8060.0 5794.806201126487
8070.0 5783.339479384187
8080.0 5771.898726630143
8090.0 5760.84567739761
8100.0 5749.003990704675
8110.0 5737.566558471011
8120.0 5726.246060937961
8130.0 5714.43656014226
8140.0 5657.221062337678
8150.0 5568.674976070286
8160.0 5480.135837419476
8170.0 5422.880421348441
8180.0 5349.279470104731
8190.0 5337.9944178187
8200.0 5326.649365024562
8210.0 5331.364996291665
8220.0 5320.0444235547775
8230.0 5292.429056288875
8240.0 5281.4530767537635
8250.0 5270.4703973478545
8260.0 5318.524483195335
8270.0 5248.098828473158
8280.0 5236.89159901619
8290.0 5225.655953093918
8300.0 5214.5667013853445
8310.0 5203.628564640138
8320.0 5192.528820659192
8330.0 5181.394661076124
8340.0 5244.921851454753
8350.0 5159.534378160902
8360.0 5148.574524588953
8370.0 5137.674165538413
8380.0 5206.12016529593
8390.0 5115.949524742103
8400.0 5105.106140733306
8410.0 5094.241063492957
8420.0 5124.017134916732
8430.0 5118.653881494982
8440.0 5173.347888719791
8450.0 5228.0400209704585
8460.0 5283.054333985416
8470.0 5311.392949517112
8480.0 5301.369654550252
8490.0 5290.909683756535
8500.0 5280.345308496355
8510.0 5275.423485570397
8520.0 5257.095910832955
8530.0 5249.001694877774
8540.0 5239.094959273559
8550.0 5253.571530678616
8560.0 5167.565721989012
8570.0 5100.377103877323
8580.0 5033.42383126562
8590.0 5070.361898649411
8600.0 4939.096700885435
8610.0 4928.852178746136
8620.0 4918.832478554075
8630.0 4908.849964734945
8640.0 5431.098435900428
8650.0 4888.877489951029
8660.0 4879.024318609055
8670.0 4869.085515275188
8680.0 4943.059442233746
8690.0 4849.564372032169
8700.0 4839.807434006367
8710.0 4830.0585805369365
8720.0 4820.34872443234
8730.0 4810.725048952973
8740.0 4801.086930574486
8750.0 4791.555159059835
8760.0 4782.000224151499
8770.0 4869.436543973227
8780.0 4753.430351425736
8790.0 4736.491573067702
8800.0 4719.879875669159
8810.0 4709.292389677096
8820.0 4692.870048781059
8830.0 4684.0800893150345
8840.0 4675.480481419743
8850.0 4728.501389601815
8860.0 4719.344773256415
8870.0 4648.240064579908
8880.0 4638.672257956139
8890.0 4630.192667049658
8900.0 4794.059784458525
8910.0 4607.096773620849
8920.0 4590.278736793143
8930.0 4578.80342937718
8940.0 4562.958081036967
8950.0 4555.825657813274
8960.0 4557.111051117798
8970.0 4543.986136617412
8980.0 4544.580448980649
8990.0 4525.830006055417
9000.0 4515.403396417033
9010.0 4494.174308788611
9020.0 4480.4507499222755
9030.0 4725.132887990255
9040.0 4454.988904774015
9050.0 4447.239449350435
9060.0 4437.010370562142
9070.0 4426.223170032803
9080.0 7078.266736675388
9090.0 4406.087942166492
9100.0 4403.793565808713
9110.0 4392.346374699044
9120.0 4392.073746001052
9130.0 4366.603091368077
9140.0 4362.046558786478
9150.0 4352.387947020914
9160.0 4344.668286603246
9170.0 4329.95521706209
9180.0 4330.200169556191
9190.0 4327.802095974653
9200.0 4332.106884650409
9210.0 4314.364114785343
9220.0 4632.732737385157
9230.0 4306.680053268202
9240.0 4275.782034724172
9250.0 4275.055938436162
9260.0 4293.196887330956
9270.0 4211.168831908515
9280.0 4187.285103519206
9290.0 4178.370361122661
9300.0 4172.933233915984
9310.0 4173.045483191942
9320.0 4153.084281289782
9330.0 4150.348884502541
9340.0 4141.251238850007
9350.0 4139.191846551975
9360.0 4213.512280608743
9370.0 4126.73426437795
9380.0 4119.183206739081
9390.0 4119.433135527426
9400.0 4129.172699274055
9410.0 4103.031926430726
9420.0 4096.419267264351
9430.0 4088.244511301681
9440.0 4075.178815318286
9450.0 4099.013384136905
9460.0 4060.721113902066
9470.0 4051.707509316721
9480.0 4047.622353158862
9490.0 4040.4197435694014
9500.0 4038.7276580330054
9510.0 4014.8493303539785
9520.0 3981.8535277295387
9530.0 4002.575523568836
9540.0 7311.854168319873
9550.0 7283.669853097144
9560.0 3951.1893443197964
9570.0 3935.3244358110364
9580.0 3939.2651439030274
9590.0 3915.844337523987
9600.0 3923.072993169964
9610.0 3908.383339823997
9620.0 3909.5241836505274
9630.0 3953.924598618707
9640.0 3884.2672834836885
9650.0 3887.9820658010776
9660.0 3896.707000220832
9670.0 3924.1782462482297
9680.0 3914.6030609550944
9690.0 3861.6823764053293
9700.0 3928.984201912028
9710.0 3878.328958304719
9720.0 3854.8183516091035
9730.0 3896.731671226724
9740.0 3858.001101074872
9750.0 3867.5275262620426
9760.0 3823.278450585801
9770.0 3893.8917980509727
9780.0 3853.566295292047
9790.0 3835.780557285767
9800.0 3861.799532366125
9810.0 3863.766099412802
9820.0 3833.19701087068
9830.0 3856.69336423678
9840.0 3840.4442918827826
9850.0 3821.0667746267027
9860.0 3861.033547740618
9870.0 3856.415643698915
9880.0 3888.514266005369
9890.0 3900.6982769144815
9900.0 3911.7808466535544
9910.0 3859.9933775263144
9920.0 3912.7792427025965
9930.0 3858.1981084243484
9940.0 3918.912935702831
9950.0 3930.940958517893
9960.0 3959.5968459001924
9970.0 3906.8220742084036
9980.0 3932.9992822757945
9990.0 3847.020348898611
10010.0 3912.098947794991
10020.0 3879.210192018272
10030.0 4327.387246791927
10040.0 3977.2330427461657
10050.0 3940.8732966921852
10060.0 3925.02903370399
10070.0 3953.510957868421
10080.0 3932.416608064371
10090.0 3973.779341969888
10100.0 4084.5062794504784
10110.0 4018.1903462890778
10120.0 4020.397922148047
10130.0 4700.698255746894
10140.0 4036.5600148186377
10150.0 4162.145922135185
10160.0 4209.398078398129
10170.0 4127.819836771688
10180.0 4152.271864409113
10190.0 4244.45958456202
10200.0 4251.086620061343
10210.0 4272.761825060355
10220.0 4257.231228517591
10230.0 4334.888527007705
10240.0 4440.738716632641
10250.0 4475.127236723329
10260.0 4359.218961057147
10270.0 4401.0542849737685
10280.0 4531.427866243769
10290.0 4517.118533838437
10300.0 4513.005076079181
10310.0 4510.304988089316
10320.0 4568.734466085534
10330.0 4568.698715012948
10340.0 5121.083390038227
10350.0 4597.200681929023
10360.0 4623.769939489132
10370.0 4795.272113353908
10380.0 4613.770464685386
10390.0 4718.448013363235
10400.0 4703.0434892092635
10410.0 4684.001102737948
10420.0 4595.7735254199415
10430.0 4583.645936989889
10440.0 4682.482444818127
10450.0 4636.432020038314
10460.0 4679.045097434839
10470.0 4625.002057279126
10480.0 4605.986768594825
10490.0 4604.23120808824
10500.0 4697.565015015925
10510.0 4709.694027628137
10520.0 4707.842291905709
10530.0 4615.383125632961
10540.0 4725.241158173614
10550.0 4666.176547143767
10560.0 4739.274905122485
10570.0 4702.5577534248705
10580.0 4556.25473121579
10590.0 4670.983385084937
10600.0 4642.989438096781
10610.0 4710.513518607531
10620.0 4659.428693427145
10630.0 4641.082154701602
10640.0 4728.325422279237
10650.0 4601.26549550245
10660.0 4740.002056661631
10670.0 4661.900704175918
10680.0 4623.483116308814
10690.0 4639.430591597848
10700.0 4641.079253268858
10710.0 4592.44039786032
10720.0 4549.986912382359
10730.0 4802.5546892974835
10740.0 4530.476953663712
10750.0 4635.247560244759
10760.0 4750.860387583536
10770.0 4394.72881208333
10780.0 4630.7233884223315
10790.0 4635.806289771057
10800.0 4575.533337700418
10810.0 4576.243863393058
10820.0 14064.25305070786
10830.0 4572.433769767105
10840.0 4517.694804640334
10850.0 4524.907744411239
10860.0 4086.3807996899445
10870.0 4145.653695983498
10880.0 4163.474305819904
10890.0 3871.282055032282
10900.0 3607.983796288716
10910.0 3551.443264335423
10920.0 4079.2078663436228
10930.0 3225.826472754305
10940.0 3184.187476139182
10950.0 3129.528063795995
10960.0 3160.113475223526
10970.0 3128.1955288460913
10980.0 3146.981425586099
10990.0 3021.3556083851854
11000.0 2987.3607636762144
11010.0 3065.393765785017
11020.0 2941.9265979222628
11030.0 2916.7647283089727
11040.0 2934.0108243311497
11050.0 2917.8175684159173
11060.0 2847.478284870064
11070.0 2917.5329182795135
11080.0 2863.5279457854854
11090.0 2822.651027798897
11100.0 2792.0652761521565
11110.0 2793.433069925904
11120.0 2776.049693581427
11130.0 2769.3076274732766
11140.0 2764.258056456521
11150.0 2751.6536788631497
11160.0 2752.4714711506995
11170.0 2735.3110951545864
11180.0 2740.726801488463
11190.0 2721.6014490340654
11200.0 2717.8524945291197
11210.0 2711.747926702637
11220.0 2703.027622086997
11230.0 2696.8176060240316
11240.0 2691.7798793342313
11250.0 2685.831417988279
11260.0 2680.6750512266954
11270.0 2674.9151483855485
11280.0 2668.8239093004936
11290.0 2664.1345719076844
11300.0 2658.2236539121295
11310.0 2652.980499724372
11320.0 2647.9694946856666
11330.0 2640.087272896041
11340.0 2633.965463531365
11350.0 2627.4687137226947
11360.0 2621.9666795118596
11370.0 2617.020867202285
11380.0 2611.7906091679697
11390.0 2607.8216997785985
11400.0 2604.0914898409646
11410.0 2596.829002636564
11420.0 2593.1285052012213
11430.0 2583.933920453994
11440.0 2578.2425964382874
11450.0 2572.805570870375
11460.0 2566.9261001443497
11470.0 2561.5429548084035
11480.0 2558.359097445327
11490.0 2550.2788860023293
11500.0 2544.3073443993753
11510.0 2538.4478666205987
11520.0 2532.6554077533965
11530.0 2526.945088231026
11540.0 2521.741188940566
11550.0 2515.6745790670943
11560.0 2510.402836708402
11570.0 2505.1770352763333
11580.0 2500.402548755252
11590.0 2495.000947113263
11600.0 2489.6594363411286
11610.0 2483.9332222300136
11620.0 2478.12162767587
11630.0 2472.95986957293
11640.0 2467.5631682621606
11650.0 2462.455262041492
11660.0 2575.7646076822016
11670.0 2452.4537075108606
11680.0 2447.70547314249
11690.0 2442.7406246564606
11700.0 2437.6012889651474
11710.0 2432.9714810149926
11720.0 2428.253529665264
11730.0 2423.0973150918207
11740.0 2418.3316901600774
11750.0 2413.304314180664
11760.0 2409.006758946867
11770.0 2403.991606823828
11780.0 2398.3656342497115
11790.0 2393.4908737985315
11800.0 2387.9802971568083
11810.0 2383.4705256602692
11820.0 2377.562596016911
11830.0 2375.1588221037664
11840.0 2369.718476703012
11850.0 2368.4427193481315
11860.0 2360.4850441562044
11870.0 2353.6153531567893
11880.0 2348.294840838942
11890.0 2352.6752904653495
11900.0 2350.0505956574684
11910.0 2338.727563448827
11920.0 2342.6553012635986
11930.0 2368.578036531273
11940.0 2378.1931583837895
11950.0 2372.59288055497
11960.0 2381.438986663106
11970.0 2376.080839348868
11980.0 2377.3692203651335
11990.0 2439.2065226369295
12000.0 2379.3256893883135
12010.0 2419.2129232492807
12020.0 2424.582311849853
12030.0 2385.8520670078296
12040.0 2517.5382802176323
12050.0 2563.407115359978
12060.0 2672.7807213968963
12070.0 2541.48110603737
12080.0 2689.5833580702774
12090.0 2692.6798763979928
12100.0 2866.970815783422
12110.0 2630.5405878093543
12120.0 2801.7491255026735
12130.0 2741.51902655658
12140.0 2845.1358506138436
12150.0 3083.361094689136
12160.0 3085.042567061665
12170.0 2995.8294591609456
12180.0 3266.3500039552528
12190.0 3295.757583550476
12200.0 3035.8263913059054
12210.0 3227.402848047939
12220.0 3293.917716111514
12230.0 3266.592533128134
12240.0 3413.0818977659965
12250.0 3060.2084132772134
12260.0 3815.442325658183
12270.0 3309.4951132973265
12280.0 3685.903852363648
12290.0 3212.0291501324305
12300.0 3448.315318847447
12310.0 3486.798703239345
12320.0 3613.5571184981254
12330.0 3635.3403867115912
12340.0 3431.2728362037733
12350.0 3791.2839871112064
12360.0 3810.587870475286
12370.0 3770.0983473703936
12380.0 4250.018418291116
12390.0 4275.741374079062
12400.0 3850.42641436153
12410.0 3958.14106895899
12420.0 4166.369210865296
12430.0 3525.0315195966327
12440.0 3868.6017534646785
12450.0 4582.2654405907915
12460.0 4385.130581392683
12470.0 4627.514125610321
12480.0 4255.176828228067
12490.0 4864.619249014922
12500.0 4953.139763354142
12510.0 4322.596097616155
12520.0 3421.656352058785
12530.0 4190.657789804924
12540.0 4203.177056285179
12550.0 4938.6270395526735
12560.0 5075.481617546492
12570.0 6507.297586325894
12580.0 4590.26817715122
12590.0 4960.618396513919
12600.0 4624.46310623283
12610.0 5210.837922040183
12620.0 4509.251179072584
12630.0 4868.809444193684
12640.0 4613.992013899521
12650.0 4970.5668491500455
12660.0 4350.835944580658
12670.0 4502.834497206946
12680.0 4580.148435740184
12690.0 4577.438774991004
12700.0 4675.521548741659
12710.0 4498.319801786922
12720.0 4320.942618596908
12730.0 3814.064444044508
12740.0 3990.996738578826
12750.0 4867.939787354101
12760.0 4499.597508134881
12770.0 4276.43750425246
12780.0 4221.243702681391
12790.0 3871.278923850425
12800.0 3367.462540657473
12810.0 4339.449897181873
12820.0 5940.76873137231
12830.0 3075.0542831594394
12840.0 4213.227421721559
12850.0 4227.105299261817
12860.0 2889.386233634856
12870.0 3871.8385073567106
12880.0 2873.8611554343047
12890.0 3344.8410409066614
12900.0 3544.350170321936
12910.0 3587.9846594244827
12920.0 2380.6422050816705
12930.0 4100.871572088485
12940.0 3387.637788229796
12950.0 3077.8451277848058
12960.0 2897.502018050398
12970.0 2958.6654369684247
12980.0 4263.391331520859
12990.0 2896.835450326281
13000.0 3174.3654794824556
13010.0 2752.3359020635735
13020.0 2832.396353526974
13030.0 3171.4732827485714
13040.0 2710.9241199530697
13050.0 2786.5492751656056
13060.0 2235.6870809828115
13070.0 2249.673433011097
13080.0 2202.8505805648383
13090.0 2186.73492449616
13100.0 2172.198057613121
13110.0 2145.5689586150183
13120.0 1918.959304620482
13130.0 2210.524613981704
13140.0 1934.6142939084893
13150.0 2138.1120614115844
13160.0 1984.0591924939158
13170.0 2136.7230021319133
13180.0 1859.9809658457655
13190.0 2153.7295387116974
13200.0 2166.424975918433
13210.0 2775.900050282061
13220.0 2312.213544023433
13230.0 1948.407429190754
13240.0 1939.928150056699
13250.0 1904.9013436082466
13260.0 2027.8950905589709
13270.0 2195.0439590119004
13280.0 1925.0432409550076
13290.0 1765.536833451407
13300.0 1752.324143138369
13310.0 1746.4162227108757
13320.0 1747.1460749749701
13330.0 1744.1603778575577
13340.0 1742.4916055539563
13350.0 1739.7070768395429
13360.0 1734.3439730735704
13370.0 1729.4837889351124
13380.0 1725.538451743488
13390.0 1724.9068164520045
13400.0 1717.8247959352573
13410.0 1716.793388248415
13420.0 1712.32643800284
13430.0 1707.7689978413277
13440.0 1703.6048152728265
13450.0 1700.833939602489
13460.0 1695.2956364520041
13470.0 1692.3734771559307
13480.0 1690.3409022235487
13490.0 1687.6169353016514
13500.0 1680.6497405076482
13510.0 1679.4477717603447
13520.0 1675.224662707108
13530.0 1673.0225571466685
13540.0 1668.3753138936984
13550.0 1666.124862040858
13560.0 1662.6820438489774
13570.0 1656.3753870708624
13580.0 1656.669959555846
13590.0 1652.867271135794
13600.0 1652.104315207028
13610.0 1648.2397157134387
13620.0 1642.1245119689117
13630.0 1641.7552033137263
13640.0 1636.12262801411
13650.0 1633.0966237983132
13660.0 1631.1065088339903
13670.0 1627.4881740809546
13680.0 1622.9233576469471
13690.0 1621.8791485969443
13700.0 1615.9262806263264
13710.0 1611.4102360824058
13720.0 1610.3250308564031
13730.0 1606.618318375114
13740.0 1603.2367289273811
13750.0 1785.2589997177954
13760.0 1598.2190664015604
13770.0 1594.0450869684225
13780.0 1591.9896565955926
13790.0 1588.9315553013203
13800.0 1583.0532922946009
13810.0 1582.8512544164644
13820.0 1578.177203725688
13830.0 1575.0645703282637
13840.0 1573.2095778670293
13850.0 1569.420121238083
13860.0 1567.1992984523456
13870.0 1564.5143011322145
13880.0 1561.0129046384322
13890.0 1559.4155052413928
13900.0 1555.4476616011373
13910.0 1551.3950950442413
13920.0 1548.1634626158298
13930.0 1547.823005952723
13940.0 1543.2186149893928
13950.0 1539.5715624961597
13960.0 1538.0895733887712
13970.0 1534.975023568825
13980.0 1529.9211211086479
13990.0 1527.9642732246582
14000.0 1522.311177454574
14010.0 1520.3687937470188
14020.0 1520.8180473988675
14030.0 1518.549941761278
14040.0 1514.5059921201882
14050.0 1510.3311371504972
14060.0 1510.2447078342925
14070.0 1504.3368278942073
14080.0 1500.9789459713104
14090.0 1495.5397635594027
14100.0 1496.3334232040877
14110.0 1493.5576070108893
14120.0 1490.3973101058818
14130.0 1489.6898338473122
14140.0 1485.3618848170472
14150.0 1482.7616212086612
14160.0 1484.182616740895
14170.0 1477.1257498167622
14180.0 1476.0650377976601
14190.0 1471.0148198581717
14200.0 1469.4162764301823
14210.0 1469.7249736551873
14220.0 1465.068224261749
14230.0 1462.3718774453473
14240.0 1462.627359054243
14250.0 1457.563145608735
14260.0 1455.4471998509878
14270.0 1453.5247222738299
14280.0 1448.003725313718
14290.0 1446.0635068161623
14300.0 1448.9953373851888
14310.0 1442.7916410235016
14320.0 1438.5059193983673
14330.0 1437.8658157386644
14340.0 1433.1802331397835
14350.0 1435.4304179713663
14360.0 1431.4078665377672
14370.0 1429.405512592573
14380.0 1425.5592724715184
14390.0 1415.358971262129
14400.0 1410.1514810311985
14410.0 1399.4506620075115
14420.0 1391.3577529172517
14430.0 1384.5518097597683
14440.0 1372.5051530723013
14450.0 1365.4450875987588
14460.0 1362.1022134611296
14470.0 1359.2759385415613
14480.0 1358.968584249156
14490.0 1361.024003257853
14500.0 1351.0775914917087
14510.0 1350.4405461344434
14520.0 1352.1476657687936
14530.0 1354.2557143337406
14540.0 1345.9140206459253
14550.0 1342.474752306242
14560.0 1339.4497238404858
14570.0 1337.0100638593392
14580.0 1345.8170089668108
14590.0 1342.2402474972005
14600.0 1335.2828922550027
14610.0 1327.4158747093463
14620.0 1325.225799843814
14630.0 1322.206029784416
14640.0 1338.975288965999
14650.0 1325.183711984823
14660.0 1318.749709719839
14670.0 1318.0341161680335
14680.0 1311.7729577524099
14690.0 1309.4445496361855
14700.0 1306.2095288490054
14710.0 1302.5969802073876
14720.0 1303.7653080598293
14730.0 1302.7665470242928
14740.0 1326.238546113004
14750.0 1299.122209114263
14760.0 1293.7098360427788
14770.0 1297.775051715327
14780.0 1294.7268112193694
14790.0 1285.6882351110892
14800.0 1283.3005447723006
14810.0 1289.8307996919884
14820.0 1284.8065322438724
14830.0 1283.687496999293
14840.0 1286.3607882367776
14850.0 1276.288163372343
14860.0 1278.0276597034217
14870.0 1277.0729138442937
14880.0 1276.5851885584605
14890.0 1277.2422656570188
14900.0 1278.6441696369782
14910.0 1293.5714619470723
14920.0 1264.8233763529943
14930.0 1279.5169558909156
14940.0 1268.9383053948652
14950.0 1271.6531433044938
14960.0 1259.7862497426406
14970.0 1288.7370920506696
14980.0 1268.185970163082
14990.0 1266.9241564264653
15000.0 1288.372981262595
15010.0 1269.7780649792444
15020.0 1275.3506539376765
15030.0 1254.8755405903823
15040.0 1275.651178688984
15050.0 1278.186109038894
15060.0 1291.6578894211225
15070.0 1267.274550966479
15080.0 1290.6853107053842
15090.0 1335.4995940029228
15100.0 1305.3308441007111
15110.0 1295.1290673307215
15120.0 1332.0194094875542
15130.0 1285.1508813304724
15140.0 1370.8832065388556
15150.0 1374.9373037695764
15160.0 1323.909191201854
15170.0 1302.5770405213398
15180.0 1300.0634555094452
15190.0 1305.6805606930918
15200.0 1327.0409681338258
15210.0 1294.7875906919771
15220.0 1307.4365663139197
15230.0 1485.015564244094
15240.0 1277.4104653262466
15250.0 1307.219967208612
15260.0 1302.1441440911178
15270.0 1287.6552362106577
15280.0 1367.3076613883522
15290.0 1460.809336050777
15300.0 1300.9303673194522
15310.0 1320.3172369192757
15320.0 1274.5115279988013
15330.0 1450.8212781883071
15340.0 1496.0126188197426
15350.0 1587.1023641900233
15360.0 1317.6579722167248
15370.0 1314.8888030460264
15380.0 1435.5553706728028
15390.0 1373.8525987111357
15400.0 1484.5810047756388
15410.0 1486.4407340673342
15420.0 1379.8079342955702
15430.0 1403.2799235663197
15440.0 1339.231210031537
15450.0 1566.7871980038196
15460.0 1591.3913054439574
15470.0 1479.3180834099837
15480.0 1659.895934268713
15490.0 1435.582167956923
15500.0 1505.0009015066016
15510.0 1488.3908585755805
15520.0 1532.4246655701554
15530.0 1670.584209970143
15540.0 1661.672371162169
15550.0 1610.563466235557
15560.0 1507.7592836136644
15570.0 1480.7955854612592
15580.0 1459.5957667902294
15590.0 1583.4324114004353
15600.0 1498.7810896886285
15610.0 1548.1104965603965
15620.0 1602.2786694583847
15630.0 1560.204718763424
15640.0 1433.5200228359167
15650.0 1495.4934308779402
15660.0 1588.7053496428039
15670.0 1842.8523079126085
15680.0 1564.2127901058152
15690.0 1490.756543580518
15700.0 1721.9192658662446
15710.0 1501.1029753777943
15720.0 1470.9458094155711
15730.0 1575.1436701125308
15740.0 1784.400285130197
15750.0 1520.1220021799609
15760.0 1534.689209251401
15770.0 1604.5300007119654
15780.0 1351.8371738465576
15790.0 1341.1319665977694
15800.0 1441.359827719524
15810.0 1402.8280697017492
15820.0 1394.4178380558953
15830.0 1246.2718024539877
15840.0 1336.9587435521855
15850.0 1399.3644595893934
15860.0 1312.766444921682
15870.0 1229.411704934887
15880.0 1337.0097939513494
15890.0 1355.996042732913
15900.0 1306.8907679175265
15910.0 1195.2207950076986
15920.0 1271.8757499223427
15930.0 1238.8992181124931
15940.0 1197.2129669376948
15950.0 1267.276604432717
15960.0 1194.0536460203418
15970.0 1298.9882153930755
15980.0 1355.4567274984483
15990.0 1175.1030062796453
16000.0 1183.7475968055733
16010.0 1180.1851183809854
16020.0 1139.389796043739
16030.0 1085.768333381758
16040.0 1168.7126028706043
16050.0 1133.6371241682855
16060.0 1072.6079896503275
16070.0 1124.6858901887174
16080.0 1073.0715780504459
16090.0 1106.6584669937467
16100.0 1069.7185682571358
16110.0 1073.4055379866923
16120.0 1065.5995886868589
16130.0 1085.820122059737
16140.0 1055.8268056436718
16150.0 1026.9811203058841
16160.0 1042.571615883637
16170.0 1021.9437812043385
16180.0 1017.4138796075514
16190.0 1014.7414849394011
16200.0 1022.7250995009404
16210.0 1014.5780558321412
16220.0 1037.139098873993
16230.0 1051.9534921206757
16240.0 1069.1975522583714
16250.0 1056.697347487295
16260.0 1029.7698152957078
16270.0 1031.114213095184
16280.0 1035.52053664341
16290.0 1060.8598544628635
16300.0 1009.7694386563567
16310.0 1013.9314722175735
16320.0 1003.2334538350788
16330.0 993.3589285044009
16340.0 1007.4681112025523
16350.0 992.2094643902744
16360.0 994.6724333658046
16370.0 993.8602062250121
16380.0 1026.3707924257526
16390.0 999.0453876192622
16400.0 988.3095789402107
16410.0 1001.4505105242406
16420.0 980.2952342136108
16430.0 981.7720693918069
16440.0 993.6206600699451
16450.0 969.7362036452002
16460.0 2191.40481086107
16470.0 972.3516298282567
16480.0 964.5005723239127
16490.0 972.3811499899435
16500.0 971.2916852922282
16510.0 987.9237080296491
16520.0 985.6065507721831
16530.0 990.4845831799922
16540.0 981.4161760861423
16550.0 960.3350313797183
16560.0 952.0522970467559
16570.0 957.4892463619323
16580.0 951.2735713848766
16590.0 956.6370966955803
16600.0 959.9206062040312
16610.0 958.9875818223821
16620.0 1023.1781408665353
16630.0 948.7660824624323
16640.0 958.4014808698055
16650.0 930.6215079460285
16660.0 921.3680730017718
16670.0 922.283994780684
16680.0 917.0607282661218
16690.0 926.141690534147
16700.0 923.622474005731
16710.0 922.9090380985112
16720.0 926.3781352745101
16730.0 929.4003437432539
16740.0 927.7052423093861
16750.0 932.6556667864661
16760.0 934.3043650301958
16770.0 927.074428471292
16780.0 927.0691161233884
16790.0 1107.433639208648
16800.0 920.0734411967418
16810.0 918.0213424550337
16820.0 923.549298269323
16830.0 918.4485032932663
16840.0 903.1979869517006
16850.0 911.4702896742294
16860.0 909.7118843771353
16870.0 893.897766124182
16880.0 903.2758850883552
16890.0 896.6039416248234
16900.0 890.8952367347973
16910.0 896.9609690806458
16920.0 893.7745797536345
16930.0 894.638332483865
16940.0 882.8819622684344
16950.0 884.4599323243086
16960.0 884.4541443942553
16970.0 872.5701881558246
16980.0 880.4403938710233
16990.0 879.2718605280047
17000.0 874.2164581340644
17010.0 878.1432962600745
17020.0 879.5139694868133
17030.0 875.8664630490046
17040.0 864.1302587049797
17050.0 883.7439667171225
17060.0 877.5912532240453
17070.0 865.5245907517523
17080.0 874.5988771039648
17090.0 876.8384841546533
17100.0 868.4003507555033
17110.0 863.5750073926866
17120.0 873.3263054765243
17130.0 915.3856121611291
17140.0 863.5218528258731
17150.0 871.4711067431156
17160.0 881.6960936272976
17170.0 874.3105661640466
17180.0 874.8507375078294
17190.0 874.0375762925571
17200.0 862.6765315536
17210.0 861.9863493722481
17220.0 861.3036553259711
17230.0 858.2663547235231
17240.0 850.2889543545705
17250.0 855.9230365826996
17260.0 851.3276671690704
17270.0 851.2450874942019
17280.0 849.7419869042387
17290.0 854.8894590460798
17300.0 856.6114173999254
17310.0 848.7794580788592
17320.0 850.8704832336831
17330.0 847.9251470933846
17340.0 856.7070161547998
17350.0 846.5442499857529
17360.0 845.4114078452592
17370.0 848.2592471846577
17380.0 847.8011286359686
17390.0 894.6004909705257
17400.0 841.3668387760338
17410.0 843.9952160661992
17420.0 839.2755666835318
17430.0 842.1933145362568
17440.0 836.4563967510655
17450.0 837.7345252389262
17460.0 835.4430450983809
17470.0 830.8398326691471
17480.0 858.7670674379201
17490.0 834.8207096499666
17500.0 834.8033963084005
17510.0 832.6547387089794
17520.0 838.2205895674916
17530.0 831.3573369717282
17540.0 823.3658869617061
17550.0 827.7321981168843
17560.0 829.4781375258684
17570.0 826.6715094745804
17580.0 828.8156252099999
17590.0 827.2326728936706
17600.0 826.2757649812913
17610.0 821.5057937044306
17620.0 813.9243720566612
17630.0 820.1004931198768
17640.0 812.7780615635761
17650.0 818.1826637703409
17660.0 811.0822158274674
17670.0 817.0978970715297
17680.0 806.5362106802193
17690.0 809.740730433426
17700.0 806.3236631991082
17710.0 799.9561766107072
17720.0 800.7860274144559
17730.0 803.3129656621409
17740.0 800.5143187340936
17750.0 796.2748233091241
17760.0 801.8939135196117
17770.0 804.5256483306142
17780.0 805.7322283261694
17790.0 797.9573725733756
17800.0 805.056037215595
17810.0 785.0636945769552
17820.0 807.988410443942
17830.0 798.1673627078752
17840.0 784.4397830431967
17850.0 790.0918888292821
17860.0 797.5669299057122
17870.0 783.3876798928708
17880.0 796.022031735053
17890.0 801.9126340736582
17900.0 781.4562246061175
17910.0 774.7463580299221
17920.0 773.6498101435774
17930.0 784.0231745988332
17940.0 785.9117144100929
17950.0 785.7158402128944
17960.0 772.9305865211022
17970.0 783.7283199668735
17980.0 793.8327078814268
17990.0 775.2998180893943
18000.0 766.7720220289709
18010.0 908.2492906682949
18020.0 770.0201639182582
18030.0 767.2684454874512
18040.0 775.2876644896676
18050.0 764.6898368626323
18060.0 754.5687045792245
18070.0 759.6301191918877
18080.0 773.6093856113275
18090.0 779.0611759857073
18100.0 978.4235230939503
18110.0 766.2651291087946
18120.0 735.4506284107952
18130.0 776.6065227165731
18140.0 768.7483784330258
18150.0 754.5995299054268
18160.0 766.1792991353158
18170.0 763.4137199966295
18180.0 740.9603531254645
18190.0 825.8234648489749
18200.0 727.1482990025291
18210.0 752.2960381399447
18220.0 724.9936092642691
18230.0 770.089688520661
18240.0 765.7606321703695
18250.0 764.5548233068482
18260.0 721.7175919060455
18270.0 752.1500011975675
18280.0 741.1333129686424
18290.0 759.1795591880337
18300.0 742.8240927426309
18310.0 736.0660469864088
18320.0 742.4282823990101
18330.0 748.3622219967538
18340.0 744.5815739701243
18350.0 733.2792874698822
18360.0 726.6756910546361
18370.0 723.7466674337034
18380.0 741.048938026331
18390.0 731.1520487502504
18400.0 737.124573993291
18410.0 728.5964306956412
18420.0 721.4105111799652
18430.0 744.1482324498971
18440.0 750.3296013927871
18450.0 746.572240919632
18460.0 724.1147639355268
18470.0 718.02397189527
18480.0 702.1100643436473
18490.0 736.0303418687329
18500.0 719.2361006739443
18510.0 741.6898629805812
18520.0 739.0820353035102
18530.0 708.1136609698108
18540.0 705.4910643432148
18550.0 736.2105058339496
18560.0 713.3707464071772
18570.0 706.2286451861211
18580.0 731.7977618228015
18590.0 699.6827544004636
18600.0 675.0288321915093
18610.0 715.5169664551951
18620.0 719.7224712513888
18630.0 708.4998487803871
18640.0 675.5542082617633
18650.0 847.3707561040072
18660.0 724.713871153059
18670.0 676.9244642917471
18680.0 684.7275037146229
18690.0 711.16240000682
18700.0 681.8394056574776
18710.0 677.8917732490866
18720.0 708.196105263091
18730.0 661.1637710955804
18740.0 2168.744668268723
18750.0 696.9716948143437
18760.0 699.8580078731069
18770.0 696.858309355226
18780.0 711.5859327653711
18790.0 722.4324947546384
18800.0 705.667690452669
18810.0 698.2830511000604
18820.0 721.6338040635156
18830.0 718.9347212387584
18840.0 691.9235098173831
18850.0 697.4623952764492
18860.0 703.1938960723319
18870.0 716.6845233086594
18880.0 703.6650095575011
18890.0 723.0116883073334
18900.0 694.1427533777505
18910.0 715.97500101989
18920.0 691.9295789063513
18930.0 700.3168809104102
18940.0 713.1533676262609
18950.0 715.6469589530783
18960.0 713.2590165335874
18970.0 697.6529415338078
18980.0 699.4139069869168
18990.0 690.0938382932499
19000.0 690.5656828880553
19010.0 706.6807110397783
19020.0 697.433036532136
19030.0 683.6916486635057
19040.0 709.1068610078041
19050.0 665.41544295831
19060.0 660.9636420058162
19070.0 699.0683672278025
19080.0 691.530291625619
19090.0 698.8511030832456
19100.0 691.4763723406242
19110.0 651.7401806422722
19120.0 693.9104850737152
19130.0 654.7818694198013
19140.0 683.2756834257036
19150.0 697.1941647854917
19160.0 652.6658997085485
19170.0 689.3803316528288
19180.0 695.609594410123
19190.0 662.7016916940886
19200.0 639.3774807418126
19210.0 674.3958074868137
19220.0 691.5499288419144
19230.0 672.2253335329683
19240.0 638.8859809907574
19250.0 688.4290379554136
19260.0 672.049346413314
19270.0 653.4027719858636
19280.0 653.2501983187226
19290.0 687.434260403534
19300.0 655.2611453985435
19310.0 637.4371431329073
19320.0 664.6322356990645
19330.0 671.3855127758616
19340.0 665.1792667111242
19350.0 671.834575872232
19360.0 646.1198681212348
19370.0 674.8792359400321
19380.0 662.4579989539211
19390.0 619.2423992566194
19400.0 645.6411497514129
19410.0 714.9167170915146
19420.0 681.5138233335742
19430.0 662.0409089621063
19440.0 640.2295667335151
19450.0 655.841203227688
19460.0 676.4150448883471
19470.0 644.4514509763621
19480.0 633.967221180275
19490.0 634.1916978349128
19500.0 657.1869395729871
19510.0 667.2717635668221
19520.0 661.6705747360662
19530.0 646.3957225574491
19540.0 650.2402272586446
19550.0 618.865922523428
19560.0 644.7056926479506
19570.0 668.4280071179417
19580.0 632.7136721968855
19590.0 652.9983617526135
19600.0 658.5786885301368
19610.0 675.1249615860119
19620.0 642.9971708658474
19630.0 640.477230961082
19640.0 658.6409157627742
19650.0 658.4028521643884
19660.0 657.3157111029333
19670.0 648.1544774519588
19680.0 673.9746872194108
19690.0 659.5098339102527
19700.0 653.9941872371962
19710.0 634.9645225326619
19720.0 663.0074758305968
19730.0 643.2684438854596
19740.0 649.48505768625
19750.0 633.1787378849913
19760.0 657.8827733347863
19770.0 653.0350966453638
19780.0 651.5706457838485
19790.0 657.3595361832748
19800.0 639.7358272780368
19810.0 653.3613205097548
19820.0 657.0209693984915
19830.0 659.6170292649466
19840.0 649.7559926864585
19850.0 647.0005281347146
19860.0 658.3964459628244
19870.0 654.8089205782244
19880.0 664.5698859180371
19890.0 639.1116530830991
19900.0 646.72133238147
19910.0 650.6215456333073
19920.0 660.9672590735775
19930.0 641.9691729504532
19940.0 652.5182480569536
19950.0 658.9151480772022
19960.0 655.8146717933291
19970.0 637.3165036281446
19980.0 636.8491231351326
19990.0 647.3326166697433
20010.0 631.7347915193038
20020.0 644.604450666657
20030.0 644.7064478181746
20040.0 640.5865354160311
20050.0 635.2603111155145
20060.0 644.0018963983784
20070.0 640.374779162356
20080.0 646.699674790997
20090.0 637.6257446739398
20100.0 653.2571499523565
20110.0 650.6306347689115
20120.0 643.7152585609617
20130.0 634.4040890711735
20140.0 630.7653594418039
20150.0 645.1145230799054
20160.0 636.7534214030275
20170.0 624.6611118907656
20180.0 638.2627529994022
20190.0 644.9518142906132
20200.0 639.3444033212546
20210.0 624.4148824915646
20220.0 642.304527569723
20230.0 633.130048839833
20240.0 631.9698826841645
20250.0 629.519721229047
20260.0 636.0332056809821
20270.0 647.0242362565422
20280.0 620.1301118528828
20290.0 622.9778708414757
20300.0 630.2941754274963
20310.0 636.7166595824491
20320.0 632.4118225896193
20330.0 621.5482885674019
20340.0 631.0748555396635
20350.0 637.777657714487
20360.0 631.6972442537987
20370.0 624.9325916517241
20380.0 627.3835948407295
20390.0 634.4510121649988
20400.0 626.0546060953546
20410.0 623.2359535636692
20420.0 621.3040452475086
20430.0 628.711149415166
20440.0 628.285258367529
20450.0 629.8250354323292
20460.0 623.182237191111
20470.0 618.0522497487377
20480.0 623.3929009027951
20490.0 628.8596382809336
20500.0 613.170437771686
20510.0 618.8733699456138
20520.0 623.3457194361329
20530.0 621.9102101241592
20540.0 623.8611613096474
20550.0 620.6620805220056
20560.0 617.4199427542383
20570.0 609.4556393879171
20580.0 610.5860006556193
20590.0 610.2738315197035
20600.0 617.2491621786801
20610.0 685.3944610770625
20620.0 614.4787035053067
20630.0 623.2176965325801
20640.0 611.2817237217397
20650.0 606.7726727695476
20660.0 606.6176684811958
20670.0 606.6313154146807
20680.0 607.1524372695989
20690.0 608.4337558217851
20700.0 603.2538938889969
20710.0 610.7871956590691
20720.0 604.6188172246523
20730.0 606.6494422814696
20740.0 602.951659155693
20750.0 612.1847216113475
20760.0 606.8282302850315
20770.0 600.5805318323149
20780.0 603.5573645077803
20790.0 606.71418153625
20800.0 603.3705570412197
20810.0 603.0522031201
20820.0 603.7179909067216
20830.0 604.887459666414
20840.0 600.5056068154851
20850.0 602.5252126057968
20860.0 606.436987457073
20870.0 605.6445386948566
20880.0 599.6363191319714
20890.0 597.9098904613876
20900.0 600.3913486118754
20910.0 600.3184856208841
20920.0 599.8594720912895
20930.0 599.7316364277506
20940.0 599.8901929933493
20950.0 597.380534604767
20960.0 602.4054084230188
20970.0 599.4473096578339
20980.0 595.4949864440681
20990.0 600.3503425045305
21000.0 596.7159964010577
21010.0 595.3133724781858
21020.0 599.5500939644521
21030.0 599.1290479514229
21040.0 597.1239491454257
21050.0 597.7505234507013
21060.0 596.3155405583901
21070.0 599.1370463185235
21080.0 598.1405562742426
21090.0 598.0996955753449
21100.0 596.8441996525765
21110.0 598.840152569581
21120.0 593.7141086559507
21130.0 600.6228082375324
21140.0 593.7559538160808
21150.0 594.6252704067252
21160.0 593.3652743428025
21170.0 597.19521808481
21180.0 590.9974612097982
21190.0 594.3283701483001
21200.0 595.500478727965
21210.0 593.7436513048052
21220.0 590.9901039684274
21230.0 587.570401104931
21240.0 592.1301161340004
21250.0 590.2457876422421
21260.0 592.6820310282254
21270.0 586.2550420442909
21280.0 584.6678046789305
21290.0 595.8054986778155
21300.0 593.6004127485916
21310.0 587.990525674078
21320.0 577.2152308062992
21330.0 589.6108852428072
21340.0 588.6401805908473
21350.0 591.6970552527919
21360.0 587.7570026915099
21370.0 569.1234663219086
21380.0 587.8752462566994
21390.0 592.2572659936657
21400.0 592.8056389710468
21410.0 587.7662695934675
21420.0 569.0081254464327
21430.0 578.4372529265229
21440.0 585.8453687908765
21450.0 581.8893268107753
21460.0 585.3668612522254
21470.0 571.203724249826
21480.0 586.0122344760568
21490.0 576.974140049068
21500.0 581.8580969497068
21510.0 581.7300200986169
21520.0 567.0794049686654
21530.0 589.644628869771
21540.0 579.4706764270427
21550.0 565.2994163730234
21560.0 578.4540570317847
21570.0 569.1539766406448
21580.0 585.6860208230258
21590.0 578.446077267176
21600.0 554.9081512679483
21610.0 560.8609195402732
21620.0 559.7299438920616
21630.0 578.1986458110885
21640.0 568.7106692644527
21650.0 563.8723193420609
21660.0 552.0034586290335
21670.0 656.5506894111317
21680.0 566.7138383567421
21690.0 568.7831797296647
21700.0 563.1235686389373
21710.0 564.4249255189286
21720.0 539.1627355581272
21730.0 569.1449075488001
21740.0 557.9939403728049
21750.0 568.3928116228805
21760.0 572.6636231617717
21770.0 560.9060936789411
21780.0 554.0540649446127
21790.0 557.0523730229547
21800.0 561.756483332705
21810.0 571.0655440517512
21820.0 569.0450690822723
21830.0 531.3709342815407
21840.0 552.0903805928187
21850.0 559.7330693069392
21860.0 558.9962634318084
21870.0 554.7409726568003
21880.0 548.6635184854572
21890.0 532.3594323321643
21900.0 547.6930313934239
21910.0 541.3429878812719
21920.0 527.5394303247118
21930.0 519.1663510760337
21940.0 514.6394080114577
21950.0 492.0417814218587
21960.0 492.22510142633473
21970.0 486.67233584632896
21980.0 445.34844471891046
21990.0 450.1299919386413
22000.0 443.1796690912564
22010.0 435.78884630010697
22020.0 428.4710319191968
22030.0 465.1670246594403
22040.0 430.8402841149538
22050.0 419.4074596529937
22060.0 433.37566293687433
22070.0 449.3636524874963
22080.0 439.2477392780364
22090.0 456.53002776136816
22100.0 464.03430251406127
22110.0 467.06024301190433
22120.0 462.0371390458322
22130.0 474.2606414414557
22140.0 479.25991290908576
22150.0 498.1177191546929
22160.0 472.91162073445975
22170.0 481.22595504091805
22180.0 471.4607797794989
22190.0 499.96965992026145
22200.0 478.3521041571996
22210.0 474.50447846235693
22220.0 464.6519940514385
22230.0 472.2823091888188
22240.0 477.97093701338065
22250.0 476.2109381137859
22260.0 463.0392255810105
22270.0 439.9983932321355
22280.0 463.1186905816842
22290.0 477.96402681674203
22300.0 457.81785100968546
22310.0 434.29568904572557
22320.0 449.756176661777
22330.0 457.05448242607
22340.0 463.61142338780843
22350.0 457.17364713526393
22360.0 431.4417699509725
22370.0 435.2788891291231
22380.0 440.261847940438
22390.0 447.4663638703089
22400.0 427.0143376583575
22410.0 424.38298669025755
22420.0 430.1071763758886
22430.0 427.7719255281136
22440.0 448.3863770625949
22450.0 407.79594531543984
22460.0 403.0135500551095
22470.0 420.272210285071
22480.0 409.72812299267395
22490.0 420.03106056983154
22500.0 403.0679344146453
22510.0 413.42377460330204
22520.0 400.7418474143282
22530.0 396.6909916638846
22540.0 429.50008364226983
22550.0 397.40214836325504
22560.0 390.0784379589236
22570.0 398.70889263918275
22580.0 423.6681123488738
22590.0 397.030324937019
22600.0 397.0100156953156
22610.0 388.060440469118
22620.0 413.1309211557622
22630.0 411.65939710994326
22640.0 390.43045224160585
22650.0 407.42716339146585
22660.0 414.8101246984557
22670.0 395.48879948605463
22680.0 384.1171959721102
22690.0 398.3243787692478
22700.0 416.6888576752525
22710.0 393.4243631207298
22720.0 383.12646636799894
22730.0 407.54186763696805
22740.0 402.9718050848797
22750.0 388.1123804948325
22760.0 398.25764425620906
22770.0 396.96469130630766
22780.0 386.7035492174323
22790.0 404.9972826387468
22800.0 384.68955928515265
22810.0 400.1587400811368
22820.0 379.64108047112205
22830.0 378.96897891139633
22840.0 379.2453085135554
22850.0 385.0435081347814
22860.0 368.7186841324362
22870.0 384.7320321610783
22880.0 375.0694698630517
22890.0 368.0179974518101
22900.0 364.68512074825634
22910.0 370.5854419480412
22920.0 358.5384805704177
22930.0 364.08192812599293
22940.0 368.93618883222797
22950.0 358.91971726620756
22960.0 361.84687945541236
22970.0 369.93666859789994
22980.0 361.59509970816697
22990.0 378.28008448369116
23000.0 361.0096329923248
23010.0 386.715994171145
23020.0 366.1685155132235
23030.0 361.0303530564366
23040.0 368.51783460624466
23050.0 381.4121709346979
23060.0 381.86386107094665
23070.0 392.5296351938282
23080.0 398.3878272770689
23090.0 395.9605379251853
23100.0 422.5082498967448
23110.0 409.2629024805348
23120.0 408.6071455189596
23130.0 421.0427963370891
23140.0 408.072240377268
23150.0 402.2575134651537
23160.0 343.21738004722573
23170.0 341.8607781749451
23180.0 352.49258481216197
23190.0 337.0870838898969
23200.0 344.4238616935314
23210.0 347.51420427974506
23220.0 348.2866821255797
23230.0 348.8913216438374
23240.0 342.9473908708937
23250.0 337.9407019349971
23260.0 343.18086820623785
23270.0 348.2993983812077
23280.0 338.8993923046844
23290.0 348.97178094115384
23300.0 343.86204773455813
23310.0 345.24630832586683
23320.0 360.3194011094289
23330.0 345.4911704960369
23340.0 337.29218036403813
23350.0 350.8832366942539
23360.0 349.6556924271542
23370.0 360.29043010400295
23380.0 347.4583214816586
23390.0 340.5422665273995
23400.0 354.49096426349485
23410.0 343.881319580561
23420.0 367.3992127998868
23430.0 342.76520844515335
23440.0 346.47835252949733
23450.0 339.05552575177353
23460.0 350.11090173145675
23470.0 354.74265023089004
23480.0 337.04573727388276
23490.0 357.3941526166458
23500.0 337.3977295342244
23510.0 341.2655233751018
23520.0 353.27864007236644
23530.0 348.73343990300503
23540.0 344.3229099693748
23550.0 336.2844786912484
23560.0 357.5447664271158
23570.0 367.0979750218285
23580.0 333.0013697389952
23590.0 349.87153722924245
23600.0 374.22662732241275
23610.0 345.9805193207525
23620.0 368.74474266902786
23630.0 350.0189835021499
23640.0 371.8850107834261
23650.0 369.29229897285387
23660.0 359.07621945622867
23670.0 347.10053844760034
23680.0 379.7308657910836
23690.0 352.99179631789593
23700.0 314.2464742864878
23710.0 318.1034556573586
23720.0 325.0980096051437
23730.0 341.40474251393806
23740.0 336.28816704913805
23750.0 336.6378246256104
23760.0 342.8291078478932
23770.0 334.8647628654123
23780.0 329.25940227995943
23790.0 334.13420687441675
23800.0 324.51992167233044
23810.0 332.19841890397913
23820.0 327.725186984086
23830.0 324.9280976776182
23840.0 331.6529259783808
23850.0 351.3805516624172
23860.0 337.4834180258919
23870.0 354.13634057885383
23880.0 353.3218713915254
23890.0 355.49310826983407
23900.0 351.1322642212483
23910.0 335.3562874829465
23920.0 357.32804064836756
23930.0 350.3000595841739
23940.0 346.6119881287957
23950.0 364.0850198337199
23960.0 350.4097839461968
23970.0 354.83003224561793
23980.0 360.9932031701653
23990.0 380.2755435760728
24000.0 344.23676226850534
24010.0 362.083745822309
24020.0 384.7510484155563
24030.0 372.6132776635956
24040.0 380.1469521083911
24050.0 373.2689217478826
24060.0 380.28351712278095
24070.0 364.1093618559863
24080.0 369.9354613054729
24090.0 360.33858443553015
24100.0 365.88536043954593
24110.0 402.53978335462375
24120.0 387.8258156422787
24130.0 364.86246457720483
24140.0 372.7653140735055
24150.0 382.4779354145255
24160.0 367.3570809231468
24170.0 377.2905406715794
24180.0 356.054017627872
24190.0 347.3591505798264
24200.0 394.8402746685716
24210.0 407.1255953855664
24220.0 345.2508786084369
24230.0 341.01578138001526
24240.0 349.0973822845087
24250.0 360.8026924389972
24260.0 372.5452771439226
24270.0 356.7586731305621
24280.0 357.20820128676064
24290.0 389.6354941305581
24300.0 389.61042437418837
24310.0 388.06428314780396
24320.0 388.4137808419829
24330.0 354.5460180700825
24340.0 380.1612521796293
24350.0 335.79494071469117
24360.0 337.4538771208837
24370.0 363.6583087157408
24380.0 402.9051137926094
24390.0 399.2156030196551
24400.0 373.7849172994827
24410.0 388.76029400675947
24420.0 370.85498273911065
24430.0 393.467150295073
24440.0 390.6683764719436
24450.0 367.81269413437633
24460.0 390.3346875758957
24470.0 353.6491867139603
24480.0 376.9413842388378
24490.0 400.1552018930528
24500.0 393.258667329599
24510.0 355.38713939103627
24520.0 389.31150115146556
24530.0 364.6333229620862
24540.0 365.8353845140176
24550.0 415.6596526734061
24560.0 384.287053898786
24570.0 407.15581713455595
24580.0 391.32435311452093
24590.0 365.95698184353375
24600.0 415.6102692226018
24610.0 362.8698947185123
24620.0 388.05200487365886
24630.0 406.3813335954119
24640.0 418.2407458580118
24650.0 413.5654402671719
24660.0 441.56314824532
24670.0 363.37291945349045
24680.0 360.24222313982347
24690.0 392.1163808575658
24700.0 413.8715579546015
24710.0 399.21098506675276
24720.0 374.2585325406826
24730.0 366.0449221604979
24740.0 384.45610629969235
24750.0 356.70212522750865
24760.0 449.5269418132126
24770.0 375.0981155618633
24780.0 354.3240391730621
24790.0 375.08446707450616
24800.0 416.7390923495433
24810.0 385.94612423837714
24820.0 365.9710811068412
24830.0 382.24856605743696
24840.0 407.68831360991686
24850.0 448.3139261487902
24860.0 404.0753398892186
24870.0 376.57908118560624
24880.0 345.961386421851
24890.0 318.2965681629203
24900.0 306.6926970417656
24910.0 383.8606550673286
24920.0 437.8099515080938
24930.0 404.62714929789365
24940.0 390.5913632836117
24950.0 444.49663502077357
24960.0 346.8581516998745
24970.0 330.74744598819353
24980.0 386.61283052856436
24990.0 373.56045477256
