#lam[Angstrom] flux[erg/cm2/s/A]
1010.0 14447.461456526178
1020.0 14959.694791492944
1030.0 51610.124822807695
1040.0 20343.894749857627
1050.0 15318.926277276045
1060.0 15457.410593580473
1070.0 16322.545480488727
1080.0 49396.873507389115
1090.0 50324.239927056304
1100.0 16132.602028840567
1110.0 16261.92196403434
1120.0 16894.15127280831
1130.0 16432.837214368436
1140.0 17846.112355382054
1150.0 16747.21136312575
1160.0 17065.64769691572
1170.0 17097.22202412895
1180.0 17170.853167614267
1190.0 17275.36151124927
1200.0 26048.68670766683
1210.0 23184.794037940446
1220.0 147511.37554685332
1230.0 21337.5094509166
1240.0 86981.6921941718
1250.0 30296.017731394524
1260.0 42159.65296835434
1270.0 43313.911327960275
1280.0 44719.36562813255
1290.0 48264.370739362304
1300.0 51975.39759061367
1310.0 57158.62652225806
1320.0 59704.078435182106
1330.0 60711.951219235525
1340.0 67760.00550026189
1350.0 65213.35198555644
1360.0 66768.41935351331
1370.0 67757.25976454781
1380.0 69193.88951663583
1390.0 158423.1394180244
1400.0 176178.69421392912
1410.0 130243.1201075938
1420.0 73469.21971652
1430.0 72144.59737475826
1440.0 72514.67413713768
1450.0 72997.1462783945
1460.0 73571.60948749057
1470.0 74141.85942547228
1480.0 74491.01599273426
1490.0 116913.38770332819
1500.0 73754.26703148683
1510.0 73632.80467829396
1520.0 73713.63930056426
1530.0 77025.11403290075
1540.0 73195.98360373761
1550.0 1039324.0312469378
1560.0 73225.39834489897
1570.0 72911.17342254768
1580.0 76395.13075996592
1590.0 72842.04309624236
1600.0 79866.12384603135
1610.0 72700.17959848614
1620.0 72694.40631080378
1630.0 72264.16326087384
1640.0 660946.3580330024
1650.0 71659.02952693347
1660.0 92693.1629006619
1670.0 126225.40620256374
1680.0 71199.93386050539
1690.0 70984.85508294978
1700.0 70694.74256437205
1710.0 70337.44192453512
1720.0 75508.97756748396
1730.0 70690.76904063285
1740.0 72029.07492613424
1750.0 106868.74394795907
1760.0 70061.70163282791
1770.0 70039.65452452432
1780.0 70250.69825825957
1790.0 75130.49934336645
1800.0 69779.91161516514
1810.0 86066.82867551016
1820.0 87545.22920564975
1830.0 68491.79928033116
1840.0 68054.91030248259
1850.0 73475.88982022218
1860.0 70682.50579803137
1870.0 67257.35612944304
1880.0 110271.75091086277
1890.0 138002.41513386034
1900.0 66588.11329399202
1910.0 447394.9459157212
1920.0 66127.59472437945
1930.0 66421.53425441158
1940.0 65216.37737628003
1950.0 65180.80610346662
1960.0 64517.74015557687
1970.0 64137.97327675263
1980.0 63794.76711871389
1990.0 63514.75595620852
2000.0 63085.16248595916
2010.0 62535.399438666995
2020.0 59944.76122717204
2030.0 56539.5891997125
2040.0 54877.965985223185
2050.0 52381.89207979911
2060.0 51509.67308517841
2070.0 51899.08238227995
2080.0 50757.880503887056
2090.0 52336.77182484473
2100.0 51207.45126343468
2110.0 51215.26144883711
2120.0 52693.67248363109
2130.0 52620.71363802623
2140.0 55345.72261353563
2150.0 50631.20135838658
2160.0 51021.13845154395
2170.0 49792.81443774871
2180.0 51752.59945019375
2190.0 50623.491293900566
2200.0 51131.70325617609
2210.0 51749.26253866701
2220.0 54296.597549108206
2230.0 53125.750128726584
2240.0 53983.09488457261
2250.0 57336.39015384987
2260.0 55945.48821777922
2270.0 57060.919263805285
2280.0 58224.09959328701
2290.0 59439.55922533833
2300.0 62160.289338470386
2310.0 65397.223696710185
2320.0 68649.24007478316
2330.0 123017.6717175548
2340.0 77989.64491454222
2350.0 69544.74442012547
2360.0 67889.90877047373
2370.0 69219.59400381715
2380.0 70532.0393401667
2390.0 77101.14968674807
2400.0 73198.07508545129
2410.0 74716.57871693236
2420.0 75750.23846729546
2430.0 164017.68558096877
2440.0 78256.19936347652
2450.0 79746.8942596409
2460.0 80728.49791877459
2470.0 81967.2915546836
2480.0 83216.28008332435
2490.0 84491.74717657284
2500.0 85643.2257734263
2510.0 95582.18260314794
2520.0 88215.67937269376
2530.0 89399.79201031548
2540.0 90398.39199919389
2550.0 91590.85930509366
2560.0 106101.36266061156
2570.0 93838.64846653731
2580.0 95042.51332244203
2590.0 98551.21922349259
2600.0 97364.61421840006
2610.0 98387.49182061618
2620.0 99386.92765830956
2630.0 100471.53508294921
2640.0 101605.27483685699
2650.0 102503.12222274077
2660.0 103198.41524399976
2670.0 115853.82221872336
2680.0 104963.46306356955
2690.0 106015.79420882912
2700.0 107016.11625736552
2710.0 107802.46050659525
2720.0 109162.80621248233
2730.0 116986.80146581144
2740.0 117995.50713325127
2750.0 111880.73123106456
2760.0 113339.3924601284
2770.0 113985.01153415008
2780.0 115020.31860531367
2790.0 458864.4705452617
2800.0 289807.24930046586
2810.0 118278.43064835743
2820.0 119245.11166688902
2830.0 185830.43816151845
2840.0 121161.10383070691
2850.0 129261.99674739716
2860.0 125547.42329507512
2870.0 124273.56758990373
2880.0 125363.10332200002
2890.0 126293.45685431502
2900.0 127248.3088648265
2910.0 128124.52372567126
2920.0 129063.42525532452
2930.0 150429.62841192333
2940.0 130965.0697298357
2950.0 134776.41225454715
2960.0 132908.54762033213
2970.0 133914.150542584
2980.0 135288.80783424454
2990.0 135881.94362828098
3000.0 136704.535693372
3010.0 137681.60026347858
3020.0 138730.8341304089
3030.0 139615.8452776124
3040.0 140663.62218435344
3050.0 141505.92862489715
3060.0 142406.7455834676
3070.0 143323.04585759822
3080.0 144168.48038631122
3090.0 144943.91085027673
3100.0 146461.87170513975
3110.0 147182.98448320065
3120.0 148103.11282553972
3130.0 148527.29605313484
3140.0 149298.82665450583
3150.0 150120.02417583243
3160.0 150893.5558508011
3170.0 151574.46322116995
3180.0 152520.84466320666
3190.0 158260.2649419405
3200.0 154415.31608056717
3210.0 181248.06860014732
3220.0 156226.9219941463
3230.0 157226.57503790813
3240.0 158447.825989003
3250.0 158774.60145746803
3260.0 160035.88177140645
3270.0 160161.53428284652
3280.0 160845.43696300584
3290.0 161693.37400098084
3300.0 162194.16919308176
3310.0 162901.14291807121
3320.0 163580.7290902571
3330.0 164319.13183414398
3340.0 182272.00986391187
3350.0 165879.7621711553
3360.0 167679.67585762448
3370.0 167337.8237570882
3380.0 168116.78811546433
3390.0 168995.91155293706
3400.0 169627.70992946086
3410.0 170266.7169803243
3420.0 193005.1804045104
3430.0 193672.66862941362
3440.0 172510.70885435285
3450.0 172886.35270852153
3460.0 173942.1507552605
3470.0 174980.27970555195
3480.0 176157.10858236076
3490.0 176914.99138489814
3500.0 176172.33437095184
3510.0 175303.19168070718
3520.0 175021.03426365013
3530.0 176048.35900260822
3540.0 176078.12607133656
3550.0 176992.99389427042
3560.0 177112.36398006443
3570.0 177620.99678682807
3580.0 183300.6469098334
3590.0 178000.9736767386
3600.0 177869.20495286747
3610.0 177999.9842826896
3620.0 179348.4074030833
3630.0 180113.25732569292
3640.0 179420.11266947293
3650.0 179882.62568999108
3660.0 182308.42028403227
3670.0 182760.3034709558
3680.0 181238.39972427159
3690.0 182176.3372647633
3700.0 182116.1079661909
3710.0 180850.78163713543
3720.0 159197.83255187247
3730.0 265412.1979995381
3740.0 138522.00231338324
3750.0 145739.2113951848
3760.0 139219.22480365683
3770.0 154891.65591696074
3780.0 139896.64157427676
3790.0 140228.29848235782
3800.0 151281.28364571728
3810.0 140876.9050282787
3820.0 142859.12212408596
3830.0 141506.49514417574
3840.0 156219.3396563931
3850.0 142810.8124800603
3860.0 284793.0111752575
3870.0 144596.3052978592
3880.0 173795.67904672705
3890.0 145175.65424560284
3900.0 171821.49600988865
3910.0 145737.29057879568
3920.0 145703.35166149825
3930.0 143813.14595289153
3940.0 143037.83034320464
3950.0 141861.20510328916
3960.0 186191.87174414986
3970.0 142287.50718731256
3980.0 173215.36914510507
3990.0 142702.9442483462
4000.0 142949.56776968093
4010.0 143164.95082222472
4020.0 147697.8694439184
4030.0 143610.9062744022
4040.0 143828.01920799204
4050.0 144041.2043613315
4060.0 144349.15246936737
4070.0 144457.27034887482
4080.0 162594.91459615744
4090.0 144845.31075383877
4100.0 193845.98064270415
4110.0 145181.63560950747
4120.0 145776.4470372596
4130.0 145508.47039882914
4140.0 146148.81501892413
4150.0 145744.05831873324
4160.0 145805.24659468562
4170.0 145749.36715328603
4180.0 145790.02536721533
4190.0 145813.74361352346
4200.0 147038.30602077168
4210.0 146122.67196243783
4220.0 146290.99910002574
4230.0 146376.71375165993
4240.0 146380.17527640634
4250.0 146463.54143682032
4260.0 146571.34820507898
4270.0 146918.28232512323
4280.0 146835.51757508394
4290.0 147010.35201355096
4300.0 147089.38546560114
4310.0 147212.95663003545
4320.0 147333.80631976263
4330.0 233015.88628867306
4340.0 147459.877126904
4350.0 163903.993001812
4360.0 147497.63151785382
4370.0 147605.03543801766
4380.0 147773.08099372103
4390.0 147808.07651542354
4400.0 148705.64836774045
4410.0 147924.95244623884
4420.0 147974.12253233299
4430.0 148000.77269421748
4440.0 148218.64551774735
4450.0 148127.1760306592
4460.0 154890.03136580402
4470.0 148253.9298795418
4480.0 148267.80909868414
4490.0 148326.79963290656
4500.0 148371.90409489913
4510.0 148467.4758676032
4520.0 148520.4235828384
4530.0 150432.58718467486
4540.0 148660.12563481927
4550.0 148719.23908797675
4560.0 148795.54528274303
4570.0 148841.30807506014
4580.0 149172.16835528682
4590.0 148955.81198210648
4600.0 149739.3847683083
4610.0 149048.80744941163
4620.0 149278.86035846142
4630.0 149566.4418332918
4640.0 150209.26343188973
4650.0 161000.52717266476
4660.0 150720.98158211398
4670.0 151157.1920787591
4680.0 150815.27064295404
4690.0 205100.2726003259
4700.0 152058.89525691874
4710.0 153742.46635314298
4720.0 159578.32560307806
4730.0 151580.85054667894
4740.0 157510.90360672318
4750.0 149020.923016699
4760.0 152246.28344624955
4770.0 149034.52741697824
4780.0 149052.6180281277
4790.0 149823.1131683066
4800.0 149086.51006087213
4810.0 149101.3477882173
4820.0 149128.3549764128
4830.0 149140.17311462108
4840.0 149151.5274798151
4850.0 149160.26804153918
4860.0 320702.8565552848
4870.0 149191.8124145246
4880.0 152425.54091156312
4890.0 152440.8250685714
4900.0 149209.0423581568
4910.0 149209.59697952092
4920.0 149215.38605098732
4930.0 152811.0826968672
4940.0 149115.42382838993
4950.0 148919.81553570062
4960.0 578039.2812111083
4970.0 148735.32669237928
4980.0 152948.9777361925
4990.0 148690.57141222002
5000.0 148665.83942907138
5010.0 1441214.3184464148
5020.0 148569.44034757998
5030.0 148513.54061386015
5040.0 148439.05761439307
5050.0 148371.3329621767
5060.0 148607.4718964132
5070.0 148267.43175171327
5080.0 148516.5594524546
5090.0 148187.06650041117
5100.0 148143.734529625
5110.0 148106.87103744768
5120.0 148049.82030068987
5130.0 147999.80025231576
5140.0 147907.97960401137
5150.0 147774.18573994614
5160.0 150506.20992612277
5170.0 147571.7557389733
5180.0 147510.62262471972
5190.0 151713.02625583264
5200.0 147341.7286075989
5210.0 147778.28176660227
5220.0 147164.48520537073
5230.0 147093.22812227497
5240.0 147025.11360418214
5250.0 146923.39914911328
5260.0 150216.02210402643
5270.0 150109.40600774574
5280.0 146604.1217998853
5290.0 146500.98894817676
5300.0 146379.8558676038
5310.0 146273.40301845147
5320.0 148895.04715986105
5330.0 146075.35502552788
5340.0 145987.28064099277
5350.0 145873.30930683357
5360.0 145733.26811983687
5370.0 145613.18290265868
5380.0 145475.56768234528
5390.0 145352.39652764692
5400.0 145245.69474305795
5410.0 145122.20332274787
5420.0 147173.79314194006
5430.0 147060.368695528
5440.0 144782.8370215172
5450.0 144669.60816931675
5460.0 144511.42544637722
5470.0 144339.88598982655
5480.0 144186.2659784702
5490.0 144041.32282425414
5500.0 143914.55781619414
5510.0 144286.75234206332
5520.0 143655.619667426
5530.0 143946.30669865626
5540.0 143789.95437453088
5550.0 143186.64341039577
5560.0 143017.9275873469
5570.0 142852.03066639893
5580.0 142711.5018373273
5590.0 142770.73490897965
5600.0 142395.26173203537
5610.0 142216.08865810328
5620.0 142249.7646545164
5630.0 141890.78378137603
5640.0 141741.3672088422
5650.0 141600.1641142474
5660.0 141438.4827334806
5670.0 141293.42447899998
5680.0 141006.24005536342
5690.0 140576.65377392454
5700.0 140233.33509951844
5710.0 139915.01978004226
5720.0 139754.78654746295
5730.0 145612.94874612134
5740.0 139406.13820452354
5750.0 139211.51232579208
5760.0 140657.28277114723
5770.0 138846.93422183054
5780.0 138680.20018411745
5790.0 138520.5300283881
5800.0 138335.91780185813
5810.0 138158.41173779278
5820.0 140598.02713725646
5830.0 137770.60890482872
5840.0 137563.04290584545
5850.0 137375.71678865168
5860.0 137187.55081896222
5870.0 137012.65188473152
5880.0 154263.374557907
5890.0 136660.56347888053
5900.0 136483.43437237656
5910.0 136315.86906258523
5920.0 136127.09626609154
5930.0 135947.93771705602
5940.0 135746.36702838296
5950.0 135512.44667882446
5960.0 135277.5604374973
5970.0 135375.6546221586
5980.0 134881.09736769606
5990.0 134698.1465156036
6000.0 134688.47170700805
6010.0 134330.66127242375
6020.0 134146.16611411306
6030.0 134024.387273692
6040.0 133747.96508302246
6050.0 133542.17634570375
6060.0 133349.87735858094
6070.0 133156.92583144904
6080.0 132969.59629420566
6090.0 142229.5699169129
6100.0 132523.78890434644
6110.0 132285.22143411805
6120.0 132149.4911762564
6130.0 131871.729360001
6140.0 131681.96021994576
6150.0 131500.83602866967
6160.0 131269.19978204326
6170.0 131051.47185340124
6180.0 130935.73354693399
6190.0 130647.37983220797
6200.0 130455.77880041717
6210.0 130266.84065147511
6220.0 130040.17204968016
6230.0 129819.13302468666
6240.0 129709.04852284843
6250.0 129405.07923888971
6260.0 129212.02916022338
6270.0 129028.01731375659
6280.0 128825.90805637317
6290.0 128632.62086863043
6300.0 142454.38884254784
6310.0 128245.41682153124
6320.0 128052.65472608681
6330.0 127859.25938781103
6340.0 127639.64174150558
6350.0 127393.71302695404
6360.0 127147.55743886567
6370.0 129814.06805315787
6380.0 126723.63201376528
6390.0 126530.46926051265
6400.0 126488.30382465031
6410.0 126144.52333650402
6420.0 125951.50395267452
6430.0 127009.77047062598
6440.0 125565.9728682969
6450.0 125373.80264392047
6460.0 125180.47798452934
6470.0 124989.11335978768
6480.0 124797.2746543954
6490.0 124606.02832712982
6500.0 124383.67115913097
6510.0 124131.08584080434
6520.0 123879.22789418513
6530.0 124005.05786306967
6540.0 123421.9525075594
6550.0 123209.74836412458
6560.0 575701.2480061257
6570.0 122808.57024943293
6580.0 122618.55995945957
6590.0 182668.80787761664
6600.0 122243.29568018057
6610.0 122054.71895058709
6620.0 121871.13293909912
6630.0 121680.20137789944
6640.0 121464.87825463458
6650.0 121258.77123537655
6660.0 121057.81959171144
6670.0 120863.23974623585
6680.0 120679.40517172031
6690.0 124708.48272987311
6700.0 120284.58732631746
6710.0 120035.8135031437
6720.0 119853.2363021131
6730.0 149783.99377008318
6740.0 119456.32337945465
6750.0 119261.85738360563
6760.0 119087.0180921373
6770.0 118884.19217860715
6780.0 118696.32826833184
6790.0 120140.36937653893
6800.0 118323.66964973255
6810.0 118116.95580584095
6820.0 117918.89707180101
6830.0 117720.18429622406
6840.0 117470.48142080681
6850.0 117216.64574795178
6860.0 116978.32869433989
6870.0 116741.30258408045
6880.0 116531.13602628664
6890.0 116257.97772456336
6900.0 116520.63366593783
6910.0 115854.5411692011
6920.0 115603.92569627917
6930.0 115421.25969346643
6940.0 115185.5507490536
6950.0 114993.66680912826
6960.0 114795.02625130424
6970.0 114583.628003078
6980.0 114357.8712890132
6990.0 114133.53059126862
7000.0 116521.84139307622
7010.0 113750.75756019657
7020.0 113578.11070457047
7030.0 113391.02547878618
7040.0 113224.88789557404
7050.0 113030.17534792011
7060.0 112813.22990885892
7070.0 124510.08379456264
7080.0 112419.66238715276
7090.0 112177.97426796722
7100.0 111973.99204052846
7110.0 111753.5530161034
7120.0 111575.64215401652
7130.0 111360.56374271802
7140.0 127088.88888081296
7150.0 110983.72949337625
7160.0 110783.3859389037
7170.0 110584.59785587751
7180.0 111090.76674309645
7190.0 110205.35750847837
7200.0 109979.93944794165
7210.0 109771.2417352761
7220.0 109547.55431605598
7230.0 109282.77462348237
7240.0 109010.29582642617
7250.0 112543.9106148092
7260.0 108538.4759352523
7270.0 108310.57185886896
7280.0 108080.29487596294
7290.0 112304.1777891497
7300.0 107642.03922800398
7310.0 107410.43401329596
7320.0 127412.73270972303
7330.0 106956.20100249397
7340.0 106719.48280824182
7350.0 106494.62967771794
7360.0 106289.75271478923
7370.0 106052.32975104747
7380.0 105805.27559476382
7390.0 105556.76998559898
7400.0 105313.53259678329
7410.0 105073.85486525533
7420.0 104857.83301026597
7430.0 104673.92313718969
7440.0 104461.87648685568
7450.0 104224.49107942128
7460.0 103996.93569486216
7470.0 103824.38356617084
7480.0 103607.89524023696
7490.0 103350.40341901155
7500.0 103101.93007582951
7510.0 102915.80147993265
7520.0 102717.57984262198
7530.0 102442.06699186639
7540.0 102245.10254564528
7550.0 102451.10400515447
7560.0 101774.0782015808
7570.0 101607.4855373834
7580.0 102033.55845569275
7590.0 101145.59289836415
7600.0 100921.12510240496
7610.0 100708.42589838426
7620.0 101769.83043437047
7630.0 100254.19027054297
7640.0 100011.70884050301
7650.0 99786.18688515305
7660.0 99784.73000124055
7670.0 99311.77240256568
7680.0 99048.26654659907
7690.0 98782.49377894815
7700.0 99305.203922031
7710.0 98324.34117603466
7720.0 98128.43169953817
7730.0 97946.007452711
7740.0 101585.44308727028
7750.0 97636.22322248072
7760.0 97497.6254256975
7770.0 97357.40953969597
7780.0 97239.92791578475
7790.0 96990.46096670913
7800.0 96643.1997439459
7810.0 96658.7571429931
7820.0 96571.63230552654
7830.0 96454.98574399558
7840.0 96327.64502701983
7850.0 96202.0578683128
7860.0 96057.64494357066
7870.0 95895.69508264311
7880.0 95740.28858894922
7890.0 95612.41566204342
7900.0 95459.90129021538
7910.0 95306.10015938852
7920.0 95188.96929150136
7930.0 95027.57941766207
7940.0 94625.64845970964
7950.0 93998.81704463999
7960.0 94526.97415252932
7970.0 98942.51600581875
7980.0 94434.51303907744
7990.0 94324.41797951871
8000.0 94218.4987643496
8010.0 94091.12188265135
8020.0 93974.0324077632
8030.0 93872.6513159611
8040.0 93770.50552268613
8050.0 94393.5969103727
8060.0 93542.7470820887
8070.0 93455.32781708046
8080.0 93360.06636273852
8090.0 93288.22313931586
8100.0 93200.24154999072
8110.0 93105.18366115548
8120.0 93009.91389084313
8130.0 92944.25746600775
8140.0 92146.01375847
8150.0 90860.22602430088
8160.0 89556.03417664731
8170.0 88737.79578342733
8180.0 87381.94105845466
8190.0 87176.30729929046
8200.0 87189.48636657419
8210.0 87659.08578431852
8220.0 87621.70235594701
8230.0 87310.70367172502
8240.0 87256.85915469863
8250.0 87191.33880998721
8260.0 88053.1107324969
8270.0 87047.9334956634
8280.0 86972.06615352108
8290.0 86894.79932199614
8300.0 86823.15685344322
8310.0 86765.25419864562
8320.0 86692.10229093125
8330.0 86627.71869975314
8340.0 87734.95775600767
8350.0 86502.79888446772
8360.0 86446.10591897955
8370.0 86381.71673765339
8380.0 87556.09569607589
8390.0 86197.38203229132
8400.0 86202.10375414797
8410.0 86133.99115387308
8420.0 86682.37000706895
8430.0 86581.97059653052
8440.0 87369.39459687073
8450.0 88212.10450581944
8460.0 89128.24567672725
8470.0 89648.54637652972
8480.0 89616.74094285886
8490.0 89549.94908347094
8500.0 89354.33645918472
8510.0 88937.43553107776
8520.0 85802.21332512778
8530.0 87776.95171736376
8540.0 88121.19723843106
8550.0 88753.19650629847
8560.0 87713.27566806032
8570.0 86916.08995074515
8580.0 85569.5557726223
8590.0 85764.04245178404
8600.0 83404.29819835366
8610.0 82992.8309801437
8620.0 82212.26836812172
8630.0 82102.7504674688
8640.0 90520.50592324989
8650.0 82039.2592693206
8660.0 82106.47345471621
8670.0 82010.16046409831
8680.0 83059.214060931
8690.0 81919.33671254662
8700.0 81558.58679884416
8710.0 81490.81844553807
8720.0 81435.46252000057
8730.0 81473.57753662368
8740.0 81505.5672986329
8750.0 81294.67824711258
8760.0 81659.07822659306
8770.0 82784.39730876544
8780.0 81406.34209170913
8790.0 81244.56206582012
8800.0 81362.97591807881
8810.0 81046.20370924109
8820.0 81168.72253722332
8830.0 81013.72640158418
8840.0 81763.76446533302
8850.0 82352.60008618612
8860.0 82330.09483090317
8870.0 80962.74318798902
8880.0 81520.08993300717
8890.0 81729.55512243681
8900.0 84256.83817228467
8910.0 81593.48835349294
8920.0 81183.20530355723
8930.0 81831.49831725503
8940.0 77815.20677609755
8950.0 79330.64368091714
8960.0 82088.86105295683
8970.0 81414.59891074328
8980.0 81755.76837351592
8990.0 82711.92859434262
9000.0 81609.477446512
9010.0 81715.60438682402
9020.0 81997.94746287036
9030.0 84711.10051621948
9040.0 81494.14971435026
9050.0 81574.84709826217
9060.0 80692.7268081631
9070.0 81028.05756316773
9080.0 123057.53948827031
9090.0 81594.30483879334
9100.0 81921.94867468464
9110.0 81899.56153188345
9120.0 82229.11497183771
9130.0 81972.47809758612
9140.0 81640.04939395294
9150.0 81895.49417041244
9160.0 82823.39749983329
9170.0 82377.8609878583
9180.0 82346.9970423665
9190.0 83384.64343461198
9200.0 82953.15757161296
9210.0 81399.16449452673
9220.0 86572.83266275568
9230.0 81319.43341747361
9240.0 81727.25689145003
9250.0 80868.45378145305
9260.0 82251.04737789027
9270.0 81493.80761288128
9280.0 80599.14854590804
9290.0 80445.83943241768
9300.0 80246.16869601008
9310.0 80914.08563807343
9320.0 80594.2008997398
9330.0 80724.3319859501
9340.0 81020.15319367616
9350.0 80669.00455421208
9360.0 82773.19018233204
9370.0 81172.11746059818
9380.0 81288.88520718821
9390.0 81060.38345381565
9400.0 80884.3347619309
9410.0 82096.72209488944
9420.0 81660.83751940719
9430.0 82588.48935736425
9440.0 81287.84107776417
9450.0 82804.9379662743
9460.0 81775.39026067959
9470.0 82136.5359739572
9480.0 82905.38499006804
9490.0 82969.46153690823
9500.0 83270.34876655576
9510.0 82571.07805549796
9520.0 83129.63226269698
9530.0 83438.27484411544
9540.0 134651.55288616818
9550.0 135002.2393708723
9560.0 82326.62108919462
9570.0 83237.69999983776
9580.0 83674.2455909234
9590.0 83129.64657294964
9600.0 81785.69816791965
9610.0 82655.0617057905
9620.0 83510.87152274583
9630.0 82569.50814624503
9640.0 80896.45352027357
9650.0 82296.2289293962
9660.0 83272.36474270798
9670.0 82336.3440382461
9680.0 82227.51129909288
9690.0 83523.87606081605
9700.0 83544.61564778777
9710.0 82434.20146236155
9720.0 82613.24836264495
9730.0 81720.25282097631
9740.0 81907.57869220202
9750.0 82481.03935047118
9760.0 82758.08833940649
9770.0 82302.52908123423
9780.0 82131.88103394156
9790.0 82005.66881250597
9800.0 83330.63546908736
9810.0 83050.11475278555
9820.0 82758.31718981107
9830.0 82508.72640120145
9840.0 82196.78733027504
9850.0 83233.77782916705
9860.0 82977.62385359505
9870.0 82752.2089453931
9880.0 84103.00649474928
9890.0 80625.81257502985
9900.0 72729.64594416763
9910.0 71279.73353382637
9920.0 71366.1955574528
9930.0 72033.58675390307
9940.0 72927.70871514785
9950.0 73557.84399063884
9960.0 73286.38630581932
9970.0 71686.9838701229
9980.0 70658.1531535093
9990.0 70668.83490285839
10010.0 70715.90236680851
10020.0 70667.22751073177
10030.0 77835.21721180284
10040.0 71418.56134771442
10050.0 70364.39885280236
10060.0 69880.3807740922
10070.0 70972.82883877974
10080.0 71412.22389519039
10090.0 71090.52507753788
10100.0 72863.24986520648
10110.0 71093.53595809368
10120.0 71185.28282424247
10130.0 80385.93945575642
10140.0 71154.23441823438
10150.0 71578.65815392246
10160.0 70529.83295136632
10170.0 71708.27580795129
10180.0 70885.52770537155
10190.0 71267.45038773304
10200.0 71308.98582057448
10210.0 71916.05904416254
10220.0 70910.20387453768
10230.0 71071.72307404444
10240.0 73336.7277535655
10250.0 71104.06593693316
10260.0 69780.06043907205
10270.0 70490.37596112589
10280.0 70214.31180989378
10290.0 71160.0207463544
10300.0 70328.1368386281
10310.0 71664.80538930617
10320.0 70250.96624635364
10330.0 71950.26275114133
10340.0 78260.09961965529
10350.0 70890.78556226124
10360.0 72213.69457225528
10370.0 73625.64528752032
10380.0 70554.70522693715
10390.0 70744.51494920223
10400.0 73368.62958053715
10410.0 72247.20952667587
10420.0 71174.39227657145
10430.0 70162.29650977015
10440.0 73235.81946334045
10450.0 74120.15345304197
10460.0 73544.47091442034
10470.0 69689.64304707566
10480.0 71399.04194106993
10490.0 73541.13072887738
10500.0 72831.40742694802
10510.0 70832.41014335636
10520.0 69816.06102190477
10530.0 74946.35113041167
10540.0 71616.38159089517
10550.0 72252.44889816485
10560.0 70872.73701565649
10570.0 69992.0941998607
10580.0 74558.49821977768
10590.0 71526.17539062459
10600.0 72545.82410156373
10610.0 72045.54524344328
10620.0 70341.0844012993
10630.0 73588.45434779738
10640.0 73560.95607974251
10650.0 71622.96209736084
10660.0 72086.55418896128
10670.0 71112.59373589545
10680.0 72006.80406885664
10690.0 72603.5603229353
10700.0 72468.02815414694
10710.0 72921.6565918419
10720.0 74642.24263755976
10730.0 71367.54919184913
10740.0 72294.05803477886
10750.0 74911.04545745399
10760.0 71848.73459300653
10770.0 74957.0271693076
10780.0 75089.98470717596
10790.0 73365.64472165512
10800.0 72588.02193790076
10810.0 71950.66488468047
10820.0 224830.38567317565
10830.0 77017.46364531427
10840.0 76262.75604661356
10850.0 71911.68260726082
10860.0 72643.35479065258
10870.0 74579.04907135823
10880.0 76918.744022661
10890.0 75176.83244256522
10900.0 77240.07804649873
10910.0 71996.11955121852
10920.0 83809.17199582235
10930.0 75587.50472155472
10940.0 77106.35832588209
10950.0 74388.16473045593
10960.0 73936.42860437577
10970.0 74244.44338691796
10980.0 71525.3550361493
10990.0 75593.97326865258
11000.0 74709.8410349048
11010.0 73866.4052422997
11020.0 73421.269417008
11030.0 73595.47143545777
11040.0 73867.24326199252
11050.0 70923.88366209164
11060.0 74090.0299525026
11070.0 73419.59916780167
11080.0 72886.18613570342
11090.0 73432.42461616652
11100.0 72945.34282717895
11110.0 72494.36012512675
11120.0 72030.8487448229
11130.0 71862.37763396309
11140.0 74094.76388340276
11150.0 72073.13260291268
11160.0 74015.59223297866
11170.0 73191.30385183432
11180.0 75195.05298827315
11190.0 72159.44534388259
11200.0 71936.21550762636
11210.0 71548.67479775657
11220.0 71173.13221124308
11230.0 73026.33232764596
11240.0 73726.73120042734
11250.0 73035.62474996375
11260.0 74065.9787018883
11270.0 72914.13591701936
11280.0 71595.94541308616
11290.0 71929.12268905193
11300.0 71017.08058629793
11310.0 73060.49483443121
11320.0 73248.53416474177
11330.0 71698.84497841173
11340.0 70231.35323381779
11350.0 68052.09981996537
11360.0 68280.94419966552
11370.0 67028.12604601747
11380.0 62861.45309499893
11390.0 65600.49060800894
11400.0 61761.19103136942
11410.0 63542.856716328926
11420.0 68660.4919173893
11430.0 70190.77650925484
11440.0 70546.94698036666
11450.0 70425.46213861633
11460.0 71232.99219094937
11470.0 72753.88233898622
11480.0 71947.17072584301
11490.0 72830.55914396912
11500.0 73061.51340985688
11510.0 71703.42567878142
11520.0 70329.74813345425
11530.0 70217.32861265248
11540.0 68346.4432268519
11550.0 68218.14814962122
11560.0 69142.57604091337
11570.0 69514.3077263526
11580.0 71200.35819283382
11590.0 70812.0114880284
11600.0 68864.72880527632
11610.0 68634.23420898805
11620.0 65424.540549932266
11630.0 67387.2845348071
11640.0 66712.76205988487
11650.0 65806.93114667808
11660.0 67239.38930252087
11670.0 63132.53509983448
11680.0 59059.735222742354
11690.0 52111.95616128092
11700.0 58321.182693484836
11710.0 62776.31639053012
11720.0 64607.1279320117
11730.0 64474.55553366033
11740.0 62789.939122679694
11750.0 61030.29431582318
11760.0 57796.85584347813
11770.0 50270.296658589934
11780.0 54738.40838336279
11790.0 60010.84487467378
11800.0 62258.490475915634
11810.0 63836.40608394535
11820.0 64596.43219876554
11830.0 65923.4030610614
11840.0 66500.19556768582
11850.0 67481.08644061656
11860.0 69442.70102922406
11870.0 69386.22182828083
11880.0 68153.40482734292
11890.0 68914.99061309698
11900.0 70807.25106578285
11910.0 70378.6126706491
11920.0 70883.61407342013
11930.0 71172.61670029245
11940.0 69124.87250884746
11950.0 68407.02199099168
11960.0 67918.76585258511
11970.0 66464.87479508531
11980.0 67119.60407266626
11990.0 66489.09547383367
12000.0 67428.56175773402
12010.0 67223.15704278831
12020.0 67905.22063180894
12030.0 67711.82969583767
12040.0 69769.57347874861
12050.0 69135.618052284
12060.0 71174.384384495
12070.0 69244.15013554406
12080.0 70852.01539723517
12090.0 68672.63473902171
12100.0 69993.98073371619
12110.0 67449.69343160366
12120.0 70330.04242273557
12130.0 69167.15906346394
12140.0 71603.54335088367
12150.0 72134.15637272818
12160.0 69680.30371193404
12170.0 72816.10283393401
12180.0 71398.8428685737
12190.0 70912.15075674263
12200.0 69044.52513261014
12210.0 69812.52201541058
12220.0 69679.92117314837
12230.0 70315.0994021717
12240.0 70805.7794354721
12250.0 72456.67458323852
12260.0 71891.5195886655
12270.0 70887.33438345054
12280.0 72931.05941657505
12290.0 70833.82844397903
12300.0 71691.58879193668
12310.0 70914.5041028046
12320.0 70507.61492525667
12330.0 69849.23658711999
12340.0 70116.82454121066
12350.0 70548.52818077069
12360.0 70002.00562722063
12370.0 69677.68965074664
12380.0 71433.03669893142
12390.0 66931.28291339507
12400.0 66686.1806132863
12410.0 64623.797234243255
12420.0 62338.21229776608
12430.0 56462.08784888865
12440.0 60712.314186332136
12450.0 66148.10231108926
12460.0 67279.35435725779
12470.0 67893.8676260668
12480.0 66969.60006464494
12490.0 66887.32603846135
12500.0 65982.55711372803
12510.0 61131.47599800364
12520.0 53114.06890469883
12530.0 58399.3842167745
12540.0 63767.85373056992
12550.0 66065.50012621071
12560.0 68036.60468638517
12570.0 93849.51216122851
12580.0 69696.77371403144
12590.0 68050.49193542925
12600.0 70221.78824232948
12610.0 70266.86783578733
12620.0 69179.36610742619
12630.0 68975.38593661078
12640.0 67361.28154318401
12650.0 69465.86861519565
12660.0 70511.9242811389
12670.0 70070.09107237421
12680.0 71636.21665860241
12690.0 71506.18821241098
12700.0 68684.34475693344
12710.0 70579.37796690388
12720.0 71791.49002733832
12730.0 70776.93304661059
12740.0 67801.07191111156
12750.0 68733.9635782361
12760.0 71006.84671242755
12770.0 69975.72798799696
12780.0 69112.6127569755
12790.0 70728.20278635778
12800.0 69640.22413481394
12810.0 69715.22008766315
12820.0 88879.73430096469
12830.0 69717.29548413135
12840.0 69326.49226650663
12850.0 69700.16267215276
12860.0 66691.3408890324
12870.0 69114.6552637505
12880.0 68058.7003114937
12890.0 68058.3387085784
12900.0 68382.75713835694
12910.0 66745.1474348684
12920.0 68401.70699235801
12930.0 68046.00500925456
12940.0 68226.32591118617
12950.0 70441.22332312094
12960.0 68976.78137131067
12970.0 68798.24363839263
12980.0 69243.42851827783
12990.0 67600.57608535027
13000.0 69056.98491339573
13010.0 68407.84926027423
13020.0 69540.1770194712
13030.0 69400.9822315474
13040.0 69580.96649048207
13050.0 68978.12210045729
13060.0 68525.49868087488
13070.0 68045.32350658145
13080.0 67685.89838512192
13090.0 66935.33245420641
13100.0 68876.5565656683
13110.0 68391.86301566719
13120.0 68163.05169003752
13130.0 66927.28977151422
13140.0 67243.4861596772
13150.0 68506.13834673965
13160.0 68283.81646193075
13170.0 68507.32219835055
13180.0 66694.19864345218
13190.0 68545.49574958054
13200.0 66901.65577066314
13210.0 72756.2387848169
13220.0 66806.79254199348
13230.0 66650.9815807339
13240.0 66349.66393128247
13250.0 64460.41643503615
13260.0 65845.78517940862
13270.0 63978.03457958283
13280.0 67147.7544510733
13290.0 62216.952223425025
13300.0 60145.11609694554
13310.0 52048.00854987217
13320.0 54579.34022772893
13330.0 59667.85938706776
13340.0 54204.45883575651
13350.0 51876.5838201396
13360.0 51321.13640852003
13370.0 49145.23017681291
13380.0 50545.12911193721
13390.0 50907.515129066
13400.0 48342.97187375663
13410.0 50291.89919702391
13420.0 48648.35524641614
13430.0 47785.945379099285
13440.0 46691.960291694544
13450.0 50148.114400465296
13460.0 46670.55006142988
13470.0 47476.19798138188
13480.0 45086.91412214887
13490.0 50249.49627942192
13500.0 44071.474852797764
13510.0 48419.443783079754
13520.0 46490.39802208422
13530.0 48020.697104917475
13540.0 44751.02964970586
13550.0 45439.14350832608
13560.0 48392.836484913074
13570.0 43452.59820741993
13580.0 47896.74265544272
13590.0 46634.790756708804
13600.0 49489.881186619314
13610.0 46655.479870333875
13620.0 44346.04638654644
13630.0 51284.220748703214
13640.0 47065.657815976796
13650.0 49568.74086321762
13660.0 49823.15987002706
13670.0 50085.50250443896
13680.0 47820.02481807857
13690.0 50285.1672782988
13700.0 49654.35272453625
13710.0 46708.73844916782
13720.0 50031.31153441974
13730.0 49380.77697504735
13740.0 49653.46008831711
13750.0 52548.299730586376
13760.0 49898.077318623335
13770.0 50360.754094285585
13780.0 49479.334878736525
13790.0 51255.31016934902
13800.0 47267.167351488955
13810.0 50465.94088586991
13820.0 44541.293509143696
13830.0 47104.84408144791
13840.0 49175.62423532002
13850.0 45757.53474143965
13860.0 46860.62648829645
13870.0 49073.945519868925
13880.0 45479.79554872446
13890.0 47727.12213288879
13900.0 45958.34711375952
13910.0 45321.13524627833
13920.0 44933.301907505615
13930.0 47874.75354770428
13940.0 47420.27205902716
13950.0 45032.2120456612
13960.0 46880.1358257367
13970.0 45511.985925469766
13980.0 44930.43112544813
13990.0 46365.175290799176
14000.0 44245.207028847704
14010.0 45446.39140396599
14020.0 47550.63408060359
14030.0 47460.70695856779
14040.0 46121.72633517983
14050.0 45142.01920683483
14060.0 48727.289982102775
14070.0 44751.14511541773
14080.0 45453.05679632331
14090.0 42341.49468763864
14100.0 46387.755853339804
14110.0 46017.31914715834
14120.0 43818.851014854605
14130.0 46823.75644059948
14140.0 42397.4129652401
14150.0 46834.91072439397
14160.0 47839.420784012356
14170.0 43348.38184365425
14180.0 45249.77565430034
14190.0 43482.904660256405
14200.0 44876.478411187694
14210.0 47617.048847945654
14220.0 46163.88622444292
14230.0 43404.714531276215
14240.0 44825.7495678456
14250.0 45807.58897679271
14260.0 45442.60200449494
14270.0 46616.64960546944
14280.0 43406.619328927874
14290.0 43556.826429322384
14300.0 49147.138945919294
14310.0 46199.44433562955
14320.0 45971.36611277961
14330.0 45411.30570754596
14340.0 43072.99796878235
14350.0 47108.95714623239
14360.0 46999.17744512329
14370.0 47460.64710315656
14380.0 47062.49717400079
14390.0 42926.521680326376
14400.0 47210.25253779279
14410.0 45412.29499745647
14420.0 45749.74531742018
14430.0 49028.683989837984
14440.0 45589.877406341635
14450.0 43286.5557210485
14460.0 46991.91098459852
14470.0 45576.6375499116
14480.0 46719.39240841736
14490.0 47810.12897005667
14500.0 43926.45052855242
14510.0 46246.19464724613
14520.0 48560.7615565212
14530.0 47212.76364790001
14540.0 46530.20569478611
14550.0 47109.94063005842
14560.0 44739.23419989439
14570.0 45752.76915560546
14580.0 49164.63914274868
14590.0 49099.915219428505
14600.0 48077.83303561855
14610.0 46824.10487354099
14620.0 44913.54311483669
14630.0 45554.78483729945
14640.0 48310.37448282617
14650.0 48385.97491108788
14660.0 48073.057865548275
14670.0 46997.348685160774
14680.0 45281.87196143925
14690.0 45371.20339658796
14700.0 46863.80185532813
14710.0 46841.42833241841
14720.0 48503.32947864394
14730.0 47731.197592960845
14740.0 46525.4135289625
14750.0 45875.70758294107
14760.0 46973.17760154123
14770.0 47659.497733788274
14780.0 48546.6417283715
14790.0 46970.27583137377
14800.0 46479.54074122077
14810.0 46499.342968381665
14820.0 46624.2234547408
14830.0 48044.76069245194
14840.0 47474.82423178542
14850.0 47018.91382927618
14860.0 48213.27597707181
14870.0 47132.33447936589
14880.0 46503.243986937094
14890.0 47024.21393520472
14900.0 47132.92468235589
14910.0 48547.13428013184
14920.0 47387.847020905305
14930.0 48306.20230675263
14940.0 47063.86128323541
14950.0 46847.33640009561
14960.0 46923.66575784554
14970.0 48499.1021455121
14980.0 48325.76969865575
14990.0 47964.672670730084
15000.0 47992.807230301274
15010.0 47203.02827422889
15020.0 47168.742204608396
15030.0 47914.13106123838
15040.0 49017.94952158106
15050.0 48399.22926634003
15060.0 48313.4563890703
15070.0 47969.52781546305
15080.0 47773.96560623565
15090.0 49216.48299438522
15100.0 48142.659188813515
15110.0 48425.25328742372
15120.0 49321.91567373347
15130.0 47875.58732367777
15140.0 49828.67997660761
15150.0 49612.877201344454
15160.0 48354.74634187632
15170.0 47261.84955159371
15180.0 48864.16456873482
15190.0 49056.625625282075
15200.0 48873.37984453044
15210.0 49664.88222316479
15220.0 48534.68121978037
15230.0 49996.68924955844
15240.0 48259.32965386675
15250.0 48486.90748033683
15260.0 47759.38122898324
15270.0 48456.09775944814
15280.0 48466.70648679816
15290.0 48997.81116186317
15300.0 48871.01768676047
15310.0 48740.65662222027
15320.0 47001.21624366718
15330.0 48971.03411965445
15340.0 49258.01384810201
15350.0 51928.42141439898
15360.0 48789.26315567908
15370.0 48763.17443062799
15380.0 48937.647642873606
15390.0 49028.920138988855
15400.0 48218.31426561865
15410.0 49034.49462585426
15420.0 48342.336544083955
15430.0 48532.18138898612
15440.0 48524.44355364605
15450.0 49433.0787959225
15460.0 49327.34998070468
15470.0 48443.99829598457
15480.0 49005.660842274345
15490.0 49341.109923759446
15500.0 48216.023894048645
15510.0 48804.6556531533
15520.0 49367.97849689508
15530.0 48800.517616670084
15540.0 49059.6621658754
15550.0 48973.560430416306
15560.0 49009.06216943171
15570.0 48244.2103802981
15580.0 48174.13424990568
15590.0 48878.96854265078
15600.0 48526.674089427834
15610.0 48497.7714546668
15620.0 49032.139450388786
15630.0 48863.13975150412
15640.0 48719.56542133073
15650.0 47889.3290630228
15660.0 48516.892400157216
15670.0 49389.03092641276
15680.0 49124.54775124889
15690.0 48295.3734898416
15700.0 48657.37624009339
15710.0 48698.771745463004
15720.0 48413.65841066616
15730.0 48786.97186937514
15740.0 48991.27452878922
15750.0 48366.72011940337
15760.0 48334.95836200191
15770.0 48701.35935711024
15780.0 47853.53795657325
15790.0 48349.56000171447
15800.0 47864.16924651165
15810.0 48061.78921467447
15820.0 48301.00763251583
15830.0 47868.37132400098
15840.0 47766.22220988534
15850.0 48000.55999905868
15860.0 48014.800776357166
15870.0 47855.47419517497
15880.0 48160.93621311184
15890.0 48309.53344695133
15900.0 47729.96755619526
15910.0 47526.059318016305
15920.0 47524.91256272903
15930.0 47338.22994111751
15940.0 47278.31474429701
15950.0 47690.47117331713
15960.0 47362.35398731042
15970.0 48834.97347569721
15980.0 47477.27679624094
15990.0 46744.09945241014
16000.0 46808.35994592041
16010.0 47076.74321081425
16020.0 46698.83035285587
16030.0 46410.491628576725
16040.0 46691.41547725501
16050.0 46557.672910925976
16060.0 45819.7952544826
16070.0 46787.87092911583
16080.0 45847.97528506816
16090.0 46016.10401031864
16100.0 45765.805012192046
16110.0 45937.216235186694
16120.0 45562.56788558995
16130.0 45908.12769733426
16140.0 45950.6105377434
16150.0 44989.401547341426
16160.0 45512.44012728615
16170.0 44855.75616920357
16180.0 44706.810381983654
16190.0 44181.916210140385
16200.0 44884.94295523872
16210.0 44568.52745217171
16220.0 45709.2051676481
16230.0 45677.148637571554
16240.0 45650.84361711752
16250.0 45810.46610628691
16260.0 45041.49479827272
16270.0 45504.805354331664
16280.0 45156.30231686923
16290.0 45456.0934345835
16300.0 44745.08128028539
16310.0 44919.75355839982
16320.0 44483.44281319971
16330.0 44494.81187395973
16340.0 44597.4833411965
16350.0 44001.6915112608
16360.0 44286.36543179043
16370.0 44294.46340174452
16380.0 44506.10074591912
16390.0 44581.24119619532
16400.0 43844.94096519851
16410.0 43933.350487288044
16420.0 43463.963654091924
16430.0 43850.595015870975
16440.0 44333.9483741973
16450.0 42797.13532959133
16460.0 62309.76760744862
16470.0 43817.76877243516
16480.0 43382.43265674483
16490.0 43467.44268577084
16500.0 43570.70030402148
16510.0 43950.944564370315
16520.0 43621.92861237439
16530.0 43761.0584480357
16540.0 43693.9885511889
16550.0 43278.30987972597
16560.0 42381.52126425225
16570.0 42679.568981464254
16580.0 41575.26938057703
16590.0 42591.293607146756
16600.0 42681.46001562162
16610.0 42880.57820912999
16620.0 43724.452737405154
16630.0 42586.351797328316
16640.0 43025.07834540734
16650.0 41556.401376962065
16660.0 41070.55818832374
16670.0 40857.19397531105
16680.0 39933.138142633805
16690.0 41289.9116347944
16700.0 40239.909107807674
16710.0 39488.96159865814
16720.0 40208.08007078121
16730.0 40646.039867534586
16740.0 41168.554486518355
16750.0 42047.9966235394
16760.0 41772.24528644938
16770.0 41672.957771584945
16780.0 42018.85727476332
16790.0 44737.98589653814
16800.0 41558.35749387228
16810.0 41307.58745588327
16820.0 41327.52693331961
16830.0 40136.659127230814
16840.0 39296.39874388708
16850.0 39808.70256917399
16860.0 39560.162761716594
16870.0 38453.39351733296
16880.0 39080.867498987485
16890.0 38300.82617022848
16900.0 38336.94780312839
16910.0 39224.3895970076
16920.0 38392.254144545455
16930.0 39532.6054457379
16940.0 38029.44460111999
16950.0 38102.4293567579
16960.0 37661.70635012388
16970.0 37629.058562395956
16980.0 38344.90700716047
16990.0 38992.53991186766
17000.0 38138.09766813861
17010.0 38897.97543198959
17020.0 38910.735999759505
17030.0 38064.84472328398
17040.0 37855.18479576033
17050.0 39064.104931812486
17060.0 39236.68049541205
17070.0 37993.9533288669
17080.0 38021.664453166726
17090.0 38902.77177824442
17100.0 38335.24525646111
17110.0 36928.156332322724
17120.0 38135.5808021675
17130.0 38915.06993903392
17140.0 37830.12628871
17150.0 38119.41954887631
17160.0 38779.192703022956
17170.0 37876.42690455118
17180.0 37768.726500068806
17190.0 37710.39033616571
17200.0 36939.62341546078
17210.0 37232.051685075625
17220.0 37394.506916546175
17230.0 36811.94620048937
17240.0 36435.756639484476
17250.0 37090.26426356702
17260.0 35466.36737431216
17270.0 36152.65862250395
17280.0 36272.55645265449
17290.0 37015.96411082917
17300.0 37448.15230683438
17310.0 36276.99538249867
17320.0 36419.36569702861
17330.0 36864.82923906871
17340.0 36794.24731803048
17350.0 35900.99783078153
17360.0 36137.851621302165
17370.0 35760.94235083376
17380.0 35659.57690839825
17390.0 36604.194757003206
17400.0 34415.826130632704
17410.0 35063.38974241801
17420.0 35292.10968485565
17430.0 35487.05550558113
17440.0 34671.07365434432
17450.0 34955.73843270603
17460.0 34522.44103386879
17470.0 34249.54431227602
17480.0 35188.53923362793
17490.0 34824.61189352895
17500.0 33555.83274402436
17510.0 34678.64685920693
17520.0 35148.23510137797
17530.0 34522.985512952
17540.0 33237.68109392374
17550.0 33862.37219351965
17560.0 33723.40519713224
17570.0 34295.00554257764
17580.0 33797.68304596959
17590.0 35059.80896745855
17600.0 34085.884605993844
17610.0 34938.50941392627
17620.0 32925.45643629763
17630.0 34282.49342179358
17640.0 33291.890428522565
17650.0 34702.4597856858
17660.0 33757.863104313496
17670.0 32540.54096919812
17680.0 31523.347701913575
17690.0 32805.212448014136
17700.0 33388.573604365585
17710.0 32370.311575677122
17720.0 31405.374811676265
17730.0 32690.9719076677
17740.0 32744.543894063816
17750.0 31533.810176998137
17760.0 30931.364154522616
17770.0 32380.758087322214
17780.0 32757.152030903133
17790.0 30924.560233941775
17800.0 32922.73459592721
17810.0 29854.574109008452
17820.0 32015.367582596104
17830.0 32079.12121026995
17840.0 30022.057600328706
17850.0 29775.11048845473
17860.0 31015.380931861586
17870.0 29081.54123211726
17880.0 31470.949238962912
17890.0 32965.627444550904
17900.0 31031.899298620017
17910.0 28940.40716137078
17920.0 30433.401547403708
17930.0 31237.931730702374
17940.0 30970.505982835075
17950.0 30743.03129129823
17960.0 28390.161543008253
17970.0 30839.46289451095
17980.0 33002.205193971036
17990.0 29967.30319217593
18000.0 29206.952885461884
18010.0 30432.318497600925
18020.0 28694.649873477785
18030.0 30667.378961411334
18040.0 30322.25524389632
18050.0 28918.326817282446
18060.0 29131.77273653751
18070.0 29267.52259381089
18080.0 29358.923444601238
18090.0 31904.66143236558
18100.0 32324.48157715045
18110.0 29663.077498378254
18120.0 27102.9451247974
18130.0 31958.568143162556
18140.0 31770.9508503306
18150.0 27996.243697088918
18160.0 29845.059881084533
18170.0 29417.264402317072
18180.0 28613.29506340118
18190.0 31534.56490253832
18200.0 27767.602097602256
18210.0 28286.392267313986
18220.0 26720.753273478644
18230.0 32753.28766479174
18240.0 32336.071040202063
18250.0 31343.414254675536
18260.0 25980.33350298841
18270.0 29391.14943645108
18280.0 29978.090762153246
18290.0 31412.880652004795
18300.0 28921.6002848844
18310.0 28426.943996636033
18320.0 28690.89994535608
18330.0 31068.91862373686
18340.0 30227.750234380273
18350.0 28915.23417677363
18360.0 28347.64994515639
18370.0 27392.362810933188
18380.0 30702.063978730464
18390.0 27368.79283345844
18400.0 30298.953923072157
18410.0 30242.549489982317
18420.0 28330.49788445673
18430.0 29151.439799692693
18440.0 28775.48599850208
18450.0 30015.077022788282
18460.0 29561.175949345445
18470.0 27445.283115618633
18480.0 27151.857436009224
18490.0 28844.53282950814
18500.0 28029.248840635744
18510.0 30077.205025925246
18520.0 29314.04587648032
18530.0 26317.548102246783
18540.0 26713.230694854632
18550.0 29401.741905602586
18560.0 26342.09056355894
18570.0 26371.795219017295
18580.0 27592.853371413235
18590.0 26743.478991171967
18600.0 24404.071086141244
18610.0 27232.814097685987
18620.0 28343.628876071976
18630.0 28452.721821298026
18640.0 24978.822788330188
18650.0 28444.46358428421
18660.0 28735.792874645704
18670.0 25663.164447326675
18680.0 25904.33276066966
18690.0 29145.200405673368
18700.0 26542.64305405864
18710.0 26394.78686635398
18720.0 27921.224713556505
18730.0 25212.927992740275
18740.0 52054.3944030809
18750.0 28231.951687119315
18760.0 27334.164440439738
18770.0 27453.884171494377
18780.0 28359.519405409934
18790.0 29055.423098528285
18800.0 27981.456136403678
18810.0 27595.826279758683
18820.0 29760.317441376843
18830.0 30092.101187322307
18840.0 27128.74014000783
18850.0 27237.738676687924
18860.0 28801.729151307987
18870.0 29542.227365868835
18880.0 27697.72196330236
18890.0 29150.887763077713
18900.0 28095.276374837427
18910.0 28232.352559103238
18920.0 27648.18522121679
18930.0 29270.734524346357
18940.0 28769.69884937121
18950.0 29749.110591641394
18960.0 28695.288490812654
18970.0 28790.736232653053
18980.0 28316.35557610786
18990.0 28185.90752097137
19000.0 28496.93529101123
19010.0 28325.958843201493
19020.0 28760.483980038196
19030.0 28136.25554406462
19040.0 29269.7004328353
19050.0 26544.83194983497
19060.0 26302.49536238081
19070.0 29059.218210995903
19080.0 29441.83393778521
19090.0 29138.36716304761
19100.0 28471.900306158554
19110.0 26702.858213934025
19120.0 29095.67874371689
19130.0 26420.657723257424
19140.0 28413.024251183524
19150.0 29173.303554142243
19160.0 26531.9775688839
19170.0 28868.389363362283
19180.0 29170.015291613912
19190.0 26208.031007565005
19200.0 24342.98876995608
19210.0 27262.940840675066
19220.0 28358.333413866447
19230.0 27253.454103541066
19240.0 25647.925550977678
19250.0 28387.257098254857
19260.0 26345.090800774597
19270.0 27659.391276235663
19280.0 25894.095321175602
19290.0 27966.55355518055
19300.0 26682.886145476834
19310.0 25936.008330382138
19320.0 27283.547407808033
19330.0 26140.749749486266
19340.0 26751.61434054206
19350.0 26836.19381783594
19360.0 25181.746905348
19370.0 27069.98552852113
19380.0 26364.15771731391
19390.0 23452.924597050802
19400.0 24547.723812980865
19410.0 26275.393489687325
19420.0 27374.745429170656
19430.0 26452.317230276094
19440.0 25141.791824747255
19450.0 25819.53726420521
19460.0 27624.636122996904
19470.0 26007.632638715735
19480.0 24296.747218688095
19490.0 25983.521545534593
19500.0 26859.995803339352
19510.0 27251.459164873537
19520.0 26893.42371695398
19530.0 24442.84906447922
19540.0 25082.772144854596
19550.0 23595.824416497366
19560.0 24444.819563603647
19570.0 26802.176099891476
19580.0 25145.927415300837
19590.0 25623.80289423473
19600.0 25147.672667171933
19610.0 25550.555586402734
19620.0 25349.94871119233
19630.0 24468.51531295695
19640.0 25713.314730396232
19650.0 26226.82331376975
19660.0 26693.799306225483
19670.0 24866.443402932753
19680.0 25630.818125687852
19690.0 26564.876455109534
19700.0 25646.171942088098
19710.0 23816.817387755225
19720.0 26655.697643652064
19730.0 24760.50542109144
19740.0 24906.17142373227
19750.0 23988.046922263828
19760.0 25027.69867647245
19770.0 25923.761492957023
19780.0 26061.63379286557
19790.0 25848.40873075921
19800.0 23921.199018997795
19810.0 25022.58727739124
19820.0 24819.422081104938
19830.0 25700.853950546418
19840.0 25854.499701645644
19850.0 25973.060834598436
19860.0 26515.00976134643
19870.0 26446.26817288345
19880.0 25131.468920837262
19890.0 23698.495083216585
19900.0 24012.100818832205
19910.0 24780.286505426375
19920.0 25670.262898347904
19930.0 25640.020155434104
19940.0 25423.37718861871
19950.0 25276.836862202254
19960.0 26289.602658694916
19970.0 24370.775020188958
19980.0 25433.366954328714
19990.0 24676.82368206213
20010.0 25570.012033416086
20020.0 25481.809508663
20030.0 25831.23615446315
20040.0 25953.54564673217
20050.0 25796.37470641554
20060.0 25080.220122620594
20070.0 25616.81449807863
20080.0 24866.449225029646
20090.0 24089.34322546971
20100.0 24710.55386497666
20110.0 25700.675567152008
20120.0 25553.296848073798
20130.0 25344.281646158335
20140.0 25902.479589453054
20150.0 25476.92039912314
20160.0 24877.929278619347
20170.0 24976.17366762359
20180.0 25662.566382792713
20190.0 24414.657064647614
20200.0 24929.271053081837
20210.0 25911.49420797311
20220.0 25509.587277403167
20230.0 25821.063589959107
20240.0 25718.347688464622
20250.0 24761.93625868388
20260.0 24964.392966484127
20270.0 25157.611309448243
20280.0 25415.85218444166
20290.0 24607.361302558784
20300.0 24464.90836200385
20310.0 25484.64684075473
20320.0 25620.336070036585
20330.0 25261.48068056254
20340.0 25323.627795376953
20350.0 24821.460437189395
20360.0 25428.450540662525
20370.0 25337.694939936937
20380.0 25310.150986635505
20390.0 24704.00180902957
20400.0 25200.134618218985
20410.0 24865.536260617024
20420.0 25421.37653513586
20430.0 25117.017326424215
20440.0 25019.73334555394
20450.0 24725.49332614339
20460.0 25241.378311015786
20470.0 25452.570664462903
20480.0 25108.226283350043
20490.0 24621.566449138503
20500.0 25226.203624237754
20510.0 25251.008610371657
20520.0 24747.174085343588
20530.0 24975.680765801117
20540.0 24629.096465419352
20550.0 24860.349568796464
20560.0 25095.557012797428
20570.0 25090.83184025188
20580.0 25086.206196916115
20590.0 24950.900319016055
20600.0 24746.47435713793
20610.0 26040.309732592825
20620.0 24757.332227989864
20630.0 24326.483440091026
20640.0 24609.985168737254
20650.0 24779.120851198004
20660.0 24787.764105487437
20670.0 24695.438303545547
20680.0 24721.11989751597
20690.0 24526.982010643966
20700.0 24748.913600106098
20710.0 24365.288750568063
20720.0 24579.619343057027
20730.0 24428.282458952377
20740.0 24512.665154320697
20750.0 24309.2218308443
20760.0 24287.266340556795
20770.0 24473.478404404945
20780.0 24423.03033160133
20790.0 24366.63870476764
20800.0 24365.691488929195
20810.0 24158.00337507361
20820.0 24242.16390351481
20830.0 24203.063774204456
20840.0 24238.13228216274
20850.0 24119.79219849815
20860.0 24113.56232980551
20870.0 24043.251560284094
20880.0 24086.325071071966
20890.0 23992.72934689105
20900.0 24068.439470774872
20910.0 23992.53870649518
20920.0 24007.650621467423
20930.0 23822.913900446983
20940.0 23818.29771292364
20950.0 23917.22379807126
20960.0 23742.679042700154
20970.0 23752.754771099295
20980.0 23814.683096051762
20990.0 23597.367228858206
21000.0 23685.9698100481
21010.0 23670.76011867542
21020.0 23544.757847939778
21030.0 23583.145055302783
21040.0 23576.91913713469
21050.0 23450.45193308985
21060.0 23495.810024234393
21070.0 23403.200513498647
21080.0 23335.668330519784
21090.0 23395.261872360894
21100.0 23323.741935364706
21110.0 23229.259057325107
21120.0 23187.40207499656
21130.0 23356.25541833536
21140.0 23282.573005343198
21150.0 23205.809915606456
21160.0 23109.701050693344
21170.0 22956.20674955678
21180.0 23043.180937015382
21190.0 23005.180409405686
21200.0 23012.576448189717
21210.0 22971.35632216784
21220.0 22958.967501180967
21230.0 22824.93063863135
21240.0 22925.002939025246
21250.0 22803.254097229725
21260.0 22877.352318061796
21270.0 22688.63427356247
21280.0 22668.745132005788
21290.0 22627.14442616685
21300.0 22680.280083061756
21310.0 22675.956899234952
21320.0 22508.643532906543
21330.0 22624.557675072112
21340.0 22477.504046881317
21350.0 22548.836909489797
21360.0 22422.24354697678
21370.0 22257.75205966049
21380.0 22381.856080839425
21390.0 22353.516055223437
21400.0 22237.967000302597
21410.0 22181.71628037054
21420.0 21903.852048824465
21430.0 22169.07619509487
21440.0 22081.767495411128
21450.0 22042.12566517458
21460.0 21884.539339855644
21470.0 21744.774637700804
21480.0 21902.24082079663
21490.0 21849.439894170515
21500.0 21864.437599074474
21510.0 21672.121701690317
21520.0 21587.119468410143
21530.0 21774.345429385547
21540.0 21721.96705707546
21550.0 21579.91570310556
21560.0 21648.07141256267
21570.0 21564.739507585124
21580.0 21630.41034697563
21590.0 21455.722176961208
21600.0 21166.483879531494
21610.0 21314.038102851824
21620.0 21298.170068075066
21630.0 21426.45564190875
21640.0 21273.622472723167
21650.0 21126.037030361927
21660.0 21056.0603725248
21670.0 22530.109182084285
21680.0 21021.95004055152
21690.0 21058.27551217396
21700.0 20919.13679606597
21710.0 20939.59129914108
21720.0 20555.84898380551
21730.0 20728.51262890759
21740.0 20643.382229424366
21750.0 20614.407564201534
21760.0 20738.068123188772
21770.0 20429.541122509927
21780.0 20260.60316094828
21790.0 20440.09722676793
21800.0 20231.735834114566
21810.0 20450.161020120344
21820.0 20346.64225180488
21830.0 19803.717147382333
21840.0 20068.543636492766
21850.0 20077.961490542773
21860.0 19978.68563655205
21870.0 20023.08029064875
21880.0 19833.332663407644
21890.0 19438.925409858006
21900.0 19630.278892469258
21910.0 19636.39492364313
21920.0 19454.95973169864
21930.0 19371.212974861795
21940.0 19218.871530085096
21950.0 18832.45062093969
21960.0 19021.062554012162
21970.0 18801.422243342993
21980.0 18516.271152699104
21990.0 18814.113916216433
22000.0 18297.939011137576
22010.0 17701.13238283859
22020.0 17801.81682248548
22030.0 18063.42618425536
22040.0 17304.969405210995
22050.0 16895.24658588167
22060.0 17225.482316209993
22070.0 17363.132110229613
22080.0 17032.680785109253
22090.0 17246.31495279581
22100.0 17332.737890245637
22110.0 17676.240438416167
22120.0 17303.4918373582
22130.0 17769.539596758703
22140.0 17787.532034929252
22150.0 18381.788571454723
22160.0 18056.64777512844
22170.0 18349.483572650006
22180.0 17869.971382031606
22190.0 18418.93866065687
22200.0 17820.55789480848
22210.0 18236.671800090666
22220.0 17906.026741007616
22230.0 18054.79279707151
22240.0 18099.00175149639
22250.0 17985.966301136647
22260.0 17771.686114466032
22270.0 17314.76349494811
22280.0 17889.338889176775
22290.0 17954.27250584301
22300.0 17617.10051562955
22310.0 17266.63876607046
22320.0 17682.374025234792
22330.0 17270.390103772694
22340.0 17630.96132925606
22350.0 17668.904634951527
22360.0 17382.71741470643
22370.0 17281.077251879142
22380.0 17293.11210541352
22390.0 17487.01443301501
22400.0 16841.055104518942
22410.0 16819.214028415554
22420.0 17171.976128989598
22430.0 16915.273651271804
22440.0 17237.071416243598
22450.0 16730.003877020088
22460.0 16551.296294775762
22470.0 16883.373310214745
22480.0 16821.647784171015
22490.0 16899.723941781438
22500.0 16517.717977754404
22510.0 16760.65346904593
22520.0 16583.678505931457
22530.0 16418.74643227876
22540.0 16823.90897164467
22550.0 16284.015666551048
22560.0 16397.518428944823
22570.0 16231.006866923814
22580.0 16747.52321577726
22590.0 16410.645871778892
22600.0 16154.698709287193
22610.0 15985.827116935769
22620.0 16780.53738571761
22630.0 16506.78102992597
22640.0 15451.227379720878
22650.0 16389.330955731886
22660.0 16644.381184833546
22670.0 16405.676843750145
22680.0 15718.615827173155
22690.0 16204.469566443788
22700.0 16202.968858423967
22710.0 16160.835441433657
22720.0 15535.39510385021
22730.0 16347.211305989138
22740.0 16072.916418217235
22750.0 15682.938842945412
22760.0 15833.678544143699
22770.0 15844.652737742996
22780.0 15536.126166245775
22790.0 15939.721196778004
22800.0 15462.919655879383
22810.0 15850.344986169945
22820.0 15231.380876867583
22830.0 15349.892192469584
22840.0 15579.243620569448
22850.0 15295.210431537214
22860.0 15145.471249455382
22870.0 15417.767435683294
22880.0 15344.105169071048
22890.0 14910.229481172419
22900.0 14874.450207536367
22910.0 15011.093315288797
22920.0 14706.869416478345
22930.0 14230.929947137167
22940.0 14246.205008567249
22950.0 14211.84997851701
22960.0 14086.258043536647
22970.0 14345.094048334875
22980.0 13872.834984428573
22990.0 14408.18529574684
23000.0 14237.113083599656
23010.0 14456.699625588379
23020.0 13992.50615764012
23030.0 14184.240135082286
23040.0 14267.967562097532
23050.0 14547.80680428445
23060.0 14414.152750545209
23070.0 14577.911733914101
23080.0 14687.853380360317
23090.0 14676.306198315746
23100.0 15301.987169296663
23110.0 14726.488605710052
23120.0 14525.689414332179
23130.0 14594.90908422335
23140.0 14495.52373055529
23150.0 15258.348597874046
23160.0 13311.483881466418
23170.0 13013.331133688553
23180.0 13518.15343972466
23190.0 13444.253804072452
23200.0 13218.659174909797
23210.0 13474.108279191878
23220.0 13682.483203147956
23230.0 12953.004207937931
23240.0 12842.888808381924
23250.0 12547.125272713261
23260.0 12739.599857568257
23270.0 13113.421765296804
23280.0 12214.297910970121
23290.0 13079.287868420022
23300.0 12440.695748999413
23310.0 12587.30426889729
23320.0 13319.756007159947
23330.0 12638.78499028627
23340.0 12634.029477748394
23350.0 12821.06421742983
23360.0 13010.288737902232
23370.0 12883.701162943024
23380.0 13055.00458416003
23390.0 12752.629715315004
23400.0 13305.66475217159
23410.0 12780.471765358752
23420.0 13645.519919688453
23430.0 12575.956988201251
23440.0 13558.974457912078
23450.0 13010.859927251018
23460.0 13366.62220281336
23470.0 13588.99827000163
23480.0 13196.782711568647
23490.0 13444.861432297042
23500.0 13292.87861563992
23510.0 13252.735154161017
23520.0 13470.571047336376
23530.0 13584.376125843632
23540.0 13663.933500845993
23550.0 13208.882926781922
23560.0 13906.289131456935
23570.0 14084.82784979116
23580.0 12899.51208204843
23590.0 13858.515186426735
23600.0 14096.84026639413
23610.0 13723.458603927262
23620.0 13753.737769153571
23630.0 13867.148027153346
23640.0 14117.306014935813
23650.0 13918.501415594168
23660.0 13942.774037613724
23670.0 13316.775382037802
23680.0 14399.057349912051
23690.0 13642.172365585764
23700.0 11256.163917172256
23710.0 12561.213422369765
23720.0 12238.378805783534
23730.0 13208.426783856406
23740.0 13298.280469515552
23750.0 12810.761617529091
23760.0 13341.21739219088
23770.0 12903.697642714167
23780.0 12247.864424388481
23790.0 13209.52408375415
23800.0 12234.614243853994
23810.0 12877.344645155172
23820.0 12778.691132111358
23830.0 11897.390625477703
23840.0 13052.47407910151
23850.0 13414.984548670254
23860.0 12643.398148082717
23870.0 13404.437754559422
23880.0 13681.32728134895
23890.0 12944.739797251266
23900.0 13492.60972341126
23910.0 13004.675620669212
23920.0 12870.906771594797
23930.0 13447.62407377642
23940.0 12946.569794701812
23950.0 13230.435313751781
23960.0 13390.602095921704
23970.0 12980.988006111904
23980.0 13754.17538478662
23990.0 14041.704398591482
24000.0 12646.034165539422
24010.0 13762.607207305866
24020.0 13772.817712001864
24030.0 13082.47652193418
24040.0 13736.107965167837
24050.0 13499.161936411558
24060.0 13808.613706296104
24070.0 13030.365698346584
24080.0 13498.069828613487
24090.0 13551.161549582592
24100.0 12900.509584531897
24110.0 14184.135994297558
24120.0 14050.538166471708
24130.0 12739.751522730803
24140.0 13749.856203808682
24150.0 13894.15176583112
24160.0 12933.285372252212
24170.0 13483.045741607406
24180.0 13545.022878918897
24190.0 12701.822152270106
24200.0 14311.723517140883
24210.0 14246.332317520559
24220.0 13258.112179789741
24230.0 13291.489783580118
24240.0 14072.280232872901
24250.0 13431.562375254663
24260.0 13378.232514446787
24270.0 13115.304144637787
24280.0 13569.377030380905
24290.0 14043.593472988456
24300.0 13583.552811617585
24310.0 13688.067058599323
24320.0 14108.879847792026
24330.0 13090.92890884334
24340.0 13720.128113045434
24350.0 13173.465494529653
24360.0 12436.419836074228
24370.0 12959.132691915893
24380.0 14239.95514462373
24390.0 13995.395746291035
24400.0 13195.428405922808
24410.0 13486.452145194493
24420.0 13276.94621096697
24430.0 13640.827230464458
24440.0 13177.665902310546
24450.0 13695.49881039351
24460.0 13421.240956332811
24470.0 12621.113437726057
24480.0 13224.802778128907
24490.0 13820.756603457497
24500.0 13812.927573502473
24510.0 12894.295967115211
24520.0 12915.890155186116
24530.0 12250.232592213299
24540.0 12470.237302545494
24550.0 13731.000995197413
24560.0 13822.038782563202
24570.0 13957.79251203927
24580.0 13583.045620893457
24590.0 12438.594777137607
24600.0 12717.426632340277
24610.0 11846.587389174143
24620.0 13832.88942355502
24630.0 14028.032856632515
24640.0 14142.537012231678
24650.0 13275.633156213686
24660.0 13116.045907898533
24670.0 11949.024250381057
24680.0 12174.534809036079
24690.0 13153.998426916442
24700.0 13129.514414692461
24710.0 13227.737046659438
24720.0 13404.152074712623
24730.0 11955.649720520458
24740.0 11377.78278434287
24750.0 12538.358814618638
24760.0 13824.824520868528
24770.0 12579.494915241501
24780.0 11970.844099887647
24790.0 13028.819506267442
24800.0 13494.811881264583
24810.0 11929.577401930477
24820.0 11290.663862944799
24830.0 13105.419470824028
24840.0 13863.784055729928
24850.0 14376.500814257024
24860.0 13030.835346090138
24870.0 12849.255298613803
24880.0 11790.696972089514
24890.0 9839.364311751442
24900.0 10161.466867077304
24910.0 12447.864116654631
24920.0 13787.917473416113
24930.0 12950.074551991067
24940.0 13439.297334089666
24950.0 13397.074322581404
24960.0 11850.194090248959
24970.0 10479.241488397296
24980.0 11857.62514880873
24990.0 12677.835256946299
