#lam[Angstrom] flux[erg/cm2/s/A]
1010.0 9.488105186807223
1020.0 9.824505029573949
1030.0 33.89400238211757
1040.0 13.360479546999693
1050.0 10.060423715619894
1060.0 10.151370749032878
1070.0 10.719532209955425
1080.0 32.440490195999544
1090.0 33.04952107405325
1100.0 10.594790333729904
1110.0 10.679718828023642
1120.0 11.094923824547111
1130.0 10.791964282221887
1140.0 11.720106796129048
1150.0 10.99842373535128
1160.0 11.207550953955879
1170.0 11.228286813934
1180.0 11.27664271621592
1190.0 11.345276653069927
1200.0 17.106996976890155
1210.0 15.226188021223024
1220.0 96.87538891525756
1230.0 14.013017768138079
1240.0 57.12363015109442
1250.0 19.896353684127934
1260.0 27.687578416922783
1270.0 28.44561641284667
1280.0 29.368622733051314
1290.0 31.69673978560986
1300.0 34.13388856926992
1310.0 37.53787905290804
1320.0 39.209557885238084
1330.0 39.87145984073396
1340.0 44.500140151246775
1350.0 42.827672188998136
1360.0 43.84893414592862
1370.0 44.49833693970542
1380.0 45.4418171658602
1390.0 104.04148959634297
1400.0 115.70212437713175
1410.0 85.53477904465038
1420.0 48.24956181835553
1430.0 47.379640403565915
1440.0 47.62268152604684
1450.0 47.93953625108987
1460.0 48.31680442187924
1470.0 48.69130560407587
1480.0 48.92060777256609
1490.0 76.78072190265272
1500.0 48.436761412983145
1510.0 48.35699324195634
1520.0 48.41007989651035
1530.0 50.58483015797832
1540.0 48.07011901676334
1550.0 682.5569849305211
1560.0 48.08943660944323
1570.0 47.883075160693416
1580.0 50.17110020857009
1590.0 47.83767508924956
1600.0 52.450611223843886
1610.0 47.74450884174119
1620.0 47.74071734326134
1630.0 47.45816312677425
1640.0 434.0643916650327
1650.0 47.06075266705794
1660.0 60.874533782958636
1670.0 82.89621921199408
1680.0 46.75925005631167
1690.0 46.61800101429145
1700.0 46.42747498344736
1710.0 46.19282443645103
1720.0 49.58913553140625
1730.0 46.424865612802236
1740.0 47.30377342654873
1750.0 70.18408669632004
1760.0 46.01173729666419
1770.0 45.99725835774935
1780.0 46.1358577087254
1790.0 49.34057764370287
1800.0 45.8266776133453
1810.0 56.522811479285195
1820.0 57.49372433091415
1830.0 44.98073366974057
1840.0 44.693815213202996
1850.0 48.25394419946075
1860.0 46.41943997611729
1870.0 44.170036812887496
1880.0 72.41895124531355
1890.0 90.63055913535973
1900.0 43.73052642437099
1910.0 293.818429547662
1920.0 43.428092626801
1930.0 43.62113574703546
1940.0 42.82967103187911
1950.0 42.8063121994168
1960.0 42.3708591326553
1970.0 42.12145756029383
1980.0 41.89606896588526
1990.0 41.712178708892914
2000.0 41.43005375012074
2010.0 41.069012626242305
2020.0 39.367658085972344
2030.0 37.13138591465155
2040.0 36.04014942879824
2050.0 34.4009057213709
2060.0 33.82809873575541
2070.0 34.084192152191825
2080.0 33.334613658548605
2090.0 34.372047597185684
2100.0 33.6304415572901
2110.0 33.63577127823159
2120.0 34.607102102987874
2130.0 34.5598489441893
2140.0 36.349501770115275
2150.0 33.25260348740663
2160.0 33.510832562803586
2170.0 32.70340275917456
2180.0 33.98957723817633
2190.0 33.25133243545531
2200.0 33.58304680595856
2210.0 33.99428093208577
2220.0 35.66268050534307
2230.0 34.90136767710881
2240.0 35.4674696330153
2250.0 37.68393714024508
2260.0 36.745499859727396
2270.0 37.48822744987886
2280.0 38.255926672368766
2290.0 39.0524053075689
2300.0 40.83937747761871
2310.0 42.97374900856849
2320.0 45.141108770604895
2330.0 80.86185072145605
2340.0 51.301713609166214
2350.0 45.690450590589116
2360.0 44.64717998670268
2370.0 45.482922465514314
2380.0 46.44718687625809
2390.0 50.741067648709304
2400.0 48.243691726976444
2410.0 49.321916196334435
2420.0 49.84021420483284
2430.0 108.13143602863262
2440.0 51.744511864360966
2450.0 52.9643276371967
2460.0 53.26859744173743
2470.0 54.092284268601176
2480.0 54.84348546115623
2490.0 55.557322793997265
2500.0 56.57397172881985
2510.0 63.134095380490834
2520.0 58.10720585625881
2530.0 59.28100350839039
2540.0 60.18005425761185
2550.0 61.49958154421176
2560.0 71.13433642218642
2570.0 63.07550319797198
2580.0 63.72962167319042
2590.0 66.01404473124798
2600.0 68.8289698971183
2610.0 67.08506047198026
2620.0 70.22096162003814
2630.0 74.94790723880246
2640.0 76.88952600936172
2650.0 73.1779236881926
2660.0 76.77326085484079
2670.0 83.86187399426746
2680.0 80.27383664813786
2690.0 78.34508548510847
2700.0 78.49207268406192
2710.0 79.7057596044159
2720.0 73.54962991536674
2730.0 82.64239120466401
2740.0 82.26862478580149
2750.0 81.11132818540541
2760.0 85.50254898552748
2770.0 91.25092264814418
2780.0 89.43242147793111
2790.0 314.14774544172883
2800.0 198.60956426977444
2810.0 93.05710930971996
2820.0 92.7847422121215
2830.0 131.7364868630633
2840.0 84.92668094798654
2850.0 86.08642828226137
2860.0 86.75038187317494
2870.0 93.61314357142184
2880.0 109.08648387881316
2890.0 122.33960075592405
2900.0 142.8063741252576
2910.0 140.11989307446328
2920.0 188.98351796287272
2930.0 170.95792843080056
2940.0 124.12024944694697
2950.0 133.90122226425171
2960.0 158.07164604281894
2970.0 106.5961855805451
2980.0 143.11819072202223
2990.0 143.48241474292533
3000.0 121.02018181303053
3010.0 141.68482964817025
3020.0 112.2158673412941
3030.0 172.61959048976706
3040.0 162.4894040286484
3050.0 154.92628720318712
3060.0 184.91713136439122
3070.0 353.5067573058763
3080.0 205.06324356223658
3090.0 191.70127682169172
3100.0 233.83949048613516
3110.0 607.5569328446737
3120.0 1006.9337033893055
3130.0 809.8341067754809
3140.0 1174.7212491212347
3150.0 1633.2333199532256
3160.0 1662.924258527157
3170.0 2175.4183958242197
3180.0 1379.8432137589039
3190.0 847.8156612414446
3200.0 988.9424063422542
3210.0 1523.1763917662963
3220.0 1330.3131646309196
3230.0 892.1884605587552
3240.0 1418.082390518666
3250.0 1604.867075965552
3260.0 3400.725925128385
3270.0 2108.7542087645793
3280.0 2685.1910993690926
3290.0 3468.1595704079837
3300.0 2466.157789947043
3310.0 3133.8083737644747
3320.0 2365.3475089411377
3330.0 4237.625644389108
3340.0 2655.7188722989345
3350.0 2186.7246111003146
3360.0 1852.3320756953758
3370.0 762.734671848413
3380.0 1502.817884976852
3390.0 1173.4617141462525
3400.0 2513.5201155330187
3410.0 1405.14725134819
3420.0 1343.915513005485
3430.0 1453.0350908609423
3440.0 418.11718661221994
3450.0 920.613999609221
3460.0 817.7458530537576
3470.0 770.4412218570245
3480.0 1357.9975612753697
3490.0 878.9554945399137
3500.0 1507.411032337731
3510.0 1337.2118165879847
3520.0 1036.2613761677271
3530.0 2012.0696121829424
3540.0 4802.697428308065
3550.0 3245.502143296878
3560.0 2426.0297976108795
3570.0 942.8720734878765
3580.0 583.0642300772104
3590.0 703.5635731315581
3600.0 1084.607623767075
3610.0 1157.521153084933
3620.0 1724.1968532155076
3630.0 2261.122806529968
3640.0 2707.149388712143
3650.0 1731.5980408271112
3660.0 4877.424528283805
3670.0 4645.2443782961855
3680.0 2176.6231415333164
3690.0 3394.8159694869046
3700.0 3580.423033227772
3710.0 1394.549571178295
3720.0 656.3541776481118
3730.0 1071.184366948114
3740.0 668.2040937798951
3750.0 940.262000398146
3760.0 1973.3407898518403
3770.0 4014.9080795338937
3780.0 5655.262658596338
3790.0 4161.553402790701
3800.0 4576.778358155361
3810.0 4807.6245418009
3820.0 1423.3435373829475
3830.0 1846.2361789662486
3840.0 3392.564573074686
3850.0 3410.569874448619
3860.0 1025.7992455966476
3870.0 3484.904635523676
3880.0 2086.5476428626166
3890.0 2568.9235571565705
3900.0 2308.1017905058297
3910.0 5168.2396344859
3920.0 3044.6515111080266
3930.0 2037.2623868737442
3940.0 2826.134706346316
3950.0 3258.522580506513
3960.0 1355.5220008077658
3970.0 4145.961354672687
3980.0 7897.443785365477
3990.0 9736.64074779979
4000.0 9332.780984112818
4010.0 12394.105292540802
4020.0 12776.425040394426
4030.0 4437.948815551026
4040.0 10180.158360099374
4050.0 11723.82193838597
4060.0 12087.701259262078
4070.0 12601.355986601928
4080.0 15669.681854741444
4090.0 19966.208153845746
4100.0 14281.381925220738
4110.0 12722.547575468165
4120.0 13957.893936071274
4130.0 12242.716627197113
4140.0 12520.69302487406
4150.0 13108.604208689048
4160.0 13168.947945355392
4170.0 10377.319064982796
4180.0 9333.590312109449
4190.0 7281.702130248396
4200.0 5436.476173584753
4210.0 3545.558547450205
4220.0 1447.147215401949
4230.0 844.5473219757279
4240.0 2959.359928889047
4250.0 3811.675905601107
4260.0 6124.7461678197815
4270.0 6082.152580824704
4280.0 7321.286879318569
4290.0 6366.327471305125
4300.0 8542.084838589877
4310.0 11687.719338580122
4320.0 14127.164339070792
4330.0 16093.513524296088
4340.0 17227.74861859981
4350.0 19112.026753173504
4360.0 21543.742443655203
4370.0 23485.372986011826
4380.0 12369.170298415454
4390.0 21210.44986492964
4400.0 20804.370288596812
4410.0 19968.01063007914
4420.0 21982.614359254814
4430.0 13548.686180058505
4440.0 17377.33224833828
4450.0 19179.157830959404
4460.0 14481.440836324718
4470.0 23977.203508939714
4480.0 26037.168870123336
4490.0 28031.53957086807
4500.0 29370.18288205763
4510.0 25105.885675439473
4520.0 26654.051907753274
4530.0 19922.32889378844
4540.0 26400.093362309268
4550.0 21932.80202049369
4560.0 32559.693141938347
4570.0 36876.338031822
4580.0 22471.39259251007
4590.0 16709.819489949765
4600.0 22925.51199442426
4610.0 25902.723221250817
4620.0 30761.42909644663
4630.0 21044.53440651676
4640.0 23072.53007549439
4650.0 21538.38496467107
4660.0 32601.941767612258
4670.0 23298.542482712342
4680.0 23775.120940031808
4690.0 31111.47293161149
4700.0 37592.85269106576
4710.0 40330.480546186496
4720.0 31086.51164256373
4730.0 36469.139891719286
4740.0 36151.83361645147
4750.0 41430.97997493863
4760.0 26492.822599181152
4770.0 17928.390159001694
4780.0 22063.64960115778
4790.0 23444.69835222071
4800.0 21402.071238770088
4810.0 8651.462974003258
4820.0 16289.066489424024
4830.0 21229.410253231334
4840.0 27736.447250048564
4850.0 22131.30133559998
4860.0 22161.523419552435
4870.0 27531.0951331285
4880.0 28380.97212339518
4890.0 44221.69989455894
4900.0 46680.460375490504
4910.0 51996.23575276062
4920.0 53296.87215004842
4930.0 62150.04141917432
4940.0 51665.57456081511
4950.0 66469.46945166572
4960.0 17165.357867580173
4970.0 25412.79538141301
4980.0 25885.24179095486
4990.0 26762.428698501266
5000.0 21490.504337648552
5010.0 15367.473444348036
5020.0 19317.34920471908
5030.0 32356.811543261083
5040.0 23284.48999539392
5050.0 24853.286713609432
5060.0 24675.004227631318
5070.0 27740.551321670267
5080.0 23527.324766394617
5090.0 26441.06274282112
5100.0 30768.780055725467
5110.0 23165.024548598612
5120.0 27991.10169832033
5130.0 28563.085112201752
5140.0 28586.959055853604
5150.0 28259.08502082665
5160.0 30672.66590475921
5170.0 11760.31181657018
5180.0 14564.497207222183
5190.0 19513.279512091285
5200.0 27464.71247672186
5210.0 16793.31170554741
5220.0 51894.17611034284
5230.0 49721.01814250438
5240.0 53642.25752092995
5250.0 46157.323736249535
5260.0 46028.36021886222
5270.0 28002.184164251743
5280.0 52940.873417963405
5290.0 65896.80936705097
5300.0 55529.822357887606
5310.0 63134.80670683767
5320.0 56004.69465305974
5330.0 39448.44004195099
5340.0 56907.936956934354
5350.0 56760.3258970918
5360.0 55631.951302863985
5370.0 43586.98707057377
5380.0 65278.42860590096
5390.0 63165.085618179095
5400.0 47239.336928200515
5410.0 44578.36557394837
5420.0 64856.050092144884
5430.0 42835.549933493436
5440.0 61846.99266575916
5450.0 29539.323352369105
5460.0 31203.68713550383
5470.0 42414.77586031085
5480.0 43980.29728973454
5490.0 48685.77224732775
5500.0 35944.43589501062
5510.0 38033.03196510686
5520.0 48134.20019657285
5530.0 48725.69140030565
5540.0 50612.78261943322
5550.0 55467.21995335641
5560.0 56477.5808722195
5570.0 52395.209636794236
5580.0 51033.92490268458
5590.0 41947.66409112682
5600.0 34103.55712131298
5610.0 39529.00626903896
5620.0 38324.61453712777
5630.0 41309.04980162995
5640.0 38475.64950331958
5650.0 50757.532228732714
5660.0 43937.232299481846
5670.0 43769.44527925213
5680.0 49223.148851644684
5690.0 53379.56329108802
5700.0 54025.00250106446
5710.0 56665.769821739006
5720.0 60930.25044899308
5730.0 59819.78321640115
5740.0 65616.838557941
5750.0 68134.5447549547
5760.0 56252.45687361242
5770.0 55810.42195270277
5780.0 62739.233144080295
5790.0 65542.04499577548
5800.0 69009.21113646649
5810.0 61902.67035083142
5820.0 60919.09761986257
5830.0 60844.333593042116
5840.0 56771.4030668062
5850.0 44656.40406102597
5860.0 38931.021426545354
5870.0 31287.43917540574
5880.0 19008.665886987554
5890.0 8762.634008289411
5900.0 13210.436952439151
5910.0 21227.119407778628
5920.0 28117.68563590999
5930.0 32886.36937396878
5940.0 38767.36032790683
5950.0 37110.46469379212
5960.0 37395.06628131749
5970.0 41650.169954620185
5980.0 45337.640387375955
5990.0 51770.94982851632
6000.0 50398.67575498815
6010.0 54812.748133858164
6020.0 59200.99282658362
6030.0 65701.34918775884
6040.0 66468.13240619065
6050.0 70366.73959916779
6060.0 73943.3789719636
6070.0 79716.73629353823
6080.0 89935.20934535329
6090.0 84091.54013792987
6100.0 73192.89498458103
6110.0 81530.2274260233
6120.0 72049.78435479947
6130.0 91676.64108915189
6140.0 95262.55291876788
6150.0 82716.14117151017
6160.0 45914.736015898816
6170.0 43357.44448814599
6180.0 50462.87259977002
6190.0 36109.280133566666
6200.0 41023.562934378526
6210.0 43089.550002644326
6220.0 31346.80716680204
6230.0 28989.100550115458
6240.0 30992.602417736674
6250.0 38150.200438816806
6260.0 41020.8092240549
6270.0 43898.18553720761
6280.0 45080.676047752866
6290.0 49355.26390717128
6300.0 51821.45331644724
6310.0 57870.955677695536
6320.0 61747.58053850337
6330.0 61995.73393494522
6340.0 71554.62843790195
6350.0 60987.166171545294
6360.0 50502.305451263725
6370.0 56283.71678096999
6380.0 51024.73458972792
6390.0 49973.78920154959
6400.0 60197.79451739788
6410.0 73037.1477036275
6420.0 68534.49056401887
6430.0 71314.24638626204
6440.0 75073.51013095789
6450.0 81502.89498405792
6460.0 80543.04401768677
6470.0 92558.16375035208
6480.0 73498.97288840321
6490.0 67060.44641147484
6500.0 65198.954930594235
6510.0 72812.77481582129
6520.0 76833.68200881222
6530.0 89158.92293583995
6540.0 98080.68086420975
6550.0 88294.58996053979
6560.0 93325.17478258273
6570.0 86604.7002478615
6580.0 98187.1187958973
6590.0 102737.94893211598
6600.0 103766.14889218521
6610.0 102535.05696290999
6620.0 98086.83790611757
6630.0 96168.38835209556
6640.0 96713.52369306787
6650.0 80671.86142656756
6660.0 73978.33694186193
6670.0 86130.35815363962
6680.0 66334.33950450826
6690.0 63936.964842615576
6700.0 69897.11504981265
6710.0 56663.38883706723
6720.0 45855.66571528871
6730.0 55101.23870081499
6740.0 59796.0794217718
6750.0 53031.38799809009
6760.0 57072.44521020474
6770.0 68179.16803869618
6780.0 57732.56424734309
6790.0 51697.30819275774
6800.0 59141.642867996634
6810.0 62541.6911950402
6820.0 57568.865240592626
6830.0 64998.49522944065
6840.0 66245.56212928396
6850.0 57575.11749455116
6860.0 56177.8326194765
6870.0 58820.13966332822
6880.0 63467.857882505414
6890.0 61345.78394597923
6900.0 63900.16040085509
6910.0 77451.24445253
6920.0 70191.1535207959
6930.0 82904.23923008065
6940.0 81744.49882711029
6950.0 93757.70450414719
6960.0 99857.62121333947
6970.0 102107.43171482423
6980.0 107378.92401583385
6990.0 110606.78058786945
7000.0 111598.22165833885
7010.0 124526.01938247161
7020.0 133353.16169190945
7030.0 147572.68471476686
7040.0 177741.90366425796
7050.0 191366.1060155811
7060.0 93557.65526270453
7070.0 117939.7602940877
7080.0 134636.29942596727
7090.0 79472.40391641083
7100.0 79500.34067415362
7110.0 99767.59743142744
7120.0 115437.65409034412
7130.0 49452.25096912111
7140.0 59527.829577902135
7150.0 67895.39098908976
7160.0 77890.98333337376
7170.0 83039.25748219411
7180.0 97933.86040838803
7190.0 116528.39678713809
7200.0 82272.10518497795
7210.0 85787.77628384327
7220.0 111005.58410675608
7230.0 115955.15074175342
7240.0 125883.9988263231
7250.0 149214.32868567834
7260.0 163959.80041598756
7270.0 152082.2643233334
7280.0 150947.64258202998
7290.0 178104.63779699066
7300.0 193021.1015602961
7310.0 201010.5745595477
7320.0 202743.46985334303
7330.0 201553.3517310224
7340.0 220249.04662198242
7350.0 219335.3186453747
7360.0 218690.57036705723
7370.0 245026.85461017926
7380.0 236909.19154536544
7390.0 236796.6869984212
7400.0 237167.40836347488
7410.0 240679.56797817798
7420.0 233478.9104765677
7430.0 241482.20238949795
7440.0 242413.4333704296
7450.0 228618.953284177
7460.0 230014.04457254967
7470.0 238981.42317016877
7480.0 239573.39887645273
7490.0 234781.774931123
7500.0 251383.59341140362
7510.0 242167.24935689563
7520.0 248644.6158009524
7530.0 251958.645296507
7540.0 260050.14589929977
7550.0 269918.4185629944
7560.0 276025.5607730038
7570.0 267005.7621173299
7580.0 281124.95154887525
7590.0 231035.62041225654
7600.0 232126.19266617496
7610.0 231354.50790940953
7620.0 261669.78992049093
7630.0 202631.05717671665
7640.0 208505.85944864043
7650.0 201128.49199144475
7660.0 140703.2579434718
7670.0 108290.62089269275
7680.0 157617.47391178494
7690.0 161902.3549308203
7700.0 109001.91999025417
7710.0 158760.88852311939
7720.0 182612.54076715518
7730.0 204310.60693870755
7740.0 212589.6606629662
7750.0 175480.82752022817
7760.0 175337.61440910783
7770.0 192053.18184281897
7780.0 188380.50680233198
7790.0 193252.48961093597
7800.0 203810.15465175142
7810.0 224023.90784552143
7820.0 218838.8535888579
7830.0 199284.53060083668
7840.0 197185.81933264123
7850.0 218687.38338629517
7860.0 222978.34273350093
7870.0 226956.87961614388
7880.0 240632.38461571588
7890.0 255603.0300475168
7900.0 248629.8154688364
7910.0 225763.16908080125
7920.0 237131.3917118159
7930.0 249105.46729736732
7940.0 253304.16107828787
7950.0 255268.38164231664
7960.0 273290.0051347368
7970.0 275865.0644117827
7980.0 273451.0198610558
7990.0 271102.48747798806
8000.0 277469.0752731148
8010.0 283433.09004580596
8020.0 290067.00139897416
8030.0 294558.82971538673
8040.0 301717.6736931858
8050.0 290816.14414294146
8060.0 311111.07997289865
8070.0 305662.62318603887
8080.0 311379.67283301195
8090.0 323943.2522119959
8100.0 331588.763922261
8110.0 332573.8892774007
8120.0 330651.3353002809
8130.0 344318.9574391091
8140.0 349636.1990066078
8150.0 357659.98954313056
8160.0 349574.12671724195
8170.0 354646.46995805565
8180.0 275790.91791513964
8190.0 261614.13272222967
8200.0 266889.3736500454
8210.0 317144.9869508831
8220.0 327975.6558032628
8230.0 341250.47369907674
8240.0 341249.710911099
8250.0 345119.48956479324
8260.0 345542.17170737765
8270.0 333657.88527056575
8280.0 329274.49448512285
8290.0 324348.9505861267
8300.0 320612.56786791404
8310.0 320160.85311658
8320.0 329327.18329603825
8330.0 298264.07909597235
8340.0 322385.0783327783
8350.0 314309.56383535726
8360.0 313512.2581221995
8370.0 324466.75195564533
8380.0 289041.9951758687
8390.0 286227.94744424
8400.0 311977.68946130504
8410.0 316162.49290317594
8420.0 315257.6177391555
8430.0 266714.47277256544
8440.0 227704.47982041136
8450.0 210250.97659533337
8460.0 203948.38840221064
8470.0 194130.78684975562
8480.0 221224.38186620816
8490.0 233161.28025504432
8500.0 228462.29052136015
8510.0 215947.05940468804
8520.0 213821.03292884512
8530.0 224015.28781025772
8540.0 226944.98830617176
8550.0 247508.81701261573
8560.0 253518.060346668
8570.0 260042.9138061677
8580.0 260400.0000848694
8590.0 259154.9045037771
8600.0 259651.105287215
8610.0 264719.21252403274
8620.0 278026.771460509
8630.0 280178.4389097471
8640.0 285585.7091593265
8650.0 282815.35797803337
8660.0 261252.86447399593
8670.0 282365.1142414686
8680.0 271508.2122062741
8690.0 257050.84641439363
8700.0 290214.63541436294
8710.0 297601.98528110643
8720.0 300891.96253598685
8730.0 308088.2928974852
8740.0 309564.68091453373
8750.0 312075.6241072676
8760.0 322566.9008893108
8770.0 318473.24525271304
8780.0 329437.7192883624
8790.0 341281.4725942464
8800.0 338076.37864445377
8810.0 331513.7807369326
8820.0 322918.3685928932
8830.0 345916.6338344597
8840.0 351832.543329465
8850.0 364341.06804344105
8860.0 297791.19065294473
8870.0 279487.3071278151
8880.0 292823.3337327905
8890.0 297763.3027058583
8900.0 310794.8689992133
8910.0 325671.6025548501
8920.0 324748.29572768736
8930.0 333137.9374706287
8940.0 313181.6969411722
8950.0 308147.46398720227
8960.0 322391.9448264886
8970.0 326797.1037162812
8980.0 334301.9128785429
8990.0 344502.1262485262
9000.0 329250.48265637126
9010.0 344244.2502731801
9020.0 339424.36954949476
9030.0 337508.9175462607
9040.0 351889.2053497572
9050.0 354766.79990201595
9060.0 353425.79167329543
9070.0 357915.86021277827
9080.0 362038.39364661474
9090.0 352227.7732361394
9100.0 364384.7889780927
9110.0 368771.32481464825
9120.0 373426.36343277246
9130.0 378892.5881247357
9140.0 379956.1628285645
9150.0 378651.36034020915
9160.0 385895.7997206772
9170.0 384278.1235588458
9180.0 387272.94333186245
9190.0 391453.9172551926
9200.0 387341.29784948094
9210.0 365319.5360120661
9220.0 351736.74573489494
9230.0 339687.27279721975
9240.0 345999.1065039522
9250.0 334438.81929740775
9260.0 343458.0795732977
9270.0 353673.48269185843
9280.0 335313.3459273188
9290.0 318520.79693174263
9300.0 319796.1996095189
9310.0 328113.7481747071
9320.0 321112.0773802696
9330.0 331846.28110501746
9340.0 341267.9253083144
9350.0 330602.89131699706
9360.0 332173.4448694383
9370.0 331219.0514443513
9380.0 332903.27268143574
9390.0 334902.8915920872
9400.0 335214.43056916806
9410.0 346251.8815522934
9420.0 343698.9991614448
9430.0 351462.49615136645
9440.0 342679.72682005743
9450.0 338385.99467847316
9460.0 345858.27075836563
9470.0 353782.94687738793
9480.0 360163.4840493714
9490.0 364932.9335226735
9500.0 363328.9104849491
9510.0 360588.05013041693
9520.0 365282.0472893357
9530.0 366586.96646047337
9540.0 361667.5712168247
9550.0 352576.0571807081
9560.0 372169.4510191139
9570.0 369456.65099533484
9580.0 377609.84030077205
9590.0 377450.6293753224
9600.0 345167.9347922027
9610.0 376075.54775243526
9620.0 382990.0219623296
9630.0 378962.2769326515
9640.0 323730.18325313285
9650.0 353220.12857179396
9660.0 385194.2509353449
9670.0 363976.14981895627
9680.0 347499.3668447882
9690.0 364261.2542830979
9700.0 379300.42770672264
9710.0 356171.7628722758
9720.0 376473.33007195574
9730.0 339347.91155085975
9740.0 349154.1989463324
9750.0 370302.45619453397
9760.0 378420.5428311776
9770.0 358035.3097853945
9780.0 350095.6868980203
9790.0 355691.7239836666
9800.0 384821.9879064361
9810.0 376049.1691794405
9820.0 376962.61799480324
9830.0 368760.31761405896
9840.0 373894.08020350256
9850.0 380335.0641306017
9860.0 381852.4217171661
9870.0 382306.0959762834
9880.0 388200.59502413694
9890.0 390016.1944359502
9900.0 347443.7603646544
9910.0 323076.24039745843
9920.0 325875.8355794538
9930.0 334237.5432391833
9940.0 362806.4887851381
9950.0 366633.7791949771
9960.0 364756.18371238234
9970.0 350767.0670761297
9980.0 354283.02381938946
9990.0 351693.0482252333
10010.0 352848.36976002296
10020.0 357494.44918663945
10030.0 354717.70727054495
10040.0 356773.36188221537
10050.0 342409.1201516915
10060.0 337447.0286134269
10070.0 360076.2072698628
10080.0 365382.89286739816
10090.0 356871.94508849736
10100.0 373778.9142523001
10110.0 360754.32860657794
10120.0 360218.8531528525
10130.0 367874.63623214606
10140.0 357902.9559516055
10150.0 360720.6992052154
10160.0 356335.31264956656
10170.0 365132.2562843187
10180.0 358023.4101072331
10190.0 363611.0772353958
10200.0 368498.3733239166
10210.0 365784.6777118794
10220.0 358393.2572903617
10230.0 360629.5420537296
10240.0 379607.5185820675
10250.0 352656.7571444894
10260.0 342040.53747014725
10270.0 348947.6429816355
10280.0 342516.95867908804
10290.0 358202.5479678142
10300.0 351621.5228848466
10310.0 366904.23638931726
10320.0 353079.6600717804
10330.0 361806.35392986756
10340.0 310752.5484620221
10350.0 346462.11211103253
10360.0 365766.3564342558
10370.0 374934.8509412056
10380.0 359130.6906277664
10390.0 359104.85011628456
10400.0 349556.18538902
10410.0 358900.75046181836
10420.0 365902.4607112961
10430.0 358203.17614186695
10440.0 375691.85137196333
10450.0 374898.35552179464
10460.0 375327.1344712516
10470.0 357169.76860011416
10480.0 365716.86790703546
10490.0 372686.07238995837
10500.0 357842.589279036
10510.0 363712.7813940304
10520.0 362615.49090896454
10530.0 384522.43059787696
10540.0 370903.57045759127
10550.0 372937.73993031436
10560.0 372364.6272285572
10570.0 364925.43913627346
10580.0 366160.65621867374
10590.0 367382.28347172256
10600.0 376831.2851733604
10610.0 371025.6843398966
10620.0 368379.00069102575
10630.0 379030.18401784904
10640.0 372951.9384367679
10650.0 367853.78686214314
10660.0 356680.07592058874
10670.0 368118.06207397435
10680.0 364712.3801905797
10690.0 372664.2682694155
10700.0 374236.7487651337
10710.0 376756.27528105414
10720.0 376862.35134082846
10730.0 350639.97566711355
10740.0 379350.9815691481
10750.0 372032.8655441757
10760.0 372807.2664072074
10770.0 382609.4805931242
10780.0 381870.5014265053
10790.0 374567.7498195708
10800.0 371105.6511592648
10810.0 370055.558855937
10820.0 376912.3106034385
10830.0 377314.6594719482
10840.0 378562.29178492154
10850.0 375612.4227775154
10860.0 368635.8606917331
10870.0 381204.5872571314
10880.0 383414.0226338615
10890.0 376302.97929669626
10900.0 381051.1307897462
10910.0 372247.32128665573
10920.0 375318.16665104614
10930.0 376891.09518901946
10940.0 383377.70851029886
10950.0 376396.076322345
10960.0 370109.78625290695
10970.0 371426.73997893784
10980.0 369837.8252278507
10990.0 377339.44657858677
11000.0 373206.92485424824
11010.0 371357.5080409498
11020.0 363515.8496906731
11030.0 360978.6089647066
11040.0 362952.17334163183
11050.0 351934.0188925287
11060.0 362584.28750693996
11070.0 359353.19218152546
11080.0 356568.1955708021
11090.0 365934.5514716039
11100.0 366433.9604305286
11110.0 358200.97312767693
11120.0 354821.7885010409
11130.0 364098.5009332349
11140.0 367940.5086492557
11150.0 357014.16095275705
11160.0 364748.5043558773
11170.0 365160.83910428704
11180.0 368696.0319774603
11190.0 359967.83443072403
11200.0 356208.6768300243
11210.0 365954.8916561001
11220.0 361945.49218403414
11230.0 371587.6122008848
11240.0 367499.1144945665
11250.0 347949.8743757845
11260.0 361139.14329771406
11270.0 371231.00158100744
11280.0 364853.32443918096
11290.0 364706.1619162096
11300.0 352310.6954423445
11310.0 366445.0396628725
11320.0 369294.1210497211
11330.0 363065.0488290723
11340.0 360377.8979417821
11350.0 364977.30643035984
11360.0 362913.1103628071
11370.0 350199.8560266754
11380.0 299135.74008706165
11390.0 346350.35320881143
11400.0 292480.226703347
11410.0 328543.19475018233
11420.0 348784.82228062244
11430.0 362956.7027495163
11440.0 350422.8884214754
11450.0 358280.8953580999
11460.0 363696.01319310087
11470.0 361545.4113738729
11480.0 358594.91447980877
11490.0 365370.90456112917
11500.0 368716.3586033637
11510.0 364222.9703995903
11520.0 365008.97830300254
11530.0 366626.61701906536
11540.0 358123.31759980833
11550.0 363320.0147934697
11560.0 364240.3768530146
11570.0 365264.6637787694
11580.0 366209.2266678686
11590.0 345867.2953683157
11600.0 361136.32945292257
11610.0 326435.7069694786
11620.0 362868.90640763595
11630.0 363113.35132832546
11640.0 341047.2034006198
11650.0 360950.11386728944
11660.0 360482.9683229289
11670.0 363446.861713209
11680.0 359120.9196121596
11690.0 309958.17187516706
11700.0 360429.53972098086
11710.0 360196.50406602264
11720.0 359721.7398595192
11730.0 360285.2958348881
11740.0 354835.89799706516
11750.0 355110.2238284394
11760.0 352444.75870717695
11770.0 287068.93410628237
11780.0 326762.7935194244
11790.0 354305.50610548636
11800.0 354125.8392347059
11810.0 352758.3229765685
11820.0 352916.0466042921
11830.0 333174.9698562918
11840.0 356261.9991947061
11850.0 352766.4304299769
11860.0 356046.9611798317
11870.0 356824.8424992954
11880.0 309079.6958572668
11890.0 341484.65720706555
11900.0 356863.84601880715
11910.0 352261.5689263054
11920.0 356913.76230443805
11930.0 356758.09856835473
11940.0 351736.9403561938
11950.0 337211.21331937786
11960.0 341352.7589345423
11970.0 303282.8131217236
11980.0 340013.60818963207
11990.0 346362.16808687616
12000.0 349332.91999154247
12010.0 352044.144916401
12020.0 348376.90817683877
12030.0 344774.1907531526
12040.0 354556.96570098645
12050.0 348000.2677944705
12060.0 354992.6829204117
12070.0 346939.6018011507
12080.0 349239.33468304336
12090.0 345675.5358781192
12100.0 351867.4092994896
12110.0 345817.4318288557
12120.0 350283.8851471255
12130.0 346461.3819074513
12140.0 354409.43399483885
12150.0 354609.0409339238
12160.0 347820.7163425963
12170.0 353663.69237533316
12180.0 352089.4449901125
12190.0 350152.95566952444
12200.0 348693.7222373708
12210.0 349399.5182692158
12220.0 350022.32781935117
12230.0 351076.511626756
12240.0 351024.88577942376
12250.0 352243.3426630359
12260.0 353163.9198239069
12270.0 349112.20379980234
12280.0 352507.9029010993
12290.0 349746.777799593
12300.0 350705.78200342855
12310.0 348395.9878468976
12320.0 344176.96882276115
12330.0 346605.982932527
12340.0 348332.4123570664
12350.0 350229.856386942
12360.0 347483.25564718636
12370.0 349150.6676288356
12380.0 350877.42479539476
12390.0 343283.22312326485
12400.0 344131.47513962386
12410.0 340279.09608467465
12420.0 331758.1416736249
12430.0 315514.6073022468
12440.0 336395.39461246395
12450.0 341331.3186803438
12460.0 342077.120934638
12470.0 340343.38546059676
12480.0 341184.2445846081
12490.0 342831.3742108757
12500.0 341043.809264644
12510.0 338504.4249941243
12520.0 307149.80020724714
12530.0 337514.3407237887
12540.0 341247.4560702206
12550.0 340762.8270847731
12560.0 337880.6170762023
12570.0 338770.4277580429
12580.0 340381.69646248344
12590.0 334383.13169222244
12600.0 338877.02298974385
12610.0 339382.1104431129
12620.0 337669.1356856069
12630.0 337600.4041212005
12640.0 333683.1187410933
12650.0 339320.23915441683
12660.0 339013.43253776757
12670.0 333949.1107154065
12680.0 323800.3787606712
12690.0 339408.71753966913
12700.0 337020.10833572765
12710.0 338780.38311696803
12720.0 340213.03721598757
12730.0 339120.86474154436
12740.0 330629.47613948036
12750.0 335668.504034362
12760.0 340490.0566238585
12770.0 337161.3572232351
12780.0 334278.4536993396
12790.0 339303.8341598466
12800.0 336852.8902336578
12810.0 333759.169988553
12820.0 307858.2423079378
12830.0 322175.93220187677
12840.0 332741.64729935146
12850.0 325053.95542633586
12860.0 329816.7800197388
12870.0 332968.500947459
12880.0 331005.45112257625
12890.0 331091.41806061816
12900.0 310671.5356784159
12910.0 325570.4225833146
12920.0 332049.6069764612
12930.0 331633.0563640183
12940.0 332938.92891269625
12950.0 331534.24693550944
12960.0 333302.7852964162
12970.0 332481.00960881443
12980.0 329215.3846887763
12990.0 330519.5894494041
13000.0 333949.95379771246
13010.0 327081.24818814645
13020.0 333271.1613925301
13030.0 330323.22281684435
13040.0 332763.8928325193
13050.0 331481.6339602674
13060.0 331369.3873527824
13070.0 329232.06091993145
13080.0 324911.6155289769
13090.0 323749.68415716564
13100.0 329522.8404809831
13110.0 325572.59330199286
13120.0 278400.71790697874
13130.0 305377.5294810219
13140.0 320005.5115084519
13150.0 281836.5746674844
13160.0 323421.4220927159
13170.0 326194.78928809805
13180.0 325810.9804433954
13190.0 328424.92479592335
13200.0 323933.2869176911
13210.0 322937.61286497506
13220.0 324460.30435859214
13230.0 324443.48774303467
13240.0 326255.9206646489
13250.0 316969.8887390139
13260.0 323071.82623476774
13270.0 314686.3865441615
13280.0 317694.9619576125
13290.0 304221.11468770646
13300.0 314825.8271495095
13310.0 306706.2955682926
13320.0 274620.40861465165
13330.0 309236.8240471291
13340.0 284969.8705284873
13350.0 266135.46744534204
13360.0 278217.3519128101
13370.0 273178.5794283243
13380.0 283409.2848234745
13390.0 285556.40553507296
13400.0 279136.3919510387
13410.0 280880.4870652393
13420.0 271798.23220545053
13430.0 271501.91578273376
13440.0 264896.82570429053
13450.0 286818.975983934
13460.0 278740.6137235557
13470.0 274046.3711527026
13480.0 276511.6037933134
13490.0 285517.4998778483
13500.0 255095.92201090013
13510.0 281199.87138673855
13520.0 272914.2424827995
13530.0 276898.9038600973
13540.0 265991.58527851594
13550.0 267514.9009477244
13560.0 282471.60290728987
13570.0 273503.88767307956
13580.0 271252.0786731963
13590.0 268070.8289890658
13600.0 277647.813103459
13610.0 271651.4846534069
13620.0 258489.21465236577
13630.0 264981.221114538
13640.0 262300.234536382
13650.0 275015.8411684783
13660.0 270577.7924918778
13670.0 275515.6607544375
13680.0 268589.3375789882
13690.0 272151.6483305841
13700.0 274632.7492216191
13710.0 259927.30355356878
13720.0 279672.1689644518
13730.0 270275.55422743555
13740.0 274078.6370181472
13750.0 273486.20401296153
13760.0 272772.038596427
13770.0 277667.88788046304
13780.0 271304.36820601503
13790.0 273167.94603102334
13800.0 276519.4581707921
13810.0 278680.91001587844
13820.0 264694.48592964915
13830.0 274247.18390229176
13840.0 276346.6885748188
13850.0 270175.843465471
13860.0 257363.5678282532
13870.0 276717.75158730824
13880.0 263195.2507604885
13890.0 269960.5907056651
13900.0 255121.6839535331
13910.0 250992.62058026268
13920.0 251091.38982230498
13930.0 257400.33659999308
13940.0 261378.8362952678
13950.0 252649.3021013959
13960.0 265131.24748280813
13970.0 251059.87812436628
13980.0 247499.6888078494
13990.0 258969.60668200263
14000.0 242619.7746301781
14010.0 254118.325663175
14020.0 258798.09352813486
14030.0 262672.0386742689
14040.0 251944.45808526105
14050.0 253161.4905440861
14060.0 257312.38427868302
14070.0 249369.0567045068
14080.0 250052.18459607635
14090.0 247660.26594076917
14100.0 248205.10677654023
14110.0 249367.6135294334
14120.0 242545.91723244745
14130.0 251573.63598894016
14140.0 235068.64289871833
14150.0 250378.9891682633
14160.0 247114.93032026754
14170.0 232336.08508083312
14180.0 242110.34632432487
14190.0 232020.15250033487
14200.0 246072.00056655303
14210.0 245089.86647244985
14220.0 242221.42234098978
14230.0 239341.69899154417
14240.0 238944.19029555307
14250.0 234581.03933033277
14260.0 233375.89653026286
14270.0 234044.27911709654
14280.0 232965.6146335979
14290.0 233337.232046832
14300.0 248974.16606650193
14310.0 241098.6534952241
14320.0 239059.1037932669
14330.0 241931.83793228248
14340.0 233640.3623587016
14350.0 237627.7424952135
14360.0 238521.1714502161
14370.0 245248.0726390309
14380.0 241054.45070819
14390.0 231669.42427839924
14400.0 245334.08871122342
14410.0 229750.55003859533
14420.0 240712.95367637204
14430.0 250339.00186943676
14440.0 238174.88366528886
14450.0 232649.80889066966
14460.0 243053.725607914
14470.0 233066.1845501201
14480.0 241431.78837169663
14490.0 245869.51270541828
14500.0 232426.3358229489
14510.0 238918.94756255118
14520.0 246838.77765826994
14530.0 236986.1770522093
14540.0 239422.04541055675
14550.0 244658.63442967992
14560.0 228436.19411712504
14570.0 234662.59679694273
14580.0 246301.86270300276
14590.0 242068.7679469358
14600.0 235891.60101151743
14610.0 231365.9006913202
14620.0 231557.44557397225
14630.0 229392.25355758256
14640.0 236401.00389190376
14650.0 239853.71491342766
14660.0 234020.24750284653
14670.0 227783.50442654328
14680.0 224937.6277295009
14690.0 227159.81016285828
14700.0 228498.32015123146
14710.0 232905.71453750468
14720.0 236648.90987052763
14730.0 235249.997536817
14740.0 223543.57676838894
14750.0 227578.04470795786
14760.0 233842.99973006282
14770.0 223931.29668420766
14780.0 232569.78270791064
14790.0 230461.44210133073
14800.0 225413.51692814252
14810.0 226597.35945413137
14820.0 229392.74834882797
14830.0 235728.35611981028
14840.0 229904.5085905613
14850.0 229961.66108507448
14860.0 233768.04274982095
14870.0 230639.1000308658
14880.0 223213.18033203168
14890.0 232191.1724854216
14900.0 226521.4563756879
14910.0 236143.39512092047
14920.0 227280.17971501633
14930.0 235614.38962022864
14940.0 227110.70891279346
14950.0 228424.39407691162
14960.0 233407.81427874212
14970.0 235536.05591429226
14980.0 236930.73981808496
14990.0 232520.19710037
15000.0 222934.79799958743
15010.0 230328.97006868414
15020.0 216978.48541499506
15030.0 227901.60869024124
15040.0 229448.81413988597
15050.0 227348.69235739068
15060.0 232206.17760545097
15070.0 230703.49851349212
15080.0 227949.4914648487
15090.0 238458.21817006278
15100.0 230868.3551071344
15110.0 232236.58911424337
15120.0 235068.36424506907
15130.0 220970.17241429034
15140.0 240201.21414695735
15150.0 232006.24119636172
15160.0 221554.76062454868
15170.0 212304.53400961345
15180.0 237410.17530361077
15190.0 232218.84392936755
15200.0 232186.5720415128
15210.0 242194.95625032333
15220.0 232432.49473583992
15230.0 241097.9831647285
15240.0 227838.64965686196
15250.0 230954.0868889887
15260.0 223423.77086542052
15270.0 232368.39941742932
15280.0 225740.60486145664
15290.0 236453.07630753017
15300.0 236378.27661675398
15310.0 234657.05427293942
15320.0 219461.8671596472
15330.0 228181.23767611827
15340.0 232211.22669133026
15350.0 231078.9209017308
15360.0 235607.99722440643
15370.0 231334.69493573502
15380.0 229419.67604923042
15390.0 230690.84119024908
15400.0 225179.58438978725
15410.0 228253.73110922656
15420.0 222858.8201062094
15430.0 227395.15753143054
15440.0 230584.73387086866
15450.0 235639.7523968133
15460.0 233251.3974446477
15470.0 227604.81922544615
15480.0 231109.73902902042
15490.0 235671.37888121215
15500.0 225059.1405138074
15510.0 229267.85930796774
15520.0 237021.87785670464
15530.0 229937.35290861104
15540.0 222236.91104634927
15550.0 232622.74138210627
15560.0 230227.72477010006
15570.0 223797.94573945718
15580.0 228504.6931673624
15590.0 232929.90954698456
15600.0 230031.8047614087
15610.0 229929.64517953672
15620.0 234137.2788102737
15630.0 232081.47864351555
15640.0 235204.38671431164
15650.0 222064.32731884244
15660.0 230276.80953213302
15670.0 238167.3315065598
15680.0 237160.19467672743
15690.0 230864.80158497763
15700.0 230462.71160890665
15710.0 234152.69190294153
15720.0 224563.27282598862
15730.0 228435.69324406187
15740.0 237250.8609983279
15750.0 233190.63239697128
15760.0 227959.23176459558
15770.0 234180.1015367945
15780.0 227897.83063358458
15790.0 237906.6101340233
15800.0 232302.74967866298
15810.0 235911.39087341534
15820.0 236743.77063553614
15830.0 233542.4720478762
15840.0 229596.17350366997
15850.0 234461.6550040601
15860.0 237490.73654711986
15870.0 237064.2590210149
15880.0 235702.4299908087
15890.0 228627.70826723397
15900.0 231006.27513888146
15910.0 231674.62939384207
15920.0 235281.98343501356
15930.0 233412.58114554043
15940.0 235552.13164264892
15950.0 238782.41580811387
15960.0 239163.170015832
15970.0 234305.84740708847
15980.0 235951.37448445044
15990.0 233919.1695205455
16000.0 235458.61388742918
16010.0 237997.65688276986
16020.0 236394.69384347016
16030.0 237782.72388426613
16040.0 229069.4239658155
16050.0 235231.53235738797
16060.0 230084.94179716386
16070.0 233278.21890049317
16080.0 235408.9213686074
16090.0 236610.22926164934
16100.0 235264.2964266871
16110.0 236327.91602987284
16120.0 233225.46164840032
16130.0 231889.73736541174
16140.0 228264.00703149737
16150.0 219039.83573347048
16160.0 221467.37257713158
16170.0 235456.10057292902
16180.0 233678.28452765182
16190.0 219582.52852849982
16200.0 213800.53279449523
16210.0 226572.02872915604
16220.0 233466.5744543472
16230.0 233436.7771591773
16240.0 235780.41178469965
16250.0 229762.28341129626
16260.0 231366.2483659768
16270.0 237533.71276529046
16280.0 236859.65852378102
16290.0 237036.32517034258
16300.0 236187.5832978226
16310.0 234063.91550828886
16320.0 233994.33892927846
16330.0 239573.20590238943
16340.0 235025.60588717062
16350.0 230281.48642624932
16360.0 233089.29299809568
16370.0 235502.9329410636
16380.0 235843.61699969624
16390.0 234465.75498343955
16400.0 235088.79314317714
16410.0 233105.5598841906
16420.0 235987.8596782709
16430.0 236560.05907823876
16440.0 233874.50295405954
16450.0 233898.28686738576
16460.0 233678.1164482619
16470.0 236062.9969531994
16480.0 238122.3388296286
16490.0 234405.7428910665
16500.0 235733.02698904937
16510.0 234729.44001281523
16520.0 235497.17529506786
16530.0 232964.6395024676
16540.0 232953.15289306242
16550.0 237166.17413799334
16560.0 239334.64481771062
16570.0 236518.62540653517
16580.0 233663.3260308201
16590.0 235441.4066902902
16600.0 234558.68738524473
16610.0 231113.028116233
16620.0 234619.80150929306
16630.0 235292.0099176832
16640.0 235271.4580473415
16650.0 233943.07973699018
16660.0 230524.52935239667
16670.0 230838.13370499603
16680.0 235665.67716829482
16690.0 234605.6224691565
16700.0 230010.03855297284
16710.0 227148.44060118214
16720.0 218250.75699826187
16730.0 229706.24241423976
16740.0 230653.35598327886
16750.0 212134.96554517024
16760.0 226087.0764004404
16770.0 229242.89234582687
16780.0 233905.07382622588
16790.0 233834.79763213932
16800.0 232792.27534145018
16810.0 232813.8783453924
16820.0 232543.026814021
16830.0 232791.56207015374
16840.0 230792.2473607869
16850.0 230794.17268398372
16860.0 230552.25677483992
16870.0 226030.90013271655
16880.0 224806.75196379857
16890.0 225045.72437724844
16900.0 223294.39850258152
16910.0 227290.65924492708
16920.0 222903.59473574892
16930.0 230821.38821680105
16940.0 225925.2881856089
16950.0 225430.75943931378
16960.0 225492.6823783544
16970.0 220296.2639355678
16980.0 226006.80932610057
16990.0 222489.2154654514
17000.0 220864.3841358176
17010.0 223648.23725085435
17020.0 222482.0630019438
17030.0 222062.3857675867
17040.0 218974.1048533332
17050.0 215031.63190558532
17060.0 219896.64778743387
17070.0 214349.32286880707
17080.0 210694.55302037267
17090.0 216700.34752916978
17100.0 208362.32116754827
17110.0 198461.8095525809
17120.0 210984.59352390282
17130.0 211789.784428051
17140.0 207072.5637266674
17150.0 211743.69229209042
17160.0 207538.3386098654
17170.0 207014.52268041312
17180.0 202499.445883987
17190.0 202101.38505945826
17200.0 208739.44418957
17210.0 203115.6306607794
17220.0 207559.89668530689
17230.0 196448.5021219765
17240.0 205494.4426200751
17250.0 210419.50539343213
17260.0 195169.50819668718
17270.0 200313.19102986605
17280.0 204267.19389235185
17290.0 198963.25678356024
17300.0 209447.17463096016
17310.0 193437.25693549987
17320.0 192966.30043471677
17330.0 202655.8397209601
17340.0 190983.74645213623
17350.0 190981.57321270288
17360.0 198625.66488393635
17370.0 195841.48682170335
17380.0 192222.09053688493
17390.0 194797.45290725472
17400.0 188655.09302279106
17410.0 194667.33396484575
17420.0 190566.42173816357
17430.0 190501.0988594981
17440.0 189998.96600962034
17450.0 190366.72751312598
17460.0 189077.66533279562
17470.0 187934.1076320708
17480.0 191706.132763348
17490.0 186577.49943105364
17500.0 176339.6039938841
17510.0 186886.29858365894
17520.0 188598.08320210362
17530.0 185117.98584835287
17540.0 181290.68237088466
17550.0 177859.24832327385
17560.0 171116.22051346878
17570.0 182559.6026148243
17580.0 174787.93530485194
17590.0 179918.6960224064
17600.0 178487.06970726582
17610.0 183094.0655400037
17620.0 168611.30633968394
17630.0 179678.0111662153
17640.0 176094.93448248162
17650.0 179717.94598676512
17660.0 181595.2366656169
17670.0 169303.32119410383
17680.0 162678.45707317186
17690.0 182118.20011631632
17700.0 175052.14598686577
17710.0 168835.83988467688
17720.0 161650.46943115522
17730.0 172118.60737744375
17740.0 171492.28064140407
17750.0 168360.7127427901
17760.0 158489.50833021363
17770.0 167928.11783086142
17780.0 166541.5841910473
17790.0 159247.55062768448
17800.0 176071.1601094479
17810.0 153415.91832233986
17820.0 157902.75651093095
17830.0 168700.47529583552
17840.0 168278.94483778943
17850.0 156903.75129306503
17860.0 158753.7208007031
17870.0 154972.67584148544
17880.0 159247.58823718465
17890.0 167104.8345545128
17900.0 162132.27861364273
17910.0 152253.25936914908
17920.0 158135.29359736855
17930.0 156845.49935094093
17940.0 155556.18535188257
17950.0 163528.51449867027
17960.0 144478.446037663
17970.0 164512.12682647118
17980.0 166424.09323058487
17990.0 146368.45309445565
18000.0 150232.17715130647
18010.0 149629.9188979866
18020.0 151057.38638648216
18030.0 150412.3686714816
18040.0 156562.28304239642
18050.0 146920.26329308972
18060.0 158653.4384117068
18070.0 145689.68218794485
18080.0 147738.82056092916
18090.0 157294.04286036413
18100.0 146186.05000603767
18110.0 148023.14510329606
18120.0 141456.41318442518
18130.0 155130.82413171796
18140.0 161076.80312728017
18150.0 149593.0267749954
18160.0 158892.02298689148
18170.0 143312.5845411918
18180.0 145645.63617670737
18190.0 142722.57388046067
18200.0 146426.11010787587
18210.0 143093.29436795405
18220.0 140903.4002884947
18230.0 160263.91639831907
18240.0 155625.55811023375
18250.0 149882.4152731162
18260.0 137358.76132768564
18270.0 138030.51174691986
18280.0 150927.07544033838
18290.0 153266.37285038078
18300.0 144952.77454536135
18310.0 148043.30793115002
18320.0 134080.70534108186
18330.0 147505.00477309717
18340.0 146941.28822835148
18350.0 144460.46370653648
18360.0 147195.82256091957
18370.0 135891.29589768968
18380.0 150073.9194603973
18390.0 132946.89197281652
18400.0 144803.7192669768
18410.0 151770.26505023736
18420.0 134619.13468638607
18430.0 135311.7614552826
18440.0 130966.27147880037
18450.0 139468.29140818905
18460.0 132848.66998626132
18470.0 126992.3880231375
18480.0 124060.22925032245
18490.0 137840.92564727078
18500.0 134620.03933093866
18510.0 141631.47110888243
18520.0 143521.89110439637
18530.0 127906.46312188321
18540.0 136325.153102877
18550.0 139578.0301436285
18560.0 121884.26728978951
18570.0 125589.86972051916
18580.0 122487.25791227134
18590.0 123265.58296353665
18600.0 123116.6951219199
18610.0 124678.27849553041
18620.0 133578.87756747243
18630.0 134832.60261021805
18640.0 132346.55134769052
18650.0 122833.45287264357
18660.0 138627.6901633162
18670.0 130630.67745824205
18680.0 129159.28100207986
18690.0 137140.31078114588
18700.0 135374.18006752915
18710.0 127616.14897311591
18720.0 131157.43067374607
18730.0 117888.65061630617
18740.0 132975.07674875276
18750.0 133591.41340843606
18760.0 128228.27693390896
18770.0 128073.89032113261
18780.0 123993.44051191004
18790.0 126622.97556341767
18800.0 136651.46031830253
18810.0 130040.05451347034
18820.0 136912.1708721724
18830.0 140854.44208669837
18840.0 131963.61692291364
18850.0 125025.24730719291
18860.0 130321.89550205134
18870.0 138325.81434561466
18880.0 128517.19455861917
18890.0 134038.4834186803
18900.0 133783.02850885104
18910.0 125981.10112485843
18920.0 119576.79926710331
18930.0 128886.97195865601
18940.0 126550.7987815689
18950.0 136483.77086312414
18960.0 130034.81996443699
18970.0 132585.2575609917
18980.0 123533.6533046262
18990.0 135715.99038500278
19000.0 137504.8425641934
19010.0 128406.4230737626
19020.0 132634.03697951112
19030.0 129323.21768917445
19040.0 134318.60467681134
19050.0 129827.2890718923
19060.0 125293.02245588832
19070.0 132386.11677423786
19080.0 135166.8023555475
19090.0 131643.83649225679
19100.0 128558.30744528801
19110.0 120407.40681895695
19120.0 133415.21459437645
19130.0 133630.37725729312
19140.0 133951.93709693514
19150.0 132528.3139336913
19160.0 123512.30263777696
19170.0 128977.17980207843
19180.0 128674.28498441957
19190.0 129663.48492496245
19200.0 126933.98140484844
19210.0 130359.69064307849
19220.0 124728.45656248175
19230.0 128012.34401594731
19240.0 125533.86046649585
19250.0 129706.03977816462
19260.0 120707.91910754485
19270.0 131034.37516586627
19280.0 127509.79509117853
19290.0 122059.85458242407
19300.0 112511.86660573746
19310.0 91734.84402567318
19320.0 118249.57946352097
19330.0 120082.90891900023
19340.0 127554.14039260078
19350.0 127959.86588344096
19360.0 128428.25939257663
19370.0 128028.07091950654
19380.0 119261.13646362719
19390.0 120864.96002546462
19400.0 121152.40760512126
19410.0 123867.07553709994
19420.0 125224.7192059686
19430.0 113890.71322496547
19440.0 110844.13575092108
19450.0 89503.10106686318
19460.0 107220.58024453915
19470.0 118260.47690385111
19480.0 113853.82078068345
19490.0 117864.65507421938
19500.0 106685.10138486252
19510.0 98597.72106062558
19520.0 118620.55682586448
19530.0 121377.29694110528
19540.0 121846.38438995928
19550.0 115396.80427001668
19560.0 119204.95945168311
19570.0 130087.97665005615
19580.0 126938.75786551146
19590.0 123849.82109778628
19600.0 117714.42757081769
19610.0 122301.77111050827
19620.0 124428.84956598045
19630.0 113760.71250882825
19640.0 123841.70152454604
19650.0 121615.17452855493
19660.0 126320.40254895829
19670.0 118956.28806744872
19680.0 121637.51163956168
19690.0 122596.74570937596
19700.0 125533.66126275297
19710.0 115411.43257344549
19720.0 123297.23855603336
19730.0 113598.57475954047
19740.0 118303.4450035947
19750.0 104919.59384585274
19760.0 105591.50270391861
19770.0 96489.64057024714
19780.0 83552.4384682952
19790.0 104506.78851957063
19800.0 106118.28640301718
19810.0 111722.3400146292
19820.0 110388.46548045003
19830.0 114822.51709665533
19840.0 112966.74672801395
19850.0 106398.79437544149
19860.0 90746.51603853382
19870.0 109203.76323672138
19880.0 113077.29441154259
19890.0 110550.00012136518
19900.0 108905.4988555638
19910.0 110547.424620294
19920.0 106792.9304090305
19930.0 111279.35621348931
19940.0 110506.21703336379
19950.0 112859.45286826754
19960.0 117552.79871884044
19970.0 104031.68872298926
19980.0 119045.70815986481
19990.0 111060.59698185447
20010.0 115797.10584619312
20020.0 113708.9784342897
20030.0 116407.98103760165
20040.0 112778.46565632462
20050.0 114886.70028988837
20060.0 113405.2889385624
20070.0 115365.42760187693
20080.0 111306.48628044508
20090.0 111788.37497397719
20100.0 108260.14284384288
20110.0 112574.3030874281
20120.0 112371.93850755256
20130.0 108114.44194218161
20140.0 118692.05339160477
20150.0 112184.15885559599
20160.0 109737.17833408879
20170.0 109862.83382706031
20180.0 111846.85533481932
20190.0 104819.2548564329
20200.0 109326.94052286322
20210.0 117416.26326173246
20220.0 110955.47814501151
20230.0 113573.67104277186
20240.0 114114.5599550409
20250.0 109918.17488145015
20260.0 106594.79982185135
20270.0 106532.88277714165
20280.0 113910.70374638353
20290.0 107136.09673012483
20300.0 108975.65104604822
20310.0 111978.61473895665
20320.0 115389.46376503912
20330.0 111321.1901401209
20340.0 111062.8238588055
20350.0 104843.76092672744
20360.0 111759.05400881752
20370.0 113132.34710489391
20380.0 111129.48421454249
20390.0 105043.1493381888
20400.0 109700.05047573899
20410.0 108741.71274199287
20420.0 114542.52047454986
20430.0 108014.85133603461
20440.0 103524.51921113757
20450.0 106032.87409971555
20460.0 111039.39000211479
20470.0 113621.24691822716
20480.0 106208.88084751986
20490.0 102344.0077903752
20500.0 111025.95774703569
20510.0 112248.68679909498
20520.0 110197.75181644151
20530.0 109757.43092895673
20540.0 102097.50805467942
20550.0 107675.75319420402
20560.0 111141.20034634766
20570.0 109199.76751147941
20580.0 112999.24368979463
20590.0 109227.08488155057
20600.0 106822.56708598768
20610.0 109649.29073903397
20620.0 107020.37006683661
20630.0 103080.48984326697
20640.0 102880.97363248974
20650.0 105118.61943486499
20660.0 111387.02625005152
20670.0 105369.60107836103
20680.0 109504.81291936133
20690.0 104312.2257735033
20700.0 114367.97054727918
20710.0 104838.43432150087
20720.0 107155.92408246997
20730.0 103802.88765780402
20740.0 106916.70324621648
20750.0 108326.30684680142
20760.0 103100.9844603472
20770.0 108135.68008653514
20780.0 107842.51593081682
20790.0 107802.84937696572
20800.0 108685.84104095635
20810.0 102390.3607179104
20820.0 108573.83512727737
20830.0 106695.03087795776
20840.0 106614.63936093396
20850.0 104200.60585644562
20860.0 107510.60836449036
20870.0 105497.45688450165
20880.0 106725.83341713938
20890.0 101973.30996179729
20900.0 109243.88051885397
20910.0 107516.85708796995
20920.0 111495.62765087668
20930.0 104735.76490281196
20940.0 104509.80414815054
20950.0 106691.1394058556
20960.0 103644.14067548532
20970.0 104907.74995769311
20980.0 109409.58925131177
20990.0 102722.67055736319
21000.0 107460.74187513044
21010.0 106466.52920526457
21020.0 105621.73254676975
21030.0 106896.72785717837
21040.0 107705.82385792877
21050.0 104415.95782704455
21060.0 108680.86580813845
21070.0 105962.56970026367
21080.0 101767.8778056715
21090.0 106493.4078221955
21100.0 109121.29785019731
21110.0 103369.51889012549
21120.0 103626.77094215874
21130.0 107233.64188962211
21140.0 108818.66208020876
21150.0 105162.37216658142
21160.0 105803.20426489561
21170.0 101011.1365770693
21180.0 108628.48049588269
21190.0 105374.82862866193
21200.0 105349.84577289988
21210.0 106940.14092856327
21220.0 107065.93909562514
21230.0 104642.6552744367
21240.0 108756.9521156967
21250.0 105412.1596653614
21260.0 105166.9978780631
21270.0 102781.16810204051
21280.0 104035.1153372099
21290.0 104471.17558373841
21300.0 105756.37084141179
21310.0 108605.34911033062
21320.0 105249.58139030218
21330.0 107609.86468136657
21340.0 104104.03898383428
21350.0 108054.3262971151
21360.0 105155.93262169146
21370.0 104867.79695710642
21380.0 103895.32530359428
21390.0 106391.82766130714
21400.0 102828.75802976599
21410.0 106564.82040900167
21420.0 102823.25479939599
21430.0 108994.52720083427
21440.0 107780.32289251564
21450.0 106491.1058489861
21460.0 107804.01646970265
21470.0 106440.49891429691
21480.0 104032.09336965249
21490.0 104216.46983572327
21500.0 103361.11831274313
21510.0 106102.41880021371
21520.0 104221.92929825917
21530.0 106156.77681966459
21540.0 106358.57032663739
21550.0 105220.0248568454
21560.0 104864.8831933165
21570.0 106870.59261481848
21580.0 106949.87784272686
21590.0 105118.71908083254
21600.0 104796.04032938156
21610.0 107538.92958808987
21620.0 104811.45085713596
21630.0 104528.61413610564
21640.0 106743.03742546956
21650.0 105017.36472511041
21660.0 105927.9440348378
21670.0 106136.77796864988
21680.0 107443.83153133739
21690.0 107325.23571826132
21700.0 103202.67191559219
21710.0 105481.19812288323
21720.0 104468.28234043706
21730.0 105370.65256820104
21740.0 105902.09080610826
21750.0 103712.27705403745
21760.0 104043.18931191249
21770.0 104824.8375799602
21780.0 100825.35868689929
21790.0 104638.47463428389
21800.0 103912.04778297993
21810.0 106333.50821675989
21820.0 103195.97702281499
21830.0 104049.48783885602
21840.0 104552.54866478805
21850.0 105578.97350080941
21860.0 104515.92234652556
21870.0 104412.77920209433
21880.0 104910.71006765572
21890.0 104210.42662408599
21900.0 101826.40467258803
21910.0 104958.61441199317
21920.0 104072.96416108523
21930.0 103976.66691964894
21940.0 104353.8146879791
21950.0 105042.11546582587
21960.0 105042.13525345181
21970.0 103930.6590506636
21980.0 104952.31085736894
21990.0 104322.8106734153
22000.0 104181.31438241068
22010.0 103553.50493154716
22020.0 103668.20937320389
22030.0 102090.40582457809
22040.0 103151.69228533658
22050.0 96878.25875550785
22060.0 89614.58523512191
22070.0 101786.24172400733
22080.0 92439.61422249797
22090.0 99943.61473014872
22100.0 102877.23724724283
22110.0 103376.21166350637
22120.0 104240.0863360197
22130.0 103452.37290765687
22140.0 104295.45348857825
22150.0 103283.88807877904
22160.0 103493.94667807542
22170.0 102831.79418344102
22180.0 104433.23790441533
22190.0 102309.31653147578
22200.0 102149.32116745252
22210.0 99881.25981237771
22220.0 104010.77377543521
22230.0 100871.50940911553
22240.0 105299.5088669175
22250.0 104853.52408044114
22260.0 102429.75530325943
22270.0 100201.2205351597
22280.0 100619.09177577803
22290.0 102391.15902548464
22300.0 103191.22028385507
22310.0 101891.92755171753
22320.0 103201.78082829958
22330.0 101135.5771820801
22340.0 101604.49862807935
22350.0 101858.0325944489
22360.0 101929.4928480626
22370.0 102910.52511015694
22380.0 101648.68738127107
22390.0 103297.87766107822
22400.0 103289.78394958816
22410.0 101813.56024660276
22420.0 101299.15455270077
22430.0 102211.7268671795
22440.0 100072.28579987789
22450.0 103646.81639740932
22460.0 101652.47161301588
22470.0 102061.3228365492
22480.0 102460.10006816423
22490.0 101194.12330773524
22500.0 101148.79655534697
22510.0 102257.7738111844
22520.0 101188.15507468037
22530.0 101925.36034630587
22540.0 99736.08397123964
22550.0 101140.6884942634
22560.0 102491.45390355421
22570.0 99167.07290227631
22580.0 101533.34190930854
22590.0 100445.03692481156
22600.0 100059.95294870989
22610.0 99768.01498084854
22620.0 99248.22102130024
22630.0 98266.66107003776
22640.0 98314.22012703962
22650.0 99767.3191924523
22660.0 99419.48800981771
22670.0 100972.17188955368
22680.0 99975.20342024
22690.0 100785.55647818377
22700.0 97698.14708817255
22710.0 99544.94421321643
22720.0 99236.68682725498
22730.0 99715.05444937787
22740.0 98752.34307977166
22750.0 100864.21971803307
22760.0 100003.30747858844
22770.0 99693.61962333243
22780.0 98315.58335266443
22790.0 99220.07294741282
22800.0 95487.2460310514
22810.0 100247.02507243906
22820.0 98738.00962778824
22830.0 97124.26115331902
22840.0 97014.24082595996
22850.0 98945.70554456128
22860.0 99194.21427093256
22870.0 99245.01400533321
22880.0 98848.90374756322
22890.0 99058.9539068197
22900.0 99199.08236659916
22910.0 96310.83591564078
22920.0 96764.39463645541
22930.0 80792.15536473221
22940.0 82072.23210075284
22950.0 88252.76684477655
22960.0 85939.84959625175
22970.0 88436.95035539292
22980.0 89392.88912228736
22990.0 91460.22589674243
23000.0 91807.70267898594
23010.0 89164.4548641219
23020.0 91120.29731928803
23030.0 90710.96117752545
23040.0 92470.70504326842
23050.0 90609.45291666368
23060.0 91454.82679747161
23070.0 91168.3906861519
23080.0 92545.65658214208
23090.0 90020.54848584389
23100.0 92213.4663968907
23110.0 90445.08631561461
23120.0 90426.9425319871
23130.0 90299.27942349577
23140.0 87883.20461257594
23150.0 93669.47180942015
23160.0 89494.33901337544
23170.0 88896.77222465632
23180.0 92659.20344339409
23190.0 92162.84066948835
23200.0 87337.34990271482
23210.0 90045.35914333106
23220.0 78258.38839143516
23230.0 76459.44164670155
23240.0 83197.77855911394
23250.0 80750.45283167134
23260.0 83682.540761567
23270.0 84891.4473939685
23280.0 83334.95464323422
23290.0 87839.7745948711
23300.0 79208.88355390863
23310.0 84664.05551965727
23320.0 88368.03749287584
23330.0 86542.66547303037
23340.0 83023.64946065044
23350.0 79548.49047918778
23360.0 83740.63355582803
23370.0 83570.58866369822
23380.0 77281.91977868712
23390.0 85455.57690051528
23400.0 83356.34802942886
23410.0 83080.02316552903
23420.0 87944.16230860684
23430.0 83049.43345854484
23440.0 82426.79861565112
23450.0 85305.341779533
23460.0 85236.37595059021
23470.0 87941.32375383815
23480.0 86616.38031319994
23490.0 83482.330505089
23500.0 84720.17570365357
23510.0 80650.05090911969
23520.0 71261.81712151233
23530.0 74857.40034090648
23540.0 76331.003566834
23550.0 78114.30879972114
23560.0 79003.12803945427
23570.0 81062.16528590395
23580.0 77851.73353924112
23590.0 79056.73990828013
23600.0 81602.15306599134
23610.0 78496.7673395625
23620.0 78756.00961968466
23630.0 82227.89890655428
23640.0 81352.9822255138
23650.0 81531.54050077595
23660.0 82055.00480766268
23670.0 75152.30912116855
23680.0 80696.05744148564
23690.0 82146.23376848162
23700.0 82138.9161017833
23710.0 81793.74644194728
23720.0 80327.4327887683
23730.0 82396.375141923
23740.0 80635.06550169051
23750.0 80109.83786805319
23760.0 76255.07824091536
23770.0 83705.32662023352
23780.0 78429.85700599902
23790.0 78753.83539837248
23800.0 78631.45979724442
23810.0 79741.72620251753
23820.0 72063.57461417091
23830.0 69018.5585364405
23840.0 75345.69945689212
23850.0 73642.75388781248
23860.0 71405.38232509834
23870.0 73704.50476885484
23880.0 75313.38321899547
23890.0 74539.15767536839
23900.0 76460.07213804692
23910.0 72646.37060717466
23920.0 70820.77708248416
23930.0 78866.37156426131
23940.0 75233.9880521689
23950.0 75638.00343419792
23960.0 72401.89704683621
23970.0 74902.61355363422
23980.0 75128.68206645949
23990.0 74529.21858569604
24000.0 72027.96311092508
24010.0 73275.68291704028
24020.0 70101.85018012737
24030.0 75267.6537240903
24040.0 71135.80527411959
24050.0 71428.11983021471
24060.0 73525.1483924825
24070.0 70301.79779575761
24080.0 67562.40059244621
24090.0 71827.35422995836
24100.0 68722.60087366245
24110.0 72314.54352367377
24120.0 67544.17800246908
24130.0 70322.88071523645
24140.0 65475.12551025602
24150.0 71923.1381846067
24160.0 64371.56386505537
24170.0 66754.28455160018
24180.0 73468.93524424374
24190.0 63805.357737375285
24200.0 73470.57559008387
24210.0 66482.61024327269
24220.0 66072.98690235284
24230.0 68521.40056734557
24240.0 70916.23523811472
24250.0 65036.25191489275
24260.0 65462.32859761009
24270.0 65728.03928614233
24280.0 66671.70998043186
24290.0 69589.917680568
24300.0 65419.46338660526
24310.0 63923.58432172493
24320.0 70768.87117193012
24330.0 62536.9442511165
24340.0 64463.36733577526
24350.0 69793.6054257563
24360.0 60048.69852143786
24370.0 60140.137783847684
24380.0 68889.80072922599
24390.0 67296.42984129967
24400.0 66511.19495885572
24410.0 63504.47408193433
24420.0 62159.60321038237
24430.0 63233.986241801584
24440.0 59861.175128948795
24450.0 67698.29191940071
24460.0 62219.47671532348
24470.0 60845.38951698127
24480.0 61558.894324144094
24490.0 63111.917137021526
24500.0 64806.615955548004
24510.0 60083.36077953669
24520.0 59574.939609146204
24530.0 58982.1384443246
24540.0 53106.3092849386
24550.0 63690.96280763889
24560.0 63681.32218546609
24570.0 65111.904245254045
24580.0 62498.02431070063
24590.0 58488.27838150921
24600.0 56866.35045779557
24610.0 54424.182539419744
24620.0 64051.89062634218
24630.0 61820.64471880449
24640.0 63536.06481667689
24650.0 59327.162919973496
24660.0 60873.36302864933
24670.0 55394.1971425704
24680.0 58368.98160474426
24690.0 60401.54218391155
24700.0 58294.39111129866
24710.0 59487.23204434097
24720.0 59766.72498248388
24730.0 54248.6579260403
24740.0 53885.71456777521
24750.0 55875.91282928049
24760.0 63110.07378870032
24770.0 58905.26475355568
24780.0 56131.1057234804
24790.0 55612.45469862711
24800.0 54987.790716337426
24810.0 54871.87966521481
24820.0 55287.37365612821
24830.0 59619.291652345455
24840.0 59204.256653878016
24850.0 58634.11866030079
24860.0 54499.78867208587
24870.0 53061.052689083604
24880.0 53029.439711295476
24890.0 52725.855738653074
24900.0 50266.0527711369
24910.0 53339.86980858092
24920.0 57562.657860333165
24930.0 54634.38098111431
24940.0 54195.893115797095
24950.0 58176.23725559516
24960.0 55798.46640039236
24970.0 52991.98755034357
24980.0 50817.238704912466
24990.0 51684.935422053546
