#lam[Angstrom] flux[erg/cm2/s/A]
1010.0 4875.43524248656
1020.0 5048.293322902242
1030.0 17416.334501818343
1040.0 6865.243540391115
1050.0 5169.519453983223
1060.0 5216.252322726315
1070.0 5508.200436753117
1080.0 16669.451496075697
1090.0 16982.400241720457
1100.0 5444.102189452825
1110.0 5487.7424511635045
1120.0 5701.09433326166
1130.0 5545.419456476335
1140.0 6022.342788418056
1150.0 5651.508050357591
1160.0 5758.967463825817
1170.0 5769.622524870987
1180.0 5794.470074083056
1190.0 5829.737427139565
1200.0 8790.380712455177
1210.0 7823.932459551582
1220.0 49779.13677528338
1230.0 7200.548603361619
1240.0 29352.811418673253
1250.0 10223.683808216607
1260.0 14227.182014554135
1270.0 14616.697708261214
1280.0 15090.98197812692
1290.0 16287.27832660912
1300.0 17539.600377743405
1310.0 19288.731153647204
1320.0 20147.718628975425
1330.0 20487.835270964555
1340.0 22866.26954943852
1350.0 22006.877355159424
1360.0 22531.650247273727
1370.0 22865.34438275038
1380.0 23350.14999061334
1390.0 53461.42265466997
1400.0 59453.20714176055
1410.0 43951.806059833485
1420.0 24792.90778777534
1430.0 24345.903302175277
1440.0 24470.791701073125
1450.0 24633.60962045631
1460.0 24827.471340905442
1470.0 25019.91000970768
1480.0 25137.74205950818
1490.0 39453.58598291767
1500.0 24889.128719547592
1510.0 24848.14829648105
1520.0 24875.447915535227
1530.0 25993.251000515716
1540.0 24701.124024360182
1550.0 350730.3063316799
1560.0 24711.265086937176
1570.0 24605.89962475715
1580.0 25782.01566796857
1590.0 24583.126313301374
1600.0 26953.962628613695
1610.0 24535.93315648311
1620.0 24534.489348889194
1630.0 24390.047818994288
1640.0 223048.95797948507
1650.0 24188.374870782503
1660.0 31288.13640995052
1670.0 42603.15657680727
1680.0 24045.56548937511
1690.0 23984.368212463367
1700.0 23884.292906502924
1710.0 23787.81894394756
1720.0 25529.51984253415
1730.0 23909.38526424981
1740.0 24364.716490947918
1750.0 36139.871151077285
1760.0 23729.160209381556
1770.0 23713.959389694242
1780.0 23812.993597946414
1790.0 25515.078461526507
1800.0 23739.420054202983
1810.0 29213.248842925088
1820.0 29732.376200628554
1830.0 23272.860116311433
1840.0 23113.086364924853
1850.0 24944.597334372356
1860.0 24066.92677780863
1870.0 22953.361762907793
1880.0 37488.279589878686
1890.0 46902.053595886115
1900.0 22760.27742785866
1910.0 151318.2238582234
1920.0 22683.066636524618
1930.0 22870.262190011283
1940.0 22416.28419221391
1950.0 22515.130446496732
1960.0 22353.282814112496
1970.0 22333.91725890155
1980.0 22176.20762305291
1990.0 22141.16010459705
2000.0 22076.111735872793
2010.0 21839.947246818974
2020.0 20995.666727767788
2030.0 19915.13772080196
2040.0 19533.405697737973
2050.0 18786.12176792594
2060.0 18554.643819193956
2070.0 20820.789717626947
2080.0 19396.858485282457
2090.0 20352.70645121309
2100.0 20498.121027378656
2110.0 20918.086094517363
2120.0 23338.86736534175
2130.0 22204.22370657104
2140.0 24105.407947752305
2150.0 21028.669193200334
2160.0 20941.370196363132
2170.0 20300.90718862416
2180.0 22331.442370021054
2190.0 23391.468780379222
2200.0 23202.59560521404
2210.0 22528.991452881666
2220.0 24123.686982817104
2230.0 28944.67658377109
2240.0 35193.072538481356
2250.0 31571.5188799956
2260.0 25929.935042746645
2270.0 26631.630982562812
2280.0 28875.77783109028
2290.0 28687.121781604463
2300.0 29386.743461440994
2310.0 33726.00061968953
2320.0 34241.00254283433
2330.0 53508.65482353539
2340.0 38830.86539495227
2350.0 34545.60833279999
2360.0 33998.548522242534
2370.0 34066.78969909071
2380.0 35704.105258325566
2390.0 38180.33356659727
2400.0 37843.56419822236
2410.0 37652.77686851456
2420.0 47272.32440947059
2430.0 82771.6778030282
2440.0 45837.08979090935
2450.0 50790.073922468124
2460.0 48990.55424593236
2470.0 45307.0403169052
2480.0 42684.54366455499
2490.0 38368.20618392757
2500.0 48287.0533710623
2510.0 47145.155753768115
2520.0 39717.45139388851
2530.0 47919.30484446812
2540.0 51386.2454181058
2550.0 63886.722153818715
2560.0 74785.04325767288
2570.0 81480.52798023241
2580.0 72524.14098442146
2590.0 80320.61241077066
2600.0 75800.01425523337
2610.0 71670.21438926023
2620.0 96276.56298281142
2630.0 84251.87628771979
2640.0 195219.4369125034
2650.0 179325.8248009414
2660.0 186853.6029094536
2670.0 165954.0355932101
2680.0 260755.81483287274
2690.0 258655.88384866144
2700.0 222845.31891205942
2710.0 167734.61297941842
2720.0 82849.56950246144
2730.0 115043.04499268162
2740.0 91043.85022853965
2750.0 121564.0309827511
2760.0 165465.7448931615
2770.0 178975.34477094756
2780.0 124264.48017573272
2790.0 224909.0230282675
2800.0 126062.35976252714
2810.0 142451.06072785496
2820.0 250443.49678323447
2830.0 233394.76107166175
2840.0 141948.0654933418
2850.0 81527.01646490951
2860.0 126381.98549619727
2870.0 218536.42679664266
2880.0 194173.5690132276
2890.0 364027.1351627571
2900.0 845503.8792725018
2910.0 630135.0952902385
2920.0 735525.5299883976
2930.0 686073.9269541159
2940.0 332455.2673794385
2950.0 443203.12945631845
2960.0 662612.7669217027
2970.0 215877.16511213774
2980.0 481804.1008344067
2990.0 440293.2837546077
3000.0 289988.1139745458
3010.0 413121.99237207836
3020.0 193948.92382119945
3030.0 557827.5661232303
3040.0 407918.7554217792
3050.0 404391.1272781803
3060.0 536025.7096228213
3070.0 921312.2083907546
3080.0 677560.6126281468
3090.0 812692.6321888773
3100.0 497673.81921680004
3110.0 1366658.120282902
3120.0 1204162.427307474
3130.0 1095800.1241629217
3140.0 1131994.9639236953
3150.0 1520713.1747984958
3160.0 867302.5111272011
3170.0 1339964.6451805353
3180.0 949495.8297953551
3190.0 1113666.7091215353
3200.0 1087314.7851054983
3210.0 781207.8998211444
3220.0 899175.576340428
3230.0 502723.3937505287
3240.0 971649.473655497
3250.0 1108504.7864997035
3260.0 1837249.659011064
3270.0 1554086.836961923
3280.0 1446263.4169007328
3290.0 1693583.1150303548
3300.0 2122319.916518727
3310.0 1293592.4163838802
3320.0 1252525.537173716
3330.0 1725864.075942745
3340.0 1300439.5820527556
3350.0 1147811.7330282417
3360.0 1142279.281365391
3370.0 644279.9273071112
3380.0 1059468.2253525502
3390.0 986894.7663677548
3400.0 1290474.116004322
3410.0 864707.8821761316
3420.0 855202.2755408289
3430.0 1260364.3123610646
3440.0 654461.5284782572
3450.0 989772.2497032997
3460.0 1013134.8557861582
3470.0 944740.6815195897
3480.0 1170981.1106971481
3490.0 1075218.5744926112
3500.0 1504825.6510856966
3510.0 1167342.7246799713
3520.0 888496.9783975893
3530.0 1216274.8548375857
3540.0 1826351.1052323012
3550.0 1494421.1680234156
3560.0 1306269.8851307621
3570.0 603575.4056898894
3580.0 603083.2704529159
3590.0 832416.0091720133
3600.0 1565385.2816392072
3610.0 767027.5558457364
3620.0 907588.5680140354
3630.0 1254246.4698418675
3640.0 1435722.042341957
3650.0 1212859.2646119127
3660.0 2140906.325932028
3670.0 1902995.0970172272
3680.0 1427764.9204868819
3690.0 1498256.6752180383
3700.0 1931017.831675312
3710.0 1314472.9566724424
3720.0 734225.7894562301
3730.0 937571.0358794725
3740.0 638837.8063154055
3750.0 707148.5680533615
3760.0 916647.9049999028
3770.0 1740496.1737212518
3780.0 2450934.649675465
3790.0 1506289.1207126968
3800.0 1776906.565276843
3810.0 1726412.2420481583
3820.0 677286.6145245867
3830.0 563010.2247180784
3840.0 959209.0903652647
3850.0 1783964.4046985905
3860.0 843456.7571182216
3870.0 1455983.3448833032
3880.0 1562449.0319990676
3890.0 1324742.524343307
3900.0 1252597.0976866498
3910.0 2029522.7859223613
3920.0 1455317.4499427078
3930.0 682584.2071854913
3940.0 1148477.3240786556
3950.0 2172091.449100441
3960.0 1606918.0252011076
3970.0 851349.118989733
3980.0 2545443.9638153086
3990.0 3124820.8563573
4000.0 2956923.0651922985
4010.0 3077181.036755831
4020.0 3329763.4217987214
4030.0 2347954.667449797
4040.0 2961511.3106173296
4050.0 2735503.179156047
4060.0 2528249.7776281647
4070.0 2296206.1676397226
4080.0 3055514.4304646254
4090.0 4106921.1646422036
4100.0 3297820.07471437
4110.0 3611247.2740758937
4120.0 3711810.8767436603
4130.0 2900262.164339909
4140.0 3142100.9153594337
4150.0 3194824.6009761407
4160.0 3716544.632004706
4170.0 3376391.596741689
4180.0 3295707.9967807876
4190.0 3171580.679487152
4200.0 2420898.68110908
4210.0 3703371.672477412
4220.0 3011388.572958036
4230.0 2381982.975272963
4240.0 2986277.7713819603
4250.0 2396576.572136649
4260.0 2936366.8518515476
4270.0 2128905.9570497107
4280.0 2832474.2632892826
4290.0 2361578.3981572157
4300.0 1950725.9529184503
4310.0 1664311.7371480537
4320.0 3380390.262514425
4330.0 3053842.2811257388
4340.0 3307616.3067015307
4350.0 3255009.886090934
4360.0 3773090.8373269523
4370.0 3655391.302274499
4380.0 2634718.968241479
4390.0 3185695.8283681837
4400.0 3098273.8184278896
4410.0 3462325.056938381
4420.0 3705280.297896917
4430.0 3653559.4852983244
4440.0 3694437.974988441
4450.0 3816152.9255676996
4460.0 3295650.4286791636
4470.0 3991648.4194372743
4480.0 4120136.071096323
4490.0 4335968.979358325
4500.0 4493898.474414233
4510.0 5012836.605004125
4520.0 4537318.188591121
4530.0 3751206.0911551253
4540.0 4377297.872182656
4550.0 4463116.197129281
4560.0 4783884.397422775
4570.0 4727101.734314296
4580.0 4347644.966450309
4590.0 4362905.946061251
4600.0 4332663.06866355
4610.0 4649657.500249742
4620.0 4561593.493277865
4630.0 4675089.648913975
4640.0 4726739.787232572
4650.0 4425209.5081473915
4660.0 4894741.281338814
4670.0 4594249.073303516
4680.0 4654199.414685493
4690.0 4744279.719408536
4700.0 4529387.075699598
4710.0 4609533.374914647
4720.0 4895044.4881041385
4730.0 4513915.43453003
4740.0 4599651.150949416
4750.0 4941237.362564778
4760.0 4735108.401616472
4770.0 4745091.969389422
4780.0 5033124.059915044
4790.0 4618262.717361412
4800.0 4811564.903766567
4810.0 4614065.0533752
4820.0 4771904.105594489
4830.0 4780373.4650950525
4840.0 4427353.9838125985
4850.0 4823923.687431111
4860.0 4087360.5710004307
4870.0 4113346.127351841
4880.0 4510226.861028183
4890.0 4065103.7863734164
4900.0 4782691.72748504
4910.0 4617095.612114724
4920.0 3987444.3838148774
4930.0 4859074.774169811
4940.0 4336802.168168237
4950.0 4951490.853703755
4960.0 4606838.024825963
4970.0 4719884.083404761
4980.0 4209075.1198519375
4990.0 4305283.041621776
5000.0 4422540.400097008
5010.0 4016945.1550065163
5020.0 4144154.9683022024
5030.0 4813645.272855233
5040.0 3981798.995436721
5050.0 4182234.275015634
5060.0 4788235.47889447
5070.0 4268988.242028044
5080.0 3774311.3773104674
5090.0 4484198.5319123
5100.0 4334726.657743692
5110.0 3966114.2699899953
5120.0 4082619.40940876
5130.0 3833361.240292455
5140.0 3783714.0593792037
5150.0 3840620.4976615263
5160.0 4004811.485456474
5170.0 2447166.4684946383
5180.0 3191132.0664383275
5190.0 3569351.4754261253
5200.0 4114077.9425837426
5210.0 3734941.302109119
5220.0 4291122.7492640605
5230.0 3780476.105443232
5240.0 4696418.232834793
5250.0 4593228.544244993
5260.0 4217904.899472103
5270.0 2879281.3859533435
5280.0 4229504.509991656
5290.0 4919722.570455137
5300.0 4406852.678277702
5310.0 4970318.822971496
5320.0 4495991.412721366
5330.0 3551726.457849644
5340.0 4396130.104133633
5350.0 4637501.742620219
5360.0 4925843.270436465
5370.0 3791735.3879522244
5380.0 4673553.066749138
5390.0 4592677.746767229
5400.0 3868389.636417757
5410.0 3894297.6068048817
5420.0 4484901.6034082165
5430.0 3884953.481689124
5440.0 4754320.200682924
5450.0 4204025.431776246
5460.0 4359748.770565758
5470.0 4857567.344190294
5480.0 4445795.087295323
5490.0 4526876.533531872
5500.0 4585287.8064762475
5510.0 4384626.168178077
5520.0 4881994.88388345
5530.0 4497943.61937279
5540.0 4955118.720101402
5550.0 4808009.753923174
5560.0 4726532.730195411
5570.0 4430019.424226824
5580.0 4670171.201531826
5590.0 4028586.0111991484
5600.0 4415420.979342638
5610.0 4927093.965025027
5620.0 4377325.286187598
5630.0 4887066.71416672
5640.0 4732847.494597587
5650.0 4743029.384928668
5660.0 4478058.220856217
5670.0 4854294.986924152
5680.0 4798878.66055081
5690.0 4813015.057668453
5700.0 4721740.163502498
5710.0 4404867.178969806
5720.0 4891182.053159568
5730.0 4907340.6700457055
5740.0 4893175.487524348
5750.0 4593534.308198964
5760.0 4761217.512510674
5770.0 4924656.318061562
5780.0 4680580.06676231
5790.0 4666254.354770705
5800.0 4853550.045495504
5810.0 4795918.388441185
5820.0 4890163.0271904385
5830.0 4883596.30176221
5840.0 4879340.592552754
5850.0 4760918.395495695
5860.0 4542738.762240951
5870.0 4778653.461347113
5880.0 4791408.927691272
5890.0 4360880.277098145
5900.0 4513267.59972832
5910.0 4765563.243259991
5920.0 4703323.4042109195
5930.0 4633926.365603942
5940.0 4739411.629656875
5950.0 4717775.688441331
5960.0 4781534.333273937
5970.0 4822772.845202248
5980.0 4541782.875102349
5990.0 4719314.521781651
6000.0 4688867.123702743
6010.0 4567790.301747881
6020.0 4461157.692209466
6030.0 4644007.286648604
6040.0 4783137.8475054195
6050.0 4754924.804841852
6060.0 4612759.273965758
6070.0 4678284.652895689
6080.0 4623367.38354545
6090.0 4545776.439954309
6100.0 4448690.359842939
6110.0 4603851.403112379
6120.0 4413701.586402689
6130.0 4533361.176114629
6140.0 4223198.339523871
6150.0 4537050.6802146975
6160.0 4085736.641216109
6170.0 4299900.907762756
6180.0 4572084.929592484
6190.0 4373931.0289873015
6200.0 4571080.594369593
6210.0 4510408.112876077
6220.0 4382198.425373449
6230.0 4354951.781380586
6240.0 4332888.187578704
6250.0 4186193.653330024
6260.0 4371040.939765145
6270.0 4400742.289060609
6280.0 4273324.1316887345
6290.0 4371006.21108503
6300.0 4306826.2918497035
6310.0 4453205.455442922
6320.0 4243814.509555502
6330.0 4509071.728484772
6340.0 4284389.178591749
6350.0 4507348.652236536
6360.0 4253863.79320336
6370.0 4480196.6184581
6380.0 4436849.291147494
6390.0 4363725.300963458
6400.0 4271495.722350624
6410.0 4298636.937617054
6420.0 4278672.595926078
6430.0 4372125.239804349
6440.0 4224700.36684662
6450.0 4374629.081043407
6460.0 4139605.831101971
6470.0 4344405.005409787
6480.0 4331135.647667746
6490.0 4167569.370622172
6500.0 4057435.91060924
6510.0 4402584.776602472
6520.0 4372991.358426032
6530.0 4351963.642091146
6540.0 4360456.520404862
6550.0 4196204.711525953
6560.0 3976906.109364876
6570.0 4179279.9640287557
6580.0 4326863.520411535
6590.0 4213617.357588179
6600.0 4322501.104039196
6610.0 4259276.306247182
6620.0 4338418.551548867
6630.0 4163613.7359406776
6640.0 4247177.687514201
6650.0 4313844.839578295
6660.0 4243130.26603995
6670.0 4272566.5054634055
6680.0 4234069.473383999
6690.0 4299635.037772672
6700.0 4171920.7817540313
6710.0 4075114.448883676
6720.0 4156423.211531013
6730.0 4214730.256375962
6740.0 4221439.877924122
6750.0 4161770.9882594272
6760.0 4262865.169144549
6770.0 4112279.793106888
6780.0 4197802.691436796
6790.0 4162285.2192299357
6800.0 4143677.254130864
6810.0 4115023.2484923457
6820.0 4174488.4791178065
6830.0 4161807.41182059
6840.0 4031025.789713077
6850.0 4156652.161678834
6860.0 4039356.424807545
6870.0 4148764.429485967
6880.0 4104283.7479233686
6890.0 4132110.091190726
6900.0 4158035.8191168522
6910.0 4066197.0941823907
6920.0 4060560.413916965
6930.0 4030555.2529305494
6940.0 4072073.237230363
6950.0 3996373.724999258
6960.0 4059443.4554121085
6970.0 4027614.101284057
6980.0 3883897.6196720484
6990.0 4023834.90570445
7000.0 3952949.13001496
7010.0 3948516.5235477597
7020.0 3848727.3965824666
7030.0 3927663.968459506
7040.0 3967976.5239453525
7050.0 3986583.11965272
7060.0 3976692.729608422
7070.0 3910548.0348391845
7080.0 3940435.613802461
7090.0 3909613.832104665
7100.0 3958524.6828089375
7110.0 3833316.7639835114
7120.0 3890591.2291052933
7130.0 3794710.127884274
7140.0 3895260.1987835052
7150.0 3732929.7746173884
7160.0 3784595.655920955
7170.0 3887218.7151895254
7180.0 3770790.647897752
7190.0 3618948.1306001293
7200.0 3833397.4900052515
7210.0 3702572.663149882
7220.0 3799261.236190929
7230.0 3886868.680294562
7240.0 3821246.116616908
7250.0 3806574.9990375265
7260.0 3779013.4681513724
7270.0 3838227.9268021164
7280.0 3720159.861953023
7290.0 3632859.0950883767
7300.0 3753842.457024762
7310.0 3708442.689091825
7320.0 3767921.628689794
7330.0 3644671.70108411
7340.0 3788810.220661933
7350.0 3764898.8808674724
7360.0 3632291.7287099785
7370.0 3775251.2769677024
7380.0 3763123.4866155754
7390.0 3551431.911935132
7400.0 3696568.6490748557
7410.0 3560898.9950225824
7420.0 3537434.9755151668
7430.0 3739590.4325235006
7440.0 3666824.336887288
7450.0 3596947.7562983786
7460.0 3664087.2863218845
7470.0 3693395.77509941
7480.0 3674957.262630643
7490.0 3625891.019006987
7500.0 3618755.243757498
7510.0 3525956.814094684
7520.0 3668879.203011916
7530.0 3649172.588226438
7540.0 3690801.2990448675
7550.0 3651506.561785061
7560.0 3597564.521309686
7570.0 3613094.3189647854
7580.0 3617186.2381707593
7590.0 3589346.799240067
7600.0 3596846.298215782
7610.0 3619264.191488279
7620.0 3476585.4539856324
7630.0 3651912.5687385886
7640.0 3642327.7032363103
7650.0 3597701.4045880446
7660.0 3304890.6591252824
7670.0 3584919.902221424
7680.0 3588484.0314164115
7690.0 3528809.054108741
7700.0 3570405.5460736486
7710.0 3487885.232699507
7720.0 3507164.7775295153
7730.0 3536625.93996174
7740.0 3549362.92003536
7750.0 3400183.8815191383
7760.0 3553387.646238806
7770.0 3554748.525754953
7780.0 3475707.3204767406
7790.0 3512212.6797475787
7800.0 3483333.0830416903
7810.0 3466647.4076091624
7820.0 3521498.9468271798
7830.0 3402834.4713407303
7840.0 3431453.917639559
7850.0 3453549.4705253434
7860.0 3476762.686977883
7870.0 3468395.129070127
7880.0 3424034.776320918
7890.0 3424635.345003371
7900.0 3376837.0473713963
7910.0 3330308.691553907
7920.0 3318748.556860292
7930.0 3282984.7317104177
7940.0 3192948.3764225203
7950.0 3246544.2186900866
7960.0 3348270.773239583
7970.0 3351681.2528270413
7980.0 3359719.963308196
7990.0 3353967.0010275627
8000.0 3243588.815846636
8010.0 3357171.727772319
8020.0 3342798.3405945078
8030.0 3264243.0263144593
8040.0 3325772.252778215
8050.0 3183299.9417882143
8060.0 3336931.3743438562
8070.0 3257198.218326372
8080.0 3226850.7327241376
8090.0 3185517.3968472537
8100.0 3200706.2560484456
8110.0 3229046.860490503
8120.0 3249517.708575599
8130.0 3250941.0827497914
8140.0 3225275.6335694594
8150.0 3219656.1946589043
8160.0 3214895.683177658
8170.0 3219524.814641763
8180.0 3171754.8485531826
8190.0 3161078.8418695983
8200.0 3128568.8992925948
8210.0 3062978.06406812
8220.0 3104954.8550263247
8230.0 3134940.277172662
8240.0 3176612.5779590113
8250.0 3165753.0500602648
8260.0 3192442.101703546
8270.0 3169463.8962533106
8280.0 3182807.1418788442
8290.0 3128837.3000410413
8300.0 3134367.953403842
8310.0 3048081.719306353
8320.0 3126207.622973694
8330.0 2915951.2572513646
8340.0 3084754.6241507027
8350.0 3037977.806606567
8360.0 3088975.9043956003
8370.0 3094280.6310558897
8380.0 3048112.8321215594
8390.0 2933750.0915827677
8400.0 3054529.884688302
8410.0 3093925.8116529365
8420.0 3035833.231700061
8430.0 3025986.8356962265
8440.0 3001259.0163131314
8450.0 3082707.535752245
8460.0 3071085.5673034852
8470.0 2948388.6263613733
8480.0 3055900.7987071616
8490.0 3075695.1991509516
8500.0 2818023.8197653806
8510.0 2968290.6749221664
8520.0 2993200.0003264747
8530.0 2990322.4180560648
8540.0 2486501.659122624
8550.0 2957666.656622834
8560.0 2993695.7491800073
8570.0 3013005.4416769743
8580.0 2974569.5237895558
8590.0 3007343.483597629
8600.0 2945815.3518503965
8610.0 2926544.09844759
8620.0 2958487.016862251
8630.0 2975193.7891445262
8640.0 2951915.835086983
8650.0 2944902.9258794724
8660.0 2508025.984586585
8670.0 2826939.029127443
8680.0 2880623.1775396657
8690.0 2692032.104483247
8700.0 2888536.3481884585
8710.0 2873106.182392484
8720.0 2918171.530928201
8730.0 2927075.994872321
8740.0 2818132.893901004
8750.0 2871425.2943018517
8760.0 2847448.23922271
8770.0 2863523.176208655
8780.0 2914849.7351588807
8790.0 2837413.0910553015
8800.0 2871090.3915869496
8810.0 2657234.1675348855
8820.0 2760929.1690095803
8830.0 2897607.45914751
8840.0 2810261.481904282
8850.0 2883058.6785189225
8860.0 2841958.3356746775
8870.0 2821999.1909633265
8880.0 2838498.059604389
8890.0 2863147.1457765773
8900.0 2874177.4715557923
8910.0 2852983.3993895794
8920.0 2806695.3709821077
8930.0 2795274.3104036553
8940.0 2850007.8123683366
8950.0 2781492.442222844
8960.0 2827666.1659830147
8970.0 2803614.3121095705
8980.0 2769526.873293755
8990.0 2795343.400880376
9000.0 2682272.937089265
9010.0 2655413.2396469493
9020.0 2700868.856706245
9030.0 2797827.475698071
9040.0 2796614.904404227
9050.0 2786108.734372186
9060.0 2745876.022425697
9070.0 2772706.8188084993
9080.0 2746586.973511916
9090.0 2633299.6966362423
9100.0 2700819.3120000227
9110.0 2688942.3059038627
9120.0 2702058.3961605555
9130.0 2755618.796578678
9140.0 2689460.220186699
9150.0 2660688.923632453
9160.0 2667012.1690447875
9170.0 2594372.1071396237
9180.0 2635439.066253234
9190.0 2633003.9977242346
9200.0 2600652.232582053
9210.0 2526592.3178473082
9220.0 2567192.521072926
9230.0 2560549.8091150513
9240.0 2562192.427020544
9250.0 2563399.459042762
9260.0 2430183.7189941076
9270.0 2608092.3569614594
9280.0 2589453.893416515
9290.0 2533950.883934437
9300.0 2587414.427900124
9310.0 2588461.2305618054
9320.0 2572451.2011568276
9330.0 2576641.3516260553
9340.0 2603946.9829165847
9350.0 2567845.758946917
9360.0 2513234.796845947
9370.0 2566776.4268223615
9380.0 2544711.586903812
9390.0 2545318.0902762334
9400.0 2502925.3982786103
9410.0 2364922.957932215
9420.0 2450636.875377726
9430.0 2475898.4845650536
9440.0 2444400.019753313
9450.0 2475876.2215318186
9460.0 2491946.028552316
9470.0 2524410.4425888853
9480.0 2510682.6220618645
9490.0 2479048.6727871117
9500.0 2506149.7708192584
9510.0 2479342.503202318
9520.0 2509759.2311686035
9530.0 2472926.9176239586
9540.0 2477717.6967119584
9550.0 2429001.2213903614
9560.0 2451322.663288157
9570.0 2435310.939173538
9580.0 2474802.682993051
9590.0 2482365.716420159
9600.0 2422109.0955495117
9610.0 2457934.7124596187
9620.0 2444972.723666992
9630.0 2425501.1639948045
9640.0 2412351.7106173625
9650.0 2410922.619671081
9660.0 2403034.19208065
9670.0 2442062.7923785998
9680.0 2408036.5724835442
9690.0 2396496.022898528
9700.0 2437475.9934532344
9710.0 2412880.7936787526
9720.0 2417065.9530853606
9730.0 2393956.5783359194
9740.0 2354867.187664579
9750.0 2377400.037320344
9760.0 2382942.2404723596
9770.0 2391346.6408991143
9780.0 2371320.8536455557
9790.0 2372110.184237918
9800.0 2392679.8107626894
9810.0 2391487.2869611555
9820.0 2383306.790502716
9830.0 2371089.6705615446
9840.0 2386513.8417062107
9850.0 2373376.010337447
9860.0 2380499.178867267
9870.0 2377950.642675473
9880.0 2370973.2816581894
9890.0 2339223.297021018
9900.0 2331422.3396155373
9910.0 2345317.516721599
9920.0 2362423.976848258
9930.0 2343429.556500674
9940.0 2323599.994810662
9950.0 2333437.0885741278
9960.0 2348357.1430268623
9970.0 2324791.0026572677
9980.0 2336940.0207998944
9990.0 2314969.139357941
10010.0 2305908.2726318445
10020.0 2336210.081764136
10030.0 2304398.1782078864
10040.0 2308240.2934342977
10050.0 2216563.346751231
10060.0 2268202.6984101115
10070.0 2287159.6501735277
10080.0 2281568.2687145984
10090.0 2284323.6137508824
10100.0 2265809.87644656
10110.0 2274219.036770477
10120.0 2278021.795893459
10130.0 2292972.402893413
10140.0 2278019.4685470676
10150.0 2218558.8325859294
10160.0 2224944.694678208
10170.0 2256060.9546534913
10180.0 2228639.2113241795
10190.0 2219431.066357926
10200.0 2227786.017858404
10210.0 2223227.064854913
10220.0 2183273.8095815964
10230.0 2237832.149597009
10240.0 2234993.296359719
10250.0 2240865.5191557985
10260.0 2237129.497969844
10270.0 2220504.822123373
10280.0 2226107.692056229
10290.0 2195772.4379991917
10300.0 2204689.3184457985
10310.0 2211136.6230029296
10320.0 2213849.018777269
10330.0 2160538.685209478
10340.0 2128254.3085405007
10350.0 2182892.205088433
10360.0 2192779.7687729606
10370.0 2127712.0868468983
10380.0 2174266.627291766
10390.0 2188120.50298382
10400.0 2130654.627611296
10410.0 2169618.2763156807
10420.0 2150368.466068547
10430.0 2157605.9487849735
10440.0 2168284.1286194623
10450.0 2162129.9223197363
10460.0 2116519.313222403
10470.0 2108400.6963093374
10480.0 2140417.570936116
10490.0 2143729.485966572
10500.0 2122997.887249264
10510.0 2130241.166295601
10520.0 2132375.4784740736
10530.0 2104628.6801572223
10540.0 2133469.569529419
10550.0 2123895.7793353316
10560.0 2127832.352499548
10570.0 2095308.2941466742
10580.0 2048720.275671631
10590.0 2006172.0648177383
10600.0 2059644.4716935945
10610.0 2097339.4962441777
10620.0 2079748.6168974263
10630.0 2037052.9625432387
10640.0 2098615.6094012777
10650.0 2094115.851246288
10660.0 2021682.7301102192
10670.0 2073963.325340942
10680.0 2052541.2584738822
10690.0 1966836.1782252518
10700.0 2027125.8698970848
10710.0 2031046.968520359
10720.0 2038146.7685097184
10730.0 1955444.8846089058
10740.0 2051386.3247176956
10750.0 1964476.1440566177
10760.0 2052845.654618979
10770.0 2032661.3515028316
10780.0 1998341.8040222402
10790.0 1971870.8303138746
10800.0 2018026.660924227
10810.0 1888500.3778895163
10820.0 2052972.7390212684
10830.0 1894441.4712063752
10840.0 1972031.542299526
10850.0 2010434.9894306273
10860.0 1998654.1999542473
10870.0 1842182.9517299684
10880.0 1952761.7012142355
10890.0 1964474.4241099518
10900.0 1990391.9466332605
10910.0 1969926.262188069
10920.0 1985647.4824466952
10930.0 1893101.418002057
10940.0 1879520.3318306212
10950.0 1912004.5975238355
10960.0 1853436.7538032203
10970.0 1855155.0637840596
10980.0 1821672.6104533514
10990.0 1902958.13247925
11000.0 1883985.1266826335
11010.0 1844385.5852764247
11020.0 1814015.3018384238
11030.0 1868748.3849160972
11040.0 1885526.6736951168
11050.0 1893920.8960683472
11060.0 1850824.9970036873
11070.0 1883894.363694122
11080.0 1893653.9056325117
11090.0 1886559.093212815
11100.0 1877785.9932060807
11110.0 1877782.4395734083
11120.0 1857977.3777177106
11130.0 1830681.480482067
11140.0 1897938.5444822242
11150.0 1884994.1928261206
11160.0 1863486.4011913692
11170.0 1872143.6893434378
11180.0 1845583.902644075
11190.0 1819096.2625213063
11200.0 1814665.7037642233
11210.0 1845368.5773001295
11220.0 1873778.7645992914
11230.0 1850814.1815222478
11240.0 1846154.0180404198
11250.0 1725004.5717409542
11260.0 1823729.5761284623
11270.0 1873118.193465671
11280.0 1830667.548997144
11290.0 1795135.522313277
11300.0 1801642.2920055748
11310.0 1805845.0904513537
11320.0 1850446.0209487674
11330.0 1795449.9881385793
11340.0 1837332.82173307
11350.0 1803126.31950861
11360.0 1835769.054031358
11370.0 1777318.492307242
11380.0 1815926.292549597
11390.0 1772526.0321742813
11400.0 1769590.5757031804
11410.0 1784258.1733372137
11420.0 1779331.6679060413
11430.0 1792637.7010894157
11440.0 1745191.9670437041
11450.0 1799386.0105682202
11460.0 1790990.6041378255
11470.0 1797160.6745174
11480.0 1774741.3073989865
11490.0 1789943.4183745005
11500.0 1785436.7515298754
11510.0 1800230.2802664144
11520.0 1777982.00020886
11530.0 1774020.9477711734
11540.0 1782697.9669921454
11550.0 1778949.5446003776
11560.0 1782764.0865212467
11570.0 1785919.426399873
11580.0 1776263.842325989
11590.0 1685423.9519148779
11600.0 1771806.2127196214
11610.0 1620243.1826063949
11620.0 1772521.759477161
11630.0 1752874.2980175025
11640.0 1688298.8116378204
11650.0 1757739.9765633743
11660.0 1750459.8872881099
11670.0 1734039.806103727
11680.0 1736751.8302427998
11690.0 1676882.863556888
11700.0 1742619.9129114626
11710.0 1732005.7405172389
11720.0 1736201.9259105318
11730.0 1741637.2964823998
11740.0 1725273.6065607162
11750.0 1690205.128121839
11760.0 1734143.0777733545
11770.0 1701896.1632224869
11780.0 1636704.4829270255
11790.0 1720765.6014233418
11800.0 1713287.235824592
11810.0 1682029.4202322825
11820.0 1695071.7899956848
11830.0 1531362.3803910653
11840.0 1682254.144481035
11850.0 1702430.3940595407
11860.0 1695643.2828109073
11870.0 1691812.9530960862
11880.0 1551086.7927535528
11890.0 1657976.1666967385
11900.0 1684233.936600352
11910.0 1695441.6949381616
11920.0 1687907.106894383
11930.0 1696464.011675731
11940.0 1681007.6234229137
11950.0 1660777.8370353102
11960.0 1655695.7833984492
11970.0 1530601.1414988318
11980.0 1592027.214916081
11990.0 1572519.4490385999
12000.0 1661576.0306175782
12010.0 1652112.0714960613
12020.0 1660689.88696338
12030.0 1527668.7103008968
12040.0 1617142.9325252005
12050.0 1649439.385794843
12060.0 1646663.9951750939
12070.0 1634075.4538669863
12080.0 1460977.1099544952
12090.0 1608283.7263392978
12100.0 1573298.1663859102
12110.0 1622872.3869066767
12120.0 1627869.5749506922
12130.0 1630138.7291357203
12140.0 1639022.9948440935
12150.0 1630875.3463689964
12160.0 1638708.276083493
12170.0 1619189.7194567919
12180.0 1625557.177758869
12190.0 1606166.9377718926
12200.0 1594164.6988512697
12210.0 1594053.978888881
12220.0 1613296.338807009
12230.0 1602046.2790441962
12240.0 1604419.9235702925
12250.0 1603545.0109926986
12260.0 1598581.002204536
12270.0 1553373.8322812973
12280.0 1597609.4086907862
12290.0 1604660.9739884078
12300.0 1596148.4988822576
12310.0 1591004.367522732
12320.0 1585258.507574194
12330.0 1580051.8762984395
12340.0 1546541.777580519
12350.0 1574909.983277084
12360.0 1520829.8453573834
12370.0 1565625.3682561575
12380.0 1581647.5893415345
12390.0 1565710.8024188406
12400.0 1539731.058601623
12410.0 1556794.7789142567
12420.0 1529277.4124205846
12430.0 1527979.0935002102
12440.0 1566124.463059978
12450.0 1563857.1642183824
12460.0 1556588.496277238
12470.0 1542269.4039815883
12480.0 1554750.0078858
12490.0 1550022.984490777
12500.0 1544976.5141959577
12510.0 1505801.230959384
12520.0 1456467.4778563143
12530.0 1507633.2323462446
12540.0 1539693.4926319742
12550.0 1537715.1130400144
12560.0 1501698.3035987143
12570.0 1530276.590688124
12580.0 1511938.531928842
12590.0 1528283.9265215197
12600.0 1528597.8311370483
12610.0 1503433.7987553696
12620.0 1515542.8161209743
12630.0 1519226.8735872803
12640.0 1477097.8417739419
12650.0 1493204.2076780805
12660.0 1513761.8539585825
12670.0 1508514.10649348
12680.0 1491817.7419305611
12690.0 1508848.0012166088
12700.0 1504707.1775727447
12710.0 1487618.718446205
12720.0 1508766.3684617518
12730.0 1501304.9982372238
12740.0 1479526.5611228086
12750.0 1502276.7577726843
12760.0 1499610.670812843
12770.0 1495595.581879431
12780.0 1491544.4663553124
12790.0 1482696.979639532
12800.0 1477460.7903221261
12810.0 1440774.1424021719
12820.0 1336228.9683221884
12830.0 1444335.1697256602
12840.0 1469666.5885123755
12850.0 1466347.6190077688
12860.0 1478331.186642479
12870.0 1470367.3471587568
12880.0 1454892.4510330304
12890.0 1472914.092252722
12900.0 1412925.9779828638
12910.0 1445903.5042605791
12920.0 1448606.5081868744
12930.0 1447822.3203706816
12940.0 1450488.7010860273
12950.0 1450412.107773645
12960.0 1445240.264006792
12970.0 1428514.5439176802
12980.0 1425667.1967683153
12990.0 1442672.1950910748
13000.0 1441089.4572955044
13010.0 1440230.103883421
13020.0 1443824.1594576512
13030.0 1412479.1009831347
13040.0 1421695.7286819112
13050.0 1432510.0883204273
13060.0 1414627.1870051937
13070.0 1431698.3046853961
13080.0 1431939.9057190067
13090.0 1425448.284611474
13100.0 1404258.5728172467
13110.0 1427836.1989461044
13120.0 1308069.877757021
13130.0 1400964.56803831
13140.0 1408561.567236393
13150.0 1304792.6169666029
13160.0 1409681.826958981
13170.0 1417586.9850078153
13180.0 1372527.3058532814
13190.0 1411144.423401845
13200.0 1393158.2871715107
13210.0 1385348.0884560684
13220.0 1401209.4642490947
13230.0 1409378.7316727804
13240.0 1408871.7002494698
13250.0 1394662.1083042335
13260.0 1387088.6609729207
13270.0 1388148.0949222164
13280.0 1379696.28723331
13290.0 1333240.1940349364
13300.0 1382774.556830868
13310.0 1384355.5162317343
13320.0 1325220.3292548396
13330.0 1377600.2312868026
13340.0 1382009.4127284691
13350.0 1359492.1042187377
13360.0 1385041.0776437079
13370.0 1373690.841977666
13380.0 1369573.3179120796
13390.0 1333720.1886884305
13400.0 1360663.3710698667
13410.0 1370847.8174671289
13420.0 1361276.1332277507
13430.0 1363871.087242073
13440.0 1369496.7091123175
13450.0 1355854.329650293
13460.0 1353580.507328475
13470.0 1362069.607118803
13480.0 1356442.0933871588
13490.0 1350499.1313480863
13500.0 1332536.9152212224
13510.0 1360255.2353187508
13520.0 1348999.7240793682
13530.0 1355512.545497833
13540.0 1353986.7070114939
13550.0 1325304.6190163426
13560.0 1323988.4289834439
13570.0 1329445.454841149
13580.0 1345139.5639137551
13590.0 1333190.7205111892
13600.0 1316069.363978828
13610.0 1342374.1208861608
13620.0 1336105.6412591129
13630.0 1306427.820501063
13640.0 1311846.8514059721
13650.0 1326978.2960495192
13660.0 1329373.7368415229
13670.0 1309122.0809170764
13680.0 1301899.3340230177
13690.0 1315654.6531301192
13700.0 1309655.9443398658
13710.0 1311787.3770825502
13720.0 1296539.392174713
13730.0 1282644.5373039437
13740.0 1309196.3930119749
13750.0 1311598.159842928
13760.0 1278087.9622588907
13770.0 1308586.9468470283
13780.0 1306090.2889412325
13790.0 1308126.1787418881
13800.0 1307319.383850185
13810.0 1303248.3247097153
13820.0 1279683.5612355953
13830.0 1295420.8735291245
13840.0 1304131.685004562
13850.0 1268820.0805097646
13860.0 1271011.1321719144
13870.0 1289160.6225907642
13880.0 1292573.6802686458
13890.0 1289257.8834970007
13900.0 1255998.9395725105
13910.0 1288474.4588541028
13920.0 1285131.4621590967
13930.0 1286378.3939536188
13940.0 1278674.5841517383
13950.0 1261570.4119208104
13960.0 1277723.4005056762
13970.0 1276082.724748801
13980.0 1271401.9463543526
13990.0 1264860.4506992016
14000.0 1222033.5545211523
14010.0 1245580.873270301
14020.0 1273110.0088365015
14030.0 1247011.6781061566
14040.0 1260466.7232728081
14050.0 1271484.190238406
14060.0 1247285.233633319
14070.0 1236430.7570772723
14080.0 1233010.7014346442
14090.0 1247450.383907511
14100.0 1237153.6201944794
14110.0 1219581.924396228
14120.0 1195656.8102020468
14130.0 1183659.516574897
14140.0 1232288.6531780513
14150.0 1235106.9337055099
14160.0 1203493.6142384121
14170.0 1228044.5645754898
14180.0 1201187.039727608
14190.0 1217792.6853168283
14200.0 1204237.3717121251
14210.0 1196871.5143339785
14220.0 1191703.4065407938
14230.0 1213210.9465892557
14240.0 1152514.0105805905
14250.0 1174781.3032598123
14260.0 1168566.4943742647
14270.0 1168633.0931546404
14280.0 1196982.7137434564
14290.0 1115592.9574753102
14300.0 1200246.8860210988
14310.0 1171503.0738105618
14320.0 1192838.7847080743
14330.0 1215610.3023530943
14340.0 1198813.50195165
14350.0 1193090.211359013
14360.0 1207021.6945758217
14370.0 1195423.035102413
14380.0 1206334.3478291046
14390.0 1196754.5526122106
14400.0 1089125.2021789611
14410.0 1193205.4748293797
14420.0 1163656.4415324768
14430.0 1178222.9751631112
14440.0 1140948.0397875363
14450.0 1207408.6235853285
14460.0 1158855.6453663511
14470.0 1195831.337043136
14480.0 1145654.509783885
14490.0 1174124.8259686686
14500.0 1144853.365487975
14510.0 1108957.170680838
14520.0 1168222.1829277773
14530.0 1160759.2729899061
14540.0 1133775.078670195
14550.0 1132543.8325876829
14560.0 1149416.4698329768
14570.0 1133825.969816471
14580.0 1171363.3126669433
14590.0 1145642.470110752
14600.0 1131081.262582054
14610.0 1166649.4614715625
14620.0 1143817.7798602986
14630.0 1147669.7694146298
14640.0 1155915.4464940154
14650.0 1049522.1588700307
14660.0 1152701.201476601
14670.0 1159956.8247305097
14680.0 1140139.0857698785
14690.0 1138148.8532162479
14700.0 1101967.222669516
14710.0 1126794.5518181608
14720.0 1101479.6517830512
14730.0 1151287.6674538616
14740.0 1138944.7005677964
14750.0 1077613.6778761204
14760.0 1144338.3502441389
14770.0 1122936.2806486366
14780.0 1123382.9598696746
14790.0 1149583.5932298966
14800.0 1136010.4258146433
14810.0 1111834.9251753862
14820.0 1135230.0663215609
14830.0 1082378.926858153
14840.0 1120729.4219464457
14850.0 1128428.1240547432
14860.0 1103592.9197111686
14870.0 1057314.8765071419
14880.0 885775.1483650694
14890.0 1124235.7585176954
14900.0 1090960.9391839826
14910.0 1096580.0788054476
14920.0 1132661.837652872
14930.0 1126467.9294345032
14940.0 1124732.9746399156
14950.0 1117748.7071226973
14960.0 1075250.34332124
14970.0 1100548.3381357163
14980.0 1089066.077798922
14990.0 1107944.1283628626
15000.0 1111609.483547013
15010.0 1086337.323635254
15020.0 955861.8517148943
15030.0 984600.8300067357
15040.0 926535.7362654819
15050.0 950530.5110552108
15060.0 1094386.133865717
15070.0 1114233.0734998635
15080.0 1080415.0891010829
15090.0 1102511.0927762438
15100.0 1071134.034664085
15110.0 1109574.995870724
15120.0 1058605.706187287
15130.0 1101708.2709056376
15140.0 1064777.1635170295
15150.0 1112431.6238021795
15160.0 1056464.8794321069
15170.0 1102238.5238489418
15180.0 1076968.4831886718
15190.0 1094311.0696966469
15200.0 1070608.6878115693
15210.0 1053056.9397683507
15220.0 1028052.6865933291
15230.0 1073574.5133115712
15240.0 1064244.6183724946
15250.0 1080618.4692134603
15260.0 1063381.75415297
15270.0 1091613.646883149
15280.0 1080161.3258209683
15290.0 1008771.7170715407
15300.0 1056462.288737873
15310.0 1082878.7936054089
15320.0 1064763.542235789
15330.0 1068971.1045113155
15340.0 1036419.1291663534
15350.0 1074261.7266399194
15360.0 1069926.159027105
15370.0 1083564.4405131072
15380.0 1036266.7256738424
15390.0 1037194.9195101495
15400.0 1029483.7281621718
15410.0 1075138.864269988
15420.0 1046363.4493480105
15430.0 1066720.7694326895
15440.0 1071265.7841310592
15450.0 1066763.0153341554
15460.0 1061182.858993013
15470.0 1058180.2774252756
15480.0 1047612.9195443293
15490.0 1047329.7102370281
15500.0 1034475.5574996427
15510.0 1050324.2478410935
15520.0 1054176.4900992655
15530.0 1022334.4215157328
15540.0 1014964.3460239002
15550.0 1045776.3356158321
15560.0 1008126.1849430413
15570.0 1033282.7782652309
15580.0 1048600.423947948
15590.0 975616.0093241073
15600.0 1043885.4848700821
15610.0 1045927.4027902528
15620.0 992679.3653891827
15630.0 1004864.5725641222
15640.0 1029494.3606026868
15650.0 1021792.3142859645
15660.0 997865.9040097714
15670.0 1003877.6463622986
15680.0 1008063.788836234
15690.0 972743.901630705
15700.0 1022786.3061562986
15710.0 1026551.9681769335
15720.0 990660.983004438
15730.0 1021375.8579886372
15740.0 929302.5174653518
15750.0 903725.3342570777
15760.0 974738.5523692768
15770.0 813945.8626857542
15780.0 1019054.7112275749
15790.0 1003152.3836844692
15800.0 1007315.9527428135
15810.0 1018537.7732881143
15820.0 913632.4705596128
15830.0 992089.0993351317
15840.0 992456.8704485928
15850.0 1003120.8844766603
15860.0 987188.6729997322
15870.0 963504.9002571038
15880.0 930280.985021756
15890.0 849514.871647326
15900.0 936234.8538060985
15910.0 925525.3309135291
15920.0 989506.6811737898
15930.0 986459.2344413301
15940.0 983806.6678175526
15950.0 973015.3049578364
15960.0 900269.08952178
15970.0 990435.7756558876
15980.0 960720.1499915224
15990.0 995816.366900267
16000.0 987263.0426875069
16010.0 931559.8838458324
16020.0 985048.2183746574
16030.0 995792.9002422794
16040.0 936880.2052088864
16050.0 984074.0877181003
16060.0 940033.6034298972
16070.0 962021.1800448651
16080.0 980750.9813421875
16090.0 933940.9833492618
16100.0 906797.3383129843
16110.0 958958.1723557436
16120.0 953081.4858163544
16130.0 955468.356016715
16140.0 949560.6080323331
16150.0 922721.9755016167
16160.0 886216.1400773767
16170.0 956741.7345109753
16180.0 944777.559166674
16190.0 937092.161937626
16200.0 870964.4523453363
16210.0 936778.5344843188
16220.0 953703.3841437849
16230.0 929907.6554879878
16240.0 926369.4588507018
16250.0 957598.6540135146
16260.0 959274.5746041192
16270.0 962819.6202156326
16280.0 959187.7620459467
16290.0 944733.7252131767
16300.0 948153.5155761758
16310.0 943294.2531026407
16320.0 909448.7095096675
16330.0 931667.35978465
16340.0 952353.0866402
16350.0 940631.9146487932
16360.0 907276.5985115023
16370.0 917701.5057627453
16380.0 846232.8298436963
16390.0 893476.1950397238
16400.0 862869.7057822306
16410.0 876357.5050064103
16420.0 914444.3185588103
16430.0 918915.54155424
16440.0 872891.280808308
16450.0 909292.7653688461
16460.0 935948.9516033846
16470.0 901036.1498496328
16480.0 919077.5002893019
16490.0 863754.2199225556
16500.0 925412.8433676632
16510.0 912188.200811493
16520.0 892582.7772977132
16530.0 914392.2886791001
16540.0 879710.8636444297
16550.0 894750.2217525583
16560.0 876860.8290270638
16570.0 904455.094636924
16580.0 898595.6385309412
16590.0 886861.3404209185
16600.0 906343.8005947341
16610.0 890902.9843199138
16620.0 884029.5744089608
16630.0 871595.9069822112
16640.0 881595.1125866724
16650.0 841852.7998157977
16660.0 884704.6388838075
16670.0 855667.4571661134
16680.0 855958.8462654353
16690.0 884820.063397243
16700.0 889150.8960696992
16710.0 869069.4045703285
16720.0 817139.9828469838
16730.0 875806.0215120132
16740.0 873471.2480038237
16750.0 795681.4579116338
16760.0 839589.1890786448
16770.0 872325.1856609717
16780.0 858376.8669997111
16790.0 846765.0922987194
16800.0 827352.9054702296
16810.0 814664.4859536535
16820.0 800217.7050302678
16830.0 841107.842983596
16840.0 846785.9078929255
16850.0 857434.572994667
16860.0 827869.7461948964
16870.0 836569.0727942463
16880.0 845536.891715977
16890.0 825742.1431780073
16900.0 816911.4642689279
16910.0 847494.221982722
16920.0 850072.5581235362
16930.0 839638.0772930124
16940.0 848878.2335201561
16950.0 842272.1072343907
16960.0 837160.6083561078
16970.0 818548.4060688354
16980.0 828250.6140763627
16990.0 818785.0466178152
17000.0 797720.1066769283
17010.0 779111.2079229758
17020.0 818314.7013514723
17030.0 819049.2342650436
17040.0 828851.6954673991
17050.0 821598.094721593
17060.0 811528.6133456602
17070.0 805729.7745297264
17080.0 817980.8682046434
17090.0 806464.2927471314
17100.0 800681.1001440636
17110.0 678639.7537501273
17120.0 803926.8507935897
17130.0 806293.8943994459
17140.0 810739.0436708046
17150.0 808209.233466206
17160.0 786578.9797671891
17170.0 806486.2883469246
17180.0 801825.8442295158
17190.0 799723.1527163645
17200.0 786949.9371678398
17210.0 792421.8274467282
17220.0 786753.6862148966
17230.0 733513.2287627588
17240.0 791843.2819207849
17250.0 783673.5900586318
17260.0 789728.0535463996
17270.0 776292.622055414
17280.0 770132.5463681985
17290.0 780513.4350916338
17300.0 760809.4889647805
17310.0 775973.1318060472
17320.0 762934.7333876326
17330.0 696682.7336036414
17340.0 735961.7154268174
17350.0 748157.6073501189
17360.0 710629.3819688595
17370.0 733794.8732303644
17380.0 750931.6807937806
17390.0 746093.1104469722
17400.0 756390.2696935835
17410.0 717972.8011142964
17420.0 749539.5684533746
17430.0 753494.930809367
17440.0 762787.2679553977
17450.0 746663.8093767684
17460.0 744569.374583656
17470.0 701770.9056852622
17480.0 755425.5631461676
17490.0 755288.066714574
17500.0 739979.4823123439
17510.0 736809.665885944
17520.0 748073.2575995534
17530.0 746983.1681005659
17540.0 743630.6359245661
17550.0 733516.2560405589
17560.0 738106.2751074022
17570.0 744122.9656634919
17580.0 733583.896369962
17590.0 741320.6512221162
17600.0 729105.0398412253
17610.0 720767.8433125332
17620.0 686021.2103811072
17630.0 734606.0312732126
17640.0 697610.7165143221
17650.0 733482.0821079935
17660.0 709764.0877630635
17670.0 719589.0605733577
17680.0 687937.2010937951
17690.0 721778.7739099377
17700.0 712660.8582486858
17710.0 701710.1153433968
17720.0 678784.6725249226
17730.0 712135.0007073156
17740.0 707500.7635102551
17750.0 703169.7880803458
17760.0 695509.2614015501
17770.0 684507.150206439
17780.0 704742.551900188
17790.0 704067.0340323203
17800.0 705561.1969631843
17810.0 701725.1112910111
17820.0 698012.0095939181
17830.0 701858.011624036
17840.0 686421.2335247818
17850.0 685301.3074961522
17860.0 685467.193552913
17870.0 693546.421505463
17880.0 699727.7230374202
17890.0 698390.7366081267
17900.0 698004.1557761978
17910.0 692900.569024775
17920.0 688345.1536007804
17930.0 666369.2042958987
17940.0 665768.6176864732
17950.0 691291.0852816156
17960.0 687708.6085172019
17970.0 680758.5229259847
17980.0 677876.2967831807
17990.0 681606.6157030095
18000.0 673476.9438992771
18010.0 677822.8725817604
18020.0 669790.0790789543
18030.0 653699.1522830696
18040.0 671300.3171457339
18050.0 663839.5923043533
18060.0 669803.7598956489
18070.0 667250.0679423623
18080.0 652581.0761715142
18090.0 663673.8138939624
18100.0 646150.6369005254
18110.0 655299.2052898846
18120.0 659329.5815802196
18130.0 663031.7298968714
18140.0 655986.6323576558
18150.0 643013.4155192572
18160.0 622408.3766251826
18170.0 597476.629537453
18180.0 610582.53039133
18190.0 639333.9223571407
18200.0 649049.16682462
18210.0 652489.2090012694
18220.0 628548.6594476952
18230.0 643801.1294703293
18240.0 649812.8327084132
18250.0 648609.2275452034
18260.0 649572.6654781994
18270.0 646870.8939543387
18280.0 627126.8676100981
18290.0 642572.304913801
18300.0 633974.6483110928
18310.0 642711.0619210424
18320.0 630636.912468303
18330.0 644015.7404906547
18340.0 632985.7838792849
18350.0 631491.7418992692
18360.0 629216.3213723549
18370.0 595609.6330092284
18380.0 623915.2534614778
18390.0 624861.3368153432
18400.0 620757.8681029881
18410.0 603565.7015122116
18420.0 581746.0761270688
18430.0 613348.3834338308
18440.0 619172.9360816601
18450.0 616428.6086565158
18460.0 620394.8313495396
18470.0 593435.5195948783
18480.0 620900.8066033983
18490.0 618088.3154864878
18500.0 617682.9143203133
18510.0 618130.9623543696
18520.0 599452.2846266435
18530.0 605107.2674549475
18540.0 614806.696500502
18550.0 580211.7687757056
18560.0 602935.6220959675
18570.0 613310.3534859923
18580.0 580628.0262591223
18590.0 607302.7551852453
18600.0 607855.2167335007
18610.0 599487.6563762174
18620.0 598720.9290243171
18630.0 596778.2023399684
18640.0 598123.055782866
18650.0 596788.6718836984
18660.0 579418.7735291129
18670.0 599437.2619953539
18680.0 588641.7711020751
18690.0 593978.1486636202
18700.0 593424.3603823216
18710.0 586397.078347701
18720.0 557347.1908839138
18730.0 581415.6115077488
18740.0 566983.7603418874
18750.0 488680.0745746373
18760.0 552033.9080372327
18770.0 554416.1502215588
18780.0 579929.3269960864
18790.0 576871.3892122166
18800.0 584064.8520081872
18810.0 584970.4160441693
18820.0 574395.4147955455
18830.0 582234.0172419181
18840.0 574969.8889026005
18850.0 572908.0690902428
18860.0 541053.0989931928
18870.0 572788.703734577
18880.0 552505.8395831913
18890.0 558037.5296835375
18900.0 533515.3827007139
18910.0 546040.7897482273
18920.0 544277.734083474
18930.0 547008.5202778076
18940.0 553907.9674139092
18950.0 561381.6386906803
18960.0 549191.8022961769
18970.0 548396.4628526988
18980.0 564608.1211314189
18990.0 541865.7429550237
19000.0 558353.7365059807
19010.0 560725.7436592046
19020.0 561495.4130505621
19030.0 543962.5643151193
19040.0 555934.9648160262
19050.0 546191.7526335341
19060.0 557050.8101302047
19070.0 558668.1149673872
19080.0 544433.3092842518
19090.0 555424.2316947508
19100.0 551445.821417612
19110.0 531718.0322945676
19120.0 537343.7222081078
19130.0 550433.4710663622
19140.0 542297.1569683963
19150.0 546589.4632157349
19160.0 542000.9801970228
19170.0 544092.0624772041
19180.0 544424.7615510517
19190.0 518249.40997204895
19200.0 530494.1694957287
19210.0 532174.0061286306
19220.0 537275.8249848941
19230.0 540845.0196033124
19240.0 539678.2089736124
19250.0 531915.4609216035
19260.0 526122.6055102447
19270.0 526528.9193698716
19280.0 522968.0245779996
19290.0 533108.1536608953
19300.0 529773.9969140443
19310.0 499820.34803243354
19320.0 530178.5483946514
19330.0 528771.8377887498
19340.0 504283.0765472529
19350.0 527580.0041423336
19360.0 529005.7054598818
19370.0 528328.4672932688
19380.0 524332.042226594
19390.0 501180.58630211675
19400.0 514761.19953477645
19410.0 517893.59907375113
19420.0 513686.33404870733
19430.0 467842.44699824776
19440.0 478197.6397522653
19450.0 436441.7557668406
19460.0 497663.1485637074
19470.0 499622.8982034145
19480.0 499567.3697111318
19490.0 486760.8743670231
19500.0 507172.7078410099
19510.0 458903.65942952485
19520.0 513251.7526698921
19530.0 505323.7606778376
19540.0 499268.33520677645
19550.0 511033.7579841898
19560.0 510419.7866594518
19570.0 507758.5934045833
19580.0 499007.64421747735
19590.0 498541.7448528412
19600.0 496544.0295080965
19610.0 488366.66917248233
19620.0 496648.26537239784
19630.0 481171.3124628517
19640.0 490438.6325557578
19650.0 502760.23387773265
19660.0 500716.41053379775
19670.0 499748.26956859784
19680.0 497991.8685508618
19690.0 497015.08366803674
19700.0 496770.62419110665
19710.0 494115.15841199015
19720.0 458007.2963061136
19730.0 476539.80000149074
19740.0 487686.5316994518
19750.0 489828.77599288063
19760.0 489149.1803366628
19770.0 485580.68168541195
19780.0 435714.8606992699
19790.0 473269.84939672495
19800.0 486697.27144457586
19810.0 484450.46020345046
19820.0 482935.00761290506
19830.0 485930.2917108805
19840.0 485419.23154738394
19850.0 443992.9296116869
19860.0 447873.2557054674
19870.0 478047.35219294135
19880.0 477820.4719559629
19890.0 480748.49208893225
19900.0 478804.9724659476
19910.0 476368.8330516122
19920.0 466076.21375742194
19930.0 442503.6925164958
19940.0 473689.7091304281
19950.0 470452.86355324474
19960.0 459627.90594768774
19970.0 451520.26096207584
19980.0 469163.96277724876
19990.0 471402.95096963044
20010.0 467890.5475492613
20020.0 457037.33897128416
20030.0 461425.29821251455
20040.0 462421.78533219214
20050.0 450146.3800674679
20060.0 462593.7826846028
20070.0 458539.5927121181
20080.0 460983.27061984874
20090.0 454360.4562127755
20100.0 461282.9262427042
20110.0 460366.7330104271
20120.0 460858.62419491383
20130.0 457368.68297805137
20140.0 451251.32923435664
20150.0 456838.783038278
20160.0 457122.2042900547
20170.0 453947.9529690181
20180.0 455662.24918222864
20190.0 449583.1526395572
20200.0 447248.5181748198
20210.0 431994.19937115454
20220.0 449116.38251312915
20230.0 441574.9529925023
20240.0 441572.4709925834
20250.0 448144.61623835296
20260.0 440656.5887860065
20270.0 442211.18880339025
20280.0 440082.3360869938
20290.0 442618.1107078807
20300.0 414695.31001473096
20310.0 444971.80148049665
20320.0 442975.5979051404
20330.0 440817.46184737893
20340.0 424708.21227318945
20350.0 433508.9902657538
20360.0 437371.335500673
20370.0 435278.6979221669
20380.0 413184.19731136586
20390.0 438417.89388014824
20400.0 431671.07769990514
20410.0 422473.8006505952
20420.0 433933.1632009322
20430.0 435340.45511292864
20440.0 434133.304019639
20450.0 431123.27983129333
20460.0 433198.24273107765
20470.0 427905.99267311575
20480.0 432019.5394539506
20490.0 431412.00316852634
20500.0 430217.13397287944
20510.0 427412.5938138685
20520.0 416113.49803238374
20530.0 426088.3912518881
20540.0 420937.89122706396
20550.0 425244.118256338
20560.0 424441.69181236974
20570.0 422529.7120782375
20580.0 422350.1491031658
20590.0 413225.0729668612
20600.0 395155.1633826239
20610.0 419271.7935218328
20620.0 417513.68202336313
20630.0 361021.77020754595
20640.0 415277.77497781726
20650.0 418248.42648166284
20660.0 416284.61459019757
20670.0 402180.5194289732
20680.0 409007.80081305595
20690.0 412049.8989528228
20700.0 393030.29230484634
20710.0 407128.808194806
20720.0 405000.62689267227
20730.0 410916.04556401464
20740.0 404794.9310114292
20750.0 409893.1226954339
20760.0 400611.3010722202
20770.0 396833.6858793945
20780.0 407364.36277394474
20790.0 406941.39512419194
20800.0 399994.5594093939
20810.0 406404.31030945876
20820.0 403257.96525843797
20830.0 389886.8986508108
20840.0 388992.5960903658
20850.0 400532.0999107332
20860.0 402731.9502154348
20870.0 399539.9066278327
20880.0 397687.0895465646
20890.0 397701.2786289641
20900.0 399680.69407193625
20910.0 396967.6157955209
20920.0 370421.32193841104
20930.0 394450.2067326159
20940.0 396703.55589687446
20950.0 395931.93139612395
20960.0 388866.27302347776
20970.0 390662.94105708046
20980.0 393009.6550288423
20990.0 390793.03534755704
21000.0 395797.5417229765
21010.0 387373.41441826
21020.0 386991.5129922266
21030.0 393333.1832628497
21040.0 391845.39286322094
21050.0 391941.07390244666
21060.0 387203.66111553705
21070.0 382740.8324038167
21080.0 385995.263637729
21090.0 372999.6490569095
21100.0 386093.3403889096
21110.0 383822.8678150076
21120.0 383247.5014489804
21130.0 384776.8091561814
21140.0 381282.9862292706
21150.0 383592.4775436187
21160.0 361313.2050081229
21170.0 379088.30126886547
21180.0 377920.0075241321
21190.0 364069.2826503721
21200.0 374774.5037045398
21210.0 374015.40060858947
21220.0 373463.913352406
21230.0 362172.25215647666
21240.0 370186.7513436348
21250.0 376533.3668682991
21260.0 369968.0930797053
21270.0 373814.595107002
21280.0 373021.0728385465
21290.0 373904.0864538163
21300.0 373024.4757596307
21310.0 374173.6908559908
21320.0 369532.71162755106
21330.0 372399.9281388302
21340.0 370101.8004644091
21350.0 353062.4183549211
21360.0 367949.75207508827
21370.0 370594.20132119115
21380.0 369224.85630697024
21390.0 367551.147013743
21400.0 367973.51327876456
21410.0 368103.7250561661
21420.0 368085.14256643585
21430.0 362090.3657723062
21440.0 363337.5722128795
21450.0 360895.09883485537
21460.0 359760.2685304966
21470.0 364145.91389108845
21480.0 362965.6047810916
21490.0 360025.7012021512
21500.0 362325.2032356463
21510.0 361626.6306339895
21520.0 357834.9034870773
21530.0 357342.99750126014
21540.0 356741.3057474148
21550.0 357736.9950952812
21560.0 357704.45417673915
21570.0 357286.856879416
21580.0 357163.8093766912
21590.0 352472.04710144765
21600.0 354998.71018256305
21610.0 350730.4385012758
21620.0 351557.43213226454
21630.0 349306.1908618076
21640.0 342020.51490866806
21650.0 321641.5042627253
21660.0 321151.63877469447
21670.0 335918.69504147145
21680.0 344455.6862038385
21690.0 344437.15917017485
21700.0 345406.8974725448
21710.0 345527.92091077537
21720.0 347131.6896408807
21730.0 347529.3035882889
21740.0 342531.3027512793
21750.0 343707.6870551866
21760.0 336498.67649670696
21770.0 343457.37114864576
21780.0 315369.750714636
21790.0 340608.26674389746
21800.0 344636.31235551694
21810.0 343563.2237205093
21820.0 324213.9448303653
21830.0 341719.4410573645
21840.0 341871.7523778703
21850.0 340772.528883426
21860.0 339921.15038066753
21870.0 334189.7269425086
21880.0 316017.6486062915
21890.0 335729.10616319074
21900.0 331951.5032863099
21910.0 337369.00629399635
21920.0 338250.8642882991
21930.0 336507.44715387205
21940.0 331338.0650179506
21950.0 335139.33778714336
21960.0 335625.93556503626
21970.0 334158.52828882856
21980.0 333979.71587878035
21990.0 332400.7282789438
22000.0 330598.4833496857
22010.0 331350.02475918026
22020.0 331219.97861530393
22030.0 328688.65747336095
22040.0 326954.741143285
22050.0 327507.7096590339
22060.0 293743.9830172783
22070.0 322217.8011550797
22080.0 319512.39421342395
22090.0 327346.8019937509
22100.0 325906.6146232842
22110.0 323937.6131222303
22120.0 326441.3379158833
22130.0 326172.72856198053
22140.0 325641.6739928286
22150.0 324735.87418132776
22160.0 320052.2590493993
22170.0 320978.94666703825
22180.0 322789.7930262339
22190.0 323322.1921603854
22200.0 322415.0358690162
22210.0 320422.52419108065
22220.0 321975.88367021794
22230.0 319413.1584558903
22240.0 319854.5245042679
22250.0 320155.12498011213
22260.0 308173.2702357324
22270.0 316344.7601708177
22280.0 313417.23456506914
22290.0 317780.5536575432
22300.0 314077.7771684334
22310.0 315168.5055862316
22320.0 315954.9584614484
22330.0 316198.08487823885
22340.0 314430.4879482167
22350.0 314316.6367659746
22360.0 314705.20398721955
22370.0 313616.7555810867
22380.0 303090.5718036802
22390.0 306808.15250575065
22400.0 312769.457677028
22410.0 311160.2272192638
22420.0 305886.48141062795
22430.0 310182.65992869553
22440.0 308581.89611197455
22450.0 309382.2215901832
22460.0 309101.9646877012
22470.0 298001.4718508369
22480.0 306800.1231338932
22490.0 306695.7385452869
22500.0 307587.9980664035
22510.0 304540.04182441666
22520.0 304332.8095123659
22530.0 303647.4213812546
22540.0 288952.5629048228
22550.0 301378.09585936874
22560.0 302568.4330727049
22570.0 302132.5131784578
22580.0 302937.8175567559
22590.0 302826.43629066827
22600.0 302251.5493378282
22610.0 296321.0166100182
22620.0 287321.52817170235
22630.0 297191.82397714956
22640.0 299413.1540364243
22650.0 292487.9383902636
22660.0 298535.4445662973
22670.0 297813.64819316944
22680.0 298366.55158188555
22690.0 296889.2886085444
22700.0 297049.4674680134
22710.0 291595.8252057088
22720.0 296200.5214687689
22730.0 295719.6219297495
22740.0 289057.9766123926
22750.0 293258.16534871754
22760.0 292478.98599154194
22770.0 294138.8516611402
22780.0 292174.39417440107
22790.0 290622.91870618996
22800.0 288037.76157501846
22810.0 260543.29962278827
22820.0 285384.23665190564
22830.0 288259.5475111206
22840.0 290463.4507783953
22850.0 288568.7707814148
22860.0 286447.7048025765
22870.0 288341.56293003657
22880.0 288337.49508916104
22890.0 287747.2315280011
22900.0 288472.9936547866
22910.0 285051.4137641964
22920.0 286854.24106151133
22930.0 249646.0122156996
22940.0 259329.987311889
22950.0 270601.5465278675
22960.0 263862.2496395351
22970.0 268257.93662885024
22980.0 271877.9675939677
22990.0 274840.96246513474
23000.0 276403.22132723645
23010.0 274335.1410553017
23020.0 275654.65187739
23030.0 276146.7236466805
23040.0 274944.4392798132
23050.0 274568.9388157977
23060.0 275366.422183277
23070.0 274741.9295790932
23080.0 275637.6007419852
23090.0 273884.4158939334
23100.0 278182.01480985974
23110.0 273476.5576454477
23120.0 272959.2319231998
23130.0 273452.668468241
23140.0 267106.99640629435
23150.0 274501.3482998981
23160.0 267856.60384346516
23170.0 270692.223189641
23180.0 269472.96635051636
23190.0 272119.93329369964
23200.0 270917.24390044325
23210.0 270412.69829809736
23220.0 240426.7565662995
23230.0 238755.47845591602
23240.0 252553.3350492848
23250.0 251487.18892539668
23260.0 257334.2974973778
23270.0 255888.03929382752
23280.0 260295.16590677737
23290.0 262887.33567297127
23300.0 253262.37920993607
23310.0 257494.11626920133
23320.0 262745.2471146242
23330.0 258150.05151844653
23340.0 263517.0597706899
23350.0 253517.65775114545
23360.0 260809.56790737616
23370.0 258010.3579442962
23380.0 251370.7116246443
23390.0 262826.77886834095
23400.0 258616.27972486854
23410.0 257851.05423508846
23420.0 259489.94238646363
23430.0 259332.5240524086
23440.0 261474.60936340768
23450.0 256417.43821740002
23460.0 257421.93071824097
23470.0 260277.2750140254
23480.0 254635.66626798618
23490.0 256502.98948145038
23500.0 259046.37610755634
23510.0 254413.2663124161
23520.0 217079.530062261
23530.0 230573.9674011362
23540.0 239829.11807958622
23550.0 238913.90238606927
23560.0 243414.54017791708
23570.0 241123.88145042254
23580.0 244364.99622030542
23590.0 245651.18047483754
23600.0 248215.39612667245
23610.0 246145.2112921805
23620.0 244699.88987511504
23630.0 249385.65188105812
23640.0 246081.5020498665
23650.0 246735.9464291526
23660.0 245772.48874904346
23670.0 246686.43446796146
23680.0 245122.92365391072
23690.0 245207.2162643399
23700.0 248338.89217694764
23710.0 246740.69156674517
23720.0 239911.13440810578
23730.0 239209.6404704051
23740.0 232370.62994367088
23750.0 242037.1628125665
23760.0 243605.9590312037
23770.0 245983.91854881373
23780.0 244869.28138414424
23790.0 244654.88763706083
23800.0 242549.65718055904
23810.0 246499.5700449994
23820.0 227864.38619476775
23830.0 208826.63551078344
23840.0 218035.66842364596
23850.0 224215.41447191592
23860.0 218084.9037531492
23870.0 229478.83641137663
23880.0 239088.75233293974
23890.0 230287.93143985796
23900.0 231458.7938065861
23910.0 236626.29948760333
23920.0 226940.86832510246
23930.0 238636.30048713196
23940.0 231710.9758104736
23950.0 233820.51985802126
23960.0 235327.81614585288
23970.0 230846.08115078544
23980.0 235057.329300221
23990.0 240552.2207013263
24000.0 225589.89522492394
24010.0 235974.87751357822
24020.0 231860.83384337585
24030.0 236462.37796534825
24040.0 233456.96522005147
24050.0 230015.57558873683
24060.0 235951.3091124236
24070.0 234837.0417671419
24080.0 229428.87262725114
24090.0 234374.04252368235
24100.0 231480.43559691522
24110.0 232178.05190133268
24120.0 234396.5574832895
24130.0 223682.84472987425
24140.0 199426.74963803712
24150.0 207379.24841245761
24160.0 209012.87039054226
24170.0 222549.3954778504
24180.0 220973.1736757658
24190.0 217229.63712944032
24200.0 226671.54216266994
24210.0 223001.45241785797
24220.0 223912.76571418176
24230.0 219789.14202777646
24240.0 223395.92129276745
24250.0 220426.5236768916
24260.0 221888.69909720193
24270.0 223590.68750083857
24280.0 218359.75885913867
24290.0 226134.82325689367
24300.0 223562.98063984016
24310.0 220711.30961207233
24320.0 226588.264189427
24330.0 216040.30025941046
24340.0 223213.0891281147
24350.0 218122.130739243
24360.0 221472.1752729395
24370.0 213481.10121876374
24380.0 222638.9928022344
24390.0 223549.34577567005
24400.0 217899.00153612997
24410.0 220974.68019161373
24420.0 221492.2215388741
24430.0 225444.30538936006
24440.0 212362.55352717458
24450.0 215623.82433075688
24460.0 198208.51791425733
24470.0 198196.8944457719
24480.0 213346.55383186776
24490.0 209940.73613184819
24500.0 205188.2013324437
24510.0 206251.7693584148
24520.0 209647.1002678984
24530.0 213061.4740286855
24540.0 208987.35059819478
24550.0 206765.64069554684
24560.0 201746.26253463177
24570.0 197291.77788775228
24580.0 216991.51611951116
24590.0 209459.35710056504
24600.0 215774.72093271767
24610.0 213730.90746514744
24620.0 211650.99675725764
24630.0 214058.04888348046
24640.0 210114.1237676587
24650.0 209262.2214656261
24660.0 214802.46193349303
24670.0 213017.80504724552
24680.0 206122.93029810398
24690.0 204968.2494012249
24700.0 204794.27055838524
24710.0 209266.81458212066
24720.0 209778.1212702439
24730.0 203199.1107316118
24740.0 211561.87683706303
24750.0 206050.04792296037
24760.0 204583.34552078412
24770.0 211242.34591529574
24780.0 194766.7989218441
24790.0 193857.59463563096
24800.0 190576.74600532887
24810.0 199619.23435864097
24820.0 186339.79815588982
24830.0 197821.47466879015
24840.0 204452.4539073628
24850.0 201078.67565104924
24860.0 176059.21020351062
24870.0 197498.16739514677
24880.0 197578.57724298036
24890.0 202892.10976204416
24900.0 202584.52491868698
24910.0 201091.9726212862
24920.0 199280.46924274106
24930.0 205399.51435208207
24940.0 198973.90814297803
24950.0 200059.4746187271
24960.0 199882.73363534143
24970.0 202089.32527745317
24980.0 200238.7793367034
24990.0 200373.82752611485
