#lam[Angstrom] flux[erg/cm2/s/A]
1010.0 4252.953248595303
1020.0 4403.741290670617
1030.0 15192.665416416385
1040.0 5988.708364157593
1050.0 4509.489606327376
1060.0 4550.255752318519
1070.0 4804.928743755641
1080.0 14541.142351275028
1090.0 14814.13467170182
1100.0 4749.014379710743
1110.0 4787.082772585459
1120.0 4973.19447816972
1130.0 4837.395733933535
1140.0 5253.426821491666
1150.0 4929.939227576743
1160.0 5023.678521792293
1170.0 5032.973174529325
1180.0 5054.648249613484
1190.0 5085.412761543151
1200.0 7668.049304222614
1210.0 6824.994510181432
1220.0 43423.47517110061
1230.0 6281.202441048515
1240.0 25605.125962688275
1250.0 8918.352022057064
1260.0 12410.694685828495
1270.0 12750.478035798787
1280.0 13164.206875160062
1290.0 14207.763287419493
1300.0 15300.192141072826
1310.0 16825.99862414278
1320.0 17575.312821552536
1330.0 17872.00410531122
1340.0 19946.76620262678
1350.0 19197.098294366933
1360.0 19654.86929569629
1370.0 19945.957949567335
1380.0 20368.864036993105
1390.0 46635.611991031226
1400.0 51862.3810697917
1410.0 38340.154396290156
1420.0 21627.409099308195
1430.0 21237.47511628012
1440.0 21346.416036509767
1450.0 21488.443223373248
1460.0 21657.550185481705
1470.0 21825.416823721687
1480.0 21928.199470425272
1490.0 34416.231775537686
1500.0 21711.32012888989
1510.0 21675.565002666808
1520.0 21699.361283087706
1530.0 22674.18944064056
1540.0 21546.99537185482
1550.0 305949.7177221473
1560.0 21555.668189503194
1570.0 21463.218189625022
1580.0 22488.83557162952
1590.0 21442.90777236519
1600.0 23510.649187659197
1610.0 21401.193433598764
1620.0 21399.559623815527
1630.0 21273.003370181967
1640.0 194565.79732941455
1650.0 21095.079036238287
1660.0 27287.16793861353
1670.0 37158.067024387004
1680.0 20961.13322041605
1690.0 20898.91209429738
1700.0 20813.206067825013
1710.0 20710.93821925632
1720.0 22232.67297840815
1730.0 20815.069309619965
1740.0 21209.395989840148
1750.0 31467.39307888864
1760.0 20633.786496365
1770.0 20625.834585968027
1780.0 20692.370123947596
1790.0 22136.34557735862
1800.0 20565.02536520717
1810.0 25356.284888246537
1820.0 25794.200027098286
1830.0 20180.027692398216
1840.0 20051.764713980247
1850.0 21648.050378343207
1860.0 20834.688100733572
1870.0 19832.762993390676
1880.0 32495.49418286782
1890.0 40670.08671913807
1900.0 19640.612689707184
1910.0 131749.09680181282
1920.0 19517.846202134246
1930.0 19618.683062876247
1940.0 19255.67623247026
1950.0 19263.394317093687
1960.0 19081.477250722397
1970.0 18986.353442894233
1980.0 18879.825841749025
1990.0 18806.583178922134
2000.0 18694.91701045976
2010.0 18524.213995063023
2020.0 17770.90357577384
2030.0 16773.853738433023
2040.0 16320.662624105138
2050.0 15600.862335662223
2060.0 15353.796426313613
2070.0 15937.204704760694
2080.0 15454.970182201449
2090.0 15994.657009973964
2100.0 15723.925890742124
2110.0 15813.131869300014
2120.0 16564.23137318735
2130.0 16441.549939689372
2140.0 17321.82087708336
2150.0 15622.999962106143
2160.0 15781.953841821447
2170.0 15398.534958972721
2180.0 16155.90277512669
2190.0 16200.090343582846
2200.0 16238.739434570003
2210.0 16362.67154830706
2220.0 17170.24050700207
2230.0 17685.037231335813
2240.0 18514.085365404633
2250.0 19527.295088724677
2260.0 17833.635698626105
2270.0 18614.020195841636
2280.0 19402.991669482275
2290.0 19528.215367600686
2300.0 20252.099118665155
2310.0 21765.373532229132
2320.0 23160.35679502033
2330.0 39465.042568215205
2340.0 26234.83998583637
2350.0 22804.817985626654
2360.0 22685.491722632025
2370.0 22785.435323615842
2380.0 23590.53941746197
2390.0 25790.583279834354
2400.0 25035.206012272458
2410.0 25334.75078608294
2420.0 27543.681469295683
2430.0 55483.51621247842
2440.0 28960.56627758775
2450.0 31035.475693774697
2460.0 30453.517450737756
2470.0 29499.056577320534
2480.0 28600.301538785094
2490.0 27202.729060584115
2500.0 30834.171681255997
2510.0 32473.95151782225
2520.0 28301.55616407525
2530.0 32060.266785658736
2540.0 33509.4757235142
2550.0 41121.56770794925
2560.0 46181.14590301661
2570.0 49705.72084150234
2580.0 43036.695368117274
2590.0 44588.780737773224
2600.0 44419.960902257146
2610.0 42326.64539279373
2620.0 51916.47314979133
2630.0 48327.905978404495
2640.0 102272.9749287956
2650.0 99980.9551032562
2660.0 104633.76785169962
2670.0 95453.90557369773
2680.0 125438.62830069818
2690.0 117580.85367775991
2700.0 116139.02367293101
2710.0 96264.03620837846
2720.0 49347.6018877352
2730.0 71203.62569478445
2740.0 55884.458275467
2750.0 69296.30215912248
2760.0 88508.93010017418
2770.0 97366.9143735549
2780.0 73819.62120345978
2790.0 159026.7447119919
2800.0 93108.08775858986
2810.0 72617.48750573976
2820.0 121383.61419094843
2830.0 136128.0560990611
2840.0 80655.83213843768
2850.0 49686.05013276377
2860.0 72725.08516060059
2870.0 135377.25288475247
2880.0 115485.38898901704
2890.0 246570.9501095531
2900.0 484801.3084009077
2910.0 359875.10915259167
2920.0 414082.42246828607
2930.0 383604.8843411266
2940.0 203459.8564285995
2950.0 267651.38558234635
2960.0 406431.4850842969
2970.0 132525.0876045142
2980.0 275635.1588163662
2990.0 270476.23668227735
3000.0 195769.66295945234
3010.0 268472.79252572724
3020.0 119115.13613240112
3030.0 306486.5822834723
3040.0 254861.2870939678
3050.0 257418.69128733675
3060.0 321755.20342762355
3070.0 598494.2518842829
3080.0 454295.23034333717
3090.0 523557.81513791694
3100.0 352647.6427864583
3110.0 763007.7940088195
3120.0 706865.3606909441
3130.0 637492.4321324929
3140.0 672881.5737232969
3150.0 861036.4283452067
3160.0 502469.19519483915
3170.0 810676.0642044669
3180.0 574351.8903068111
3190.0 674144.3713771261
3200.0 699462.2774178355
3210.0 556099.983812894
3220.0 586216.3698684736
3230.0 307560.60923597636
3240.0 605330.9272606398
3250.0 698369.8047868697
3260.0 1172711.229232142
3270.0 922999.211878801
3280.0 866318.2337565781
3290.0 1088391.7400995952
3300.0 1240504.8683566088
3310.0 836121.9452675994
3320.0 758792.0966344081
3330.0 1050335.3537056101
3340.0 769880.8696372594
3350.0 716050.5888326466
3360.0 618242.7483698912
3370.0 377741.600780847
3380.0 648745.695875342
3390.0 617378.2199423492
3400.0 849840.1700354803
3410.0 563372.9413812271
3420.0 571037.2413807262
3430.0 814183.3144708526
3440.0 409915.4532835535
3450.0 662852.6842389709
3460.0 644136.1987541721
3470.0 586855.9510729429
3480.0 717919.9682905019
3490.0 738254.4769337098
3500.0 1004083.2874610426
3510.0 803681.3821517667
3520.0 581306.4852060374
3530.0 799096.4914366527
3540.0 1218379.7190992176
3550.0 974412.1130757658
3560.0 937325.6007324145
3570.0 448334.99424803327
3580.0 423852.19343847584
3590.0 586521.3516683558
3600.0 1072730.4496076852
3610.0 553670.6446347359
3620.0 672886.7478493637
3630.0 889854.7333150955
3640.0 1028120.7259843437
3650.0 816686.1556647177
3660.0 1461970.648425227
3670.0 1258281.314447787
3680.0 984155.4026718306
3690.0 1066004.0559893001
3700.0 1348048.0037633108
3710.0 911756.4214334103
3720.0 498379.3128780046
3730.0 666628.8659634851
3740.0 427812.58780837
3750.0 494158.6916010626
3760.0 686017.1673739183
3770.0 1238015.8325405717
3780.0 1735816.366914712
3790.0 1079873.7496775899
3800.0 1290485.9256333043
3810.0 1311608.2809966193
3820.0 482031.24614188663
3830.0 396161.84041524335
3840.0 725448.0262476576
3850.0 1304555.1043542079
3860.0 567071.9349943177
3870.0 1064610.7601727908
3880.0 1092953.600523456
3890.0 922474.2442143741
3900.0 917465.4473618696
3910.0 1331513.0675877538
3920.0 947524.7119673648
3930.0 391044.5136937867
3940.0 664623.8705936208
3950.0 1452755.2090123475
3960.0 1108142.7671905293
3970.0 465261.2197848686
3980.0 1645165.2608319474
3990.0 2125455.288908888
4000.0 2055597.8780961598
4010.0 2133718.619929351
4020.0 2324952.680893523
4030.0 1641544.2716967345
4040.0 2109158.2219240586
4050.0 1926948.8917847986
4060.0 1894534.8006833773
4070.0 1764340.0929761233
4080.0 2141719.057399995
4090.0 2819390.734299828
4100.0 2385278.9738461566
4110.0 2556243.5699284934
4120.0 2563952.127862021
4130.0 2076805.6695665335
4140.0 2222695.826658681
4150.0 2269839.1317496863
4160.0 2665796.1700543636
4170.0 2387364.3831982138
4180.0 2387031.287242475
4190.0 2307938.755494526
4200.0 1824671.8721375344
4210.0 2637825.5600309917
4220.0 2285694.677566423
4230.0 1847495.9203885938
4240.0 2181225.49502815
4250.0 1807487.796544935
4260.0 2162557.4155435083
4270.0 1556766.6550120288
4280.0 1971747.215004719
4290.0 1736190.8364405935
4300.0 1346631.5861113337
4310.0 1160791.3944246755
4320.0 2415139.3728154227
4330.0 2102731.0051130205
4340.0 2435098.7715731408
4350.0 2242679.089566239
4360.0 2597030.639098291
4370.0 2602205.8055005074
4380.0 1937223.455888275
4390.0 2260522.4985709875
4400.0 2202097.467348528
4410.0 2502410.276771101
4420.0 2618801.6433237693
4430.0 2665979.914868193
4440.0 2684580.8390867156
4450.0 2784130.0120506496
4460.0 2425882.6909984504
4470.0 2869919.545354956
4480.0 3014716.2800452234
4490.0 3150338.0203318843
4500.0 3278082.3609025166
4510.0 3624668.2884759936
4520.0 3263215.241667167
4530.0 2784076.823253587
4540.0 3097492.6797259618
4550.0 3274415.783953002
4560.0 3468155.654855537
4570.0 3417712.1212491347
4580.0 3196060.2387193786
4590.0 3149997.83067594
4600.0 3112132.4332833556
4610.0 3354136.4218135453
4620.0 3360412.416580009
4630.0 3411746.865185783
4640.0 3433179.796979676
4650.0 3294718.28798485
4660.0 3527768.2878149007
4670.0 3366684.846882244
4680.0 3362491.6344904914
4690.0 3435478.20083064
4700.0 3359765.35309165
4710.0 3337321.296101157
4720.0 3600790.682265992
4730.0 3256686.809091839
4740.0 3397468.7354237502
4750.0 3677132.0255353595
4760.0 3504086.1738736243
4770.0 3505603.6845454494
4780.0 3745575.2365439874
4790.0 3438530.9945119116
4800.0 3578656.910480205
4810.0 3391825.1236361135
4820.0 3552461.9788701297
4830.0 3549551.044406692
4840.0 3266921.9256535834
4850.0 3591880.3116932707
4860.0 3131599.9367512474
4870.0 3141412.7066215114
4880.0 3418101.290169925
4890.0 3113398.7144273315
4900.0 3642182.4277634337
4910.0 3493462.0877957423
4920.0 3160005.6575997113
4930.0 3646583.47807229
4940.0 3302580.0198103655
4950.0 3720966.155441042
4960.0 3637842.346285958
4970.0 3602648.0676034037
4980.0 3195221.1917750924
4990.0 3330230.520448931
5000.0 3334687.2292732117
5010.0 3194714.754124406
5020.0 3154596.574556005
5030.0 3640799.094066573
5040.0 3064584.6478052726
5050.0 3242692.2040024744
5060.0 3642077.340675658
5070.0 3278414.6627197526
5080.0 2940238.6714814287
5090.0 3400818.1613426325
5100.0 3290539.7499337913
5110.0 3045818.245926771
5120.0 3149096.67788408
5130.0 2938009.3138333457
5140.0 2959662.8254210595
5150.0 2959180.4504427547
5160.0 3097203.50763723
5170.0 2124749.989542446
5180.0 2676955.1244399003
5190.0 2923780.801086066
5200.0 3229932.931262672
5210.0 2927426.72185722
5220.0 3279825.0252805566
5230.0 3039280.090605118
5240.0 3597847.0960935
5250.0 3487747.8236147203
5260.0 3297276.963991933
5270.0 2342587.7238741117
5280.0 3266534.767594532
5290.0 3781747.2816314055
5300.0 3383605.7418241138
5310.0 3829438.2665455546
5320.0 3484208.6397291273
5330.0 2817514.3598498562
5340.0 3464921.4252839466
5350.0 3574365.3102945737
5360.0 3820502.8408252266
5370.0 3100588.4765242124
5380.0 3648148.628029254
5390.0 3560167.9892927376
5400.0 3098994.0201801932
5410.0 3099000.352567125
5420.0 3513892.2654533987
5430.0 3079164.5826845877
5440.0 3704688.9975844882
5450.0 3345354.365792077
5460.0 3428781.9059983618
5470.0 3720880.676925903
5480.0 3443175.703103158
5490.0 3506800.126265213
5500.0 3579784.407421826
5510.0 3390809.099563629
5520.0 3769970.0600249907
5530.0 3509036.213617681
5540.0 3871416.3607056136
5550.0 3742807.136308278
5560.0 3686628.76526924
5570.0 3512430.7359132823
5580.0 3660911.1389107215
5590.0 3254128.3768235105
5600.0 3506128.360955477
5610.0 3858297.170208076
5620.0 3450698.016022075
5630.0 3800050.601764551
5640.0 3666141.034102613
5650.0 3687966.3050658354
5660.0 3485857.2108993074
5670.0 3769402.546478578
5680.0 3758712.4841302875
5690.0 3764329.8101609205
5700.0 3661902.560033995
5710.0 3435952.6261736276
5720.0 3833335.158253329
5730.0 3835862.1098577227
5740.0 3810577.091241062
5750.0 3595890.4868824445
5760.0 3737825.624884379
5770.0 3860103.146507331
5780.0 3647923.792667116
5790.0 3655768.8586477875
5800.0 3799187.8503009127
5810.0 3751922.0996415326
5820.0 3852505.18294117
5830.0 3842712.58410152
5840.0 3838902.3917897027
5850.0 3729375.0362853003
5860.0 3615311.757434076
5870.0 3763222.6523757894
5880.0 3755133.086241659
5890.0 3531090.4749769745
5900.0 3608608.7851146418
5910.0 3767095.6315487125
5920.0 3669388.837790034
5930.0 3701992.2883944865
5940.0 3710916.1940964274
5950.0 3711231.589218477
5960.0 3747996.8079457274
5970.0 3820591.540011134
5980.0 3580989.8132177703
5990.0 3745121.1124919765
6000.0 3683960.675247134
6010.0 3603805.823628563
6020.0 3556409.1405290538
6030.0 3696868.297512228
6040.0 3792227.7515267506
6050.0 3771932.3689452577
6060.0 3648351.2094091936
6070.0 3738737.5602760757
6080.0 3666994.811989365
6090.0 3570861.315505629
6100.0 3540629.13472857
6110.0 3639013.167352239
6120.0 3535780.163535919
6130.0 3587350.3220596816
6140.0 3376075.886958597
6150.0 3598656.2191656795
6160.0 3317968.848457342
6170.0 3453009.327862429
6180.0 3635141.836921841
6190.0 3483846.92446044
6200.0 3627260.2612765743
6210.0 3566374.9337666836
6220.0 3436338.785335125
6230.0 3475711.0578741822
6240.0 3436150.4581630398
6250.0 3359924.792850762
6260.0 3459093.405502417
6270.0 3457407.0434875414
6280.0 3398114.281506722
6290.0 3483665.584884337
6300.0 3431933.4161487925
6310.0 3535826.047813091
6320.0 3391483.489532274
6330.0 3587537.0735150035
6340.0 3410133.1890742662
6350.0 3593770.9196306625
6360.0 3354927.6192765194
6370.0 3559520.281084945
6380.0 3542632.717280547
6390.0 3480734.1933444017
6400.0 3435355.9652894307
6410.0 3456157.873958873
6420.0 3427875.7554542436
6430.0 3506069.0537542542
6440.0 3435889.029659602
6450.0 3498335.8141144738
6460.0 3358930.9871821944
6470.0 3493902.520340066
6480.0 3445359.7951484723
6490.0 3381490.1450987784
6500.0 3270544.5072206696
6510.0 3525634.6923853112
6520.0 3505491.933004087
6530.0 3485683.2920315787
6540.0 3504389.7055879426
6550.0 3383660.790187224
6560.0 3296105.3934722235
6570.0 3389626.4512905427
6580.0 3480905.5771247647
6590.0 3399249.399655314
6600.0 3475049.124690834
6610.0 3401582.9427273716
6620.0 3493671.5056878203
6630.0 3342191.0518543054
6640.0 3427481.4172935686
6650.0 3473971.7993177976
6660.0 3422359.4285155158
6670.0 3437063.6074080803
6680.0 3427945.573802434
6690.0 3476488.5599569264
6700.0 3369593.49989997
6710.0 3277752.236764632
6720.0 3383339.1737305373
6730.0 3406192.3116380973
6740.0 3407669.0978976875
6750.0 3365828.8324581217
6760.0 3464399.1449854285
6770.0 3317903.0510004708
6780.0 3399555.7851529545
6790.0 3368156.664594727
6800.0 3356230.6194523014
6810.0 3327369.304120563
6820.0 3397557.9720577644
6830.0 3378274.8461184967
6840.0 3268589.651857728
6850.0 3376113.682283654
6860.0 3287931.7528788606
6870.0 3368395.687643545
6880.0 3335089.830343814
6890.0 3368875.9862501062
6900.0 3398287.088131002
6910.0 3304052.257098561
6920.0 3316661.573468991
6930.0 3257178.408875944
6940.0 3297642.896329864
6950.0 3228939.665947115
6960.0 3281587.066165792
6970.0 3238704.3609131733
6980.0 3132688.7582873837
6990.0 3253011.074480948
7000.0 3187645.762509742
7010.0 3195385.5489051575
7020.0 3103665.9422489614
7030.0 3171707.9172382914
7040.0 3229951.4570449996
7050.0 3234346.1888560057
7060.0 3242388.2645684844
7070.0 3174984.1026291563
7080.0 3206418.6962915715
7090.0 3161754.268445189
7100.0 3203063.71618196
7110.0 3081480.0864770263
7120.0 3155920.3209204166
7130.0 3072954.9062952287
7140.0 3154285.952415123
7150.0 3049233.444058292
7160.0 3066377.9643048286
7170.0 3164757.5449573398
7180.0 3058318.2711976185
7190.0 2944814.592821019
7200.0 3130865.141585713
7210.0 3022477.9242966142
7220.0 3092986.8053952535
7230.0 3180043.063089837
7240.0 3112791.3837013273
7250.0 3094191.6936820457
7260.0 3073557.144682733
7270.0 3127355.209729906
7280.0 3020153.6334382375
7290.0 2962805.4126620307
7300.0 3046071.462781825
7310.0 3018135.1171632595
7320.0 3066160.6282479805
7330.0 2981596.8272178667
7340.0 3097289.7069556154
7350.0 3071345.495689309
7360.0 2950546.9492880357
7370.0 3088594.0263044867
7380.0 3083122.368001724
7390.0 2915303.0025112773
7400.0 3040954.764800511
7410.0 2929907.494741305
7420.0 2909740.11196826
7430.0 3070091.490208539
7440.0 3002933.519571682
7450.0 2957275.05124042
7460.0 3002024.648483901
7470.0 3029818.703320101
7480.0 3013898.4088014485
7490.0 2984089.0913028694
7500.0 2972830.8172823824
7510.0 2927183.23320728
7520.0 3026933.476095733
7530.0 3002439.521375479
7540.0 3046951.6998335305
7550.0 3012268.6151009
7560.0 2979591.1093091783
7570.0 2991374.7873254544
7580.0 2985344.3984749876
7590.0 2962423.979402128
7600.0 2982850.727826851
7610.0 2991220.4131657938
7620.0 2879088.392846001
7630.0 3028168.0591506534
7640.0 3020331.978074528
7650.0 2981260.943285294
7660.0 2761355.1417680243
7670.0 2971956.7353907786
7680.0 2980345.4062965005
7690.0 2940278.173609957
7700.0 2966087.4183945763
7710.0 2880525.0074531077
7720.0 2910949.261767733
7730.0 2942116.0546079343
7740.0 2951510.8908651005
7750.0 2826612.288383411
7760.0 2957082.7443401804
7770.0 2961464.0762592596
7780.0 2909485.2777864216
7790.0 2917133.606652498
7800.0 2899928.9648367804
7810.0 2890835.648961235
7820.0 2933512.837183959
7830.0 2850060.0576484953
7840.0 2861176.969669249
7850.0 2870981.1782538886
7860.0 2890471.7775307666
7870.0 2874064.079144115
7880.0 2826931.6016530744
7890.0 2818305.371384146
7900.0 2759881.109963144
7910.0 2723342.3244457124
7920.0 2715693.150405044
7930.0 2712180.627396226
7940.0 2657996.2756528724
7950.0 2677095.143397706
7960.0 2751713.4710868113
7970.0 2759712.5679618157
7980.0 2777321.6581295175
7990.0 2770183.100077636
8000.0 2693638.854348028
8010.0 2780744.453702294
8020.0 2766849.7129478436
8030.0 2690734.2980878726
8040.0 2755535.1676588496
8050.0 2638908.44963382
8060.0 2768142.1648620754
8070.0 2671563.745424007
8080.0 2657876.2016842263
8090.0 2602932.685392088
8100.0 2642738.786111724
8110.0 2639441.606017952
8120.0 2673634.842222471
8130.0 2674556.0294835134
8140.0 2651181.04739529
8150.0 2651022.9562907713
8160.0 2654609.0722083524
8170.0 2657093.36601427
8180.0 2640611.8715944765
8190.0 2629696.924436048
8200.0 2592471.004818743
8210.0 2537950.6999981515
8220.0 2592537.095329179
8230.0 2612022.649858711
8240.0 2646370.6464825505
8250.0 2631313.766103008
8260.0 2653465.702498954
8270.0 2622460.2383378674
8280.0 2644593.766763538
8290.0 2588720.17719192
8300.0 2598623.327907409
8310.0 2514983.225961564
8320.0 2594556.39825931
8330.0 2438504.4442316648
8340.0 2561350.1553270076
8350.0 2518339.819148018
8360.0 2550211.0756259984
8370.0 2562024.7450714186
8380.0 2530153.6485409606
8390.0 2465872.5600222377
8400.0 2539141.533813116
8410.0 2566456.295691316
8420.0 2526935.576392356
8430.0 2515234.8937431807
8440.0 2496366.204603709
8450.0 2583107.7965213466
8460.0 2563026.8387209373
8470.0 2472133.6558684562
8480.0 2556620.6934715025
8490.0 2585298.5478686183
8500.0 2361441.727896139
8510.0 2504029.635403504
8520.0 2500466.534011354
8530.0 2511422.6516507566
8540.0 2102126.9620874263
8550.0 2482866.187515068
8560.0 2517840.764414722
8570.0 2525482.3023440675
8580.0 2495763.8442501747
8590.0 2529760.5234751008
8600.0 2469007.487291987
8610.0 2465531.2094539334
8620.0 2496295.139512342
8630.0 2499995.0171000077
8640.0 2494619.5962497676
8650.0 2483382.613896538
8660.0 2111578.7588468506
8670.0 2388383.040775138
8680.0 2427851.156887926
8690.0 2305783.7406675243
8700.0 2439239.0910479575
8710.0 2429519.354322503
8720.0 2467199.4209194253
8730.0 2470424.5331743737
8740.0 2399727.583671248
8750.0 2423418.8157424885
8760.0 2417053.5155341723
8770.0 2422379.8088067616
8780.0 2467512.2604017444
8790.0 2399187.4135227543
8800.0 2439001.1387143945
8810.0 2316035.8367299926
8820.0 2353380.2312392597
8830.0 2464969.015778538
8840.0 2379714.9392249575
8850.0 2445681.061314454
8860.0 2410221.888064509
8870.0 2395449.873214041
8880.0 2400766.3594758613
8890.0 2431997.5109711313
8900.0 2438810.217342151
8910.0 2422661.027180697
8920.0 2381118.3814532487
8930.0 2365793.9899748918
8940.0 2420858.0370398792
8950.0 2359338.500588419
8960.0 2401114.3358874614
8970.0 2379527.1380207
8980.0 2341942.351827026
8990.0 2373172.4453007192
9000.0 2310513.5746774077
9010.0 2262489.165395592
9020.0 2294832.239288214
9030.0 2379928.1914527905
9040.0 2375565.2717893794
9050.0 2370654.1640899633
9060.0 2338888.531379671
9070.0 2363325.8845852334
9080.0 2334103.1655148924
9090.0 2243870.989177722
9100.0 2295864.645479732
9110.0 2277663.5316770677
9120.0 2288856.3315060586
9130.0 2346036.278596115
9140.0 2252583.3860222218
9150.0 2228544.297274731
9160.0 2237600.818816126
9170.0 2142141.5671859398
9180.0 2191633.472451999
9190.0 2192385.9792127837
9200.0 2155236.113351228
9210.0 2103122.2155103446
9220.0 2149460.01016742
9230.0 2165358.0119769364
9240.0 2142784.119912703
9250.0 2151078.7037412007
9260.0 2056658.7856047938
9270.0 2202255.0067188754
9280.0 2177886.7162069236
9290.0 2132657.92121862
9300.0 2173654.718509723
9310.0 2177494.2447967934
9320.0 2159312.5884066857
9330.0 2173189.493331218
9340.0 2205278.5833620955
9350.0 2170633.9568925356
9360.0 2111668.465039301
9370.0 2162170.0882528587
9380.0 2129587.287552028
9390.0 2139519.9386981474
9400.0 2101349.9583898224
9410.0 2005955.7736164152
9420.0 2065418.423405882
9430.0 2096091.407131135
9440.0 2070500.8153156547
9450.0 2072272.2995958494
9460.0 2090210.7166174483
9470.0 2130141.4492921513
9480.0 2106517.1773782354
9490.0 2079166.6483732874
9500.0 2113516.0258129817
9510.0 2090140.9389493922
9520.0 2131568.6378938262
9530.0 2087823.4977030663
9540.0 2098947.495042242
9550.0 2054005.9512763373
9560.0 2073445.8307353624
9570.0 2062434.083678371
9580.0 2100820.089837543
9590.0 2109116.5202977606
9600.0 2046566.7225167125
9610.0 2084492.1586561918
9620.0 2068723.5413089292
9630.0 2059692.6842510514
9640.0 2050713.5364525886
9650.0 2026707.6801188164
9660.0 2038837.2859740546
9670.0 2074679.599953497
9680.0 2039593.23038759
9690.0 2025835.1738953257
9700.0 2076392.9314861847
9710.0 2048415.5844921377
9720.0 2046671.6929414729
9730.0 2025179.8852665194
9740.0 2003835.0339913645
9750.0 2017146.000138592
9760.0 2026739.3234014092
9770.0 2035418.5309503854
9780.0 2013324.6385815495
9790.0 2014347.9239563446
9800.0 2040781.9264109524
9810.0 2037855.2391018136
9820.0 2033285.3602497382
9830.0 2017401.0450233433
9840.0 2043541.5087427513
9850.0 2023095.7229248106
9860.0 2036223.0985078032
9870.0 2033947.0107909979
9880.0 2030025.5622107885
9890.0 2006084.3691538712
9900.0 1997492.9626259692
9910.0 2010021.7143244697
9920.0 2023582.730419221
9930.0 2005489.3125106692
9940.0 1993288.9218882227
9950.0 1995637.2494865789
9960.0 2016153.1204029184
9970.0 1998286.0535798636
9980.0 2004270.3666371796
9990.0 1987462.4771085358
10010.0 1979125.5433230442
10020.0 2010245.8946636375
10030.0 1973901.5880915057
10040.0 1986943.0806612016
10050.0 1922325.4259975997
10060.0 1945885.2771200817
10070.0 1973568.7255658482
10080.0 1955871.1653932016
10090.0 1962336.2693056748
10100.0 1946371.4853686513
10110.0 1951061.5365950947
10120.0 1962758.9240059243
10130.0 1975486.5313813663
10140.0 1961396.7600861695
10150.0 1911865.6391986625
10160.0 1918543.0538455183
10170.0 1941389.0738778918
10180.0 1926618.518259834
10190.0 1910264.7041628102
10200.0 1917068.9827827064
10210.0 1917766.9404224374
10220.0 1887602.0133142918
10230.0 1927221.3593290274
10240.0 1927328.326319753
10250.0 1932927.7639200755
10260.0 1929609.9918601683
10270.0 1913591.902967261
10280.0 1926616.4976246385
10290.0 1898159.910729166
10300.0 1901357.1731666755
10310.0 1912144.6523943082
10320.0 1911758.6611926625
10330.0 1855787.4990740477
10340.0 1844920.9474870076
10350.0 1886518.6653286421
10360.0 1896231.5439096347
10370.0 1845901.6848287955
10380.0 1875286.7463249315
10390.0 1894420.2495023746
10400.0 1833606.1132847269
10410.0 1877822.8177272622
10420.0 1854359.5615936192
10430.0 1867846.73655405
10440.0 1875013.692930277
10450.0 1875684.3637234846
10460.0 1833644.616006027
10470.0 1824904.8587029995
10480.0 1853672.5112522938
10490.0 1857466.202662838
10500.0 1832682.3524842071
10510.0 1843611.0112944099
10520.0 1850678.4257939172
10530.0 1821211.8283704685
10540.0 1850154.587440069
10550.0 1839856.524292984
10560.0 1846774.5452044269
10570.0 1815190.1321975298
10580.0 1778044.8975929383
10590.0 1748535.2094225257
10600.0 1797780.3918821705
10610.0 1819293.007894015
10620.0 1799186.9191838615
10630.0 1780986.2293098683
10640.0 1823367.2767480866
10650.0 1816779.7479346949
10660.0 1767686.5936358466
10670.0 1794381.760279146
10680.0 1783554.243504737
10690.0 1712495.1990838782
10700.0 1758485.5554745418
10710.0 1763903.143324448
10720.0 1770185.0850523978
10730.0 1699043.7639210261
10740.0 1786350.7137925602
10750.0 1722730.879826513
10760.0 1786483.6805112264
10770.0 1762823.828357271
10780.0 1740474.3142610192
10790.0 1723842.1375587313
10800.0 1758948.537285866
10810.0 1681791.589345258
10820.0 1789826.3905573806
10830.0 1672776.7488460587
10840.0 1722025.069736857
10850.0 1749102.5666700553
10860.0 1735859.986484727
10870.0 1613343.3596702863
10880.0 1693419.4361702313
10890.0 1695905.1722728058
10900.0 1727003.6148065815
10910.0 1700304.1386552877
10920.0 1726323.2328078754
10930.0 1603694.6521279032
10940.0 1641019.1458311058
10950.0 1656260.1815942444
10960.0 1598373.9640549219
10970.0 1554858.1187314
10980.0 1567971.6880003964
10990.0 1621314.648004481
11000.0 1596611.223332134
11010.0 1556333.8194748093
11020.0 1564202.3263087121
11030.0 1591844.5327880862
11040.0 1611765.264457353
11050.0 1630220.1037244527
11060.0 1574842.9474011622
11070.0 1605385.6412307657
11080.0 1621030.3298056314
11090.0 1605186.9783219942
11100.0 1604753.2663219515
11110.0 1613830.245583728
11120.0 1604855.1707789726
11130.0 1567436.0867682572
11140.0 1642332.0457273966
11150.0 1619939.198368726
11160.0 1612079.3869880761
11170.0 1608432.5877842363
11180.0 1602755.881497108
11190.0 1582556.3440011777
11200.0 1569401.0358621904
11210.0 1582132.6754626532
11220.0 1622315.7541458542
11230.0 1590934.393470859
11240.0 1593083.0254581438
11250.0 1525369.686973513
11260.0 1560457.9326009129
11270.0 1624399.204121664
11280.0 1569031.2502531414
11290.0 1566752.6436579723
11300.0 1565550.744465686
11310.0 1553034.6313087314
11320.0 1606864.9339374187
11330.0 1545206.608248819
11340.0 1599753.5756564352
11350.0 1552091.6794567755
11360.0 1597590.35977192
11370.0 1524583.6914972246
11380.0 1581463.546266383
11390.0 1523928.4982929525
11400.0 1544009.657649215
11410.0 1553936.4198551252
11420.0 1547146.108824446
11430.0 1555197.6802852098
11440.0 1525610.8539778905
11450.0 1566034.8876557657
11460.0 1549852.1707025066
11470.0 1560901.765778619
11480.0 1537252.0272886793
11490.0 1556780.577224795
11500.0 1547455.4184585942
11510.0 1572998.6901348624
11520.0 1549235.7879593547
11530.0 1537940.1480607276
11540.0 1554526.4618780864
11550.0 1548922.8602941663
11560.0 1549325.6122910099
11570.0 1561107.4661668881
11580.0 1550577.2099477826
11590.0 1468884.3035566192
11600.0 1543892.7685632443
11610.0 1412573.504701296
11620.0 1548576.1304577421
11630.0 1526109.4687708397
11640.0 1484087.1918037827
11650.0 1539640.4911937295
11660.0 1533639.8914682085
11670.0 1517749.3305369152
11680.0 1521980.4370782182
11690.0 1459420.4616646816
11700.0 1527585.6330537472
11710.0 1511780.2612965596
11720.0 1516500.5343131134
11730.0 1524180.1600104924
11740.0 1508838.5920671655
11750.0 1483162.944830482
11760.0 1521662.720010103
11770.0 1489841.7849644413
11780.0 1430986.1028612638
11790.0 1507745.1051721922
11800.0 1501865.3788346695
11810.0 1476549.8204373575
11820.0 1496245.320217674
11830.0 1384295.821002918
11840.0 1471026.1632771154
11850.0 1494750.5877246403
11860.0 1481566.9239634385
11870.0 1479732.5562902584
11880.0 1368036.61418897
11890.0 1456343.3640330902
11900.0 1480460.1510758423
11910.0 1485585.8670376723
11920.0 1481054.417393429
11930.0 1491196.9339147897
11940.0 1465243.7270889645
11950.0 1462230.781994917
11960.0 1455950.744254927
11970.0 1350333.396035512
11980.0 1418051.2091637286
11990.0 1404008.5127433564
12000.0 1456217.1591595449
12010.0 1450289.0123379517
12020.0 1459580.7164884605
12030.0 1378800.7156644992
12040.0 1420792.6029299092
12050.0 1451750.2969061446
12060.0 1442219.405123507
12070.0 1435589.1499009558
12080.0 1318516.7413015957
12090.0 1430528.4622060296
12100.0 1397984.4788828557
12110.0 1426717.65515859
12120.0 1430244.4800600028
12130.0 1428462.2106562848
12140.0 1441020.9873730792
12150.0 1431079.5214345467
12160.0 1442933.3677652106
12170.0 1418599.8967865978
12180.0 1425594.6947454552
12190.0 1410359.352966366
12200.0 1400853.678225906
12210.0 1401839.2425507384
12220.0 1420431.0741383904
12230.0 1405350.5238160563
12240.0 1410094.9186001145
12250.0 1413491.1076953253
12260.0 1404134.6323929862
12270.0 1384559.0902843717
12280.0 1409507.5313094896
12290.0 1412703.0012926632
12300.0 1405878.7082791142
12310.0 1400879.4769031154
12320.0 1395853.3482089033
12330.0 1391786.5016091515
12340.0 1354587.1575467016
12350.0 1384381.5407856063
12360.0 1344450.1151892093
12370.0 1379108.4599819055
12380.0 1391982.4155873049
12390.0 1381012.1468524134
12400.0 1358187.5688454595
12410.0 1367948.7147260946
12420.0 1353994.7287630048
12430.0 1347894.4865224864
12440.0 1381295.1210938024
12450.0 1378549.4049091646
12460.0 1371833.1925619931
12470.0 1360678.2121633855
12480.0 1371322.0196517578
12490.0 1369299.574485145
12500.0 1366273.7688772215
12510.0 1335719.6942811813
12520.0 1288152.3172587403
12530.0 1334120.5860168545
12540.0 1359113.6805203734
12550.0 1358675.2671539332
12560.0 1334403.385003112
12570.0 1347753.0707334687
12580.0 1336919.460391951
12590.0 1352586.4803426787
12600.0 1350015.1762683003
12610.0 1330403.2285184003
12620.0 1339613.8081867676
12630.0 1343457.019338952
12640.0 1309940.4561188188
12650.0 1321754.904199857
12660.0 1337368.3332634591
12670.0 1330095.7068707005
12680.0 1317545.691009429
12690.0 1334020.8820561152
12700.0 1334373.0299089884
12710.0 1315243.9515171556
12720.0 1336322.229433949
12730.0 1326932.5499469142
12740.0 1305675.373705798
12750.0 1331671.259833565
12760.0 1328644.5964970954
12770.0 1325088.7204660897
12780.0 1322179.1656080834
12790.0 1313384.6474933745
12800.0 1311298.0952894525
12810.0 1279795.2588299594
12820.0 1198964.790306876
12830.0 1281321.0898603785
12840.0 1303134.0822840878
12850.0 1304080.2075857176
12860.0 1312135.4087261816
12870.0 1303189.5122564698
12880.0 1283460.9639281165
12890.0 1307578.027159329
12900.0 1251883.0881841152
12910.0 1281905.7615082061
12920.0 1284804.3872339292
12930.0 1281405.1359496873
12940.0 1285174.186086827
12950.0 1286793.9050416923
12960.0 1285716.2046980404
12970.0 1268334.8538897098
12980.0 1262181.3019259998
12990.0 1279571.514304016
13000.0 1281404.832389314
13010.0 1275265.5978811453
13020.0 1281895.0529831708
13030.0 1255114.6042134347
13040.0 1261868.4769129215
13050.0 1272979.0089991833
13060.0 1261112.1984955866
13070.0 1273509.2957527193
13080.0 1271488.9979913258
13090.0 1268783.0031158186
13100.0 1247460.4819120662
13110.0 1271166.4300449442
13120.0 1186232.2483775094
13130.0 1252652.200566119
13140.0 1254968.0753480203
13150.0 1180773.5812483588
13160.0 1257214.5588423444
13170.0 1263963.7956295738
13180.0 1227169.0918827918
13190.0 1257273.717551869
13200.0 1239059.8322622536
13210.0 1230686.541112041
13220.0 1244920.95365316
13230.0 1255881.0212299586
13240.0 1256247.305143262
13250.0 1241168.2804507005
13260.0 1235017.1796497186
13270.0 1236696.1954720174
13280.0 1229202.8151180106
13290.0 1187926.3601517463
13300.0 1232447.972380113
13310.0 1234182.0403934673
13320.0 1187347.7087887267
13330.0 1227628.6586298114
13340.0 1231255.1922242187
13350.0 1213057.0191491048
13360.0 1235534.336485974
13370.0 1225438.065625103
13380.0 1221410.7717265855
13390.0 1193103.6035435903
13400.0 1213475.583014907
13410.0 1222640.4676399087
13420.0 1209890.5897032244
13430.0 1216074.0180521621
13440.0 1223880.8996151807
13450.0 1210931.4609514487
13460.0 1209671.5078474635
13470.0 1217717.8974740577
13480.0 1213239.9821494268
13490.0 1206206.3840356958
13500.0 1192985.7897937745
13510.0 1217017.2233599823
13520.0 1206079.0710510975
13530.0 1211680.6257874426
13540.0 1211057.2516361994
13550.0 1178495.3438529528
13560.0 1187437.7256839154
13570.0 1184386.46429792
13580.0 1202668.2735600574
13590.0 1186560.335014462
13600.0 1169836.477510694
13610.0 1202601.6942071507
13620.0 1195838.6967677944
13630.0 1162938.8236451885
13640.0 1170709.6408301757
13650.0 1186010.5587828017
13660.0 1190141.5205234732
13670.0 1169816.2186613544
13680.0 1160922.1706009735
13690.0 1178703.9987596143
13700.0 1173192.7824834443
13710.0 1172760.7769620211
13720.0 1161921.1080134253
13730.0 1149995.9336764778
13740.0 1174088.7835649531
13750.0 1174679.5829863343
13760.0 1150800.7156992406
13770.0 1170907.793684169
13780.0 1169349.232061868
13790.0 1171449.7243293356
13800.0 1173691.9802678784
13810.0 1169876.7463411111
13820.0 1143639.2626448267
13830.0 1163284.3354251073
13840.0 1170776.9550498717
13850.0 1133764.2546628474
13860.0 1140761.1840343927
13870.0 1156509.5168419415
13880.0 1160265.1605738725
13890.0 1157389.7196638773
13900.0 1131540.375361041
13910.0 1156676.9357769566
13920.0 1153703.3763621668
13930.0 1154617.9688264679
13940.0 1148224.3086550992
13950.0 1133303.2625385604
13960.0 1146512.6818021822
13970.0 1142960.6891596278
13980.0 1140091.4339783066
13990.0 1135989.3842934822
14000.0 1101237.9856976634
14010.0 1119179.2985440083
14020.0 1145015.0467192547
14030.0 1122211.3198488294
14040.0 1130636.7800320932
14050.0 1143985.050998165
14060.0 1107498.2764770475
14070.0 1096622.0605888239
14080.0 1108465.0504969275
14090.0 1113442.399933683
14100.0 1100464.4546548114
14110.0 1096970.8230972665
14120.0 1067377.4094920494
14130.0 1051307.7012089859
14140.0 1094931.1960604128
14150.0 1096087.6021065442
14160.0 1069140.2206164135
14170.0 1096520.8570712628
14180.0 1057506.9542609076
14190.0 1080218.2905358712
14200.0 1071241.545114093
14210.0 1061090.579041903
14220.0 1065213.2494006145
14230.0 1080440.7753473157
14240.0 1039762.2595334129
14250.0 1046863.9639438972
14260.0 1040875.012690462
14270.0 1046359.0102074716
14280.0 1067401.7245262929
14290.0 1014453.9289166732
14300.0 1072519.5551443377
14310.0 1039248.0242036006
14320.0 1064049.3431292605
14330.0 1089374.9452975348
14340.0 1065656.9614431786
14350.0 1060372.839009361
14360.0 1085314.8447419757
14370.0 1064340.0073216716
14380.0 1085351.8114125845
14390.0 1070228.3926794673
14400.0 984988.6360746457
14410.0 1079636.137694099
14420.0 1037683.9334371571
14430.0 1061654.9702403739
14440.0 1022128.8528254173
14450.0 1091592.4031552335
14460.0 1022188.9339128044
14470.0 1078214.7705258382
14480.0 1025990.4323252906
14490.0 1058470.3263302746
14500.0 1031286.7126490723
14510.0 1015069.4919460469
14520.0 1054908.5690223842
14530.0 1028980.9227820408
14540.0 1018641.4179748927
14550.0 1017079.5780917068
14560.0 1038583.466171724
14570.0 1018730.4803382849
14580.0 1049732.0859444765
14590.0 1022514.5806357852
14600.0 995996.548811012
14610.0 1046526.2312422787
14620.0 1029479.0633639818
14630.0 1018180.7785912431
14640.0 1037949.7743841254
14650.0 949817.5135896989
14660.0 1028648.6455116979
14670.0 1038651.2431116492
14680.0 1011712.7828969329
14690.0 1026524.6448163779
14700.0 998117.0870977379
14710.0 1007762.9404683852
14720.0 994469.8276133819
14730.0 1032214.8916516186
14740.0 1017334.0116041441
14750.0 971496.2254566741
14760.0 1029619.505567018
14770.0 999858.7975298768
14780.0 1004623.0573779114
14790.0 1035078.2000724104
14800.0 1016062.493117461
14810.0 997713.5107040575
14820.0 1026301.7380091661
14830.0 984240.3925802613
14840.0 1011624.7211269785
14850.0 1020040.048752291
14860.0 990080.3630430727
14870.0 977905.3439061565
14880.0 844238.4630788919
14890.0 1025855.2387550252
14900.0 979985.0098117493
14910.0 981477.3648551453
14920.0 1027423.0779636889
14930.0 1014041.6177338326
14940.0 1016637.3890942449
14950.0 1007117.6413804694
14960.0 973286.4550148245
14970.0 992272.2815381024
14980.0 981713.0635092434
14990.0 1013893.8566535589
15000.0 1001957.5399167676
15010.0 989483.2145211588
15020.0 910044.9537771669
15030.0 934299.1959429389
15040.0 901938.564884748
15050.0 897311.6456607978
15060.0 989796.0511080219
15070.0 1010655.21391214
15080.0 981511.5745178506
15090.0 1000192.8141879665
15100.0 963856.8925692505
15110.0 1003576.8561369056
15120.0 957042.7897788024
15130.0 994086.1219150934
15140.0 965019.2514260341
15150.0 1010057.3818323278
15160.0 946947.1671649512
15170.0 1000503.0089650064
15180.0 970348.087996295
15190.0 982583.7315573049
15200.0 965409.1008025532
15210.0 959240.7678750363
15220.0 937110.3933122485
15230.0 969487.610963589
15240.0 964673.5818646657
15250.0 977323.2830122217
15260.0 956400.6599808141
15270.0 990874.1418421593
15280.0 976578.1335522215
15290.0 921023.9574573959
15300.0 968780.5758725505
15310.0 985352.0656001328
15320.0 965183.3092600384
15330.0 968271.1483731676
15340.0 938977.2176924904
15350.0 970600.4234718046
15360.0 969170.851551222
15370.0 992148.2482429103
15380.0 947716.1000682341
15390.0 945843.2224743462
15400.0 939713.121491664
15410.0 983136.5150101552
15420.0 947238.3812026385
15430.0 966017.165872666
15440.0 968778.9227109568
15450.0 969997.3979175395
15460.0 963769.8380843388
15470.0 965401.7940448895
15480.0 953208.1802285931
15490.0 951655.4427503402
15500.0 946341.8778035716
15510.0 952910.0814293401
15520.0 966132.2591445119
15530.0 936848.5081360338
15540.0 923150.4285959866
15550.0 946083.7097251989
15560.0 912487.7687000023
15570.0 939123.8753985061
15580.0 952842.8057417345
15590.0 899180.5700680567
15600.0 953626.3225639426
15610.0 955884.8651824133
15620.0 918844.1713366747
15630.0 921355.4069959748
15640.0 940600.4994571761
15650.0 941455.5170044237
15660.0 916801.415723165
15670.0 921065.152945956
15680.0 918861.7539800579
15690.0 890686.0138537519
15700.0 918267.8442298794
15710.0 931626.5107823865
15720.0 914608.4230065253
15730.0 937432.4525735528
15740.0 879733.1122297364
15750.0 862147.112977184
15760.0 920648.7955950398
15770.0 774429.8766142707
15780.0 928764.4368275037
15790.0 918218.0393935215
15800.0 919718.7304596938
15810.0 935324.1612054992
15820.0 856802.6504763273
15830.0 915100.1580094442
15840.0 911940.6366880193
15850.0 919535.663908951
15860.0 901789.260323666
15870.0 885482.3226513211
15880.0 848670.4637750725
15890.0 796575.8077172467
15900.0 856601.5463283819
15910.0 856533.7898750314
15920.0 907932.4257002566
15930.0 909247.808970815
15940.0 906306.4086520416
15950.0 901473.6485568687
15960.0 848113.007415167
15970.0 916467.4679680245
15980.0 875285.0293800483
15990.0 909825.7794881457
16000.0 903839.3671196112
16010.0 857738.0472559632
16020.0 904405.3718511597
16030.0 915760.1153257537
16040.0 865725.86450887
16050.0 907850.5037031523
16060.0 870892.3185274374
16070.0 887593.9145566319
16080.0 901399.8830220172
16090.0 865561.9156289916
16100.0 842204.0687409361
16110.0 856400.5388428854
16120.0 872047.8683084252
16130.0 883943.0949581789
16140.0 880864.3679482685
16150.0 862468.5193658695
16160.0 832940.0740978401
16170.0 886819.1229623938
16180.0 866833.0929917386
16190.0 851609.2257818006
16200.0 817490.6912681839
16210.0 862202.3056674249
16220.0 880341.0769972829
16230.0 856255.7153996857
16240.0 855229.7431970504
16250.0 882615.4129697576
16260.0 883425.2260920602
16270.0 890395.6596655563
16280.0 884977.6038926246
16290.0 877138.1626881044
16300.0 876416.260508114
16310.0 875652.5878326644
16320.0 847895.0842908041
16330.0 858635.7224409825
16340.0 882455.7785363289
16350.0 867863.2318555908
16360.0 842390.7121111562
16370.0 853073.8135166136
16380.0 793726.2959866179
16390.0 830513.4981207491
16400.0 780692.8618672111
16410.0 778146.9840308111
16420.0 840817.1599362087
16430.0 847144.5145826801
16440.0 812671.1075828169
16450.0 845330.6361161805
16460.0 867293.9969382873
16470.0 827411.8276463961
16480.0 851723.9806282414
16490.0 806910.2262066875
16500.0 858293.4699571051
16510.0 845207.6682919601
16520.0 826622.6456670705
16530.0 845164.0664550744
16540.0 812830.5477930532
16550.0 827792.0919850726
16560.0 813559.5748462317
16570.0 838050.4139586025
16580.0 829423.969020501
16590.0 817312.6775022245
16600.0 839641.3115534657
16610.0 818444.0493274035
16620.0 808909.2966657142
16630.0 800917.4042844555
16640.0 813222.0664606467
16650.0 781035.1268187976
16660.0 817807.7793694328
16670.0 792587.1980541612
16680.0 798344.5904091774
16690.0 819319.1051862702
16700.0 824674.1054399736
16710.0 802488.025443189
16720.0 770736.5096756681
16730.0 812159.4325369791
16740.0 809269.3563695219
16750.0 759295.6292372664
16760.0 781962.8149477465
16770.0 811679.4797613749
16780.0 795100.7124615308
16790.0 787194.7094009122
16800.0 756164.6154469958
16810.0 732963.413143098
16820.0 743051.220455894
16830.0 782084.8360825256
16840.0 776704.0765313079
16850.0 794744.99089251
16860.0 761553.532830409
16870.0 772534.5555109631
16880.0 781005.6826206904
16890.0 767172.5674265876
16900.0 763054.6061174436
16910.0 786231.395640687
16920.0 788676.5973960429
16930.0 776763.2294600569
16940.0 789041.4447858225
16950.0 780649.8064157052
16960.0 775528.2088065548
16970.0 757082.6633311247
16980.0 765745.9397263513
16990.0 756431.3877882833
17000.0 740385.3326047227
17010.0 720530.7370671683
17020.0 758592.2560123206
17030.0 756670.1141797764
17040.0 769852.648307227
17050.0 761847.6161945384
17060.0 747997.838479805
17070.0 742756.9866169652
17080.0 756743.9758382321
17090.0 744923.1937355706
17100.0 748468.7134069555
17110.0 667147.8863004996
17120.0 747947.2326748404
17130.0 745919.524776138
17140.0 752317.6658280885
17150.0 749446.9590865899
17160.0 732489.6261497114
17170.0 748014.5872089969
17180.0 742511.9869006745
17190.0 741417.9463746947
17200.0 731857.9083858151
17210.0 734476.1286180174
17220.0 735554.6242659189
17230.0 685732.3165373615
17240.0 735623.1748713364
17250.0 725116.2331902212
17260.0 732597.784899274
17270.0 719859.370043108
17280.0 713288.7683100734
17290.0 724497.1143510792
17300.0 705189.7745795178
17310.0 718690.2080595123
17320.0 710245.5527329227
17330.0 660538.5416772766
17340.0 684005.904152803
17350.0 695225.697577321
17360.0 641910.5167326818
17370.0 679220.0853157854
17380.0 698306.8152519854
17390.0 689824.6279853776
17400.0 703680.7717827671
17410.0 671232.371814941
17420.0 693431.9303949658
17430.0 697541.8542556262
17440.0 708798.5844356681
17450.0 692702.2229359832
17460.0 693227.1333829457
17470.0 659421.9720168095
17480.0 700746.0732060524
17490.0 701854.4611907763
17500.0 685859.7615977129
17510.0 682369.0641518976
17520.0 693017.8795485598
17530.0 691766.1191309771
17540.0 688889.7995020995
17550.0 676356.2195907735
17560.0 684112.4009688117
17570.0 690639.6809058666
17580.0 679586.7904038862
17590.0 688969.3966718997
17600.0 675861.7893136805
17610.0 667118.0374643832
17620.0 643835.9392766075
17630.0 682776.801771409
17640.0 644995.6420994598
17650.0 682750.6821606893
17660.0 659155.6768230392
17670.0 667473.2825640487
17680.0 643529.5555591969
17690.0 669863.9467225333
17700.0 661056.4282446665
17710.0 649394.4423776915
17720.0 636846.8430403915
17730.0 660250.9109801827
17740.0 653759.4618842431
17750.0 650586.8686365266
17760.0 644516.4249820116
17770.0 637501.4343094828
17780.0 651723.6705453831
17790.0 651392.3672829678
17800.0 653410.5362386681
17810.0 648880.6323931842
17820.0 646880.2452682242
17830.0 650522.8300732629
17840.0 634525.2587128282
17850.0 634713.9070356205
17860.0 634323.5363931048
17870.0 643840.8472871898
17880.0 649772.0976230297
17890.0 648281.8291511859
17900.0 647767.633674612
17910.0 642961.65652676
17920.0 637832.3101263461
17930.0 619105.8711289691
17940.0 618472.7377173654
17950.0 642369.4983970708
17960.0 638960.2261143955
17970.0 629940.6252848452
17980.0 627267.430127437
17990.0 633482.5899578122
18000.0 624389.2831555655
18010.0 628036.3408457653
18020.0 619537.408770577
18030.0 607107.1431699294
18040.0 621699.9141692762
18050.0 616055.298142723
18060.0 620005.3065689816
18070.0 618672.0750037053
18080.0 608636.211278756
18090.0 615293.3181743978
18100.0 598467.6273933969
18110.0 607571.8836125175
18120.0 611089.8638451225
18130.0 616887.870788604
18140.0 609624.8329305329
18150.0 601187.315904686
18160.0 581314.8630739226
18170.0 549190.5426812213
18180.0 567740.2865249088
18190.0 597070.3784899861
18200.0 605281.5797134535
18210.0 607980.0053086112
18220.0 586140.4533920814
18230.0 596690.8522377786
18240.0 603642.5286087493
18250.0 602590.1970426318
18260.0 603717.6444574867
18270.0 601191.0946790153
18280.0 581626.8920347508
18290.0 596760.6274055399
18300.0 586818.1634614562
18310.0 597280.9678677322
18320.0 584195.2800516981
18330.0 599269.9231596823
18340.0 587317.2065802396
18350.0 585516.6202838734
18360.0 583699.5299661113
18370.0 558074.3769331855
18380.0 583793.3757593147
18390.0 579392.0592501692
18400.0 576650.7628558557
18410.0 562258.1351788178
18420.0 548984.6406565728
18430.0 570805.4924661368
18440.0 575172.9148398682
18450.0 572372.0748825527
18460.0 580731.7816454994
18470.0 553383.286917976
18480.0 577647.5398927775
18490.0 573958.2495569722
18500.0 573710.5195847205
18510.0 574589.2961676333
18520.0 554253.0187506652
18530.0 559577.4630421047
18540.0 572102.0404370275
18550.0 542345.5989182576
18560.0 562399.0935062517
18570.0 570759.7238277746
18580.0 540441.5770649986
18590.0 564315.7599885376
18600.0 565435.0992255678
18610.0 556181.960135632
18620.0 554688.702567845
18630.0 553077.2882228609
18640.0 557179.1840283006
18650.0 554140.1928950727
18660.0 539861.205495
18670.0 557687.0540326779
18680.0 545097.7050463672
18690.0 552628.2872930886
18700.0 552886.1860327619
18710.0 546317.4738428986
18720.0 527164.9034086497
18730.0 545291.7215906237
18740.0 529754.9110028459
18750.0 461312.9973091962
18760.0 518549.26165234065
18770.0 521859.0205542584
18780.0 541412.4077575067
18790.0 536000.6846802719
18800.0 544163.1649631391
18810.0 545038.8490743127
18820.0 532464.8043788025
18830.0 541595.8461052171
18840.0 534712.996932921
18850.0 533837.1842702855
18860.0 507692.848770602
18870.0 531971.6569680485
18880.0 512652.4078163575
18890.0 518202.15294909896
18900.0 504877.3595691291
18910.0 512499.64181168604
18920.0 514018.25536822586
18930.0 506013.1157852028
18940.0 513677.67760294274
18950.0 520649.0027250829
18960.0 505978.29850720963
18970.0 508562.44670968916
18980.0 525720.4251417988
18990.0 507587.9860381326
19000.0 519290.4936526162
19010.0 521009.7631432404
19020.0 522430.4153242594
19030.0 507846.631120295
19040.0 517609.9508282232
19050.0 509103.7905191373
19060.0 518197.02153063595
19070.0 520467.3007805401
19080.0 503402.343059666
19090.0 517563.2488362159
19100.0 512352.80953807844
19110.0 496352.0498944605
19120.0 502805.40444757894
19130.0 512276.1757738992
19140.0 504029.7476486147
19150.0 508124.28744443756
19160.0 503590.87384826253
19170.0 505860.5141274466
19180.0 507038.71490395215
19190.0 489226.5247167727
19200.0 498840.2686842649
19210.0 494871.55795490684
19220.0 500081.04729850194
19230.0 503450.22906725033
19240.0 502375.73125713965
19250.0 493620.4957526691
19260.0 488155.9510372379
19270.0 489479.7907262761
19280.0 490265.5673587552
19290.0 496432.13426647935
19300.0 492530.46413743007
19310.0 470994.97816956294
19320.0 493637.8402652366
19330.0 492271.3332776645
19340.0 471521.8342057292
19350.0 491152.0875678106
19360.0 492753.4211000823
19370.0 492763.57032842335
19380.0 489015.2600277827
19390.0 469242.5577021381
19400.0 480860.80596173997
19410.0 482976.1936034197
19420.0 481594.96862724045
19430.0 441596.7594138152
19440.0 449190.8304027583
19450.0 413712.71050420654
19460.0 467124.2296589371
19470.0 466563.3083302991
19480.0 466799.2722137694
19490.0 458876.1578790194
19500.0 474992.9609587099
19510.0 430443.14620190667
19520.0 478655.78986723855
19530.0 471803.4513086795
19540.0 466801.3004583155
19550.0 476250.30982942885
19560.0 475802.333675011
19570.0 472656.16848881956
19580.0 463707.3108912358
19590.0 463000.4018612305
19600.0 461459.56356836826
19610.0 455885.1200387917
19620.0 465525.5164268329
19630.0 446805.8532423038
19640.0 455413.2176756402
19650.0 468403.5019366061
19660.0 466032.0151462991
19670.0 465035.325952025
19680.0 463372.26388926455
19690.0 462431.5392761353
19700.0 462574.78909817926
19710.0 459808.73825065565
19720.0 429838.78223588475
19730.0 446441.26422090235
19740.0 453184.4703045251
19750.0 454554.60540946556
19760.0 454766.637625259
19770.0 454195.13781129476
19780.0 411835.3414465711
19790.0 441101.1001192047
19800.0 452560.42506498063
19810.0 452188.5805485578
19820.0 449191.54551643936
19830.0 452327.29274093924
19840.0 452862.58161036816
19850.0 420408.0274006093
19860.0 420072.90070807806
19870.0 444072.15983766125
19880.0 443600.47780069057
19890.0 447424.7618216227
19900.0 445123.41327112954
19910.0 442636.82536418794
19920.0 432861.79477772606
19930.0 416795.9212162556
19940.0 441596.21450685884
19950.0 436436.32460932736
19960.0 429015.9416655188
19970.0 419676.9644537441
19980.0 436005.2925001865
19990.0 438459.0945515871
20010.0 434993.37916879705
20020.0 427586.516859428
20030.0 427938.7413709829
20040.0 429642.1127550471
20050.0 418659.25078236056
20060.0 429644.47568519216
20070.0 426708.26705228456
20080.0 428189.4252935079
20090.0 423577.4902387207
20100.0 428831.54244800017
20110.0 427988.5692912752
20120.0 429192.4233810241
20130.0 425181.70409925707
20140.0 418360.71133654856
20150.0 425148.3851577666
20160.0 425135.0854759341
20170.0 421653.65227298025
20180.0 424368.94564234413
20190.0 417648.3653309122
20200.0 416000.36638716864
20210.0 401282.85517427814
20220.0 417116.1252137623
20230.0 411359.92165371706
20240.0 409211.70465425035
20250.0 416701.89397527295
20260.0 409055.58966593404
20270.0 411568.9118726567
20280.0 408793.2004178276
20290.0 411597.2153634196
20300.0 390230.4475762341
20310.0 415089.94403659675
20320.0 411845.85800215445
20330.0 409051.0100502406
20340.0 394694.77470463916
20350.0 403424.8374843546
20360.0 406931.3865817431
20370.0 405026.01194821455
20380.0 385578.963392787
20390.0 408143.32110016997
20400.0 402458.945132791
20410.0 391059.5033403633
20420.0 404233.04920742614
20430.0 405386.92945070367
20440.0 403228.8257955945
20450.0 399947.58816383773
20460.0 402827.2667152316
20470.0 397483.1114097419
20480.0 402565.68206985487
20490.0 401850.1687784558
20500.0 400159.3716716219
20510.0 397919.6473405738
20520.0 384434.6308892309
20530.0 397736.7671825458
20540.0 390244.07936897426
20550.0 395205.25770886993
20560.0 394091.85174221505
20570.0 392388.95162869385
20580.0 392890.21741126047
20590.0 384213.1191594153
20600.0 369404.06662310986
20610.0 391228.16095874406
20620.0 389385.80622086284
20630.0 346288.03831936966
20640.0 388314.2261630766
20650.0 389760.46988060593
20660.0 388529.7793595484
20670.0 367909.0747094482
20680.0 380841.58576897165
20690.0 382767.32272164285
20700.0 368017.69079801516
20710.0 377423.4776870491
20720.0 377202.04813332605
20730.0 381943.44830909214
20740.0 375269.3943958179
20750.0 381745.60592282953
20760.0 371459.98328810197
20770.0 364413.3462628208
20780.0 379852.0799562541
20790.0 377415.869336276
20800.0 370461.04930206377
20810.0 378166.9950381482
20820.0 374892.86555809336
20830.0 360262.7313762481
20840.0 363961.8819767932
20850.0 371938.7181434205
20860.0 375427.37996649806
20870.0 371058.5471174887
20880.0 369083.7599440256
20890.0 369221.1181473098
20900.0 371480.4218991229
20910.0 371237.21112957713
20920.0 352539.733984359
20930.0 367056.2327139407
20940.0 369089.32502483594
20950.0 367613.1628618895
20960.0 362039.8060446273
20970.0 363460.1548156792
20980.0 365448.7887667465
20990.0 362731.1282544074
21000.0 369176.69302542054
21010.0 358721.8833094207
21020.0 359547.37872153934
21030.0 366854.65665970143
21040.0 364531.3910644294
21050.0 365721.0477703557
21060.0 360083.5498618533
21070.0 355190.7806981657
21080.0 358257.3998304784
21090.0 350323.0978035066
21100.0 360110.2409345289
21110.0 356373.89938149
21120.0 356079.0032438005
21130.0 358329.155277151
21140.0 354092.2662447887
21150.0 356992.54553003196
21160.0 339542.4301802477
21170.0 354232.5051699361
21180.0 352671.03482213186
21190.0 333737.9848790937
21200.0 348150.4401070966
21210.0 347782.5504380753
21220.0 347776.345863185
21230.0 332635.74657484394
21240.0 345462.8942104061
21250.0 350722.6229180218
21260.0 344822.0188144855
21270.0 347510.5997842535
21280.0 346584.87572999235
21290.0 347764.3268082218
21300.0 347467.49285046366
21310.0 348659.6639439176
21320.0 343367.1299879658
21330.0 346674.5110389254
21340.0 343789.35716181714
21350.0 331703.75813913083
21360.0 345348.40420179715
21370.0 345779.2450848538
21380.0 343609.02097475895
21390.0 341525.95185518585
21400.0 342529.2875842578
21410.0 342858.39812188654
21420.0 343431.20366040716
21430.0 336372.44416731433
21440.0 337691.9038880235
21450.0 335435.12470536696
21460.0 335090.07459745125
21470.0 338976.84443041624
21480.0 337510.73908686487
21490.0 334217.9185681726
21500.0 337811.48294532194
21510.0 337021.4120023377
21520.0 332478.54581768776
21530.0 332556.9211090093
21540.0 330938.08788891253
21550.0 333108.7960930015
21560.0 332854.1658182237
21570.0 333028.31224657834
21580.0 333122.6402492303
21590.0 326990.49281195505
21600.0 331278.61004716146
21610.0 326284.6118512087
21620.0 328314.15828931093
21630.0 326602.52917499933
21640.0 319680.0046990691
21650.0 302570.46485275583
21660.0 302662.0295058097
21670.0 313880.0468264049
21680.0 322325.10845844215
21690.0 320735.7228009121
21700.0 320902.7417981337
21710.0 321736.3052754818
21720.0 323779.5533690602
21730.0 324285.8060138011
21740.0 317662.203208227
21750.0 319727.8048871618
21760.0 311846.9710478027
21770.0 320795.7417535484
21780.0 297527.74384563824
21790.0 317170.4354571496
21800.0 321559.8929683699
21810.0 320599.8958928726
21820.0 304749.63775921083
21830.0 318454.29408928554
21840.0 318830.3448625907
21850.0 317263.85015893873
21860.0 316603.55980964325
21870.0 311821.64387829485
21880.0 299264.6023974975
21890.0 313221.0464304495
21900.0 308602.1446684629
21910.0 313887.1384127723
21920.0 315601.2265070158
21930.0 313629.6488505801
21940.0 307736.0755544695
21950.0 312486.5665371811
21960.0 313024.8618890929
21970.0 311156.2015554433
21980.0 311275.82546664466
21990.0 309774.56357391516
22000.0 307126.7501639061
22010.0 308223.0203971516
22020.0 308554.10891775484
22030.0 306375.5418016811
22040.0 305116.1888830852
22050.0 305068.97019164206
22060.0 279879.1857244212
22070.0 300453.96542648715
22080.0 298558.1294208802
22090.0 304973.71753436315
22100.0 303504.4298778985
22110.0 301143.02349457436
22120.0 304860.57901928073
22130.0 303873.5558023235
22140.0 303488.8067592035
22150.0 302485.04186630144
22160.0 297938.17105547676
22170.0 299040.54744564986
22180.0 301063.331856341
22190.0 301510.48349014035
22200.0 300338.8191143836
22210.0 297759.4587630156
22220.0 300452.1846013231
22230.0 296733.53995485755
22240.0 297982.3395972394
22250.0 298828.57409827027
22260.0 287858.7327688298
22270.0 293656.7155213861
22280.0 292536.56216377794
22290.0 296280.3529044977
22300.0 292691.7674995171
22310.0 293379.80637496716
22320.0 294600.2691387264
22330.0 295249.2547693967
22340.0 293126.5316650706
22350.0 292700.59248769894
22360.0 293547.89671150973
22370.0 292474.54474966275
22380.0 283236.81682555634
22390.0 285124.9728089954
22400.0 291866.95269103016
22410.0 289843.79638595367
22420.0 284912.1041364491
22430.0 289135.05566116265
22440.0 287113.8642925075
22450.0 288248.60027483455
22460.0 288219.1333236893
22470.0 280088.06991909025
22480.0 286398.7901083911
22490.0 286197.89389892604
22500.0 287066.0212744863
22510.0 283308.6323459697
22520.0 283532.2468456432
22530.0 283477.0649924419
22540.0 270804.0193338611
22550.0 281005.1394681122
22560.0 282268.15635462553
22570.0 281181.664577322
22580.0 282358.6265270559
22590.0 282454.4722762898
22600.0 282120.86178805603
22610.0 276065.41498541104
22620.0 269068.45192462055
22630.0 277284.1325657462
22640.0 279200.6169175714
22650.0 273824.29501565645
22660.0 278185.2802870757
22670.0 277590.85138150316
22680.0 278294.19175446854
22690.0 276669.4545871675
22700.0 277015.8360009927
22710.0 271690.04184390244
22720.0 276563.1858578063
22730.0 275939.4735336712
22740.0 270192.2848921994
22750.0 273267.6197868158
22760.0 272195.5422399766
22770.0 274792.33227373287
22780.0 272464.5516248991
22790.0 270749.14762664854
22800.0 270184.2388191053
22810.0 249714.75071834045
22820.0 267155.3005923473
22830.0 268906.31616404786
22840.0 271190.31679077557
22850.0 269391.64768327906
22860.0 266532.88208090246
22870.0 268805.63006055576
22880.0 268765.37155710044
22890.0 268182.7599747418
22900.0 269571.0514551105
22910.0 265479.3733016748
22920.0 267872.3269493176
22930.0 216191.06396143194
22940.0 226757.00441224826
22950.0 243516.34845679632
22960.0 236573.93589959983
22970.0 242274.3867250006
22980.0 246563.20101853754
22990.0 250854.33871957834
23000.0 253990.71990186383
23010.0 251468.32991199207
23020.0 253832.4445091387
23030.0 254487.74800501697
23040.0 252583.31487143808
23050.0 252161.04514226888
23060.0 253691.6187555725
23070.0 252442.43588282075
23080.0 255056.67629616245
23090.0 252120.04018922496
23100.0 258570.98736574076
23110.0 251359.0779614156
23120.0 251421.804402729
23130.0 253216.05216405194
23140.0 246174.93572808505
23150.0 255878.5827426504
23160.0 245871.53294114687
23170.0 250354.56645672422
23180.0 249569.9432999865
23190.0 252154.86344264104
23200.0 250835.74678105203
23210.0 249502.71342639104
23220.0 210545.0034482215
23230.0 207422.7566289521
23240.0 226221.51637375716
23250.0 223814.02541630238
23260.0 232463.9610158892
23270.0 230871.4422071591
23280.0 236471.73204238783
23290.0 241146.54740710428
23300.0 227614.836061065
23310.0 235038.70778757066
23320.0 241589.29281687527
23330.0 235548.5009503072
23340.0 243866.37244078732
23350.0 232527.49602514307
23360.0 239589.46918478215
23370.0 234709.0045713636
23380.0 232302.6331363457
23390.0 242010.15480959765
23400.0 237741.78963446163
23410.0 235627.90764646837
23420.0 238572.64883479688
23430.0 238517.0830889055
23440.0 241274.68052269667
23450.0 233910.73104713004
23460.0 237542.56475277324
23470.0 241228.6937618989
23480.0 233294.5913653016
23490.0 235758.94441594701
23500.0 239846.90044335547
23510.0 233282.95959258368
23520.0 185915.79183430626
23530.0 199617.63720672214
23540.0 214480.03549234933
23550.0 212367.42694273716
23560.0 219460.63143364343
23570.0 221062.45896068338
23580.0 221387.41953851137
23590.0 222258.54200618502
23600.0 226453.66973732415
23610.0 224006.39938360994
23620.0 219888.38201096567
23630.0 228460.15762431847
23640.0 223475.0535412923
23650.0 224647.46804192863
23660.0 223292.4926522103
23670.0 226280.72022766995
23680.0 224711.91082753224
23690.0 225223.4844145856
23700.0 227714.2208822398
23710.0 227388.6603830659
23720.0 216829.16289489984
23730.0 221713.7082162657
23740.0 211648.0765132357
23750.0 221508.04777220878
23760.0 224144.18195327345
23770.0 226702.67901210638
23780.0 223720.09896504533
23790.0 224698.72189917794
23800.0 222119.38770381847
23810.0 226873.41640545928
23820.0 204442.40797284414
23830.0 174968.29570144304
23840.0 195540.3197692688
23850.0 199488.49997135796
23860.0 197643.64299367167
23870.0 204863.40896180595
23880.0 218657.7377767339
23890.0 206255.24937016965
23900.0 206950.38380728543
23910.0 215605.8811353677
23920.0 201264.94121702848
23930.0 219708.06419884268
23940.0 208281.16993827
23950.0 212880.6790515004
23960.0 214446.62986881784
23970.0 208038.90405373927
23980.0 214147.6209816821
23990.0 223735.40074611068
24000.0 201206.0832344179
24010.0 217636.98083331238
24020.0 211457.84656007547
24030.0 216725.6174212187
24040.0 212593.16101508256
24050.0 208988.4273253453
24060.0 217756.33638783556
24070.0 216103.65150172258
24080.0 208499.36481666454
24090.0 215406.3141003321
24100.0 211510.45615528777
24110.0 212159.46102881146
24120.0 216555.30871131085
24130.0 200678.7090443187
24140.0 169591.59206951852
24150.0 183354.96782093207
24160.0 185703.14636696439
24170.0 200898.36762529545
24180.0 197527.7715969249
24190.0 192272.66980660375
24200.0 207450.59542562166
24210.0 201794.53525297678
24220.0 203527.63773324466
24230.0 197844.76284554496
24240.0 203923.16053247245
24250.0 198930.7809401957
24260.0 202140.52399647268
24270.0 203575.41965526293
24280.0 197097.16789140223
24290.0 207364.73877893257
24300.0 204375.9322705131
24310.0 199591.2938279945
24320.0 209126.18717977448
24330.0 196452.83851317628
24340.0 204416.96228797935
24350.0 199249.38845502966
24360.0 201989.68717155844
24370.0 193992.4689483753
24380.0 204618.9019860476
24390.0 205194.998064717
24400.0 197438.65657455203
24410.0 202967.43760982304
24420.0 202641.1209931668
24430.0 209908.19868390504
24440.0 190110.00560306734
24450.0 196643.58697146017
24460.0 170175.09076486295
24470.0 170905.61712982267
24480.0 192466.18598498206
24490.0 187858.9373819037
24500.0 183206.33130913455
24510.0 184130.52770105196
24520.0 189762.80660822935
24530.0 194170.92800270452
24540.0 187237.75184730883
24550.0 190085.35083648033
24560.0 184083.40955837377
24570.0 181756.38341276604
24580.0 200027.17977824362
24590.0 189025.27854204425
24600.0 197118.21979288224
24610.0 196245.5433992177
24620.0 191921.16941295107
24630.0 196759.95789886467
24640.0 190550.48879067638
24650.0 191362.02213691786
24660.0 198195.03789952173
24670.0 195310.2159700807
24680.0 186484.1739096713
24690.0 188465.95685265175
24700.0 188740.5595920749
24710.0 190478.72483211922
24720.0 192655.7323962982
24730.0 188109.8623796472
24740.0 194323.66724020662
24750.0 187872.98955925912
24760.0 185158.94664026104
24770.0 195691.96616084632
24780.0 174336.95795994077
24790.0 169148.29212072608
24800.0 173182.71354629964
24810.0 179179.87767844068
24820.0 173290.098890507
24830.0 175607.29247162992
24840.0 186598.80843031517
24850.0 182020.9285742806
24860.0 163293.22116841728
24870.0 179420.65006472135
24880.0 177873.71527810275
24890.0 185361.54282172883
24900.0 184649.31866614264
24910.0 181759.9947314374
24920.0 181351.42018630388
24930.0 188601.9643882344
24940.0 180636.6117727777
24950.0 182217.9114993635
24960.0 181763.69344244953
24970.0 184815.96767578606
24980.0 182795.23001763376
24990.0 183339.67359978583
