#lam[Angstrom] flux[erg/cm2/s/A]
1010.0 2809.1785744037256
1020.0 2908.7777264079696
1030.0 10035.123285208161
1040.0 3955.6868466611463
1050.0 2978.6270488062137
1060.0 3005.554075081658
1070.0 3173.771750940142
1080.0 9604.77652887636
1090.0 9785.094564995692
1100.0 3136.838959921878
1110.0 3161.984054946549
1120.0 3284.915341779341
1130.0 3195.2169838401237
1140.0 3470.015588274501
1150.0 3256.344201634952
1160.0 3318.2612746713626
1170.0 3324.40061782002
1180.0 3338.717529570241
1190.0 3359.0382343992014
1200.0 5064.932189694691
1210.0 4508.07409033959
1220.0 28682.256527485413
1230.0 4148.886263584773
1240.0 16912.80553421178
1250.0 5890.787399356205
1260.0 8197.564269638435
1270.0 8421.999397075071
1280.0 8695.27730954627
1290.0 9384.571580002332
1300.0 10106.147280407688
1310.0 11113.979397130704
1320.0 11608.91956343453
1330.0 11804.891335998667
1340.0 13175.321922511848
1350.0 12680.148115579219
1360.0 12982.51693967776
1370.0 13174.788038966824
1380.0 13454.127736882656
1390.0 30803.95059589215
1400.0 34256.35808349101
1410.0 25324.60000469292
1420.0 14285.42713381516
1430.0 14027.86626661017
1440.0 14099.824355225897
1450.0 14193.636711538018
1460.0 14305.335901297538
1470.0 14416.21585848958
1480.0 14484.106203849986
1490.0 22732.75376338087
1500.0 14340.852013286592
1510.0 14317.2347542122
1520.0 14332.95231744191
1530.0 14976.838711999957
1540.0 14232.298836079857
1550.0 202087.18391305683
1560.0 14238.018267198655
1570.0 14176.920065132563
1580.0 14854.344146578442
1590.0 14163.478296688827
1600.0 15529.247446277086
1610.0 14135.894219057891
1620.0 14134.771655339002
1630.0 14051.114774766169
1640.0 128515.05805386815
1650.0 13933.451978076971
1660.0 18023.349499688764
1670.0 24543.391772779196
1680.0 13844.184966456134
1690.0 13802.364838017913
1700.0 13745.955075388867
1710.0 13676.481188569998
1720.0 14682.039650771307
1730.0 13745.182459536136
1740.0 14005.403968405482
1750.0 20779.66338068565
1760.0 13622.865975828678
1770.0 13618.579114468264
1780.0 13659.614665028837
1790.0 14608.447973695816
1800.0 13568.074448439516
1810.0 16734.9185744257
1820.0 17022.380223390974
1830.0 13317.612622787356
1840.0 13232.663501472281
1850.0 14286.724075320459
1860.0 13743.575746540844
1870.0 13077.58628589563
1880.0 21441.347391921932
1890.0 26833.324939232833
1900.0 12947.45805263615
1910.0 86991.91204938172
1920.0 12857.914370324663
1930.0 12915.068260814092
1940.0 12680.736375518549
1950.0 12673.819862347544
1960.0 12544.89266916322
1970.0 12471.050424802752
1980.0 12404.317082847354
1990.0 12349.871437799538
2000.0 12266.340862136843
2010.0 12159.44439606222
2020.0 11655.718161549523
2030.0 10993.613173037702
2040.0 10670.52552563881
2050.0 10185.186467538868
2060.0 10015.59135082931
2070.0 10091.30847645605
2080.0 9869.412064031121
2090.0 10176.413240915575
2100.0 9956.827043416935
2110.0 9958.345663526126
2120.0 10245.8093550267
2130.0 10231.623165535686
2140.0 10761.476583182352
2150.0 9844.780446744266
2160.0 9920.600197553716
2170.0 9681.763671679446
2180.0 10062.826191483662
2190.0 9843.281294244252
2200.0 9942.098526598606
2210.0 10062.177359133853
2220.0 10557.48367676569
2230.0 10329.822956082739
2240.0 10496.525911217605
2250.0 11148.543931992306
2260.0 10878.095595468709
2270.0 11094.98110197447
2280.0 11321.15102598364
2290.0 11557.486188855375
2300.0 12086.50762030506
2310.0 12715.90031142112
2320.0 13348.22556526465
2330.0 23919.6767336508
2340.0 15164.383042553183
2350.0 13522.348308404737
2360.0 13200.580441769504
2370.0 13459.125742578874
2380.0 13714.318900909386
2390.0 14991.623159103085
2400.0 14232.705505835398
2410.0 14527.964841155099
2420.0 14728.950656738078
2430.0 31891.759638452822
2440.0 15216.212151017065
2450.0 15506.064328569377
2460.0 15696.928306721693
2470.0 15937.800556187449
2480.0 16180.65511059421
2490.0 16428.658183071144
2500.0 16652.55281071205
2510.0 18585.09332393595
2520.0 17152.74321138942
2530.0 17382.98323392189
2540.0 17577.151995098207
2550.0 17809.016507524102
2560.0 20630.453010593676
2570.0 18246.078836508706
2580.0 18480.15949973523
2590.0 19162.395716165018
2600.0 18931.67107525713
2610.0 19130.56039938022
2620.0 19324.89168381989
2630.0 19535.78381515423
2640.0 19756.229284775967
2650.0 19930.807611016942
2660.0 20066.00106795252
2670.0 22526.7308114254
2680.0 20409.198696993095
2690.0 20613.814996910827
2700.0 20808.318597055815
2710.0 20961.216144053255
2720.0 21225.723097213067
2730.0 22747.02840735515
2740.0 22943.162126581763
2750.0 21754.199103327344
2760.0 22037.822623232878
2770.0 22163.3574291519
2780.0 22364.663551406942
2790.0 89222.05766664787
2800.0 56350.40577138816
2810.0 22998.174052325416
2820.0 23186.136457604018
2830.0 36133.052642238974
2840.0 23558.683852972863
2850.0 25133.829416336437
2860.0 24411.564111061376
2870.0 24163.87435766669
2880.0 24375.724750971265
2890.0 24556.6236011249
2900.0 24742.285958456225
2910.0 24912.658031971092
2920.0 25095.218960710525
2930.0 29249.684449893113
2940.0 25464.976576831785
2950.0 26206.057740014996
2960.0 25842.868299591588
2970.0 26038.39873112223
2980.0 26305.68841398605
2990.0 26421.018353353527
3000.0 26580.96392241784
3010.0 26770.945307996724
3020.0 26974.959401055614
3030.0 27147.041731739246
3040.0 27350.772603419737
3050.0 27514.55148845977
3060.0 27689.70719747738
3070.0 27867.873349479003
3080.0 28032.260597120265
3090.0 28183.035960041652
3100.0 28478.189650218053
3110.0 28618.403035188112
3120.0 28797.313538854025
3130.0 28879.792264833504
3140.0 29029.80952875566
3150.0 29189.48351777617
3160.0 29339.889476752673
3170.0 29472.28505056602
3180.0 29656.30073686266
3190.0 30772.279219833392
3200.0 30024.663103602947
3210.0 35242.048755856384
3220.0 30376.91464811369
3230.0 30571.287700975718
3240.0 30808.74910457234
3250.0 30872.28817158801
3260.0 31117.529727776597
3270.0 31141.9640089252
3280.0 31274.943023254804
3290.0 31439.817351898088
3300.0 31537.193316569726
3310.0 31674.65779912359
3320.0 31806.795076347586
3330.0 31950.367133442378
3340.0 35441.13817818686
3350.0 32253.81340332414
3360.0 32603.787750040396
3370.0 32537.327433539787
3380.0 32688.785618953953
3390.0 32859.726592296145
3400.0 32982.57135179603
3410.0 33106.82677106743
3420.0 37528.112078251026
3430.0 37657.89994710791
3440.0 33543.14993964206
3450.0 33616.19168327141
3460.0 33821.481433637186
3470.0 34023.3361083545
3480.0 34252.1540172227
3490.0 34399.518275687675
3500.0 34255.11861941923
3510.0 34086.12364359765
3520.0 34031.26046128139
3530.0 34231.01484303452
3540.0 34236.789949064856
3550.0 34414.68194029847
3560.0 34437.893849581975
3570.0 34536.79808795899
3580.0 35641.157021891486
3590.0 34610.68287928402
3600.0 34585.06168575064
3610.0 34610.48915496203
3620.0 34872.67245239243
3630.0 35021.38435656736
3640.0 34886.596875699885
3650.0 34976.52806786135
3660.0 35448.184505839956
3670.0 35536.05588733801
3680.0 35240.14710181984
3690.0 35422.50155918861
3700.0 35410.796134942124
3710.0 35164.78337597444
3720.0 30954.57353643323
3730.0 51606.99424158553
3740.0 26934.339479356273
3750.0 28337.65426320588
3760.0 27069.86967135702
3770.0 30117.20587252596
3780.0 27201.565031615562
3790.0 27266.014302192983
3800.0 29415.159112556947
3810.0 27392.14914062402
3820.0 27777.644949772446
3830.0 27514.619277880975
3840.0 30375.333066294774
3850.0 27768.18936608608
3860.0 55375.416105113174
3870.0 28115.338929098514
3880.0 33792.93268181894
3890.0 28228.02235872504
3900.0 33409.06356861644
3910.0 28337.193175423625
3920.0 28330.59863643618
3930.0 27963.07414448947
3940.0 27812.17387085254
3950.0 27583.25926003435
3960.0 36203.072578345615
3970.0 27666.13985740856
3980.0 33679.825950342485
3990.0 27747.046463103157
4000.0 27795.066354446448
4010.0 27837.046772152637
4020.0 28718.50594019877
4030.0 27923.84482342889
4040.0 27966.05993354062
4050.0 28007.49246042408
4060.0 28067.22718529329
4070.0 28088.04140207398
4080.0 31614.658600253275
4090.0 28163.265644146722
4100.0 37691.04792150854
4110.0 28228.74825778206
4120.0 28344.361736972944
4130.0 28292.274347105984
4140.0 28416.680090558806
4150.0 28337.976468764115
4160.0 28349.839704090115
4170.0 28339.25449637615
4180.0 28346.89863571921
4190.0 28351.71275221346
4200.0 28589.811643535577
4210.0 28411.890732157968
4220.0 28444.983360376104
4230.0 28461.68140087271
4240.0 28462.190570942636
4250.0 28478.471003332834
4260.0 28499.414927568294
4270.0 28566.882016719217
4280.0 28550.785752054562
4290.0 28584.806345618086
4300.0 28600.008963966524
4310.0 28623.81707634874
4320.0 28647.071417213912
4330.0 45307.08148638878
4340.0 28671.583138097336
4350.0 31869.117493831385
4360.0 28679.01117840892
4370.0 28699.960534564765
4380.0 28733.559779475083
4390.0 28740.20812629395
4400.0 28914.028439642152
4410.0 28762.579632909295
4420.0 28770.46131287766
4430.0 28776.101576416386
4440.0 28818.717717400283
4450.0 28800.291771562137
4460.0 30116.71756227479
4470.0 28826.224271465166
4480.0 28827.51522107815
4490.0 28841.464258203578
4500.0 28847.917558117202
4510.0 28866.524091107807
4520.0 28877.609128441807
4530.0 29248.97683993065
4540.0 28904.181575443523
4550.0 28916.32586324819
4560.0 28929.772060486917
4570.0 28942.055821559206
4580.0 29004.32655083826
4590.0 28960.398575111856
4600.0 29111.930850643945
4610.0 28979.820689875996
4620.0 29020.449459489206
4630.0 29078.265670484292
4640.0 29201.449706557734
4650.0 31301.27013106815
4660.0 29299.802706865717
4670.0 29386.88117680171
4680.0 29317.74746050062
4690.0 39872.78393005638
4700.0 29562.620507911965
4710.0 29884.039318356652
4720.0 31021.32820192334
4730.0 29466.612555552834
4740.0 30622.699992579317
4750.0 28974.61868278808
4760.0 29599.62833103911
4770.0 28977.129289751272
4780.0 28980.04090405364
4790.0 29129.889238559048
4800.0 28987.96936466457
4810.0 28991.304295133203
4820.0 28993.113811255265
4830.0 28995.771305049
4840.0 28997.714620321123
4850.0 28999.44181079501
4860.0 62353.54549946137
4870.0 29002.07466978526
4880.0 29630.87690834939
4890.0 29631.24130483033
4900.0 29003.09960950856
4910.0 29004.005962963653
4920.0 29005.233409064047
4930.0 29705.372939469195
4940.0 28986.429038614882
4950.0 28950.448529009216
4960.0 112388.52000691342
4970.0 28914.47338308395
4980.0 29734.71696468778
4990.0 28907.36376837507
5000.0 28903.19277951338
5010.0 280228.2381165911
5020.0 28885.623197765686
5030.0 28875.20122702143
5040.0 28860.933925984176
5050.0 28847.861646955356
5060.0 28893.995398664152
5070.0 28827.919467616455
5080.0 28876.357375455365
5090.0 28812.42662987348
5100.0 28804.052968849872
5110.0 28797.0439039579
5120.0 28786.05124811302
5130.0 28776.421616322685
5140.0 28758.63077480074
5150.0 28732.6535938326
5160.0 29263.931266160933
5170.0 28693.311293425613
5180.0 28681.541101395615
5190.0 29498.416173075482
5200.0 28648.38236750443
5210.0 28733.48910875145
5220.0 28613.52231831663
5230.0 28599.652099426927
5240.0 28586.39235846681
5250.0 28566.644795339587
5260.0 29206.903419560287
5270.0 29186.27310042463
5280.0 28504.75388796291
5290.0 28484.751696390846
5300.0 28461.256858586836
5310.0 28440.553444114674
5320.0 28950.351980036176
5330.0 28402.147032117613
5340.0 28385.083412370725
5350.0 28362.9590936144
5360.0 28335.767186641162
5370.0 28312.445476490713
5380.0 28285.719987526878
5390.0 28261.863124659973
5400.0 28241.12346492416
5410.0 28217.102862343312
5420.0 28616.04396221415
5430.0 28594.073313558776
5440.0 28151.198691992486
5450.0 28129.203036922492
5460.0 28098.469473469882
5470.0 28065.136607523462
5480.0 28035.294100464987
5490.0 28007.13843142963
5500.0 27982.506708252004
5510.0 28054.88820129513
5520.0 27932.187636385337
5530.0 27988.737522872612
5540.0 27958.363742735335
5550.0 27841.059912583656
5560.0 27808.267317747024
5570.0 27776.021282145546
5580.0 27748.714780659368
5590.0 27760.24483532981
5600.0 27687.24754498987
5610.0 27652.42172066161
5620.0 27658.988361015763
5630.0 27589.19477617883
5640.0 27560.152871063136
5650.0 27532.70772735596
5660.0 27501.279064163744
5670.0 27473.083977019163
5680.0 27417.25453286894
5690.0 27333.733046966907
5700.0 27266.98628541547
5710.0 27205.101175735643
5720.0 27173.953639919575
5730.0 28313.027847603815
5740.0 27106.178000247855
5750.0 27068.341367580815
5760.0 27349.465309297277
5770.0 26997.46674114606
5780.0 26965.0529853559
5790.0 26934.013088313684
5800.0 26898.1226710201
5810.0 26863.614214555244
5820.0 27337.98035227658
5830.0 26788.22083393671
5840.0 26747.86801224262
5850.0 26711.448660754533
5860.0 26674.86485645872
5870.0 26640.865134400476
5880.0 29995.120157266472
5890.0 26572.41391818689
5900.0 26537.972415154196
5910.0 26505.38784493653
5920.0 26468.672520749406
5930.0 26433.822574624905
5940.0 26394.618276439767
5950.0 26349.12403091956
5960.0 26303.438990398514
5970.0 26322.496989296153
5980.0 26226.317628258064
5990.0 26190.72413019876
6000.0 26188.818688887262
6010.0 26119.217542653445
6020.0 26083.311401724244
6030.0 26059.595190645832
6040.0 26005.808024884966
6050.0 25965.74725624487
6060.0 25928.303715314883
6070.0 25890.725639657274
6080.0 25854.23105730054
6090.0 27654.670400270676
6100.0 25767.38324577114
6110.0 25720.89650340374
6120.0 25694.39652337971
6130.0 25640.2674914836
6140.0 25603.228361750473
6150.0 25567.84856792578
6160.0 25522.631399317033
6170.0 25480.109954111136
6180.0 25457.40406514463
6190.0 25401.112117433357
6200.0 25363.595757007555
6210.0 25326.58243444786
6220.0 25282.217001634493
6230.0 25238.90623453713
6240.0 25217.15078905746
6250.0 25157.64172819302
6260.0 25119.69954394747
6270.0 25083.433364165427
6280.0 25043.63247482572
6290.0 25005.50565480588
6300.0 27692.49854511446
6310.0 24929.075454996208
6320.0 24890.782547905437
6330.0 24852.42622184496
6340.0 24808.909111322744
6350.0 24760.215336039455
6360.0 24711.454404708882
6370.0 25228.985818397665
6380.0 24627.069133027475
6390.0 24588.389538666805
6400.0 24579.002202444644
6410.0 24510.90132050789
6420.0 24472.09341931331
6430.0 24676.604472525385
6440.0 24394.35267876129
6450.0 24355.425350502217
6460.0 24316.45623213554
6470.0 24277.45966294359
6480.0 24238.426222371065
6490.0 24199.38829773362
6500.0 24154.348844382446
6510.0 24103.296204601313
6520.0 24052.231312124608
6530.0 24074.593467754225
6540.0 23958.97469199166
6550.0 23915.300500741076
6560.0 111895.85148953067
6570.0 23832.27687697798
6580.0 23792.915669801725
6590.0 35466.22172387333
6600.0 23714.20098904281
6610.0 23674.81060349816
6620.0 23635.415077242174
6630.0 23595.659460011575
6640.0 23550.510332877846
6650.0 23506.730969186505
6660.0 23464.95839105571
6670.0 23423.475703296175
6680.0 23384.005436994245
6690.0 24164.24278064448
6700.0 23300.683616679366
6710.0 23254.967726413695
6720.0 23209.2619472434
6730.0 29025.027160033118
6740.0 23123.813362060777
6750.0 23082.37201913487
6760.0 23043.9036443778
6770.0 23001.428473370393
6780.0 22961.85969956505
6790.0 23239.337656325217
6800.0 22882.40298177978
6810.0 22841.998629774465
6820.0 22801.55574641714
6830.0 22760.17166013856
6840.0 22711.301441704763
6850.0 22663.08857092407
6860.0 22618.364487486186
6870.0 22573.374193439573
6880.0 22533.675101621666
6890.0 22493.91077732884
6900.0 22538.943977159404
6910.0 22408.57772756529
6920.0 22364.179022803684
6930.0 22325.005784351863
6940.0 22279.992007290424
6950.0 22240.39997638506
6960.0 22200.753388355726
6970.0 22160.768818342585
6980.0 22114.905302478262
6990.0 22070.4048382616
7000.0 22528.064251624946
7010.0 21986.586569999825
7020.0 21947.23928684243
7030.0 21907.878954921427
7040.0 21870.227895669872
7050.0 21829.124434142217
7060.0 21789.744880043683
7070.0 24059.33065794202
7080.0 21705.548492504848
7090.0 21660.081830177776
7100.0 21614.85445230404
7110.0 21573.732125455303
7120.0 21532.2031235111
7130.0 21492.748693538244
7140.0 24551.20183713415
7150.0 21414.180640800172
7160.0 21374.74089293626
7170.0 21335.25598027306
7180.0 21432.141261405355
7190.0 21256.76692318349
7200.0 21217.338346872024
7210.0 21178.173506507508
7220.0 21132.842150975015
7230.0 21083.4459200184
7240.0 21034.007502876124
7250.0 21719.565250196727
7260.0 20943.054304981146
7270.0 20901.58452954253
7280.0 20860.175277681792
7290.0 21679.608408669414
7300.0 20777.47781380988
7310.0 20736.131635923277
7320.0 24630.24475792535
7330.0 20654.93964939502
7340.0 20616.00674370875
7350.0 20577.054313289456
7360.0 20539.1632346537
7370.0 20494.41922879491
7380.0 20450.840829675544
7390.0 20407.120847201662
7400.0 20367.37479850215
7410.0 20326.006179338012
7420.0 20287.458559409395
7430.0 20250.793797698734
7440.0 20210.210262531113
7450.0 20171.503890566873
7460.0 20133.202192135574
7470.0 20098.186542030377
7480.0 20056.278791758905
7490.0 20017.604438746934
7500.0 19979.5459629633
7510.0 19941.33404007964
7520.0 19902.77009486476
7530.0 19864.67353965193
7540.0 19826.61398456045
7550.0 19863.78131545534
7560.0 19750.262870572136
7570.0 19712.28487574642
7580.0 19804.962133180565
7590.0 19636.48539277709
7600.0 19598.56622350362
7610.0 19560.77692006686
7620.0 19771.412274313258
7630.0 19483.06549141191
7640.0 19442.49981029598
7650.0 19402.0359152294
7660.0 19402.21812790827
7670.0 19310.246464537562
7680.0 19258.758802470205
7690.0 19207.221296206088
7700.0 19308.962539900192
7710.0 19117.904112405962
7720.0 19078.00868053153
7730.0 19038.320999804113
7740.0 19739.0536609391
7750.0 18962.855788639714
7760.0 18926.250861663182
7770.0 18889.62542713061
7780.0 18858.658564648344
7790.0 18813.230022659758
7800.0 18772.966397082855
7810.0 18737.100853362226
7820.0 18700.21169075506
7830.0 18663.22980806868
7840.0 18627.25965452301
7850.0 18592.138192185488
7860.0 18551.926337935172
7870.0 18510.454741226757
7880.0 18469.025720307647
7890.0 18432.15907528616
7900.0 18390.5104881398
7910.0 18355.242168963487
7920.0 18319.934866899795
7930.0 18286.386601507926
7940.0 18244.40465866675
7950.0 18201.419518323884
7960.0 18171.91792126602
7970.0 18996.960700491567
7980.0 18099.962987402443
7990.0 18062.711766527955
8000.0 18025.542907603525
8010.0 17990.852928782995
8020.0 17953.982462647207
8030.0 17920.411699146436
8040.0 17886.800058668978
8050.0 18002.602122408534
8060.0 17820.051070234695
8070.0 17787.039019936838
8080.0 17754.36475217467
8090.0 17722.89788498014
8100.0 17689.100680417974
8110.0 17656.37933266075
8120.0 17624.434399157868
8130.0 17590.386845722704
8140.0 17417.80291998036
8150.0 17149.342078187234
8160.0 16880.77198586747
8170.0 16708.82143592026
8180.0 16486.30806224925
8190.0 16455.26035895257
8200.0 16424.181056624875
8210.0 16443.082743199462
8220.0 16412.215640374954
8230.0 16329.054479977218
8240.0 16302.425571996138
8250.0 16274.227130279553
8260.0 16426.232277860956
8270.0 16215.248647595048
8280.0 16185.79556013002
8290.0 16155.513562812926
8300.0 16126.92439241547
8310.0 16099.125948940682
8320.0 16069.49148713993
8330.0 16042.238478960913
8340.0 16243.34135813926
8350.0 15987.66746774207
8360.0 15960.02796420117
8370.0 15934.07602977115
8380.0 16152.134479487935
8390.0 15883.13292324805
8400.0 15856.641200965034
8410.0 15831.42674590358
8420.0 15930.483345280223
8430.0 15922.54346108622
8440.0 16098.531351909009
8450.0 16274.147723200254
8460.0 16451.748989653264
8470.0 16547.064297925524
8480.0 16524.654389447434
8490.0 16497.878529168065
8500.0 16466.942416116664
8510.0 16431.587209024325
8520.0 16248.945019299936
8530.0 16357.581702319867
8540.0 16380.649572247865
8550.0 16449.488297773318
8560.0 16203.039454894091
8570.0 16012.243233738522
8580.0 15821.771670166829
8590.0 15948.195201717182
8600.0 15559.909980133016
8610.0 15536.179537340216
8620.0 15512.107175327532
8630.0 15496.479369998624
8640.0 17116.44473018054
8650.0 15467.611021694016
8660.0 15457.136567522148
8670.0 15442.292889974055
8680.0 15686.523234760232
8690.0 15417.23140220811
8700.0 15404.51866426069
8710.0 15389.387235747856
8720.0 15380.015005013158
8730.0 15370.524988092428
8740.0 15364.52053968754
8750.0 15354.449364722856
8760.0 15352.476954755968
8770.0 15637.332563993123
8780.0 15308.098534721827
8790.0 15276.813105748086
8800.0 15252.777672670009
8810.0 15239.03733410547
8820.0 15220.527113496288
8830.0 15214.613254707778
8840.0 15224.288193223938
8850.0 15403.842577592008
8860.0 15407.36540975298
8870.0 15204.51194444018
8880.0 15214.806656798775
8890.0 15216.48330700423
8900.0 15732.41567512398
8910.0 15153.95191703532
8920.0 15057.3600961009
8930.0 14974.122313446243
8940.0 14528.526107564265
8950.0 14601.500573258649
8960.0 15032.802428145147
8970.0 15107.996497150118
8980.0 15210.308047376288
8990.0 15184.941998337792
9000.0 15215.528582117398
9010.0 15230.193432424277
9020.0 15269.867955481133
9030.0 16030.16140584364
9040.0 15276.195491570423
9050.0 15310.372407185183
9060.0 15308.756867354106
9070.0 15335.965201576295
9080.0 23525.09628408535
9090.0 15366.35286591775
9100.0 15418.21091484094
9110.0 15390.253570927935
9120.0 15543.089758868784
9130.0 15418.698116669917
9140.0 15501.079281227268
9150.0 15520.35020668924
9160.0 15548.251565351464
9170.0 15504.574742378218
9180.0 15645.035459043034
9190.0 15725.265450617531
9200.0 15812.669661955279
9210.0 15809.651685584253
9220.0 16847.58619372501
9230.0 15952.432252221524
9240.0 15838.778287552806
9250.0 15838.628778154529
9260.0 15818.205744742754
9270.0 14982.506904581744
9280.0 13939.40593389606
9290.0 14145.618180497102
9300.0 14338.68027337024
9310.0 14749.087142651362
9320.0 14180.821089160676
9330.0 14645.597442692058
9340.0 14418.20467038324
9350.0 14892.881545920807
9360.0 15564.117270974915
9370.0 15331.87154765129
9380.0 15475.13383680911
9390.0 15906.759584565643
9400.0 16183.217424601167
9410.0 16200.121006293042
9420.0 16164.559099145625
9430.0 15830.832654904387
9440.0 15362.296824576411
9450.0 16465.042800930587
9460.0 15510.926955397363
9470.0 15769.645163792555
9480.0 15768.117273767031
9490.0 15794.543702960544
9500.0 15545.378772103346
9510.0 16446.068523752216
9520.0 15535.879456861388
9530.0 16662.629092959403
9540.0 26301.98726892853
9550.0 25889.133041737085
9560.0 15709.95573640813
9570.0 15645.792053758752
9580.0 16495.00143953041
9590.0 15370.979106913985
9600.0 16231.956336209521
9610.0 15713.86628195818
9620.0 15762.885125971261
9630.0 17068.05300576496
9640.0 15335.421772936257
9650.0 16711.524453150207
9660.0 16954.633086483183
9670.0 16383.253914825731
9680.0 17232.35670034815
9690.0 16195.474966997484
9700.0 17672.697472528984
9710.0 17360.89860440076
9720.0 16613.353955737537
9730.0 17691.43180423205
9740.0 17688.64830122461
9750.0 17037.84466706274
9760.0 17572.600655968654
9770.0 18412.923464005504
9780.0 17406.447815123796
9790.0 18111.342770776202
9800.0 18473.906516170882
9810.0 18292.257007239794
9820.0 18472.33630960911
9830.0 18588.71404124125
9840.0 18507.903756824522
9850.0 18688.64437750991
9860.0 19457.282359823537
9870.0 19016.58492369572
9880.0 19321.750413829286
9890.0 19625.797010194125
9900.0 18761.250248159606
9910.0 18075.447469441384
9920.0 18302.80217973767
9930.0 18417.183893320012
9940.0 19098.02112189531
9950.0 19306.106385823998
9960.0 19054.074020341795
9970.0 17336.810227233407
9980.0 16886.923052142174
9990.0 16577.34191747335
10010.0 16858.970899863856
10020.0 16662.658752772455
10030.0 18071.43601347213
10040.0 17420.424174289146
10050.0 17395.16654244885
10060.0 17261.733423861493
10070.0 17462.529484906623
10080.0 17545.356488288562
10090.0 17749.51399504157
10100.0 18427.916102322837
10110.0 18130.424412394124
10120.0 18223.625249582605
10130.0 20450.710900242542
10140.0 18410.80967474803
10150.0 19008.828305905743
10160.0 18860.3833841807
10170.0 18937.925561837837
10180.0 18893.85800477276
10190.0 19372.415327353825
10200.0 19297.172274934423
10210.0 19573.21440053595
10220.0 19321.698787562884
10230.0 19431.82557872648
10240.0 20049.195678914028
10250.0 20041.32998438176
10260.0 19549.545578644495
10270.0 19665.55900635517
10280.0 20250.599121614418
10290.0 20199.953080796404
10300.0 20110.002247481938
10310.0 20495.487463531517
10320.0 20324.75988821512
10330.0 20674.063699028415
10340.0 22161.584227886313
10350.0 20590.919404655542
10360.0 20985.180286288338
10370.0 21427.62715408831
10380.0 20707.690145081808
10390.0 21118.10447158949
10400.0 21363.409536782678
10410.0 21341.556263157196
10420.0 21097.452650441664
10430.0 21225.32430296764
10440.0 21831.796288756603
10450.0 21691.170618299217
10460.0 21822.861129969428
10470.0 21345.234757331425
10480.0 21484.834129011928
10490.0 21763.905490226796
10500.0 21886.7810685269
10510.0 21834.26138249993
10520.0 21701.37071534121
10530.0 21665.37761975464
10540.0 21818.753050043306
10550.0 22017.598301208986
10560.0 22035.98484497802
10570.0 21630.81158574437
10580.0 21991.742613088187
10590.0 22044.88112721328
10600.0 22186.26252335916
10610.0 22009.39300892017
10620.0 22068.836344015508
10630.0 22204.635706568573
10640.0 22579.738345919937
10650.0 22121.057548709025
10660.0 22324.931191415817
10670.0 22331.467763896304
10680.0 22599.444766105575
10690.0 22445.359640982984
10700.0 22486.16701331152
10710.0 22506.363936190923
10720.0 22711.147812564675
10730.0 22785.28461767169
10740.0 22442.10095023567
10750.0 22718.878977974706
10760.0 22860.901654788955
10770.0 22741.01826874169
10780.0 22793.1174829097
10790.0 22825.945774973963
10800.0 22760.80521651905
10810.0 22857.476382560148
10820.0 52079.12917479577
10830.0 23065.68460285
10840.0 23056.276188007625
10850.0 22799.305706049425
10860.0 22049.08888877796
10870.0 22395.33898654527
10880.0 22357.985418113713
10890.0 21636.33752307368
10900.0 20991.6188463372
10910.0 20864.900513356177
10920.0 22266.863275487514
10930.0 19264.99205694807
10940.0 18675.745629913916
10950.0 18279.463527099146
10960.0 17704.95361192227
10970.0 17291.36448369698
10980.0 18274.233687253352
10990.0 16866.909974812057
11000.0 16276.222162770344
11010.0 15479.916466274004
11020.0 14969.040712608163
11030.0 15254.674617037868
11040.0 14714.278370471815
11050.0 13444.106506114684
11060.0 13766.19797460992
11070.0 14745.17772934713
11080.0 13339.277116256275
11090.0 13087.216725953787
11100.0 11690.889388312158
11110.0 11203.414259713376
11120.0 11601.13511208738
11130.0 11199.31853885328
11140.0 11904.66602376572
11150.0 11151.330547247355
11160.0 11331.256849648636
11170.0 10570.802372134873
11180.0 12903.314728230835
11190.0 10420.167968737278
11200.0 11030.654281613995
11210.0 11560.517198771366
11220.0 9791.341407800155
11230.0 10143.691924204737
11240.0 11308.41884560162
11250.0 10511.925965694914
11260.0 11107.970264662974
11270.0 11598.24679383807
11280.0 10500.147006094994
11290.0 10969.325229357935
11300.0 11220.688806621865
11310.0 10483.674920044086
11320.0 11627.888560208323
11330.0 9411.576614547905
11340.0 8685.809765361535
11350.0 8679.698884657539
11360.0 9562.951333838317
11370.0 10203.535893970957
11380.0 11617.19868191722
11390.0 11745.62450308135
11400.0 11898.056629967421
11410.0 11046.75955605484
11420.0 11735.694016862246
11430.0 10667.437242481788
11440.0 10161.695154572188
11450.0 11114.895451452778
11460.0 10792.116858353003
11470.0 10786.476196689186
11480.0 11214.259050972982
11490.0 10685.160093573808
11500.0 10176.890077981749
11510.0 9820.774670666076
11520.0 8839.61908161172
11530.0 8913.012234589189
11540.0 8890.594084140896
11550.0 8696.012938826376
11560.0 8698.6733685933
11570.0 8840.37563455821
11580.0 10293.662977276053
11590.0 9390.14780678936
11600.0 8888.129773488014
11610.0 9118.732951988412
11620.0 8074.986223503827
11630.0 8635.477691020047
11640.0 8561.812612939815
11650.0 8544.462603819458
11660.0 9296.620045395875
11670.0 8846.97485540733
11680.0 8837.626937439984
11690.0 8793.839879023852
11700.0 8756.425059237376
11710.0 9627.778499682934
11720.0 9898.05773741645
11730.0 9467.781155791145
11740.0 10238.761227585634
11750.0 9511.47263392184
11760.0 9788.26719183704
11770.0 9141.743782582818
11780.0 9445.555152195662
11790.0 10773.785862808465
11800.0 10803.984831343403
11810.0 10962.180055529952
11820.0 11360.824345366225
11830.0 11575.342418464501
11840.0 12755.81581381401
11850.0 12057.082716082314
11860.0 12459.10702627257
11870.0 11818.268198933569
11880.0 12088.072043154241
11890.0 12434.354169723276
11900.0 14103.215834458748
11910.0 13322.916591530171
11920.0 14173.12454196503
11930.0 15106.947096444215
11940.0 15107.702788376
11950.0 15008.837994213336
11960.0 15996.572333934488
11970.0 15856.8710112037
11980.0 15700.724252966385
11990.0 16092.284279228374
12000.0 16816.99333203426
12010.0 17059.828900355315
12020.0 16907.79913665596
12030.0 15824.08216118703
12040.0 17991.580094302142
12050.0 18159.29898052297
12060.0 19184.78609418535
12070.0 17859.03643317525
12080.0 18189.76700144795
12090.0 18521.627515301538
12100.0 19864.231041580028
12110.0 18514.581640080884
12120.0 19390.939589409274
12130.0 18779.381302736416
12140.0 20165.036665093106
12150.0 20346.667974627235
12160.0 20265.687267485337
12170.0 19961.44612026286
12180.0 20486.871280447613
12190.0 20848.763011275416
12200.0 20744.04322513913
12210.0 20861.915136704556
12220.0 20527.38041500212
12230.0 21049.98962321561
12240.0 21405.00682610749
12250.0 20684.701893597638
12260.0 22031.983471851036
12270.0 21137.141476523706
12280.0 22063.62867972694
12290.0 21403.00547285036
12300.0 21792.417999944635
12310.0 21906.302944230334
12320.0 21956.988845997654
12330.0 22195.22920704126
12340.0 21672.903402363365
12350.0 22327.808588738764
12360.0 22325.701267506643
12370.0 22348.476324552277
12380.0 22801.473442053437
12390.0 22583.25056763434
12400.0 22153.750087736524
12410.0 21429.179761338768
12420.0 20703.339623211847
12430.0 18198.014387673764
12440.0 19543.295953805726
12450.0 21861.97711267005
12460.0 22515.9984161451
12470.0 22910.87733177395
12480.0 22228.007752066384
12490.0 22703.49988697434
12500.0 22167.46928548766
12510.0 19513.1333684922
12520.0 16521.831030302288
12530.0 18278.929159253992
12540.0 20864.838818532953
12550.0 22801.349065389975
12560.0 23496.31842144182
12570.0 28515.49306765182
12580.0 23642.833336075942
12590.0 24135.41254124797
12600.0 23839.9914708222
12610.0 24576.603163893014
12620.0 23904.788307731
12630.0 24382.411495792334
12640.0 23775.707788749
12650.0 24427.240852498864
12660.0 23818.49518675774
12670.0 24371.7573642748
12680.0 24362.10025139059
12690.0 24245.701484061683
12700.0 24114.083240927735
12710.0 24197.844131769853
12720.0 24156.73543745983
12730.0 23241.42097071276
12740.0 23173.097223330198
12750.0 24433.074489265076
12760.0 24127.08625492745
12770.0 23914.52061365883
12780.0 23978.98162335118
12790.0 23307.632919265023
12800.0 22270.491457251486
12810.0 24178.384056676052
12820.0 28282.045098868148
12830.0 21433.438606654687
12840.0 23568.966136979147
12850.0 23334.914065760422
12860.0 20853.783943442937
12870.0 23521.66914297547
12880.0 21041.494836323443
12890.0 22076.302821204714
12900.0 22662.782661491037
12910.0 22523.83115590993
12920.0 19621.414989463014
12930.0 23189.68640350576
12940.0 22090.088555772265
12950.0 21688.4707414881
12960.0 21388.699180874122
12970.0 20922.82038597223
12980.0 24074.191298609778
12990.0 20268.665861044145
13000.0 21360.043262600695
13010.0 20095.508251458636
13020.0 21152.44125172357
13030.0 21469.665843129886
13040.0 20463.48774593257
13050.0 22459.0394164957
13060.0 20129.02271138675
13070.0 18201.519859035543
13080.0 19941.070089208082
13090.0 18858.372217417527
13100.0 18491.60773725105
13110.0 18706.719889119813
13120.0 16037.9869119026
13130.0 18017.126760600957
13140.0 15299.661500785343
13150.0 17640.847179760203
13160.0 17891.752151598106
13170.0 19083.774677078993
13180.0 13915.43473711355
13190.0 18224.13231965123
13200.0 17667.058171288274
13210.0 19870.117576373486
13220.0 18212.89484547627
13230.0 15318.417438026081
13240.0 13709.152082394296
13250.0 12101.248856087128
13260.0 15334.812189995213
13270.0 13859.897400951766
13280.0 13163.84202879651
13290.0 9517.379051374948
13300.0 7473.557808330527
13310.0 5851.9429162722745
13320.0 6213.28196905788
13330.0 7834.572615010658
13340.0 6711.120938112619
13350.0 6263.505366925568
13360.0 5992.511505170023
13370.0 5639.404720444438
13380.0 5633.688949604093
13390.0 5846.415817177001
13400.0 5582.98897455391
13410.0 5679.822255124853
13420.0 5518.473322565731
13430.0 5495.524887451795
13440.0 5383.02613963803
13450.0 5536.767924601716
13460.0 5359.072386885632
13470.0 5385.077674482459
13480.0 5270.826515982435
13490.0 5531.555331403441
13500.0 5212.279564892888
13510.0 5327.058703478464
13520.0 5267.121453808301
13530.0 5314.724164625866
13540.0 5168.256872981858
13550.0 5220.149274259611
13560.0 5261.679750822035
13570.0 5128.149651714092
13580.0 5226.097204987125
13590.0 5159.070188221716
13600.0 5258.00487761537
13610.0 5123.593757724771
13620.0 5090.275755710857
13630.0 5373.902518129142
13640.0 5124.766880021514
13650.0 5194.462674303679
13660.0 5264.538385893341
13670.0 5239.03303928706
13680.0 5134.389837891571
13690.0 5250.641616212075
13700.0 5134.649181345057
13710.0 5051.402272552387
13720.0 5117.535123680273
13730.0 5130.170179219813
13740.0 5132.142811292333
13750.0 5765.341431215463
13760.0 5208.175074241306
13770.0 5209.117734893128
13780.0 5134.088797652464
13790.0 5366.418451413287
13800.0 5018.635344610661
13810.0 5211.376297126328
13820.0 4902.607688284904
13830.0 4989.900998483529
13840.0 5126.459415376438
13850.0 4933.210159688181
13860.0 4958.70775685473
13870.0 5102.296993057288
13880.0 4924.861692083015
13890.0 5104.236155508632
13900.0 4935.89867909206
13910.0 4910.6368383973495
13920.0 4829.931916382875
13930.0 5082.089551332117
13940.0 4981.133211804
13950.0 4801.00753399431
13960.0 4952.4006851252025
13970.0 4912.098291092948
13980.0 4845.031596522034
13990.0 4956.197668248268
14000.0 4765.97027112727
14010.0 4774.424888619878
14020.0 4994.817774124209
14030.0 4887.0709356970565
14040.0 4791.745123875912
14050.0 4792.653273417874
14060.0 5064.081359166933
14070.0 4716.848029244937
14080.0 4813.632430910596
14090.0 4648.313652007735
14100.0 4812.699818934743
14110.0 4838.049619794096
14120.0 4731.747869351266
14130.0 4868.939413665135
14140.0 4630.22996861099
14150.0 4784.851385343494
14160.0 5011.237471580413
14170.0 4674.769436543054
14180.0 4734.033988661903
14190.0 4617.958697652674
14200.0 4658.736964496764
14210.0 4937.064588303541
14220.0 4725.404464706984
14230.0 4610.263716924857
14240.0 4789.667452534722
14250.0 4673.472948809454
14260.0 4737.304832486202
14270.0 4757.3134888685945
14280.0 4572.880637867485
14290.0 4717.300155314115
14300.0 5484.2296908137
14310.0 4702.609141471422
14320.0 4617.2880111454715
14330.0 4787.366572354862
14340.0 4613.598990352269
14350.0 4891.880555060576
14360.0 4898.9207296420245
14370.0 4847.232898662273
14380.0 4915.555496029444
14390.0 4488.046825521083
14400.0 4868.566477892809
14410.0 4620.49847420903
14420.0 4649.837846099264
14430.0 5441.529657876686
14440.0 4558.719097108763
14450.0 4308.377719685724
14460.0 4789.889181916319
14470.0 4630.887696459277
14480.0 4911.256343284094
14490.0 5362.661703861251
14500.0 4369.8764571409265
14510.0 5033.25336354146
14520.0 5451.503324894872
14530.0 5135.4720303145605
14540.0 4868.018768404096
14550.0 5015.329178509421
14560.0 4572.9105277914205
14570.0 4681.618236714411
14580.0 5979.954000339267
14590.0 5930.921513425961
14600.0 5303.884810340033
14610.0 4853.7413317013015
14620.0 4622.715682853328
14630.0 4660.138703134387
14640.0 5729.491413584652
14650.0 5489.2710518015
14660.0 5356.576874461395
14670.0 5145.954863694462
14680.0 4691.572069847715
14690.0 4721.882929722942
14700.0 4965.114821413742
14710.0 4957.441167061046
14720.0 5458.629798684225
14730.0 5545.728723991373
14740.0 5050.736766722164
14750.0 5023.465764726738
14760.0 4941.089181386884
14770.0 5435.454688891854
14780.0 6134.21276387652
14790.0 5044.262143249198
14800.0 4860.435882070768
14810.0 5401.623356758193
14820.0 5187.350465651138
14830.0 5478.607431662608
14840.0 5828.901097465992
14850.0 5113.911055383576
14860.0 5547.281928228625
14870.0 5368.461468367046
14880.0 5273.512281117128
14890.0 5103.167145340483
14900.0 5553.315884341454
14910.0 5850.995934183848
14920.0 5536.342710314167
14930.0 6088.1099219128755
14940.0 5544.474530841539
14950.0 5620.29540932797
14960.0 5147.681865916549
14970.0 6100.032791556268
14980.0 5782.534737132258
14990.0 6071.225619297755
15000.0 6360.644371518238
15010.0 5663.390786518914
15020.0 6015.241552483767
15030.0 5691.576018269249
15040.0 6517.903879332858
15050.0 6578.237120571946
15060.0 6393.2321125917515
15070.0 5883.181767210026
15080.0 6064.670685114835
15090.0 7322.197121068208
15100.0 6217.883187348323
15110.0 6352.470445773016
15120.0 6613.891574441939
15130.0 6174.5991573546
15140.0 7715.231844093834
15150.0 7712.747994515937
15160.0 6903.000733842246
15170.0 6311.813639120241
15180.0 6611.782850570789
15190.0 7556.925909731869
15200.0 7483.427196092365
15210.0 7207.67034965518
15220.0 7043.755137059734
15230.0 9262.60457513386
15240.0 7054.956391374913
15250.0 7767.904547820913
15260.0 7441.723894474074
15270.0 7297.128893088589
15280.0 7873.391448860129
15290.0 8971.477769363304
15300.0 7889.5428826199
15310.0 8083.4690393242145
15320.0 6995.790470825597
15330.0 9115.813670996109
15340.0 9646.064411654368
15350.0 9086.259845654648
15360.0 8449.940601480841
15370.0 8344.760894284205
15380.0 9064.879860747955
15390.0 9284.36642381613
15400.0 9271.634056460696
15410.0 9809.45192593144
15420.0 8734.604560544798
15430.0 8856.165031294224
15440.0 8696.035756961184
15450.0 10666.62954469621
15460.0 10771.911201535882
15470.0 9553.789327952603
15480.0 10683.51479346949
15490.0 10232.08180446896
15500.0 9519.389649691391
15510.0 9980.644704473185
15520.0 10583.433287126874
15530.0 10869.597323194943
15540.0 11250.867389731393
15550.0 10734.620909013116
15560.0 10690.430773076292
15570.0 9690.633984200565
15580.0 10565.15530114494
15590.0 11658.833678296702
15600.0 10956.004935362487
15610.0 11124.980362439142
15620.0 11464.661209075435
15630.0 11285.736137088574
15640.0 10672.736044872123
15650.0 10492.486299720396
15660.0 11468.848025744293
15670.0 12537.250121474533
15680.0 11914.09755565367
15690.0 11048.20718393501
15700.0 11993.662128130414
15710.0 11269.719343916247
15720.0 10944.18475721127
15730.0 11529.307657121208
15740.0 12253.828370401474
15750.0 11185.632210963358
15760.0 11440.099505840144
15770.0 11800.06572458197
15780.0 11147.091835616011
15790.0 11241.553766387728
15800.0 11024.614363543536
15810.0 11238.341887092763
15820.0 11491.925927855162
15830.0 10827.736304790657
15840.0 11107.027952631808
15850.0 11438.862403651796
15860.0 10964.779041026168
15870.0 10748.01724180093
15880.0 11360.299389397218
15890.0 11143.331415685767
15900.0 11039.131076227852
15910.0 10446.118617049982
15920.0 10646.914348769535
15930.0 10542.82090069876
15940.0 10372.660340569191
15950.0 10787.14070746915
15960.0 10282.714793442476
15970.0 10253.026706928697
15980.0 11154.984948482925
15990.0 10100.268987772948
16000.0 10158.897884098205
16010.0 10322.160891313997
16020.0 9817.124074424955
16030.0 9258.16477775059
16040.0 10208.532450602239
16050.0 9753.22279893075
16060.0 8779.780210580071
16070.0 9834.701001113352
16080.0 8813.068223903636
16090.0 9075.93157939967
16100.0 8788.130241246039
16110.0 8962.825454204292
16120.0 8623.147952833122
16130.0 8706.018700824827
16140.0 8992.486103884965
16150.0 7877.668749494645
16160.0 8336.180466903228
16170.0 7495.609193377747
16180.0 7305.013161193349
16190.0 7256.18566512377
16200.0 7744.34616380359
16210.0 7621.940227862207
16220.0 9010.594945114186
16230.0 9168.253975470128
16240.0 9225.515476936973
16250.0 9359.818749514146
16260.0 8557.156489104056
16270.0 9070.996765943106
16280.0 8595.20459661704
16290.0 9085.726132259393
16300.0 7880.03101768104
16310.0 8325.983303749097
16320.0 7912.73744073593
16330.0 7548.126812009194
16340.0 8083.540287115094
16350.0 7148.372979238418
16360.0 7604.0833504166
16370.0 7468.918181563624
16380.0 7543.219188688543
16390.0 8165.517738302786
16400.0 7212.6812986638715
16410.0 7670.296485813742
16420.0 6790.131117017691
16430.0 7468.533062047914
16440.0 7957.3992695422
16450.0 6415.955129046029
16460.0 10511.888121227777
16470.0 7398.028412033892
16480.0 6979.78092824125
16490.0 7300.127188503912
16500.0 7392.765347589163
16510.0 8203.557012999796
16520.0 7689.8952585962825
16530.0 7804.605454379215
16540.0 7981.18512112596
16550.0 7207.952418615683
16560.0 6195.857657062947
16570.0 6744.142910010743
16580.0 5937.941498138908
16590.0 6751.354255311529
16600.0 7135.8471476669365
16610.0 7287.160442477194
16620.0 6999.470787919308
16630.0 6939.542123035391
16640.0 7451.497585826291
16650.0 5581.941972439094
16660.0 5023.182736049728
16670.0 5245.136500292587
16680.0 4775.055961081551
16690.0 5636.5424731833955
16700.0 5252.366481374798
16710.0 4732.472034222119
16720.0 5358.938828287945
16730.0 5631.764271102518
16740.0 5922.277087503552
16750.0 6839.8739211225875
16760.0 6709.82281514613
16770.0 6561.163132755633
16780.0 6857.281567583595
16790.0 7528.986903406985
16800.0 6620.7495114005615
16810.0 6451.381373795675
16820.0 6541.492305681863
16830.0 5616.163846148687
16840.0 4968.850049745292
16850.0 5449.399578736742
16860.0 5263.206015627942
16870.0 4470.46203405286
16880.0 4960.442186084885
16890.0 4618.102116601961
16900.0 4495.903033217181
16910.0 5059.818423181743
16920.0 4779.60218285741
16930.0 5288.2938022395265
16940.0 4470.996160879259
16950.0 4710.514802179598
16960.0 4329.3178198966725
16970.0 4310.8944116972025
16980.0 4799.962384455017
16990.0 5067.566421472983
17000.0 4660.598250017205
17010.0 5144.836824863158
17020.0 5342.394679191005
17030.0 4804.150241412306
17040.0 4653.7030074308
17050.0 5268.786181612988
17060.0 5551.952894044693
17070.0 4785.976889191462
17080.0 4962.478305175101
17090.0 5581.532633365221
17100.0 5100.621621719864
17110.0 4534.618685006978
17120.0 5152.230076405394
17130.0 5395.0319330498505
17140.0 5000.850260594731
17150.0 5376.843639064212
17160.0 5779.2153856438545
17170.0 5398.712177383824
17180.0 5267.235237236913
17190.0 5314.655638153881
17200.0 4750.224277863187
17210.0 4858.440848864133
17220.0 4952.791592581927
17230.0 4700.066550891002
17240.0 4237.508327819033
17250.0 4859.699780581101
17260.0 4253.096877814502
17270.0 4588.901178837392
17280.0 4494.797508419011
17290.0 5021.59920996582
17300.0 5315.540370543182
17310.0 4585.755198318739
17320.0 4475.122924213108
17330.0 4921.578352527697
17340.0 5179.3652850872395
17350.0 4448.553254615282
17360.0 4310.160396336545
17370.0 4475.6420004838965
17380.0 4549.844386596923
17390.0 4755.906472829048
17400.0 3981.537006290684
17410.0 3991.1902623678807
17420.0 4341.34083814087
17430.0 4439.1301056505245
17440.0 4007.6718651270157
17450.0 4181.986835205643
17460.0 3853.4045517925592
17470.0 3906.7285510253823
17480.0 4199.206018972685
17490.0 4142.985699450467
17500.0 3685.20440068757
17510.0 3861.2724154724474
17520.0 4453.406653130384
17530.0 3996.4226402481495
17540.0 3480.035596825954
17550.0 3728.667105545628
17560.0 3617.0914635079907
17570.0 3657.90199297434
17580.0 3502.1789742779742
17590.0 4503.568560177102
17600.0 3872.2631645801057
17610.0 4148.219424441526
17620.0 3170.3462170792
17630.0 3892.4233656270226
17640.0 3511.5513390446386
17650.0 4067.2941197477494
17660.0 3839.764179622107
17670.0 3193.3412754160254
17680.0 2988.519313732091
17690.0 3406.915212431505
17700.0 3603.0463320390872
17710.0 3239.3525640680964
17720.0 3080.643940643912
17730.0 3369.517718855794
17740.0 3325.6345727968637
17750.0 2949.927975957741
17760.0 2875.021725313719
17770.0 3261.5660526932124
17780.0 3312.8207091277104
17790.0 2935.459318551149
17800.0 3568.6356337189945
17810.0 2617.5409208441997
17820.0 3381.815656749796
17830.0 3202.0915495650615
17840.0 2661.053591845911
17850.0 2774.905048908391
17860.0 2922.4691045941254
17870.0 2699.828680681128
17880.0 3059.25980007573
17890.0 3641.585152161706
17900.0 2989.1413464754924
17910.0 2564.9456118308985
17920.0 2665.0025064478004
17930.0 2971.749704872525
17940.0 3002.5587098397646
17950.0 2799.9760167422683
17960.0 2528.588758664826
17970.0 2857.111597000158
17980.0 3729.4716829879935
17990.0 2825.5732514167594
18000.0 2495.530735001006
18010.0 2931.147531531768
18020.0 2495.30148240601
18030.0 2734.197791151462
18040.0 2852.498805971484
18050.0 2637.1288015257924
18060.0 2511.253759069472
18070.0 2595.472702395375
18080.0 2662.795548774562
18090.0 3078.2570985145176
18100.0 3258.8756186242645
18110.0 2626.0782639084346
18120.0 2302.3350529624377
18130.0 3188.0230804724315
18140.0 3353.6791861928486
18150.0 2433.877481797417
18160.0 2572.8521245275997
18170.0 2798.5744148054528
18180.0 2464.9470457458497
18190.0 3017.8702512241803
18200.0 2303.4912461995723
18210.0 2414.7303869491852
18220.0 2284.152814751836
18230.0 3647.4943296452047
18240.0 3475.0591633671656
18250.0 2824.5744398926904
18260.0 2288.1913087666794
18270.0 2648.026498847119
18280.0 2514.2127059475188
18290.0 2943.2262731181445
18300.0 2412.7597159254283
18310.0 2482.6724246436947
18320.0 2432.5784252926387
18330.0 2895.384704501427
18340.0 2534.949974908633
18350.0 2490.1300688387687
18360.0 2417.6732347621946
18370.0 2289.2488452471025
18380.0 2663.0911297927028
18390.0 2403.440545805916
18400.0 2504.8776348988836
18410.0 2618.0365602293664
18420.0 2336.9410486565216
18430.0 2660.893304604603
18440.0 2652.575330675756
18450.0 2874.2002841609683
18460.0 2418.6170806166238
18470.0 2326.3577458472837
18480.0 2274.1421990975177
18490.0 2512.7181393310984
18500.0 2390.3854633111005
18510.0 2945.1768356402254
18520.0 2662.567883489054
18530.0 2244.0425721285687
18540.0 2215.4067247110215
18550.0 2749.9631064955333
18560.0 2307.9184890064344
18570.0 2224.230163015178
18580.0 2533.8115582022874
18590.0 2238.5521344739022
18600.0 2101.014891594094
18610.0 2344.0855213000154
18620.0 2455.97855719372
18630.0 2391.4339094952957
18640.0 2086.100308439508
18650.0 2651.504408892283
18660.0 2517.0771492305116
18670.0 2105.032554303776
18680.0 2188.8734873288045
18690.0 2380.9638977698405
18700.0 2143.7925719759833
18710.0 2151.9765612289125
18720.0 2430.8450758817257
18730.0 2090.938373500723
18740.0 7125.006747771884
18750.0 2444.1058903189705
18760.0 2324.6939948155787
18770.0 2467.329929855074
18780.0 2519.4662242548657
18790.0 2886.486263706037
18800.0 2640.071331357131
18810.0 2296.4377769667767
18820.0 3109.923299793195
18830.0 3102.9810065776555
18840.0 2294.6973026545957
18850.0 2313.5238819413094
18860.0 2767.118170175749
18870.0 2972.9682244839514
18880.0 2505.960897746738
18890.0 2816.3569348238243
18900.0 2426.247149577698
18910.0 2635.345071907236
18920.0 2347.40047272456
18930.0 2936.801138154023
18940.0 2827.298235427247
18950.0 3612.52745340334
18960.0 2968.201326116062
18970.0 2745.9891022160805
18980.0 2544.4739548638795
18990.0 2421.256174167251
19000.0 2527.485337149041
19010.0 2720.6205701190365
19020.0 2861.5189084069657
19030.0 2385.996628520559
19040.0 2906.9277405782077
19050.0 2135.725336486949
19060.0 2167.0691361050463
19070.0 3000.7318997299762
19080.0 3103.407812698806
19090.0 2963.024798739989
19100.0 2681.0722570754824
19110.0 2118.900134580645
19120.0 2776.067692585577
19130.0 2149.174466308435
19140.0 2381.7282057538278
19150.0 3042.110147400369
19160.0 2164.965724413638
19170.0 2898.5255496074033
19180.0 3325.037737828944
19190.0 2400.576424022881
19200.0 2014.7073563783567
19210.0 2309.8923479705445
19220.0 2895.626409636837
19230.0 2491.946965879086
19240.0 2057.131282425629
19250.0 2828.382436311893
19260.0 2253.4826501118678
19270.0 2374.973995707227
19280.0 2222.764171537585
19290.0 2646.308893686411
19300.0 2197.947834841378
19310.0 2111.7821243075855
19320.0 2341.6138952421034
19330.0 2331.6051497194076
19340.0 2328.0513955274932
19350.0 2257.230409179025
19360.0 2098.447151425109
19370.0 2490.753371021854
19380.0 2209.7513480129564
19390.0 1924.049880354739
19400.0 2014.9031392733555
19410.0 2213.810899536293
19420.0 2599.941062423714
19430.0 2423.683560576275
19440.0 2151.9212242086387
19450.0 2163.5469180299706
19460.0 2690.9015230278533
19470.0 2105.179696801759
19480.0 2046.4153785030073
19490.0 2146.7358432057913
19500.0 2474.9099187974325
19510.0 2588.2730025221103
19520.0 2519.739974098986
19530.0 2173.869231362157
19540.0 2154.9059298871075
19550.0 1917.501195458048
19560.0 2158.834833086972
19570.0 2538.1599993288946
19580.0 2263.1566725090483
19590.0 2300.720857470167
19600.0 2236.4767430309444
19610.0 2271.522779326038
19620.0 2225.2378156917316
19630.0 2115.4214972611076
19640.0 2422.1571947669036
19650.0 2428.226946361613
19660.0 2639.321724158544
19670.0 2231.042369859472
19680.0 2365.0845067967502
19690.0 2691.757495787152
19700.0 2321.5312573883216
19710.0 2054.035764043319
19720.0 2757.2000852704596
19730.0 2246.4269766317766
19740.0 2212.5836091183123
19750.0 2090.6469383770254
19760.0 2508.2964847894686
19770.0 2552.760211471084
19780.0 2676.699002721355
19790.0 2482.114464164844
19800.0 2253.59531194963
19810.0 2370.2179018321667
19820.0 2249.0375980786603
19830.0 2597.0106921332467
19840.0 2628.9525995395766
19850.0 2696.1981727779817
19860.0 2973.07895750501
19870.0 2759.3446358581505
19880.0 2406.7411587671836
19890.0 2119.335342120171
19900.0 2118.9975710365106
19910.0 2445.8631174132533
19920.0 2706.4613910108187
19930.0 2750.6283757801284
19940.0 2680.829634377061
19950.0 2623.5140444156023
19960.0 3017.513706715915
19970.0 2329.176002797426
19980.0 2621.2454743673948
19990.0 2660.4296369457634
20010.0 2839.6303298740427
20020.0 2692.4211741523486
20030.0 3019.529113736212
20040.0 2990.3236628301
20050.0 2882.166079954589
20060.0 2551.5628735439877
20070.0 2846.236191912011
20080.0 2707.8684657669287
20090.0 2297.4200377216225
20100.0 2667.535770512992
20110.0 3209.6970546148627
20120.0 3070.0808278242002
20130.0 2890.1064492932373
20140.0 3184.0633466988493
20150.0 3030.0638330439438
20160.0 2513.8487206678255
20170.0 2656.325697841875
20180.0 3146.951716137469
20190.0 2611.398165436788
20200.0 2723.416457369758
20210.0 3367.291810777006
20220.0 3236.952254589921
20230.0 3416.939266157112
20240.0 3408.7995810262914
20250.0 2734.21270087618
20260.0 2988.849677959318
20270.0 3145.3076990245727
20280.0 3135.103326799356
20290.0 2806.4428173285387
20300.0 2687.929132198916
20310.0 3498.9632291024545
20320.0 3451.7324876890116
20330.0 3102.3196336661367
20340.0 3308.993013737754
20350.0 3127.4944095407072
20360.0 3547.3754883689126
20370.0 3364.6749179733547
20380.0 3505.593082284219
20390.0 3090.9975334618116
20400.0 3074.8859025533784
20410.0 3093.3629716581163
20420.0 3505.79764191035
20430.0 3380.409185087976
20440.0 3371.0649286074104
20450.0 3195.443110673807
20460.0 3629.0878568340695
20470.0 3767.7999506999367
20480.0 3598.0040149968454
20490.0 3161.9718844542394
20500.0 3598.206348982604
20510.0 3534.3226979313918
20520.0 3144.6021293304525
20530.0 3403.8241446263323
20540.0 3342.576092468415
20550.0 3525.711284857681
20560.0 3607.9912678555934
20570.0 3655.5814170129256
20580.0 3684.273610669571
20590.0 3691.323094756458
20600.0 3499.138784114583
20610.0 3862.381972211429
20620.0 3496.7378246019234
20630.0 3249.019012275561
20640.0 3594.119194765591
20650.0 3613.5395570946002
20660.0 3611.8804249892205
20670.0 3624.834970770161
20680.0 3459.2836179110436
20690.0 3563.607847596295
20700.0 3604.413144280148
20710.0 3426.4028588188557
20720.0 3631.4117074725764
20730.0 3585.9236138930332
20740.0 3635.0602245859855
20750.0 3409.516308772497
20760.0 3393.4318893446493
20770.0 3530.4031548208636
20780.0 3602.6429825468813
20790.0 3591.2305969238314
20800.0 3565.248905595233
20810.0 3460.2567356940417
20820.0 3582.581625162744
20830.0 3540.173566853616
20840.0 3583.375146935433
20850.0 3543.7572535817735
20860.0 3514.388446404493
20870.0 3465.2505584491955
20880.0 3510.280519375775
20890.0 3568.899381772589
20900.0 3531.239409005425
20910.0 3532.0427051425254
20920.0 3507.6618117304033
20930.0 3498.1499076710343
20940.0 3419.838755722395
20950.0 3540.9935939505385
20960.0 3477.5833131249688
20970.0 3499.3845735236537
20980.0 3508.738155412286
20990.0 3462.6830743191285
21000.0 3491.3752231267517
21010.0 3431.4484933161066
21020.0 3399.092250791031
21030.0 3395.8787380673857
21040.0 3417.9955656138336
21050.0 3438.3391544131887
21060.0 3429.513790547102
21070.0 3419.8585368090407
21080.0 3406.9614495177702
21090.0 3391.7805558773534
21100.0 3398.3070690703307
21110.0 3371.2200936639283
21120.0 3349.9559451374926
21130.0 3429.3799034575877
21140.0 3404.745638600766
21150.0 3348.2453273413576
21160.0 3382.638639734847
21170.0 3252.4826000247676
21180.0 3296.2567080361496
21190.0 3317.389366946354
21200.0 3341.9430914821696
21210.0 3336.8777366909626
21220.0 3335.8066467082003
21230.0 3276.1388985813537
21240.0 3301.686425866045
21250.0 3308.122807314988
21260.0 3338.486589111549
21270.0 3244.692172033645
21280.0 3257.8344915801654
21290.0 3215.87472134535
21300.0 3265.1365399164943
21310.0 3282.6497149551597
21320.0 3186.2280100044536
21330.0 3267.751562201551
21340.0 3228.2427145479937
21350.0 3285.9090733817047
21360.0 3179.1418911598576
21370.0 3087.0475429464973
21380.0 3204.306501881995
21390.0 3200.3367072153997
21400.0 3184.1178151270674
21410.0 3119.910949229901
21420.0 2978.5554865711747
21430.0 3123.9882556513558
21440.0 3130.6453157401065
21450.0 3112.0078130815205
21460.0 3044.7468581540074
21470.0 2972.3818925906403
21480.0 3087.783312991738
21490.0 3060.265220334788
21500.0 3086.767211528524
21510.0 2995.9851138889167
21520.0 2966.8915692139217
21530.0 3099.3161933659912
21540.0 3030.868508210059
21550.0 2939.7672876756333
21560.0 3038.0945750051906
21570.0 2990.6152525508724
21580.0 3069.6225731424584
21590.0 2989.8033057406956
21600.0 2827.827924619889
21610.0 2905.6092213686316
21620.0 2926.86365898819
21630.0 3013.249194340997
21640.0 2971.626293497082
21650.0 2892.461850591849
21660.0 2816.650859624709
21670.0 3117.3745635840614
21680.0 2907.463830457518
21690.0 2891.7264305988638
21700.0 2875.068955293836
21710.0 2902.3045892213804
21720.0 2665.9577422927614
21730.0 2834.854361505979
21740.0 2796.062355885805
21750.0 2820.4275624306083
21760.0 2831.4487691849954
21770.0 2761.620988173544
21780.0 2645.9593787270287
21790.0 2749.8371106201384
21800.0 2690.452177325925
21810.0 2797.958360382309
21820.0 2766.8369717152027
21830.0 2532.6600615297575
21840.0 2636.3137561458684
21850.0 2681.673018335802
21860.0 2656.474606688689
21870.0 2663.1832532290437
21880.0 2588.1358494569113
21890.0 2426.4993192240963
21900.0 2543.0572707631595
21910.0 2504.9066309554582
21920.0 2490.722884379031
21930.0 2399.87246457941
21940.0 2367.3485548511107
21950.0 2207.927331445125
21960.0 2277.1517689749207
21970.0 2224.272621281748
21980.0 2016.546342432004
21990.0 2071.7875801759355
22000.0 1975.2870012646754
22010.0 1875.8696195033178
22020.0 1876.4452970844002
22030.0 2017.7319766926585
22040.0 1889.221793871758
22050.0 1794.7902531670095
22060.0 1897.3535926243649
22070.0 1990.201836083796
22080.0 1889.5476196599593
22090.0 2004.5745340108779
22100.0 2041.8823674332568
22110.0 2094.2288223678233
22120.0 2006.7540519194345
22130.0 2018.3805332111622
22140.0 2085.059831436826
22150.0 2248.1286509600413
22160.0 2119.3186968253854
22170.0 2198.481442556366
22180.0 2035.676203879245
22190.0 2218.8804047273075
22200.0 2033.232866325759
22210.0 2089.3505961519913
22220.0 2046.8870854497748
22230.0 2105.9329379874684
22240.0 2123.982894973007
22250.0 2140.9832109811864
22260.0 2016.4935359910162
22270.0 1866.9009923433555
22280.0 2039.6005679903578
22290.0 2116.3006757288563
22300.0 1993.961214307086
22310.0 1882.5829301842887
22320.0 1953.093454378772
22330.0 1945.8228578805101
22340.0 2027.1325487604768
22350.0 2020.9220002214975
22360.0 1934.365207703663
22370.0 1882.4995246389717
22380.0 1921.0294885975418
22390.0 1984.180838578128
22400.0 1781.7533417163252
22410.0 1775.0771423302892
22420.0 1866.230624695023
22430.0 1780.3252051256045
22440.0 1952.737636151338
22450.0 1774.892470315944
22460.0 1671.679183688418
22470.0 1788.1883606244019
22480.0 1813.073979396544
22490.0 1826.0583678922403
22500.0 1714.9845893607558
22510.0 1803.6845870977108
22520.0 1740.2585142152795
22530.0 1712.2042993519485
22540.0 1850.7427317562071
22550.0 1671.7194945116507
22560.0 1669.9816823616795
22570.0 1708.3736871801161
22580.0 1863.9599317908196
22590.0 1749.864470080477
22600.0 1670.8744956185342
22610.0 1623.7071495849734
22620.0 1847.6227061168775
22630.0 1745.7880078270414
22640.0 1552.9280225796117
22650.0 1792.3118968298222
22660.0 1861.0041826649226
22670.0 1764.3425038325286
22680.0 1535.5839913586908
22690.0 1769.0740337004545
22700.0 1759.848036582712
22710.0 1726.9822691213874
22720.0 1579.2806537238716
22730.0 1834.6215751183709
22740.0 1751.2467749866478
22750.0 1591.0282165771853
22760.0 1674.1187104377382
22770.0 1708.6441091116471
22780.0 1676.9065985497639
22790.0 1762.7896748560852
22800.0 1572.9642050847451
22810.0 1752.5835908332688
22820.0 1569.6102771209707
22830.0 1614.793967041753
22840.0 1639.3913546842932
22850.0 1590.8311477312095
22860.0 1598.2004559772504
22870.0 1633.9835252416078
22880.0 1647.832037523146
22890.0 1495.2932666888958
22900.0 1511.5409128431088
22910.0 1550.1221339028689
22920.0 1489.7978558669279
22930.0 1520.5904951876255
22940.0 1546.2706857292756
22950.0 1482.6593791075948
22960.0 1524.1448503201457
22970.0 1639.5653076168674
22980.0 1444.9067026802816
22990.0 1618.9398584415212
23000.0 1513.5636607657634
23010.0 1721.0646409952546
23020.0 1550.73784730511
23030.0 1569.216671430146
23040.0 1616.196402821124
23050.0 1659.1018559555173
23060.0 1687.589572787241
23070.0 1698.838205681791
23080.0 1805.3993591362155
23090.0 1669.4415961767925
23100.0 1881.5319918217715
23110.0 1791.8543109834218
23120.0 1797.747877928894
23130.0 1881.8189953710457
23140.0 1709.0367272535168
23150.0 1749.2040781761689
23160.0 1292.5326572257925
23170.0 1261.7072303587659
23180.0 1343.7017324164074
23190.0 1330.029574829652
23200.0 1389.4295101886428
23210.0 1403.3304137898779
23220.0 1421.806186565887
23230.0 1401.608474855525
23240.0 1391.7494612294918
23250.0 1383.2682323868326
23260.0 1419.3817587421386
23270.0 1436.2134258396507
23280.0 1337.1322466103732
23290.0 1439.6920430774617
23300.0 1357.5583930588482
23310.0 1367.4334048713702
23320.0 1472.0547399938575
23330.0 1409.6117634700363
23340.0 1325.5390414164053
23350.0 1430.39804252382
23360.0 1417.2160780821287
23370.0 1492.6992107570404
23380.0 1354.5536056507299
23390.0 1343.3376958294225
23400.0 1414.8018076350052
23410.0 1325.5180645227952
23420.0 1497.216232651196
23430.0 1338.561952723503
23440.0 1377.347879991265
23450.0 1344.9606408171223
23460.0 1407.7437768156478
23470.0 1407.1025177474744
23480.0 1359.4650705769438
23490.0 1514.8723421366474
23500.0 1306.9724100030612
23510.0 1362.556373950579
23520.0 1422.8932174334718
23530.0 1441.6737228607833
23540.0 1505.3318355721271
23550.0 1363.7497037057433
23560.0 1474.4015641692458
23570.0 1583.6711090311915
23580.0 1265.6068360642212
23590.0 1559.517140621299
23600.0 1679.1932403242404
23610.0 1475.4160301656793
23620.0 1614.4310962454229
23630.0 1463.6357634956794
23640.0 1601.2703181677452
23650.0 1677.1790039189218
23660.0 1572.931893067505
23670.0 1411.164773704217
23680.0 1585.48619692061
23690.0 1442.5861632851536
23700.0 1071.1155227324068
23710.0 1146.024318523615
23720.0 1207.1932733990727
23730.0 1377.7471136474683
23740.0 1357.4157402253384
23750.0 1385.9481763368972
23760.0 1323.9184135955743
23770.0 1363.807644682091
23780.0 1343.1012623477882
23790.0 1433.9084622518294
23800.0 1254.3591610977128
23810.0 1408.4132754767857
23820.0 1359.2467918657812
23830.0 1261.7576480882603
23840.0 1364.95830069682
23850.0 1486.1708655479802
23860.0 1341.4033701131452
23870.0 1445.0975864619877
23880.0 1499.380910115946
23890.0 1466.687040120015
23900.0 1523.6304174742322
23910.0 1364.2701314527606
23920.0 1532.5706741669724
23930.0 1483.4727293691153
23940.0 1388.223332239169
23950.0 1506.0577614639083
23960.0 1351.4828392573943
23970.0 1540.8332114964014
23980.0 1582.2516846302037
23990.0 1575.838780228385
24000.0 1450.2703610168755
24010.0 1544.967374542276
24020.0 1604.6552254390708
24030.0 1498.3602577092965
24040.0 1503.5065130338885
24050.0 1522.9948726615048
24060.0 1617.522476048316
24070.0 1317.724528751926
24080.0 1538.3239002598898
24090.0 1442.4307193563532
24100.0 1549.7067359164216
24110.0 1648.103918213086
24120.0 1631.8782363358869
24130.0 1520.546087831015
24140.0 1518.0141320634143
24150.0 1504.9807943933058
24160.0 1473.9215588235215
24170.0 1513.8186416254161
24180.0 1370.194783476353
24190.0 1323.3014747062
24200.0 1714.5737981437046
24210.0 1721.002692813463
24220.0 1509.5295747642804
24230.0 1439.1610603132792
24240.0 1613.6327113456337
24250.0 1600.698079614071
24260.0 1509.198228230544
24270.0 1348.8254818999121
24280.0 1524.5344580074611
24290.0 1670.316113418207
24300.0 1544.8348338584733
24310.0 1601.101636152928
24320.0 1710.6924389254893
24330.0 1495.263187847048
24340.0 1512.6712592961271
24350.0 1299.6677594228336
24360.0 1219.25264861935
24370.0 1476.573517744573
24380.0 1782.7400385104338
24390.0 1625.5586771000337
24400.0 1591.8876013764182
24410.0 1521.151753886439
24420.0 1441.4125273549203
24430.0 1531.0906802008149
24440.0 1440.3398120583697
24450.0 1406.359912013233
24460.0 1372.0281859449697
24470.0 1323.2632303067094
24480.0 1441.2969044468728
24490.0 1665.323647570326
24500.0 1590.4258728589466
24510.0 1211.61389991239
24520.0 1297.6335771582415
24530.0 1187.3841878277121
24540.0 1278.783089888832
24550.0 1631.9098654366203
24560.0 1505.1204609478136
24570.0 1708.299264126923
24580.0 1538.3665807668904
24590.0 1287.75683759354
24600.0 1386.8461902438276
24610.0 1198.0202047391167
24620.0 1440.552150284541
24630.0 1554.5729498811338
24640.0 1725.9813885504734
24650.0 1496.59261454351
24660.0 1409.9190384501157
24670.0 1222.612472928914
24680.0 1162.3683018854538
24690.0 1395.7689613451703
24700.0 1316.7058103958452
24710.0 1427.5028720657958
24720.0 1182.881556857928
24730.0 1157.5536979185551
24740.0 1152.3529549204113
24750.0 1206.999707426456
24760.0 1533.3700638453092
24770.0 1154.4897741147622
24780.0 1110.910607410282
24790.0 1346.4123120598936
24800.0 1427.0449400980776
24810.0 1171.620242782718
24820.0 1127.5569109947332
24830.0 1317.2334860473945
24840.0 1399.2493444044708
24850.0 1701.7123079181288
24860.0 1320.333823923718
24870.0 1203.226189791867
24880.0 1069.4448666955457
24890.0 959.9666741303233
24900.0 949.4742878504874
24910.0 1218.104486182311
24920.0 1427.724671672649
24930.0 1383.1670822514757
24940.0 1285.2467166682877
24950.0 1413.09094233443
24960.0 1034.0710598805736
24970.0 992.7318767709639
24980.0 1126.3131875990896
24990.0 1161.1995540904816
