#lam[Angstrom] flux[erg/cm2/s/A]
1010.0 10701.030577663407
1020.0 11080.437336076433
1030.0 38226.86115168733
1040.0 15068.446925997383
1050.0 11346.538185964846
1060.0 11449.12092027117
1070.0 12089.927197609593
1080.0 36587.60106044247
1090.0 37274.509036094605
1100.0 11949.41916864146
1110.0 12045.561410336262
1120.0 12514.232091250931
1130.0 12172.574238763733
1140.0 13219.405485650443
1150.0 12405.595612862338
1160.0 12641.33579078613
1170.0 12664.836432245136
1180.0 12719.781003951812
1190.0 12797.439690882627
1200.0 19299.378906334514
1210.0 17176.150471097433
1220.0 109263.6034486801
1230.0 15814.264931393645
1240.0 64446.20130420424
1250.0 22482.04207266003
1260.0 31275.73569292093
1270.0 32151.77507841007
1280.0 33208.54677960441
1290.0 35865.04130280736
1300.0 38616.188140578335
1310.0 42497.70588720974
1320.0 44420.43866299409
1330.0 45176.5284402169
1340.0 50463.26174623433
1350.0 48640.85760623366
1360.0 49817.858580900596
1370.0 50565.26494555508
1380.0 51708.46329333711
1390.0 117891.23920902761
1400.0 131065.50822004395
1410.0 97095.1393781814
1420.0 55134.97701605523
1430.0 54178.06373568707
1440.0 54621.325311961205
1450.0 55092.13609398462
1460.0 55679.47445251388
1470.0 56034.13277535292
1480.0 56542.272211280404
1490.0 88158.44605929508
1500.0 56376.28853026978
1510.0 56426.22168397633
1520.0 56990.22283979397
1530.0 61677.17786714663
1540.0 60848.367080968404
1550.0 775906.6472674817
1560.0 59611.8770276022
1570.0 61853.016505258434
1580.0 66921.30662002134
1590.0 65479.659321463725
1600.0 71927.72388996615
1610.0 66014.16524433008
1620.0 66449.39034608788
1630.0 65610.17529378578
1640.0 506363.9517791437
1650.0 68133.23756126185
1660.0 83063.11192675731
1670.0 109552.61947824467
1680.0 183294.26448825715
1690.0 125635.03634081344
1700.0 159634.4486302399
1710.0 236118.56464874497
1720.0 317337.3473963089
1730.0 411949.51764528966
1740.0 401537.94011477754
1750.0 486354.1455976134
1760.0 558697.1492773074
1770.0 416147.459594563
1780.0 589761.3693252016
1790.0 903211.061432646
1800.0 1146861.159019977
1810.0 693391.2345853496
1820.0 672045.3476934223
1830.0 543110.0456813325
1840.0 558779.851369548
1850.0 515590.89707110124
1860.0 853025.8861920347
1870.0 1011072.2409097495
1880.0 1089367.998584814
1890.0 1101711.973118884
1900.0 806825.5664568335
1910.0 1127417.2051514338
1920.0 1037349.7280635436
1930.0 555661.0032266693
1940.0 899623.6503927908
1950.0 1318814.1351447287
1960.0 1679035.433555746
1970.0 1606400.2469736366
1980.0 1472952.9764911076
1990.0 1601319.17885615
2000.0 1608414.5099402429
2010.0 1463266.3657586765
2020.0 1370746.287930556
2030.0 1598692.1147380474
2040.0 1943607.1101475814
2050.0 2343705.216248833
2060.0 1638218.5812310579
2070.0 2908553.94559575
2080.0 2959221.9600862097
2090.0 3408754.1139541795
2100.0 3363499.0484209475
2110.0 3416535.3751133713
2120.0 3667483.784841211
2130.0 2159275.7807122306
2140.0 3000284.3812222
2150.0 2817940.3430048665
2160.0 3206445.937575848
2170.0 2097320.3270578603
2180.0 3027390.2949253605
2190.0 3332303.5604404137
2200.0 4239668.238694863
2210.0 2503147.3534824774
2220.0 2097330.0718099764
2230.0 2973806.115625842
2240.0 4025385.232947492
2250.0 2709805.2120396784
2260.0 2802385.4491081825
2270.0 2926009.2272852305
2280.0 3493431.725441252
2290.0 3308986.232714096
2300.0 2727649.730537108
2310.0 3603794.3745162715
2320.0 3534796.528628919
2330.0 1633137.0863092118
2340.0 1699698.3761756814
2350.0 1674970.7107071856
2360.0 1110347.3634315485
2370.0 1295602.4090855678
2380.0 1001475.3201045711
2390.0 1104513.3527053066
2400.0 955281.6509532983
2410.0 1016581.2012691917
2420.0 3006621.0311727687
2430.0 3117315.9775101645
2440.0 3121840.890004239
2450.0 3439953.408146481
2460.0 3638636.050592225
2470.0 3255942.0656739282
2480.0 3219101.369650852
2490.0 2610872.0896775536
2500.0 3286623.071880623
2510.0 2892355.710831425
2520.0 2074033.8821810356
2530.0 1832089.5833066416
2540.0 2063299.1990825369
2550.0 3075274.590662884
2560.0 2775758.150896539
2570.0 3406713.924948388
2580.0 2709414.7529260917
2590.0 2523068.7438904615
2600.0 1964341.0445068511
2610.0 1277520.3434489204
2620.0 2798566.6044679657
2630.0 2015187.2964780491
2640.0 5753052.251696264
2650.0 5839199.100423356
2660.0 4875048.194562038
2670.0 5195775.172984643
2680.0 5568184.4053170215
2690.0 5713050.48902575
2700.0 5963168.253528918
2710.0 4630644.520718662
2720.0 3841251.989918849
2730.0 4119204.245952768
2740.0 3014160.0876336764
2750.0 2645068.044633252
2760.0 3782812.8756202706
2770.0 4621229.494119789
2780.0 3847753.0709670307
2790.0 2386291.976418707
2800.0 897458.7253438678
2810.0 3251713.007051597
2820.0 6869378.993875006
2830.0 6624548.384559477
2840.0 5648943.459767817
2850.0 4639011.081355692
2860.0 6782370.524542999
2870.0 6784131.9032820845
2880.0 5973243.443297268
2890.0 6792819.500375979
2900.0 8978928.354907103
2910.0 9215598.132723683
2920.0 8403343.431236453
2930.0 8054327.355137965
2940.0 7885419.5098237675
2950.0 7692734.153862516
2960.0 9122817.760936297
2970.0 8492031.563903512
2980.0 8161795.297994654
2990.0 8541489.585319582
3000.0 9458553.52666037
3010.0 10385608.302970868
3020.0 9067649.792335212
3030.0 8991137.885505628
3040.0 8909847.781494055
3050.0 10112830.280503128
3060.0 9448330.698988765
3070.0 9795683.105664486
3080.0 9742739.351968706
3090.0 10022379.929603357
3100.0 9230258.370190166
3110.0 10121108.875786928
3120.0 9417898.41747119
3130.0 8897361.592852987
3140.0 10031398.214108435
3150.0 10435351.485634025
3160.0 9014096.395399127
3170.0 10707215.918986805
3180.0 8754538.611196667
3190.0 9192125.904227141
3200.0 9972045.724203521
3210.0 9157339.578870531
3220.0 10127272.587702196
3230.0 7383205.810501925
3240.0 9280200.027604306
3250.0 9854031.278200133
3260.0 11485708.947020562
3270.0 10821859.422705362
3280.0 9325045.006183932
3290.0 11537262.532318937
3300.0 11648935.59350526
3310.0 10572943.265863344
3320.0 11075565.915025275
3330.0 11628200.266404398
3340.0 10167235.523379372
3350.0 10001401.512204323
3360.0 10374740.95991344
3370.0 9079107.917736273
3380.0 10449666.84268811
3390.0 10208587.900578601
3400.0 10950119.997478327
3410.0 10104849.743703298
3420.0 10375743.0167274
3430.0 11251762.911592167
3440.0 10562504.732265992
3450.0 10974672.767072037
3460.0 10386328.936757082
3470.0 10874094.124584049
3480.0 9983535.067665577
3490.0 11124717.965985619
3500.0 10732882.70448254
3510.0 10607020.238436548
3520.0 10002311.574229043
3530.0 10647200.763001133
3540.0 11819668.05483974
3550.0 10975318.01623813
3560.0 11827145.966797864
3570.0 9546993.807100765
3580.0 10644212.09182965
3590.0 9119318.449485214
3600.0 11563889.049338225
3610.0 9829508.608479233
3620.0 10546006.685694955
3630.0 10991656.303312104
3640.0 11066931.594533604
3650.0 10827441.508159917
3660.0 11734297.39490048
3670.0 10388712.00692926
3680.0 10032032.715727806
3690.0 10683967.241128834
3700.0 11528156.06243111
3710.0 11635555.01843832
3720.0 12575614.438143792
3730.0 13118248.749819659
3740.0 13663312.242598195
3750.0 11533948.31163975
3760.0 15468002.2572082
3770.0 12673869.52814904
3780.0 18774919.77192186
3790.0 16220976.359168723
3800.0 14046429.75872182
3810.0 18695522.03554077
3820.0 17906449.44272231
3830.0 13998061.73176442
3840.0 14046258.11361344
3850.0 19694506.3155898
3860.0 18874906.135402888
3870.0 18937347.19962932
3880.0 18895041.849770702
3890.0 12673247.740009986
3900.0 18214750.686353996
3910.0 19433929.09282634
3920.0 19347921.08961421
3930.0 10279222.516968256
3940.0 14645048.100493282
3950.0 19674704.062564008
3960.0 17523912.336155083
3970.0 8088999.146041768
3980.0 19199981.11019532
3990.0 21559752.47225823
4000.0 21328949.151824694
4010.0 21613162.6876064
4020.0 22350594.71812237
4030.0 20904349.26266434
4040.0 22734410.583580248
4050.0 22104587.554488037
4060.0 21540240.97834225
4070.0 20759555.008813847
4080.0 20761148.847931135
4090.0 21956270.459128212
4100.0 14580505.612745658
4110.0 19712852.82183687
4120.0 22328888.597472843
4130.0 20951483.050878003
4140.0 22922245.958882164
4150.0 21757443.77648038
4160.0 22426558.27004574
4170.0 21490057.710718725
4180.0 21224158.61831836
4190.0 22722364.700209826
4200.0 20502744.6982347
4210.0 22587836.806881413
4220.0 21929321.61761552
4230.0 20851902.24497056
4240.0 21640689.302937634
4250.0 21042766.937230587
4260.0 22117439.463554326
4270.0 21169472.980761554
4280.0 22046835.49991693
4290.0 19890797.722627033
4300.0 18902434.97745694
4310.0 18852593.529914178
4320.0 21323935.17356202
4330.0 19375420.694574535
4340.0 13316807.036964571
4350.0 19459721.31312251
4360.0 22583682.831146557
4370.0 21747369.03856993
4380.0 21153248.66415806
4390.0 21431624.41075001
4400.0 20622166.998892255
4410.0 21741728.224852577
4420.0 20739853.358465116
4430.0 21352463.464512568
4440.0 21205147.312827174
4450.0 21137137.5206214
4460.0 19897799.558976363
4470.0 21376156.264596283
4480.0 21586018.902754795
4490.0 21583715.04700396
4500.0 21824277.997718383
4510.0 22953836.02873873
4520.0 20983110.84441478
4530.0 20303781.08635632
4540.0 21772248.78838247
4550.0 20735307.895484563
4560.0 21290886.69558872
4570.0 21771431.553832497
4580.0 20510065.648704983
4590.0 20691607.510900106
4600.0 21152057.35969994
4610.0 21541526.058010854
4620.0 21049722.605991654
4630.0 21058745.55605494
4640.0 21535916.47962981
4650.0 21102387.292529307
4660.0 21642167.270559903
4670.0 20860144.44395376
4680.0 21478236.40535474
4690.0 21449700.04423725
4700.0 21095165.64593833
4710.0 20801594.447746735
4720.0 21211170.49441132
4730.0 20624318.5945744
4740.0 20918928.42207044
4750.0 21377050.39962277
4760.0 20593236.696253788
4770.0 20950575.60875704
4780.0 21082886.642064724
4790.0 20439731.784009844
4800.0 20881517.878079344
4810.0 20402246.47802911
4820.0 20338181.402626995
4830.0 20448044.595590275
4840.0 19518051.453412104
4850.0 18544603.81550908
4860.0 12905886.48241075
4870.0 16906002.11840082
4880.0 18915637.894660626
4890.0 18985681.099543557
4900.0 19838653.45363574
4910.0 19602186.542613003
4920.0 18656911.494441934
4930.0 19979040.946971167
4940.0 19387113.87291751
4950.0 20062827.932611
4960.0 19992450.497711692
4970.0 19697932.52630409
4980.0 18582309.441920165
4990.0 19025774.5493664
5000.0 19140596.53108049
5010.0 19120091.207086276
5020.0 18211058.591386072
5030.0 19702572.548911985
5040.0 18018947.810793854
5050.0 19077703.45484022
5060.0 19722655.87245923
5070.0 18787458.69982613
5080.0 18149968.98885247
5090.0 19366877.857461445
5100.0 18816824.078032885
5110.0 18642914.36076247
5120.0 18741775.8802197
5130.0 18003046.395107787
5140.0 17941286.629848704
5150.0 17978695.5441296
5160.0 18637555.89859794
5170.0 16916061.190720327
5180.0 17983178.419443972
5190.0 17498794.814913146
5200.0 17687582.19290079
5210.0 17845107.129396703
5220.0 17990748.865546823
5230.0 16959461.029213604
5240.0 17968822.413270984
5250.0 18086552.494472604
5260.0 17108217.38211135
5270.0 16070251.29603123
5280.0 16982709.837955568
5290.0 18432840.02026111
5300.0 17551544.11451707
5310.0 17967519.026217554
5320.0 17583853.2917895
5330.0 16698419.552221036
5340.0 17051143.534450475
5350.0 17584663.73209386
5360.0 17856451.05109466
5370.0 17089232.518837534
5380.0 17522096.243597176
5390.0 17618776.2272877
5400.0 16769716.446800528
5410.0 16617831.95014763
5420.0 17051737.454056688
5430.0 16812291.860180184
5440.0 17745404.860576574
5450.0 17200021.04896788
5460.0 17002571.974795397
5470.0 17536455.092182286
5480.0 16881487.5599588
5490.0 16742300.863282058
5500.0 16987264.104435373
5510.0 16639670.359820023
5520.0 17370983.45384404
5530.0 16480233.695644492
5540.0 17310705.016291473
5550.0 16891681.599084854
5560.0 16831523.72086921
5570.0 16404404.794383196
5580.0 16698483.821886295
5590.0 15952050.333014747
5600.0 16127267.59894227
5610.0 16942341.279893808
5620.0 16170112.283408605
5630.0 16763229.358282983
5640.0 16476865.122017797
5650.0 16527085.02007814
5660.0 15705708.87968118
5670.0 16398937.882492332
5680.0 16238627.73476271
5690.0 16323853.93195425
5700.0 16302122.510953939
5710.0 15694638.620638425
5720.0 16358695.411531813
5730.0 16381198.201869424
5740.0 16414498.9572583
5750.0 15768007.478746092
5760.0 16079942.776126673
5770.0 16230187.711827364
5780.0 16014235.103829255
5790.0 15888146.050658533
5800.0 16033447.024888305
5810.0 15911616.495826134
5820.0 15911623.639466742
5830.0 15947459.003510477
5840.0 15903348.79466428
5850.0 15703814.122941485
5860.0 15322334.736887548
5870.0 15679803.956838334
5880.0 15659589.593548922
5890.0 15377208.882985191
5900.0 15357617.139288528
5910.0 15418871.415583534
5920.0 15480580.190966567
5930.0 15130136.57724946
5940.0 15402716.632611219
5950.0 15181631.969306238
5960.0 15300805.556590727
5970.0 15307886.653224742
5980.0 14877661.435887752
5990.0 14999084.066706723
6000.0 14995989.76186023
6010.0 14778569.581278583
6020.0 14580153.894885398
6030.0 14757286.187172683
6040.0 14982138.891555415
6050.0 14837363.171026278
6060.0 14738403.790115234
6070.0 14683255.197532639
6080.0 14562034.765471665
6090.0 14601368.489483964
6100.0 14328620.690207317
6110.0 14483918.391910102
6120.0 14299139.543524573
6130.0 14302960.06705147
6140.0 13777908.253803
6150.0 14101550.486196151
6160.0 13579199.945820818
6170.0 13857188.591096519
6180.0 14178023.775741437
6190.0 14017662.411866888
6200.0 14162481.864024723
6210.0 14150652.423662886
6220.0 13894112.61667673
6230.0 13781703.383952994
6240.0 13466811.858426157
6250.0 13313889.698254056
6260.0 13799437.709503
6270.0 13764118.350786062
6280.0 13482996.508640341
6290.0 13628066.438190479
6300.0 13462606.271228142
6310.0 13624520.677908102
6320.0 13273157.657036029
6330.0 13668503.22981889
6340.0 13260701.94952275
6350.0 13516976.072813721
6360.0 13284733.632702393
6370.0 13379179.287722722
6380.0 13368695.052703796
6390.0 13235851.947585687
6400.0 13139719.442844722
6410.0 13081198.668962074
6420.0 12948632.658947809
6430.0 13058948.299081495
6440.0 13017495.855112338
6450.0 13079928.973659784
6460.0 12641064.38569987
6470.0 12967330.406978631
6480.0 12950900.155028684
6490.0 12669084.08546761
6500.0 12441938.636769313
6510.0 12902218.12258163
6520.0 12692967.127927884
6530.0 12648034.508063147
6540.0 12413711.98071186
6550.0 11713270.215302948
6560.0 9168423.880251959
6570.0 10799703.256730668
6580.0 12074552.721820304
6590.0 12204096.278376425
6600.0 12409791.853230542
6610.0 12411708.402066955
6620.0 12489233.738342918
6630.0 12309664.922741815
6640.0 12344720.866950693
6650.0 12410949.925373819
6660.0 12235096.997128705
6670.0 12318833.089790352
6680.0 12184793.244799899
6690.0 12279680.997674767
6700.0 12140958.236464443
6710.0 12009389.35083291
6720.0 12014362.934611786
6730.0 12078808.586390475
6740.0 12050122.16454536
6750.0 11914890.312039213
6760.0 11961626.791209152
6770.0 11849578.5107572
6780.0 11908809.347423926
6790.0 11826859.908112274
6800.0 11791376.11564718
6810.0 11767634.937342236
6820.0 11754148.252977489
6830.0 11670120.745382633
6840.0 11545944.118712272
6850.0 11687173.018499903
6860.0 11477020.336861102
6870.0 11617083.256207913
6880.0 11556890.20933189
6890.0 11506403.9768248
6900.0 11524587.808379162
6910.0 11394746.150718857
6920.0 11335996.253133407
6930.0 11372478.939032964
6940.0 11359314.094035871
6950.0 11246027.179515265
6960.0 11272934.347151628
6970.0 11240425.631826987
6980.0 11062180.825664133
6990.0 11173916.021404399
7000.0 10993555.310047917
7010.0 11046473.047136772
7020.0 10850603.471567918
7030.0 10983854.605127105
7040.0 10964460.081426233
7050.0 10984512.75310912
7060.0 10912933.948223894
7070.0 10839862.026991509
7080.0 10855753.646944834
7090.0 10794637.38672767
7100.0 10818892.437933682
7110.0 10612685.25388093
7120.0 10583240.32036457
7130.0 10527175.28939348
7140.0 10684317.605062596
7150.0 10507494.665349187
7160.0 10468120.95853754
7170.0 10537658.843579618
7180.0 10431284.782558521
7190.0 10219658.651769023
7200.0 10452615.928797096
7210.0 10226467.468269646
7220.0 10276679.7861068
7230.0 10387015.546905411
7240.0 10269303.904490648
7250.0 10292606.504196296
7260.0 10262054.165666789
7270.0 10293108.813304033
7280.0 10124283.331213417
7290.0 9942874.533743743
7300.0 10137873.712584306
7310.0 9955895.592420813
7320.0 10105899.952387288
7330.0 9928930.380757319
7340.0 10076866.229296668
7350.0 10014374.439433048
7360.0 9888605.31789201
7370.0 9976698.098503927
7380.0 9946194.662951538
7390.0 9636809.9121054
7400.0 9828403.744431999
7410.0 9601622.134462815
7420.0 9484552.78434609
7430.0 9781167.188408416
7440.0 9695810.34410029
7450.0 9532800.37784684
7460.0 9646258.901709013
7470.0 9638393.66401283
7480.0 9476961.985788072
7490.0 9565855.359118534
7500.0 9500411.140813017
7510.0 9403058.514761196
7520.0 9448475.900998995
7530.0 9461806.798863785
7540.0 9507593.174860097
7550.0 9435637.889835672
7560.0 9316919.909860464
7570.0 9335756.249320397
7580.0 9315430.250668826
7590.0 9277106.000917532
7600.0 9268951.23741463
7610.0 9283024.49580912
7620.0 9090878.469347583
7630.0 9264105.703648588
7640.0 9231737.472231174
7650.0 9189391.82109046
7660.0 8729199.458375512
7670.0 9101500.331150077
7680.0 9065259.115661113
7690.0 8984441.762909556
7700.0 8995034.255411873
7710.0 8852373.46323508
7720.0 8906268.755931074
7730.0 8944381.116093127
7740.0 8922873.128538622
7750.0 8750521.46920543
7760.0 8891645.497693788
7770.0 8734011.646404281
7780.0 8712266.178993678
7790.0 8811626.060048264
7800.0 8718333.062671857
7810.0 8710287.608056603
7820.0 8748481.009533495
7830.0 8582158.34550004
7840.0 8574764.588634152
7850.0 8567672.60619591
7860.0 8588678.284534413
7870.0 8633862.212238884
7880.0 8519623.023314247
7890.0 8578237.704914438
7900.0 8460342.122483954
7910.0 8489673.200696576
7920.0 8408562.962817209
7930.0 8313493.704821136
7940.0 8256824.721773064
7950.0 8303169.348327549
7960.0 8390538.433733378
7970.0 8362645.309377621
7980.0 8354421.290430163
7990.0 8316535.190900125
8000.0 8180245.489811096
8010.0 8271954.527244619
8020.0 8232618.525760194
8030.0 8137842.183481306
8040.0 8197016.211536474
8050.0 8034096.353139046
8060.0 8149694.257652901
8070.0 8101142.544245665
8080.0 8085595.8519069245
8090.0 7976475.570580464
8100.0 8008543.713994314
8110.0 8051039.553610405
8120.0 8030992.446099414
8130.0 7997291.918877713
8140.0 7973402.264515139
8150.0 7929122.430335418
8160.0 7895456.839128256
8170.0 7898326.317601889
8180.0 7780258.309112589
8190.0 7772020.452275441
8200.0 7693239.208854822
8210.0 7634738.612923454
8220.0 7634089.782344333
8230.0 7623516.231507729
8240.0 7714536.282533923
8250.0 7538866.625357812
8260.0 7677874.568995103
8270.0 7654509.796400751
8280.0 7615766.2299222965
8290.0 7511678.239982559
8300.0 7482716.171689655
8310.0 7361985.761397897
8320.0 7441878.9071219405
8330.0 7208814.924043226
8340.0 7258243.638677373
8350.0 7284122.388478962
8360.0 7289262.414841432
8370.0 7249409.939056583
8380.0 7271462.987026372
8390.0 7082372.406258621
8400.0 7229465.506252478
8410.0 7144248.75853614
8420.0 7152956.879550329
8430.0 7180964.969653245
8440.0 6968382.943127762
8450.0 7149802.057817566
8460.0 7124621.872939356
8470.0 6812923.869769975
8480.0 7210223.636767805
8490.0 7178623.063290788
8500.0 6419261.25416418
8510.0 6927323.822945472
8520.0 7174985.669690603
8530.0 7087214.2099067755
8540.0 6057774.072310176
8550.0 6657673.624565177
8560.0 7059152.583785229
8570.0 7162668.911314072
8580.0 7064948.709569943
8590.0 6841158.397139456
8600.0 6236125.574497237
8610.0 6866802.775661497
8620.0 7033970.237056762
8630.0 7080049.50926337
8640.0 7014892.795537859
8650.0 6881013.291974731
8660.0 5780979.805198297
8670.0 6183756.969541387
8680.0 6780222.952990917
8690.0 6720011.215364113
8700.0 6918617.268063504
8710.0 6862245.0915846005
8720.0 6911541.456157077
8730.0 6837811.263540262
8740.0 6448216.525680359
8750.0 5706534.124263862
8760.0 6438559.875262852
8770.0 6735517.3658657465
8780.0 6846973.658189724
8790.0 6742248.43825146
8800.0 6865559.271694252
8810.0 6690270.219274051
8820.0 6697406.657354265
8830.0 6783639.302010448
8840.0 6612368.175168245
8850.0 6472814.7655919315
8860.0 5604542.351798479
8870.0 6067008.038738075
8880.0 6457579.424872958
8890.0 6616808.496869492
8900.0 6670912.26656294
8910.0 6569708.649346619
8920.0 6594025.336195045
8930.0 6476852.490848772
8940.0 6641473.380901824
8950.0 6540412.134562233
8960.0 6578373.305407554
8970.0 6503950.511806273
8980.0 6440265.518109628
8990.0 6426930.206848009
9000.0 6177774.498749364
9010.0 5491951.046926841
9020.0 5567782.215238461
9030.0 6242645.886301585
9040.0 6339568.674209105
9050.0 6377560.130242136
9060.0 6168860.989383244
9070.0 6386516.324546568
9080.0 6272665.398869721
9090.0 6083695.339272376
9100.0 6257291.375654854
9110.0 6200381.707818945
9120.0 6278187.32776561
9130.0 6294808.035374899
9140.0 6294727.333914934
9150.0 6247629.108966527
9160.0 6240731.813260098
9170.0 6218919.116688532
9180.0 6151693.860936138
9190.0 6165205.936534855
9200.0 6103472.943272028
9210.0 5837940.62660344
9220.0 5606891.094557552
9230.0 4829733.368951552
9240.0 5598776.546451401
9250.0 5910640.391693578
9260.0 5801581.260305529
9270.0 6007977.388278832
9280.0 6033703.531530927
9290.0 5978958.966225762
9300.0 6004513.821308566
9310.0 5999855.7022042135
9320.0 5963015.603576078
9330.0 5952320.89547981
9340.0 5960255.774183405
9350.0 5925703.688267728
9360.0 5904822.571486258
9370.0 5915798.208591319
9380.0 5896825.330327666
9390.0 5852332.973748039
9400.0 5815967.084860806
9410.0 5491809.469360934
9420.0 5729672.026716567
9430.0 5746458.573150384
9440.0 5679372.781160954
9450.0 5751285.428764188
9460.0 5729053.569614222
9470.0 5762174.670501879
9480.0 5730958.666246858
9490.0 5708178.9831306
9500.0 5686775.952877617
9510.0 5619075.257491799
9520.0 5590760.555675142
9530.0 5431587.284048404
9540.0 4986913.5196357155
9550.0 4635044.370002712
9560.0 5342094.505083525
9570.0 5466643.843794468
9580.0 5532894.811412722
9590.0 5537743.544940578
9600.0 5452859.291846287
9610.0 5498638.980517898
9620.0 5445634.5184253985
9630.0 5430199.909205968
9640.0 5478607.9861438
9650.0 5432198.799688049
9660.0 5323913.725231772
9670.0 5449965.248882426
9680.0 5391037.0867215125
9690.0 5366323.300473079
9700.0 5423045.027865382
9710.0 5417945.278725255
9720.0 5401846.7792503955
9730.0 5374874.626207828
9740.0 5301397.940919108
9750.0 5309204.374093685
9760.0 5321766.848307922
9770.0 5324843.923678661
9780.0 5313912.8354856
9790.0 5288936.372147077
9800.0 5263862.632584327
9810.0 5274683.78130595
9820.0 5254930.826354366
9830.0 5240554.500240616
9840.0 5215171.353370415
9850.0 5162111.645300792
9860.0 5166152.241772803
9870.0 5199985.706072038
9880.0 5186113.242742816
9890.0 5065120.702216096
9900.0 5104722.149336306
9910.0 5097093.481069376
9920.0 5109092.458980414
9930.0 5072361.825325206
9940.0 5048126.678520085
9950.0 5073306.676833661
9960.0 5062278.901761104
9970.0 5030454.6332711335
9980.0 5038801.090569961
9990.0 5006385.47012295
10010.0 4942234.636214083
10020.0 4933882.234399707
10030.0 4824965.400873492
10040.0 4541367.1530182995
10050.0 3842933.0751629453
10060.0 4581289.913155473
10070.0 4770701.67086706
10080.0 4842850.357241632
10090.0 4846246.3070697775
10100.0 4832838.187496207
10110.0 4830795.932206099
10120.0 4780860.193769471
10130.0 4872866.021534482
10140.0 4859137.646848123
10150.0 4775404.939480371
10160.0 4763834.49732758
10170.0 4815186.620017229
10180.0 4731339.504943124
10190.0 4736266.217577035
10200.0 4766437.618317187
10210.0 4743851.890473763
10220.0 4695506.727137558
10230.0 4746200.972947997
10240.0 4715863.808963764
10250.0 4706833.800050034
10260.0 4720378.97974011
10270.0 4688811.268688973
10280.0 4687448.167863554
10290.0 4632954.377963561
10300.0 4659268.168607125
10310.0 4647006.066006398
10320.0 4650184.76361738
10330.0 4496538.6602128595
10340.0 4558245.807385805
10350.0 4597760.705325586
10360.0 4596273.704366436
10370.0 4487843.410581005
10380.0 4566442.069538507
10390.0 4568944.87111784
10400.0 4533378.825179847
10410.0 4519453.569294656
10420.0 4527985.513249452
10430.0 4491376.961250061
10440.0 4514446.70170033
10450.0 4453779.575823955
10460.0 4257372.592583023
10470.0 4408657.061676392
10480.0 4434956.43168886
10490.0 4443568.8001259
10500.0 4407112.331995198
10510.0 4396149.240636368
10520.0 4376068.955859647
10530.0 4374859.317535307
10540.0 4376185.621679014
10550.0 4385149.878649803
10560.0 4370760.643868626
10570.0 4326856.807633406
10580.0 4291855.46866922
10590.0 4202734.072024173
10600.0 4276468.206203687
10610.0 4297364.018265893
10620.0 4300690.52895886
10630.0 4197939.39226256
10640.0 4301084.165590964
10650.0 4288235.724993606
10660.0 4222233.539344697
10670.0 4248941.5075268475
10680.0 4138643.966255049
10690.0 3935253.8641907764
10700.0 4166560.7783749113
10710.0 4122634.007531125
10720.0 4176992.5854563494
10730.0 4036148.673885949
10740.0 4171180.0465108994
10750.0 4063962.033763039
10760.0 4168557.33142752
10770.0 4134777.621860912
10780.0 4115509.5265560756
10790.0 4070363.4931888855
10800.0 4103261.0050833276
10810.0 3991532.9619166
10820.0 4212351.595246873
10830.0 3966745.129506364
10840.0 4013235.8099012636
10850.0 4063690.858411789
10860.0 4015431.531924225
10870.0 3857603.212586901
10880.0 3991935.58607789
10890.0 3934115.2420053836
10900.0 3975093.144473676
10910.0 3858137.193529004
10920.0 3807142.879676855
10930.0 3570939.768931077
10940.0 3104035.85095123
10950.0 3642245.552185056
10960.0 3786524.53718269
10970.0 3833691.1505451454
10980.0 3768057.230897466
10990.0 3917533.8752085716
11000.0 3924630.5782916644
11010.0 3897026.6346504227
11020.0 3801601.6103751156
11030.0 3895798.097276114
11040.0 3894717.5898889904
11050.0 3866610.7746415334
11060.0 3872823.7829478155
11070.0 3873622.7261862513
11080.0 3859194.5267824745
11090.0 3854923.870785151
11100.0 3840500.4759332496
11110.0 3837972.4768045973
11120.0 3803386.0819767276
11130.0 3753641.8639692306
11140.0 3802798.193200958
11150.0 3784718.6064775437
11160.0 3780027.0357882204
11170.0 3785010.349903688
11180.0 3759688.994262206
11190.0 3681077.608841621
11200.0 3699731.7981512668
11210.0 3741665.65105797
11220.0 3740371.4626494027
11230.0 3732896.4544595745
11240.0 3723705.868824589
11250.0 3572400.153920753
11260.0 3693509.637536261
11270.0 3692488.5137154986
11280.0 3689769.9362804233
11290.0 3548142.8178918804
11300.0 3618701.937334308
11310.0 3646197.898570103
11320.0 3642189.8971812716
11330.0 3585458.223016948
11340.0 3605779.7365916064
11350.0 3604495.6675802963
11360.0 3588235.4215736915
11370.0 3563178.8834617916
11380.0 3571356.27277405
11390.0 3524282.6622628276
11400.0 3464619.5205161255
11410.0 3524942.211660228
11420.0 3545209.270790943
11430.0 3554524.303251803
11440.0 3503437.4151849668
11450.0 3464582.5109065156
11460.0 3536351.7358278483
11470.0 3524616.117500963
11480.0 3509649.118414448
11490.0 3511377.8444684674
11500.0 3496900.391718178
11510.0 3496803.067039578
11520.0 3458930.147993846
11530.0 3481587.077494465
11540.0 3472098.471233591
11550.0 3470120.2274505105
11560.0 3457790.3402455957
11570.0 3448288.702057876
11580.0 3440083.076497442
11590.0 3360859.337898729
11600.0 3396583.072860566
11610.0 3280155.411138846
11620.0 3380875.2525474573
11630.0 3358698.7165719653
11640.0 3335271.3025969337
11650.0 3333840.461140987
11660.0 3297364.2283854005
11670.0 3301179.418770196
11680.0 3363655.845644871
11690.0 3310300.479624867
11700.0 3334882.1366447657
11710.0 3343599.150102611
11720.0 3333950.735077721
11730.0 3315825.139254946
11740.0 3308576.8041238147
11750.0 3118740.628502097
11760.0 3262194.9291695394
11770.0 3275605.6457506632
11780.0 3199202.8743204433
11790.0 3277240.9253753275
11800.0 3245412.605449956
11810.0 3240344.2491771253
11820.0 3236351.831749721
11830.0 3178157.6773673543
11840.0 3167929.6971588256
11850.0 3207505.5119428015
11860.0 3202179.770199734
11870.0 3215760.2770857136
11880.0 3090942.438259521
11890.0 3148362.055509993
11900.0 3161319.167206396
11910.0 3193537.774527703
11920.0 3189967.9443053524
11930.0 3180610.7353335107
11940.0 3172977.3623697166
11950.0 3099168.447360185
11960.0 3142441.827880242
11970.0 3086589.8497732063
11980.0 3083076.600763817
11990.0 3074438.0193959265
12000.0 3126402.2360266014
12010.0 3104624.960942849
12020.0 3114458.9328712933
12030.0 3038901.6097897533
12040.0 3073489.9922239888
12050.0 3090097.8504150035
12060.0 3083207.245083667
12070.0 3071003.7065603496
12080.0 2922059.3888948485
12090.0 3049122.3345746864
12100.0 3004275.5996983773
12110.0 3007375.5464620325
12120.0 3040649.1355063086
12130.0 3037363.1127924817
12140.0 3036318.862124531
12150.0 3016977.988979965
12160.0 3023265.0256922347
12170.0 2994450.0765414056
12180.0 2994429.0116730914
12190.0 2985491.4968396747
12200.0 2967036.9426550344
12210.0 2949870.9303793036
12220.0 2977004.2072270894
12230.0 2952544.4184248336
12240.0 2947939.2355255345
12250.0 2920444.0061865174
12260.0 2924711.0612823674
12270.0 2908479.436713739
12280.0 2927775.654140092
12290.0 2934926.740230442
12300.0 2925107.7194965566
12310.0 2886027.3428423502
12320.0 2912394.8180959243
12330.0 2888363.1939877477
12340.0 2848568.7551622954
12350.0 2868068.1873691096
12360.0 2838771.5752662644
12370.0 2867333.877150463
12380.0 2879226.2635213546
12390.0 2862542.7382906396
12400.0 2831183.323044806
12410.0 2842206.5818824614
12420.0 2821653.1495752973
12430.0 2809429.251542382
12440.0 2841158.527450912
12450.0 2834049.6005180296
12460.0 2808110.690462376
12470.0 2804885.994327804
12480.0 2813406.316549986
12490.0 2806251.4037517295
12500.0 2796579.9598276303
12510.0 2754439.8791417
12520.0 2708312.135638069
12530.0 2756471.3483939986
12540.0 2773658.1759934667
12550.0 2753820.4611864877
12560.0 2731815.2369202906
12570.0 2749316.930873434
12580.0 2710149.8087613783
12590.0 2742576.9915310815
12600.0 2722713.114684096
12610.0 2687652.6658725105
12620.0 2722991.032722293
12630.0 2722470.2533894824
12640.0 2673020.7581048287
12650.0 2694253.5214721127
12660.0 2698143.4897813243
12670.0 2693664.1001209663
12680.0 2668766.662602768
12690.0 2682550.925529868
12700.0 2670993.403742526
12710.0 2651788.934501002
12720.0 2665383.20003698
12730.0 2656588.7410033555
12740.0 2639528.76715054
12750.0 2637591.8160313456
12760.0 2624638.199997998
12770.0 2605603.357925667
12780.0 2581060.092426395
12790.0 2536370.4702056497
12800.0 2462082.896888172
12810.0 2284774.8936411077
12820.0 1946453.590121325
12830.0 2362238.5827235454
12840.0 2474045.285387193
12850.0 2525459.761812821
12860.0 2546811.2105645346
12870.0 2549463.587512499
12880.0 2551061.3594872383
12890.0 2562404.776925749
12900.0 2519904.4002602333
12910.0 2549604.3572663227
12920.0 2542444.2588012135
12930.0 2542472.286293481
12940.0 2533998.503733205
12950.0 2531358.3847647063
12960.0 2525462.657418948
12970.0 2502138.6451300383
12980.0 2512305.464575335
12990.0 2516627.8536401466
13000.0 2509888.7042053533
13010.0 2510466.916737281
13020.0 2502508.11772301
13030.0 2475129.442437906
13040.0 2483849.4689447433
13050.0 2482731.8607360935
13060.0 2466313.1711335056
13070.0 2476781.6295531075
13080.0 2473979.1326448726
13090.0 2465618.5457350006
13100.0 2446419.0696022017
13110.0 2461005.0950931865
13120.0 2372871.7787634265
13130.0 2440924.527533971
13140.0 2437038.733101179
13150.0 2377016.415933748
13160.0 2420488.5789591162
13170.0 2427917.893000171
13180.0 2383810.6106740437
13190.0 2416935.1789037543
13200.0 2407403.166944112
13210.0 2399537.4870767947
13220.0 2399111.9089843556
13230.0 2400536.825495652
13240.0 2394984.3979927
13250.0 2382745.265125431
13260.0 2376395.1640080456
13270.0 2371715.186545804
13280.0 2364677.3161388943
13290.0 2331435.4405625756
13300.0 2356851.683683797
13310.0 2356858.5977794616
13320.0 2321860.1664238637
13330.0 2343004.721782702
13340.0 2343492.939189729
13350.0 2322830.9381601326
13360.0 2335510.057941194
13370.0 2321329.7112021805
13380.0 2323018.035757261
13390.0 2284881.10308118
13400.0 2310059.0908453013
13410.0 2305059.4333932824
13420.0 2302124.2105441513
13430.0 2292800.0130117205
13440.0 2297804.376004981
13450.0 2285312.14021772
13460.0 2273988.40414581
13470.0 2281904.46132115
13480.0 2274627.5618606308
13490.0 2267569.6745006745
13500.0 2237024.162648368
13510.0 2266282.210002766
13520.0 2255300.1184697105
13530.0 2252258.620147221
13540.0 2248179.912566298
13550.0 2226698.4730200977
13560.0 2211394.7772158952
13570.0 2219072.9819837287
13580.0 2226600.4550763075
13590.0 2220574.058511374
13600.0 2212200.755318129
13610.0 2218296.890566314
13620.0 2209277.6515612327
13630.0 2193564.750891164
13640.0 2195679.86995107
13650.0 2192468.9832235635
13660.0 2192862.9793258696
13670.0 2178497.451142523
13680.0 2167166.417662872
13690.0 2172264.3729137327
13700.0 2137009.674834175
13710.0 2147544.0231813407
13720.0 2149058.0814039926
13730.0 2138061.047066918
13740.0 2115074.2239286467
13750.0 2151561.7168130414
13760.0 2123281.8069415167
13770.0 2127687.159811347
13780.0 2119529.7652793075
13790.0 2136741.802077671
13800.0 2116603.143806781
13810.0 2126178.888693386
13820.0 2112461.188568631
13830.0 2088905.776189924
13840.0 2116475.826270266
13850.0 2100309.466764839
13860.0 2094850.9049887757
13870.0 2097648.101536776
13880.0 2098398.5446935594
13890.0 2090987.9000155828
13900.0 2067220.2386457068
13910.0 2083286.1313772153
13920.0 2071292.5481150292
13930.0 2068568.3063031984
13940.0 2039265.8985535903
13950.0 2045989.7910316247
13960.0 2057741.9638603153
13970.0 2056911.0835723244
13980.0 2052893.5357780624
13990.0 2043909.3120603573
14000.0 2016298.6182467178
14010.0 2020239.1107709762
14020.0 2039346.374751666
14030.0 2014223.411769858
14040.0 2026739.5962938482
14050.0 2028742.2659063977
14060.0 2020151.8032397616
14070.0 2012556.2203981625
14080.0 2000235.809488455
14090.0 2009381.6296838825
14100.0 2005284.3866076423
14110.0 1972562.6214726367
14120.0 1973948.5315514943
14130.0 1967646.237468324
14140.0 1987131.5544366715
14150.0 1984867.990511364
14160.0 1962810.2919365498
14170.0 1975057.4136625126
14180.0 1964264.8279885056
14190.0 1969598.8473918808
14200.0 1952736.8621098038
14210.0 1948772.1649900295
14220.0 1934370.5156298417
14230.0 1955776.7122703197
14240.0 1900282.7500045768
14250.0 1931621.4718279873
14260.0 1922650.6714385005
14270.0 1916311.7082867918
14280.0 1929139.8556191712
14290.0 1867284.7276170293
14300.0 1921641.3729108686
14310.0 1894731.9468551022
14320.0 1914939.377835088
14330.0 1915025.5343894484
14340.0 1910734.8496528885
14350.0 1904597.8598266605
14360.0 1901084.1115986945
14370.0 1902781.2437213091
14380.0 1894991.0342548972
14390.0 1891817.3239257017
14400.0 1751727.8165166744
14410.0 1882898.2793803667
14420.0 1835973.2240045287
14430.0 1842266.8271222548
14440.0 1834487.6762228082
14450.0 1867084.4318496485
14460.0 1852420.6706165345
14470.0 1852144.251625874
14480.0 1837696.0787452972
14490.0 1847543.0955078083
14500.0 1811783.451940616
14510.0 1807065.765365523
14520.0 1819609.4304408531
14530.0 1828922.9597487727
14540.0 1772391.520242975
14550.0 1812033.6767612174
14560.0 1813606.1107766803
14570.0 1796075.908979677
14580.0 1822689.859708405
14590.0 1800131.1831418246
14600.0 1804474.5511952094
14610.0 1810119.0170020682
14620.0 1793156.9704987733
14630.0 1774604.802330666
14640.0 1771082.038018369
14650.0 1732933.7091262445
14660.0 1793924.4624162584
14670.0 1778194.8738517268
14680.0 1783408.2654590346
14690.0 1771511.2385283373
14700.0 1746144.0012136088
14710.0 1757748.7263645795
14720.0 1740737.9045073143
14730.0 1768299.5886775223
14740.0 1749918.846431349
14750.0 1721963.5659969582
14760.0 1747208.383224105
14770.0 1740411.1330238658
14780.0 1704247.3725017929
14790.0 1743480.4599385615
14800.0 1738896.8958057775
14810.0 1712331.5199719334
14820.0 1730329.9810003692
14830.0 1681408.047159276
14840.0 1715216.9036574084
14850.0 1693068.2394477555
14860.0 1698636.2424449371
14870.0 1683114.040161011
14880.0 1573684.968471875
14890.0 1694190.571688802
14900.0 1670553.0092404927
14910.0 1667477.1170540745
14920.0 1673759.3843107398
14930.0 1675745.0593642348
14940.0 1684259.3587738506
14950.0 1678660.0386931845
14960.0 1647514.301587206
14970.0 1654103.4082724273
14980.0 1648935.584149738
14990.0 1641815.062358867
15000.0 1649601.5143445274
15010.0 1633982.8899976134
15020.0 1603582.2791869473
15030.0 1609792.7229885648
15040.0 1586367.5347335753
15050.0 1561264.0629202628
15060.0 1625232.7593486717
15070.0 1622426.1560494695
15080.0 1603831.9537713882
15090.0 1609756.6601496204
15100.0 1606030.8813303763
15110.0 1614388.2537170853
15120.0 1584686.6714767672
15130.0 1599266.115592936
15140.0 1578184.1120717695
15150.0 1599526.8586298155
15160.0 1585537.5587342873
15170.0 1593631.9750660565
15180.0 1578924.4980764685
15190.0 1573504.606384361
15200.0 1564920.52174196
15210.0 1558796.1384133638
15220.0 1552939.1206129966
15230.0 1569494.52976901
15240.0 1558291.7532763903
15250.0 1556592.9850865498
15260.0 1533924.572950441
15270.0 1552415.3212342337
15280.0 1561044.05399891
15290.0 1517300.1829217002
15300.0 1556423.0999896543
15310.0 1559421.433623301
15320.0 1542995.0692027458
15330.0 1530014.4623738402
15340.0 1482192.2861720286
15350.0 1517162.2365664637
15360.0 1534922.9020231967
15370.0 1545504.2082838013
15380.0 1516806.2992489205
15390.0 1527417.0156731685
15400.0 1487611.8660822082
15410.0 1528809.558325344
15420.0 1482626.268614409
15430.0 1483607.6653402792
15440.0 1453450.9459311948
15450.0 1485133.4914845375
15460.0 1507962.0212958793
15470.0 1501280.2125016276
15480.0 1491700.3599281816
15490.0 1515257.7631005147
15500.0 1504689.040907521
15510.0 1512042.4286153337
15520.0 1500362.1871490162
15530.0 1474250.3444940299
15540.0 1453017.119147846
15550.0 1414940.1580231441
15560.0 1382018.9069936492
15570.0 1442597.6397031983
15580.0 1472270.121564785
15590.0 1456152.6096628227
15600.0 1487145.182985119
15610.0 1494881.7054801837
15620.0 1466481.5884710457
15630.0 1467553.6268209852
15640.0 1482214.9663573806
15650.0 1468110.296509702
15660.0 1449198.7044054156
15670.0 1437820.7398203309
15680.0 1420439.0800106167
15690.0 1358915.0852214342
15700.0 1310927.9869218073
15710.0 1370067.1214046474
15720.0 1398829.4057432946
15730.0 1429031.002065225
15740.0 1403568.3540175287
15750.0 1403600.891781719
15760.0 1449656.1818656279
15770.0 1348440.7725073665
15780.0 1445480.0859383773
15790.0 1442859.4727700092
15800.0 1444020.2024701117
15810.0 1443005.7933063165
15820.0 1390000.9298397042
15830.0 1413761.204469538
15840.0 1404215.0896670052
15850.0 1383728.6251594147
15860.0 1358742.808787548
15870.0 1293261.3838161286
15880.0 1201358.2715448067
15890.0 1261981.4116917723
15900.0 1326236.8230357505
15910.0 1347123.5575678637
15920.0 1388718.8803288536
15930.0 1392977.8628375842
15940.0 1399027.3670936534
15950.0 1390700.32998053
15960.0 1357027.7595439523
15970.0 1405828.3490642873
15980.0 1393302.7764800275
15990.0 1402576.1889742236
16000.0 1383604.4019303427
16010.0 1363482.4971656795
16020.0 1373604.5389731994
16030.0 1389495.8282835898
16040.0 1359819.563570467
16050.0 1369511.1711760096
16060.0 1337268.4988272525
16070.0 1339543.9146583772
16080.0 1326695.9390677202
16090.0 1267550.201337454
16100.0 1202312.9471934135
16110.0 1110201.3418033605
16120.0 1226633.4530226293
16130.0 1279803.3204699412
16140.0 1305849.1108964307
16150.0 1311259.368794362
16160.0 1301991.5216635123
16170.0 1335548.6935750954
16180.0 1335927.1313966163
16190.0 1333215.0000055043
16200.0 1307237.607538036
16210.0 1335246.3853461812
16220.0 1337304.3548354146
16230.0 1330177.1149936467
16240.0 1323019.5614260524
16250.0 1337822.457459869
16260.0 1333724.095375177
16270.0 1333494.7965010104
16280.0 1329376.183934599
16290.0 1320598.840626614
16300.0 1319525.1891516373
16310.0 1313742.7425003094
16320.0 1293349.3580241806
16330.0 1287798.1699016758
16340.0 1300592.9780441537
16350.0 1288191.7476725795
16360.0 1259338.6246141675
16370.0 1254278.0029624628
16380.0 1192094.0343084568
16390.0 1179235.6627697323
16400.0 1085019.8492699682
16410.0 1011125.6056708903
16420.0 1151279.213428984
16430.0 1206289.351146723
16440.0 1209828.517646038
16450.0 1245038.7947910416
16460.0 1271064.5219349768
16470.0 1242498.5003312537
16480.0 1262997.3756525386
16490.0 1241334.5586104277
16500.0 1267528.502742534
16510.0 1258570.9704834202
16520.0 1254596.533034424
16530.0 1263830.2267923665
16540.0 1237142.6058259485
16550.0 1250015.9246917304
16560.0 1233445.1913104365
16570.0 1249331.258678979
16580.0 1246072.4239007563
16590.0 1227839.1805202784
16600.0 1245060.420309087
16610.0 1240906.6880183923
16620.0 1236780.246597303
16630.0 1227938.345047608
16640.0 1231610.218676973
16650.0 1201216.8550818576
16660.0 1226420.0954270288
16670.0 1214210.7060708213
16680.0 1208782.7612525523
16690.0 1219043.4051367582
16700.0 1217149.2345465242
16710.0 1207777.845441847
16720.0 1182681.5049633966
16730.0 1199391.0374111426
16740.0 1191791.1837818362
16750.0 1152388.212840919
16760.0 1160179.923281504
16770.0 1156024.3925789776
16780.0 1125396.270547984
16790.0 1083877.4766851142
16800.0 975487.3844269791
16810.0 910797.896915814
16820.0 1047136.7235897086
16830.0 1103133.635494373
16840.0 1132298.016899818
16850.0 1147469.4408685614
16860.0 1146047.1164003997
16870.0 1153280.3110380524
16880.0 1159703.261579031
16890.0 1129354.2569221656
16900.0 1150377.889345695
16910.0 1163723.7588074468
16920.0 1162707.2084181865
16930.0 1158489.7828805523
16940.0 1160713.8871993134
16950.0 1157255.1398454022
16960.0 1151902.344617069
16970.0 1135823.8917326264
16980.0 1145509.4342245583
16990.0 1136207.3647698427
17000.0 1130804.324459822
17010.0 1114632.056750903
17020.0 1137142.9273238766
17030.0 1133247.7323426805
17040.0 1134185.6119547836
17050.0 1134038.6127843272
17060.0 1126994.1828420763
17070.0 1126767.689760839
17080.0 1124903.4060047327
17090.0 1092610.4582682387
17100.0 1122859.247943945
17110.0 1083489.1883144702
17120.0 1116465.3112563372
17130.0 1113881.951214818
17140.0 1113637.0824917892
17150.0 1110504.2164441764
17160.0 1100064.5952569789
17170.0 1106694.9890339884
17180.0 1102733.4898335321
17190.0 1098511.5679438957
17200.0 1093061.0840168188
17210.0 1093457.5651736592
17220.0 1091941.587816613
17230.0 1036497.1555312409
17240.0 1083975.5679180785
17250.0 1078908.9391057733
17260.0 1080211.9439847618
17270.0 1058719.4026667767
17280.0 1054491.2062686048
17290.0 1063248.4072537166
17300.0 1050414.9357792083
17310.0 1047849.3355159033
17320.0 1010560.5634527894
17330.0 982806.2212651508
17340.0 950881.4761565407
17350.0 927983.0714185438
17360.0 777331.8971365626
17370.0 881420.4863893314
17380.0 961491.3553260172
17390.0 989062.384584085
17400.0 1011157.5944209375
17410.0 1001755.1271357484
17420.0 1025621.0854484369
17430.0 1015496.0311187737
17440.0 1035146.6531366031
17450.0 1006556.6541806984
17460.0 1009636.813450605
17470.0 1006473.7640790195
17480.0 1018295.0825622369
17490.0 1032248.028906973
17500.0 1025866.7650936804
17510.0 998359.6381737002
17520.0 1016814.3104029327
17530.0 1018188.4538663842
17540.0 1021538.2953909029
17550.0 993476.7631703389
17560.0 1016606.2865142907
17570.0 1018956.7781889777
17580.0 1012811.2667317173
17590.0 1015494.6463225348
17600.0 1004678.8507907578
17610.0 984723.4161317024
17620.0 978635.9107878248
17630.0 1006293.0633798867
17640.0 961079.3974666004
17650.0 1003467.5308074284
17660.0 992505.8908660667
17670.0 984031.0955568659
17680.0 977554.5203868289
17690.0 993431.7748852271
17700.0 988386.299453493
17710.0 983208.0100918898
17720.0 968971.4230849884
17730.0 983616.6235904661
17740.0 979686.5720982067
17750.0 976133.6938939808
17760.0 970258.0469066569
17770.0 948971.327653743
17780.0 970925.8088508453
17790.0 956807.8716036581
17800.0 970121.4546948973
17810.0 950109.1836259332
17820.0 964904.8536645854
17830.0 954496.3607691927
17840.0 952023.4270926531
17850.0 943696.5295777261
17860.0 952112.375642469
17870.0 955737.4919192343
17880.0 956675.1014574168
17890.0 952828.291423701
17900.0 953601.5938458218
17910.0 949786.0896185744
17920.0 945565.9712895609
17930.0 936148.6751722113
17940.0 933873.7268895427
17950.0 942527.460645281
17960.0 939850.9888331046
17970.0 933416.5821982981
17980.0 932834.5297371907
17990.0 933142.7057776463
18000.0 928572.1899030128
18010.0 928950.5448427711
18020.0 908417.8939542144
18030.0 915252.8707995404
18040.0 922155.440065318
18050.0 914840.8791124203
18060.0 905697.4570210449
18070.0 912159.5062202213
18080.0 901910.3014094399
18090.0 900742.7765552291
18100.0 896385.7369012145
18110.0 890883.3938545347
18120.0 887205.7337764628
18130.0 879700.8892001983
18140.0 861761.0233349085
18150.0 839400.8860565706
18160.0 789735.004481281
18170.0 670741.7074301476
18180.0 716569.3463517256
18190.0 807655.9145761133
18200.0 839235.9706731383
18210.0 856534.232889632
18220.0 837638.465060561
18230.0 867132.3368411647
18240.0 865906.9257702865
18250.0 876237.6905169432
18260.0 878568.411556727
18270.0 877914.3009840706
18280.0 866103.7025560035
18290.0 877779.5435125658
18300.0 873513.6315461682
18310.0 875269.4201676458
18320.0 848608.4559199943
18330.0 873612.3145895243
18340.0 869392.0445234594
18350.0 867725.627672613
18360.0 865027.3711336405
18370.0 848107.8977846421
18380.0 862980.1376202991
18390.0 860946.0762038807
18400.0 857778.4067547771
18410.0 848674.8116818725
18420.0 835451.463078307
18430.0 849364.8919664538
18440.0 852285.7730309167
18450.0 849241.5572834219
18460.0 850751.4760005893
18470.0 830161.474652141
18480.0 848121.7006557771
18490.0 845647.7836261245
18500.0 842619.3876534231
18510.0 840691.2920868056
18520.0 826887.2972420271
18530.0 830032.2273401448
18540.0 838037.9492532563
18550.0 802171.1389766895
18560.0 831390.5166459453
18570.0 832419.2774352571
18580.0 819167.6092009214
18590.0 826897.4181958355
18600.0 827172.995137264
18610.0 820725.3081250103
18620.0 817850.1184512743
18630.0 816727.6566189378
18640.0 816827.5458352403
18650.0 814095.6703243054
18660.0 804226.4334349133
18670.0 808870.3993282676
18680.0 799831.5450331905
18690.0 798167.6140928044
18700.0 792484.0829950854
18710.0 782767.841205037
18720.0 755409.5412985773
18730.0 747586.2599434053
18740.0 720373.8187995262
18750.0 572046.2168412694
18760.0 688542.7488293368
18770.0 729241.5389525993
18780.0 758180.5363102908
18790.0 768046.959847182
18800.0 776506.2935091534
18810.0 781205.5906120244
18820.0 772587.158110688
18830.0 784198.1039562362
18840.0 766058.5735635007
18850.0 771756.5982298029
18860.0 767629.849183736
18870.0 780605.0756529691
18880.0 771803.6127361462
18890.0 774958.826132812
18900.0 765161.5337322992
18910.0 763252.3219757063
18920.0 766170.8841308543
18930.0 737482.2236257495
18940.0 758368.1897082066
18950.0 763620.9833245007
18960.0 747123.519277451
18970.0 763900.4367442775
18980.0 769474.0239491196
18990.0 756617.9184838426
19000.0 764549.4521124806
19010.0 764494.5454489983
19020.0 764085.3439933801
19030.0 751873.2398865155
19040.0 760250.8759685272
19050.0 755375.7454254534
19060.0 757791.3109770296
19070.0 758065.6969896634
19080.0 750156.2313635593
19090.0 754770.9129804965
19100.0 751249.0874052686
19110.0 741740.5139559642
19120.0 743146.5922986679
19130.0 747587.353772028
19140.0 744155.4002079143
19150.0 744097.0086388694
19160.0 740317.516721182
19170.0 741705.9817747924
19180.0 740801.3116001107
19190.0 723683.1857592857
19200.0 735984.1442776704
19210.0 732431.8548141251
19220.0 733498.7698165461
19230.0 733614.8267961525
19240.0 732118.0298082147
19250.0 728088.1907308532
19260.0 725735.0716188169
19270.0 719031.3191847744
19280.0 719572.3186263283
19290.0 724103.1313994367
19300.0 721041.3794032027
19310.0 709176.8024186074
19320.0 718662.4057231694
19330.0 716657.4688516475
19340.0 705347.8725336945
19350.0 711749.9956114305
19360.0 709205.9193618698
19370.0 706673.5831372205
19380.0 701877.7391303726
19390.0 684862.1893667058
19400.0 686896.4926135815
19410.0 679081.3275270709
19420.0 662192.2575753557
19430.0 621780.0427628556
19440.0 554963.8540530805
19450.0 529852.9167521736
19460.0 626078.3793226396
19470.0 652059.6669462392
19480.0 664892.2577552389
19490.0 664454.082159983
19500.0 681521.5661110698
19510.0 660523.5208953547
19520.0 687166.6639394292
19530.0 685029.991790343
19540.0 683494.4013299694
19550.0 687987.853310372
19560.0 687539.6622608368
19570.0 686030.5409458545
19580.0 682664.5134086029
19590.0 681038.6448800282
19600.0 680248.6470117989
19610.0 676257.9197032861
19620.0 679981.5691396618
19630.0 668130.9855520691
19640.0 676015.1671117394
19650.0 679208.5311911226
19660.0 677670.709342415
19670.0 676590.698758419
19680.0 674898.826118288
19690.0 672936.0722224207
19700.0 672883.8179141759
19710.0 671366.9957050497
19720.0 643972.5757841844
19730.0 661807.4187858113
19740.0 666812.2944494904
19750.0 666056.2329305974
19760.0 664522.7923414077
19770.0 664917.4193405577
19780.0 643249.8089745567
19790.0 655865.6859697697
19800.0 660643.2206188783
19810.0 658800.8126763209
19820.0 656914.6066899631
19830.0 657465.0694915312
19840.0 656605.6711305248
19850.0 638744.7108287415
19860.0 640944.0081507206
19870.0 651241.2207706795
19880.0 650184.7156099547
19890.0 649122.541336086
19900.0 649035.948995459
19910.0 646508.7851899918
19920.0 644690.0743280447
19930.0 629099.2211418594
19940.0 643596.6351960636
19950.0 641807.8963899561
19960.0 636969.0050809211
19970.0 628141.460427619
19980.0 638401.9661113848
19990.0 638403.2428159367
20010.0 634492.955418764
20020.0 629359.4760312416
20030.0 631116.2738058197
20040.0 627980.1488727741
20050.0 622017.8806550386
20060.0 629132.0697371514
20070.0 626135.2150841303
20080.0 626905.4777272269
20090.0 623345.7972383465
20100.0 625090.2834189394
20110.0 623499.9599546186
20120.0 623530.9631151706
20130.0 621421.4429538439
20140.0 614969.9591951548
20150.0 619084.6720028775
20160.0 618777.681157408
20170.0 616771.9066140422
20180.0 616613.0286073243
20190.0 613605.9265006563
20200.0 612059.4633274381
20210.0 600590.598304445
20220.0 611010.3519245534
20230.0 606968.1416494342
20240.0 606085.8878812147
20250.0 608340.4300167314
20260.0 603468.8481789021
20270.0 603716.182736243
20280.0 603630.9132420381
20290.0 600754.9398526018
20300.0 584665.4492692624
20310.0 601892.3803309368
20320.0 600751.3947980449
20330.0 598424.1088298681
20340.0 585699.6709633569
20350.0 595889.7627694692
20360.0 595308.0704719321
20370.0 593492.3039478962
20380.0 578112.6627171547
20390.0 593068.6072448456
20400.0 588485.6676875472
20410.0 584119.5319342841
20420.0 589277.6765954277
20430.0 588838.79556691
20440.0 587866.3498911834
20450.0 585794.7193709384
20460.0 585934.2844082692
20470.0 583660.6349026328
20480.0 583823.1904072855
20490.0 582942.3311307229
20500.0 582070.6774154429
20510.0 579659.5213298341
20520.0 571721.650223991
20530.0 577770.8466696166
20540.0 573570.4279431453
20550.0 576215.6946997659
20560.0 575708.1857816975
20570.0 573792.8115910018
20580.0 573388.3322356371
20590.0 568857.9778905574
20600.0 555735.6479266369
20610.0 570755.8798169704
20620.0 568560.9110462307
20630.0 540626.5740403514
20640.0 567489.6814901188
20650.0 566433.1737193489
20660.0 565250.8504451404
20670.0 553792.3119429663
20680.0 561224.7378070788
20690.0 561240.6584990519
20700.0 549572.6855564119
20710.0 553724.1103070985
20720.0 555904.5223581924
20730.0 557339.0763241395
20740.0 555118.1051626997
20750.0 555124.107689961
20760.0 549684.5249073376
20770.0 541536.616237915
20780.0 552573.0768962653
20790.0 552408.2819865362
20800.0 548041.1560696113
20810.0 550229.504671581
20820.0 547809.434998245
20830.0 538995.4754043863
20840.0 540858.1175315547
20850.0 544241.2536638435
20860.0 544924.1640283883
20870.0 542592.8077987084
20880.0 540728.9858496357
20890.0 537777.3374292273
20900.0 541952.642969282
20910.0 540412.1222948368
20920.0 524545.6701020552
20930.0 536495.3036458377
20940.0 537782.3855632875
20950.0 536985.4413853807
20960.0 533694.4906579071
20970.0 533668.6139914475
20980.0 532224.6703584875
20990.0 531148.2806562308
21000.0 532557.6242480555
21010.0 527375.5017110282
21020.0 517032.9720771775
21030.0 528471.0630002755
21040.0 529108.7011491089
21050.0 528017.0392890347
21060.0 524764.5709799214
21070.0 521988.43179668195
21080.0 524300.2340802018
21090.0 517414.77573150647
21100.0 521296.9303605826
21110.0 520739.7283655866
21120.0 520602.58999602246
21130.0 520050.82691025914
21140.0 515496.61169473163
21150.0 517516.662131577
21160.0 500053.9260672889
21170.0 515543.88124941883
21180.0 514851.3125402768
21190.0 490013.465241395
21200.0 512299.9409537048
21210.0 500796.3595059307
21220.0 509697.95087569754
21230.0 501273.97554704157
21240.0 508325.06731973105
21250.0 509353.44243034156
21260.0 488646.1753086676
21270.0 505985.96095249784
21280.0 504786.9091160914
21290.0 503090.2401940159
21300.0 498300.8537619477
21310.0 504401.13003947755
21320.0 501835.9587734663
21330.0 501880.74010540516
21340.0 501121.5641990702
21350.0 489567.3005072475
21360.0 498609.57961062837
21370.0 497499.51084286737
21380.0 497994.10467306187
21390.0 492682.2110601984
21400.0 496101.9096469957
21410.0 494136.75033284555
21420.0 494618.18360172387
21430.0 488273.5193717124
21440.0 489586.5267038137
21450.0 490284.9204055321
21460.0 488474.3194215033
21470.0 488157.83381864324
21480.0 488454.00035210355
21490.0 487261.1590255875
21500.0 486599.3900178041
21510.0 484021.6727852013
21520.0 482459.0675251326
21530.0 482081.05020924396
21540.0 479252.01333940873
21550.0 480022.90428349114
21560.0 478866.2778331274
21570.0 476828.18164709804
21580.0 474839.42820064875
21590.0 470966.8662278378
21600.0 468319.2560116233
21610.0 462288.83729138353
21620.0 456778.83023093815
21630.0 446849.9343612122
21640.0 427729.39016244153
21650.0 368269.39761228976
21660.0 363425.0963831594
21670.0 424170.3984421185
21680.0 442329.39885312226
21690.0 444913.0826601928
21700.0 454943.65817916027
21710.0 458102.6649707551
21720.0 461418.563377463
21730.0 460571.23323546856
21740.0 461225.754541085
21750.0 461720.52713048214
21760.0 459543.0509962366
21770.0 462897.88629838394
21780.0 450026.6774036283
21790.0 461582.9013812793
21800.0 462396.86960957106
21810.0 461530.21211484127
21820.0 451312.4842100305
21830.0 459945.76753681625
21840.0 459500.63204318925
21850.0 459008.94793014746
21860.0 458071.65477328026
21870.0 454187.1327326529
21880.0 445020.1918902542
21890.0 455373.82595098804
21900.0 453948.06014084705
21910.0 454086.2892153026
21920.0 454008.219234764
21930.0 453136.3699460913
21940.0 450838.3416284869
21950.0 451726.284077211
21960.0 451122.4775193343
21970.0 450071.3718171304
21980.0 449582.2867956149
21990.0 447802.1123319546
22000.0 448066.2027674701
22010.0 445303.9994547306
22020.0 446342.36054975097
22030.0 443361.35262330837
22040.0 441920.99525841826
22050.0 444078.8185295646
22060.0 423049.3524293222
22070.0 439672.41681984096
22080.0 436443.7920102167
22090.0 441581.1675648252
22100.0 439604.9337629155
22110.0 438053.62188139156
22120.0 438862.2976894426
22130.0 438716.30538063444
22140.0 437895.2535738307
22150.0 437056.5922094651
22160.0 419069.7811163059
22170.0 425672.6520224053
22180.0 434680.3101864965
22190.0 434525.3504057278
22200.0 433414.72066533903
22210.0 432645.00105094304
22220.0 432195.9777147784
22230.0 431164.94200166466
22240.0 430238.06502770557
22250.0 429995.8866570327
22260.0 425452.15877723054
22270.0 428534.4011685538
22280.0 426415.93334714643
22290.0 427290.49583784357
22300.0 424701.2880264277
22310.0 425543.45098506764
22320.0 424542.9837272012
22330.0 424452.53142904
22340.0 423058.57361217425
22350.0 422823.85467161564
22360.0 421771.81366421416
22370.0 421512.98225417937
22380.0 416500.44100365334
22390.0 418520.10958501755
22400.0 419649.8679759344
22410.0 418571.8959604971
22420.0 415827.7341492587
22430.0 416953.5618348221
22440.0 416475.5667586706
22450.0 415454.43529978755
22460.0 415374.620978645
22470.0 409743.6955810326
22480.0 413367.63922610047
22490.0 412862.6319324378
22500.0 412692.6736591081
22510.0 407395.58468528895
22520.0 406319.58433725795
22530.0 407251.77316586144
22540.0 400626.4606056028
22550.0 402539.12468856684
22560.0 403178.49742813414
22570.0 406931.0768078566
22580.0 404854.8355652937
22590.0 405914.2138828529
22600.0 405245.5316674874
22610.0 403562.2987255883
22620.0 398878.59519863257
22630.0 402791.69098613656
22640.0 398442.5061103513
22650.0 399993.1606607412
22660.0 400430.17655439
22670.0 400543.27727073705
22680.0 400105.39788582554
22690.0 399288.3802799747
22700.0 399055.7807641805
22710.0 389299.19257601915
22720.0 397442.0558844072
22730.0 397070.0884067411
22740.0 394037.3601951257
22750.0 395016.320880945
22760.0 394491.7492579793
22770.0 394493.54327526444
22780.0 393429.48671460367
22790.0 391170.1280940645
22800.0 390107.0215881462
22810.0 378431.261972977
22820.0 389763.2884258232
22830.0 389354.26082751923
22840.0 389779.4270633735
22850.0 388907.6183247713
22860.0 386734.2184054769
22870.0 387732.8374990695
22880.0 387203.65544173337
22890.0 383900.2337035312
22900.0 386348.3806410944
22910.0 379143.3675160643
22920.0 384780.57344776345
22930.0 382574.44784507656
22940.0 383639.6908941582
22950.0 381410.5229859018
22960.0 378943.46362891275
22970.0 380406.83278223465
22980.0 380885.6706617548
22990.0 379071.05711488635
23000.0 379745.89232775185
23010.0 379553.86975761596
23020.0 377848.55614216643
23030.0 377397.68492239894
23040.0 377369.02218317165
23050.0 376409.76801008295
23060.0 376412.1422467884
23070.0 375827.4653251256
23080.0 375364.116671788
23090.0 373752.99677446217
23100.0 373958.58513801143
23110.0 373461.8021049404
23120.0 372932.3331748374
23130.0 369616.77329026465
23140.0 369005.4074006992
23150.0 370636.670192715
23160.0 369485.7009961591
23170.0 369440.8001461164
23180.0 366726.34766862594
23190.0 368645.1434929783
23200.0 368119.2673585583
23210.0 367414.5195445793
23220.0 366638.12022601627
23230.0 366125.4688556178
23240.0 365559.9373581657
23250.0 363590.747061242
23260.0 364449.6766186612
23270.0 364004.24257582676
23280.0 363230.3404602839
23290.0 362656.294588136
23300.0 362097.8369917568
23310.0 360957.0071276268
23320.0 361071.6655727574
23330.0 359712.391828315
23340.0 359929.4065308931
23350.0 355375.8039251708
23360.0 358392.64121119626
23370.0 357806.34152396646
23380.0 350724.4398332818
23390.0 356900.3059642249
23400.0 355783.3000246951
23410.0 355536.2521040684
23420.0 354962.6421762761
23430.0 354349.31996211276
23440.0 352477.8157482271
23450.0 352846.3893112643
23460.0 351989.70087830955
23470.0 351486.0939841111
23480.0 350181.33716443874
23490.0 350469.3822446443
23500.0 349199.09481511277
23510.0 349222.7452406698
23520.0 348697.3534468666
23530.0 348192.1695304941
23540.0 347356.552944302
23550.0 346807.94432116556
23560.0 346187.1933483703
23570.0 341947.7700147554
23580.0 344307.93435752083
23590.0 344272.22926238884
23600.0 343063.29579678737
23610.0 342230.06295657216
23620.0 342322.6876177729
23630.0 341698.5997915755
23640.0 341282.532963624
23650.0 341114.38726517634
23660.0 341233.3620772845
23670.0 340413.48434987414
23680.0 339369.89423184993
23690.0 338345.0716301497
23700.0 338403.7562767309
23710.0 337481.94855503115
23720.0 336340.58840922214
23730.0 333941.5553329958
23740.0 326817.04974330345
23750.0 334844.29160664737
23760.0 334074.2808225049
23770.0 334239.67727920145
23780.0 333690.6610176803
23790.0 333161.25225758617
23800.0 332368.23071971023
23810.0 331921.3564710668
23820.0 331708.76943347254
23830.0 330401.0264681167
23840.0 325033.9171515271
23850.0 328881.19184014195
23860.0 323452.6936244295
23870.0 328676.4828207762
23880.0 328236.57917978393
23890.0 327348.30253020034
23900.0 327125.2130358249
23910.0 326599.0108157871
23920.0 325175.7155238633
23930.0 325621.48752862617
23940.0 325203.16647267126
23950.0 323928.5385943715
23960.0 324358.7056253534
23970.0 323812.56581910193
23980.0 321950.15291490743
23990.0 320907.56714732945
24000.0 320260.508233389
24010.0 320975.7449755975
24020.0 320382.06141323113
24030.0 319684.5235665866
24040.0 318762.3225959438
24050.0 318406.68846033886
24060.0 319200.551249141
24070.0 318858.05299363966
24080.0 317636.3876001327
24090.0 318052.3609538451
24100.0 317626.1712803522
24110.0 316686.9386987822
24120.0 315532.0021071427
24130.0 315396.6514905256
24140.0 314244.14226962795
24150.0 308499.2270580344
24160.0 308860.51887879707
24170.0 312939.5275234418
24180.0 312943.5729956881
24190.0 312905.95112383144
24200.0 312450.5339015947
24210.0 312445.0792607973
24220.0 311564.8112949669
24230.0 310954.0299519939
24240.0 308624.10508666706
24250.0 310380.9570675712
24260.0 309002.54571226984
24270.0 307849.8209053635
24280.0 307778.12258356233
24290.0 305751.01093300845
24300.0 305718.86583457066
24310.0 305557.0488275697
24320.0 305627.0397528047
24330.0 304058.2085572847
24340.0 303578.75350436644
24350.0 301952.45447120385
24360.0 304203.27185242623
24370.0 302101.5197213998
24380.0 304727.125187864
24390.0 303988.3610937
24400.0 303592.923116083
24410.0 302995.6714932744
24420.0 300922.82577854715
24430.0 301417.5787358781
24440.0 300664.4999114908
24450.0 300004.3801165676
24460.0 298540.02642329485
24470.0 297281.2392002488
24480.0 296159.55824265955
24490.0 295666.26368081896
24500.0 295229.63548497274
24510.0 293369.45349128655
24520.0 295381.9778263564
24530.0 296325.14841943467
24540.0 297237.56517746777
24550.0 293254.8981314899
24560.0 294787.0981002343
24570.0 287723.95423518325
24580.0 296174.21668774274
24590.0 295677.8251749315
24600.0 295357.19992013695
24610.0 294792.8605920294
24620.0 293851.7873209072
24630.0 291827.04027056735
24640.0 292611.9592735005
24650.0 290203.78445253475
24660.0 289984.97571090766
24670.0 289081.5327768272
24680.0 286905.15350895893
24690.0 280917.6846479856
24700.0 282968.03927081317
24710.0 286621.360185158
24720.0 287000.98694800964
24730.0 283707.3397976403
24740.0 287682.30607603036
24750.0 287421.5336454893
24760.0 285669.4543533529
24770.0 286886.3812000944
24780.0 286243.9437799392
24790.0 287075.1723013742
24800.0 280688.6065256568
24810.0 286250.3375524111
24820.0 278275.71381667565
24830.0 285469.73604112427
24840.0 285089.30424810713
24850.0 284297.8579536534
24860.0 273323.2078241482
24870.0 280359.19348730723
24880.0 280047.3549803696
24890.0 279325.9223368224
24900.0 278735.7354822203
24910.0 279098.9342155306
24920.0 276663.28629956616
24930.0 275502.50397093873
24940.0 272985.88447184546
24950.0 270794.90086592524
24960.0 274173.182836766
24970.0 275044.1605704819
24980.0 273033.78360918607
24990.0 275744.9465305745
