#lam[Angstrom] flux[erg/cm2/s/A]
1010.0 1182.2002405697513
1020.0 1224.1150346425895
1030.0 4223.129590271188
1040.0 1664.6908759561584
1050.0 1253.5100636718014
1060.0 1264.8418947026626
1070.0 1335.6337548855618
1080.0 4042.024678145101
1090.0 4117.908791608621
1100.0 1320.091149362176
1110.0 1330.6730816245724
1120.0 1382.4068511298178
1130.0 1344.6586562301882
1140.0 1460.3034853737074
1150.0 1370.3831196875333
1160.0 1396.439981756032
1170.0 1399.0236313016376
1180.0 1405.0486866931124
1190.0 1413.6003474370166
1200.0 2131.4999721573417
1210.0 1897.1546781204365
1220.0 12070.493088561987
1230.0 1745.9959233625964
1240.0 7117.49795952312
1250.0 2479.0486244336957
1260.0 3449.8207198200616
1270.0 3544.2708427369407
1280.0 3659.275711708087
1290.0 3949.3547617839527
1300.0 4253.0189625511
1310.0 4677.149838993074
1320.0 4885.437909037256
1330.0 4967.909660310448
1340.0 5544.634608956305
1350.0 5336.248214793429
1360.0 5463.49555316029
1370.0 5544.409932155365
1380.0 5661.96581168747
1390.0 12963.375891008342
1400.0 14416.269273996822
1410.0 10657.474213520043
1420.0 6011.805567690769
1430.0 5903.414979087579
1440.0 5933.697450429048
1450.0 5973.1769592118435
1460.0 6020.183870843717
1470.0 6066.846020861936
1480.0 6095.416644085655
1490.0 9566.734992483056
1500.0 6035.130288462067
1510.0 6025.191322810775
1520.0 6031.805821155821
1530.0 6302.775654644491
1540.0 5989.4473285471195
1550.0 85045.32948347356
1560.0 5991.854264477136
1570.0 5966.142011849607
1580.0 6251.22567272832
1590.0 5960.485247259182
1600.0 6535.248500801616
1610.0 5948.8769061204885
1620.0 5948.4044921875975
1630.0 5913.198761501889
1640.0 54083.61502271786
1650.0 5863.68215624955
1660.0 7584.853561303919
1670.0 10328.714565372895
1680.0 5826.11548691259
1690.0 5808.516119485113
1700.0 5784.776925559114
1710.0 5755.539892905175
1720.0 6178.713936290318
1730.0 5784.451781883559
1740.0 5893.962061219241
1750.0 8744.80649661773
1760.0 5732.976742958596
1770.0 5731.172682306225
1780.0 5748.4418720212
1790.0 6147.743993996406
1800.0 5709.918558815071
1810.0 7042.6369277006925
1820.0 7163.610807274531
1830.0 5604.515494290284
1840.0 5568.765943667221
1850.0 6012.351365873036
1860.0 5783.775621063144
1870.0 5503.504047099995
1880.0 9023.266187429921
1890.0 11292.39824320557
1900.0 5448.7415517335585
1910.0 36609.22815283498
1920.0 5411.058449728335
1930.0 5435.11079858994
1940.0 5336.495775076044
1950.0 5333.585065301603
1960.0 5279.328009453581
1970.0 5248.252619714187
1980.0 5220.168903843456
1990.0 5197.256279042747
2000.0 5162.1037018647985
2010.0 5117.117943728613
2020.0 4905.132389998337
2030.0 4626.495537278052
2040.0 4490.528996040582
2050.0 4286.281406915553
2060.0 4214.909871620382
2070.0 4246.77427673396
2080.0 4153.39253356514
2090.0 4282.589327416182
2100.0 4190.17980319653
2110.0 4190.818891460544
2120.0 4311.793630604417
2130.0 4305.8235876951285
2140.0 4528.804370588774
2150.0 4143.026690628895
2160.0 4174.934283995721
2170.0 4074.4235507450453
2180.0 4234.787938644553
2190.0 4142.395795013251
2200.0 4183.981530048467
2210.0 4234.51488738074
2220.0 4442.957046663677
2230.0 4347.149481700747
2240.0 4417.303894616974
2250.0 4691.69579979491
2260.0 4577.881714989799
2270.0 4669.1546943238545
2280.0 4764.334880094017
2290.0 4863.792952623776
2300.0 5086.42360673202
2310.0 5351.293984724357
2320.0 5617.398487308665
2330.0 10066.233541196356
2340.0 6381.700844633487
2350.0 5690.675405588121
2360.0 5555.26427408879
2370.0 5664.069146659038
2380.0 5771.463320856121
2390.0 6308.997465205771
2400.0 5989.6184693525165
2410.0 6113.873887084194
2420.0 6198.455722393097
2430.0 13421.16384494202
2440.0 6403.5123396570525
2450.0 6525.492236967467
2460.0 6605.814450351839
2470.0 6707.181887032436
2480.0 6809.383546713141
2490.0 6913.751882217332
2500.0 7007.974543984689
2510.0 7821.2549386387545
2520.0 7218.472095617937
2530.0 7315.365120685027
2540.0 7397.078101933872
2550.0 7494.654768959698
2560.0 8682.01357308647
2570.0 7678.585828088562
2580.0 7777.09512860174
2590.0 8064.20390357934
2600.0 7967.10693421269
2610.0 8050.806492855774
2620.0 8132.587869558117
2630.0 8221.338627759298
2640.0 8314.109763634158
2650.0 8387.57840716003
2660.0 8444.472525168037
2670.0 9480.033354665362
2680.0 8588.902047492405
2690.0 8675.011717129419
2700.0 8756.865610287077
2710.0 8821.21022635981
2720.0 8932.523969998121
2730.0 9572.742260151912
2740.0 9655.28216422775
2750.0 9154.92509012922
2760.0 9274.283751245068
2770.0 9327.113172316776
2780.0 9411.829803841481
2790.0 37547.75114650276
2800.0 23714.214491843315
2810.0 9678.433099719567
2820.0 9757.534230131063
2830.0 15206.047744935036
2840.0 9914.315156945417
2850.0 10577.191301922432
2860.0 10273.23692429254
2870.0 10169.002370634842
2880.0 10258.169191327452
2890.0 10334.30490473355
2900.0 10412.444309679988
2910.0 10484.140602128491
2920.0 10560.971883441034
2930.0 12309.315762017033
2940.0 10716.565691419655
2950.0 11028.445569595513
2960.0 10875.614293696131
2970.0 10957.872932535947
2980.0 11070.378677908575
2990.0 11118.901704772346
3000.0 11186.215029140916
3010.0 11266.17632049879
3020.0 11352.009529942134
3030.0 11424.470089799175
3040.0 11510.180130740995
3050.0 11579.101987278958
3060.0 11652.825518151478
3070.0 11727.839254195744
3080.0 11797.00595607491
3090.0 11860.471338277968
3100.0 11984.675253644546
3110.0 12043.682264943622
3120.0 12118.96747624075
3130.0 12153.689266503652
3140.0 12216.824859965325
3150.0 12284.022926767608
3160.0 12347.307009754162
3170.0 12403.026037377434
3180.0 12480.488480850578
3190.0 12950.152092297249
3200.0 12635.531966636854
3210.0 14831.17098998505
3220.0 12783.774039584781
3230.0 12865.605333501677
3240.0 12965.55853788078
3250.0 12992.24600477953
3260.0 13095.524315559807
3270.0 13105.785336298495
3280.0 13161.797172054221
3290.0 13231.183053021608
3300.0 13272.048800304881
3310.0 13330.030326234468
3320.0 13385.621621384396
3330.0 13446.008108554477
3340.0 14915.035380265743
3350.0 13573.732620349429
3360.0 13721.052726127642
3370.0 13693.139244778635
3380.0 13756.909110448974
3390.0 13828.858306368422
3400.0 13880.6017578252
3410.0 13932.757850338827
3420.0 15793.545105787009
3430.0 15848.09375724585
3440.0 14116.30619213778
3450.0 14147.132791109409
3460.0 14233.548570485766
3470.0 14318.525189334046
3480.0 14415.037774396242
3490.0 14477.020665985225
3500.0 14416.309115077955
3510.0 14345.024150244379
3520.0 14321.928328377378
3530.0 14405.968983078656
3540.0 14408.63658557165
3550.0 14483.617126322664
3560.0 14493.486437185127
3570.0 14535.137637461674
3580.0 14999.267734655512
3590.0 14565.804551681691
3600.0 14555.048326816874
3610.0 14565.959495252097
3620.0 14676.732050622712
3630.0 14739.425354670058
3640.0 14682.42344969029
3650.0 14720.6719093069
3660.0 14918.702186866556
3670.0 14955.810968089314
3680.0 14831.585972476892
3690.0 14908.456543972055
3700.0 14903.55563618274
3710.0 14800.37541556054
3720.0 13027.539753247842
3730.0 21719.49962561816
3740.0 11336.00915962143
3750.0 11926.958445246197
3760.0 11394.464772164016
3770.0 12676.12252302918
3780.0 11448.907683540929
3790.0 11476.485501910165
3800.0 12380.760832596116
3810.0 11529.723078989882
3820.0 11692.88595962759
3830.0 11582.338034074066
3840.0 12786.188239791341
3850.0 11689.441481643582
3860.0 23305.05616152264
3870.0 11835.393405659177
3880.0 14224.929111204578
3890.0 11882.62739524396
3900.0 14063.129185481082
3910.0 11930.04117634468
3920.0 11926.112622560539
3930.0 11771.85852283945
3940.0 11708.11052450986
3950.0 11611.088479142556
3960.0 15239.38125312399
3970.0 11646.413762349433
3980.0 14177.138306359999
3990.0 11681.197529991867
4000.0 11702.149209191595
4010.0 11719.449351743935
4020.0 12092.227895347294
4030.0 11752.82803434303
4040.0 11772.799758342107
4050.0 11791.278545586785
4060.0 11817.979844939906
4070.0 11826.103234854349
4080.0 13311.467493287151
4090.0 11858.023176696735
4100.0 15868.26044012807
4110.0 11886.982450011708
4120.0 11937.07675080534
4130.0 11914.976549966203
4140.0 11967.822386750366
4150.0 11935.184260764248
4160.0 11941.008161854157
4170.0 11936.426594079745
4180.0 11942.508189765796
4190.0 11944.32112637148
4200.0 12046.396812715073
4210.0 11969.938667175926
4220.0 11972.525526060515
4230.0 11978.373779102838
4240.0 11990.733274707636
4250.0 11996.075750832122
4260.0 12005.556250854177
4270.0 12033.52572813051
4280.0 12027.79452143183
4290.0 12039.849508737445
4300.0 12049.695462125617
4310.0 12058.362475771773
4320.0 12066.373504572424
4330.0 19077.25752334068
4340.0 12077.588154262468
4350.0 13422.535541001787
4360.0 12078.92437996888
4370.0 12087.194206959744
4380.0 12106.045860735647
4390.0 12104.607016698768
4400.0 12179.163052209058
4410.0 12115.90532444229
4420.0 12118.328520679914
4430.0 12124.157363150098
4440.0 12140.934416934915
4450.0 12130.821885076904
4460.0 12687.391563799938
4470.0 12140.97291088846
4480.0 12143.456698053296
4490.0 12148.060672853462
4500.0 12153.327904620426
4510.0 12159.47972794033
4520.0 12163.994707085107
4530.0 12321.952782245435
4540.0 12174.654417295833
4550.0 12183.116734177556
4560.0 12184.444836237593
4570.0 12190.265185189688
4580.0 12220.994505868866
4590.0 12208.415211885007
4600.0 12273.835231943527
4610.0 12218.287762736516
4620.0 12230.293806790962
4630.0 12261.98215459116
4640.0 12310.83966047744
4650.0 13197.646102666526
4660.0 12348.164786628773
4670.0 12388.39990339135
4680.0 12357.987518270049
4690.0 16797.78518910222
4700.0 12453.437966274025
4710.0 12592.116957373793
4720.0 13075.987403369561
4730.0 12424.313462668117
4740.0 12907.686562439872
4750.0 12215.156837740371
4760.0 12486.154807557648
4770.0 12231.128085427934
4780.0 12231.572667301853
4790.0 12294.807186670136
4800.0 12239.280077105093
4810.0 12252.532659886401
4820.0 12246.840037683285
4830.0 12246.112895006245
4840.0 12243.482789340995
4850.0 12249.512115976939
4860.0 26286.216436816456
4870.0 12243.22838185632
4880.0 12510.646075816629
4890.0 12503.99701696944
4900.0 12241.222554440394
4910.0 12242.544352773468
4920.0 12242.842472416663
4930.0 12537.079929884232
4940.0 12237.65805248733
4950.0 12229.697770002716
4960.0 47369.16441966665
4970.0 12235.691713666913
4980.0 12586.438095073569
4990.0 12234.903964265704
5000.0 12239.633142242543
5010.0 118018.19379770732
5020.0 12238.865307326892
5030.0 12235.871442243348
5040.0 12233.099612224598
5050.0 12229.596654786686
5060.0 12253.22785908675
5070.0 12226.811340068676
5080.0 12255.71880468705
5090.0 12228.162630867866
5100.0 12223.417055441358
5110.0 12224.525038661144
5120.0 12217.170386675843
5130.0 12204.253792070991
5140.0 12192.515423965635
5150.0 12182.204129738588
5160.0 12417.201931441094
5170.0 12186.048795589402
5180.0 12178.299801868845
5190.0 12522.16401380928
5200.0 12168.805339622497
5210.0 12205.295240441064
5220.0 12164.542533149677
5230.0 12160.297883167294
5240.0 12158.775275506358
5250.0 12154.309697260258
5260.0 12426.28365058613
5270.0 12431.218176069553
5280.0 12132.253745801565
5290.0 12129.523098283227
5300.0 12125.51841045848
5310.0 12118.742628947195
5320.0 12339.523258781557
5330.0 12117.80410908776
5340.0 12109.606648363548
5350.0 12103.486923356779
5360.0 12094.527950286763
5370.0 12091.390999189472
5380.0 12079.352075501649
5390.0 12068.378129547687
5400.0 12069.718027590072
5410.0 12068.166717914542
5420.0 12236.5688060669
5430.0 12225.754842585244
5440.0 12049.937464798886
5450.0 12043.709099989748
5460.0 12033.717206037845
5470.0 12020.127458358305
5480.0 12010.828023618826
5490.0 12000.10180975611
5500.0 11994.1172247524
5510.0 12029.555700317165
5520.0 11980.187899810768
5530.0 11984.86086500891
5540.0 11952.832435411332
5550.0 11933.222479600567
5560.0 11922.83105276401
5570.0 11916.178173986065
5580.0 11902.95977993197
5590.0 11910.435054741127
5600.0 11881.84036510266
5610.0 11864.080833203494
5620.0 11851.909223063858
5630.0 11832.329135476753
5640.0 11814.778279051316
5650.0 11806.57176744723
5660.0 11786.38044146314
5670.0 11766.056081338258
5680.0 11732.465205761813
5690.0 11699.459269841314
5700.0 11656.453053625894
5710.0 11624.856640195452
5720.0 11597.774177707517
5730.0 12065.490920158996
5740.0 11540.614435980582
5750.0 11511.98032024782
5760.0 11617.333859805065
5770.0 11448.56767071989
5780.0 11425.54865035503
5790.0 11398.349130450699
5800.0 11370.513237952355
5810.0 11343.64161788779
5820.0 11533.45635971991
5830.0 11292.068285144227
5840.0 11267.265948852479
5850.0 11248.604519420976
5860.0 11231.526119196804
5870.0 11215.885358193489
5880.0 12626.013770960732
5890.0 11183.063452828514
5900.0 11168.744064333396
5910.0 11157.210824323727
5920.0 11144.028427209287
5930.0 11133.891546911063
5940.0 11125.840540890462
5950.0 11118.406557479726
5960.0 11114.630669510352
5970.0 11144.061072990105
5980.0 11130.347745136207
5990.0 11144.259490231401
6000.0 11174.33352853669
6010.0 11175.975872959376
6020.0 11197.00032747529
6030.0 11232.549197103157
6040.0 11248.417839865522
6050.0 11261.69040477532
6060.0 11272.076220256838
6070.0 11285.762077621033
6080.0 11294.906886859477
6090.0 12080.987163611364
6100.0 11308.623309275197
6110.0 11317.60808319657
6120.0 11327.555121322584
6130.0 11327.37759219047
6140.0 11327.496070568035
6150.0 11331.949303922174
6160.0 11325.058391804212
6170.0 11319.271261492298
6180.0 11325.137206134
6190.0 11311.935893487025
6200.0 11316.228093897886
6210.0 11323.555562201416
6220.0 11302.683123828205
6230.0 11300.798818374005
6240.0 11310.52978356705
6250.0 11290.741799252999
6260.0 11279.275882228612
6270.0 11270.666612265652
6280.0 11262.809876493557
6290.0 11247.349012540642
6300.0 12370.326699116458
6310.0 11223.653146818433
6320.0 11205.250988240628
6330.0 11194.981346577995
6340.0 11183.075355127912
6350.0 11147.096884599541
6360.0 11173.907141796788
6370.0 11392.626414321287
6380.0 11188.275593301578
6390.0 11187.442569134606
6400.0 11140.17028078495
6410.0 11075.51545311764
6420.0 11045.135603239589
6430.0 11115.789560843958
6440.0 10992.839378964638
6450.0 10990.213327275958
6460.0 10949.721193728972
6470.0 10902.589473659835
6480.0 10929.622375712932
6490.0 10905.86795941989
6500.0 10924.763277503323
6510.0 10828.758799552508
6520.0 10802.948761974076
6530.0 10853.365036493804
6540.0 10746.364607075935
6550.0 10746.231807275246
6560.0 47775.38557206428
6570.0 10712.890415760618
6580.0 10695.577051658407
6590.0 15608.058213708548
6600.0 10703.608506714303
6610.0 10645.71057351774
6620.0 10634.178295408012
6630.0 10625.979019747874
6640.0 10607.654942673968
6650.0 10663.854497322753
6660.0 10693.981855770373
6670.0 10642.930739665413
6680.0 10738.731319874752
6690.0 11101.426396918509
6700.0 10668.030065849649
6710.0 10665.726102308447
6720.0 10810.139499954685
6730.0 13200.675454836648
6740.0 10680.39122432635
6750.0 10733.580749669125
6760.0 10688.805331532089
6770.0 10633.523450986228
6780.0 10686.170085319725
6790.0 10871.046596443726
6800.0 10697.96901983217
6810.0 10654.02246774097
6820.0 10711.168688231515
6830.0 10658.739123018773
6840.0 10674.39232179544
6850.0 10740.019351571924
6860.0 10805.664772788721
6870.0 10796.628624933348
6880.0 10795.565950945384
6890.0 10812.489574938638
6900.0 10791.475177918936
6910.0 10628.300105769536
6920.0 10619.910095184005
6930.0 10526.242975862326
6940.0 10573.742381898628
6950.0 10461.782011712616
6960.0 10473.126724579077
6970.0 10441.764038580865
6980.0 10409.267480898576
6990.0 10402.725953255098
7000.0 10584.349918113143
7010.0 10312.176475326836
7020.0 10279.901508746892
7030.0 10189.835989767384
7040.0 10078.410332428664
7050.0 10102.529360190087
7060.0 10514.9668626873
7070.0 11303.355490343529
7080.0 10246.661974389943
7090.0 10500.242709106256
7100.0 10479.573531278154
7110.0 10365.410519688263
7120.0 10377.643226915889
7130.0 10654.468521553328
7140.0 11892.915891313729
7150.0 10498.25284816552
7160.0 10448.93763644569
7170.0 10419.517068090146
7180.0 10371.341856885245
7190.0 10234.406353046383
7200.0 10356.48978406524
7210.0 10316.645168105097
7220.0 10209.959536190661
7230.0 10166.785341721368
7240.0 10136.815708480013
7250.0 10348.935817452482
7260.0 10007.292205905558
7270.0 9998.915286604068
7280.0 10159.23778047744
7290.0 10306.403855132794
7300.0 9930.480742030459
7310.0 9910.226360529694
7320.0 11563.800991383541
7330.0 9901.457978892475
7340.0 9998.581336553281
7350.0 10054.335856146085
7360.0 10032.971174350336
7370.0 10006.200081117366
7380.0 10090.290311235432
7390.0 10147.884645128823
7400.0 10140.506672223133
7410.0 10167.916137302896
7420.0 10226.87792341456
7430.0 10187.482112746347
7440.0 10190.532526244122
7450.0 10256.08725248836
7460.0 10270.502065180652
7470.0 10292.070333872285
7480.0 10290.8889570229
7490.0 10321.526519216977
7500.0 10325.313961983315
7510.0 10357.838099565803
7520.0 10290.985523704989
7530.0 10324.52169040461
7540.0 10419.541476998183
7550.0 10339.371891051827
7560.0 10350.714772951564
7570.0 10482.135283249787
7580.0 10413.859031835778
7590.0 10535.314317208711
7600.0 10420.594861512369
7610.0 10488.390957782158
7620.0 10546.48977072113
7630.0 10151.463850456275
7640.0 8949.828269665526
7650.0 8259.218269564655
7660.0 8238.349483565506
7670.0 8203.747643850958
7680.0 8198.324351112919
7690.0 8176.3092284174245
7700.0 8206.979994464498
7710.0 8143.9952991680975
7720.0 8338.39787143505
7730.0 9256.69241453228
7740.0 10366.575048873558
7750.0 10369.230727079992
7760.0 10440.719601671284
7770.0 10449.40830492815
7780.0 10474.816701062753
7790.0 10422.796432375268
7800.0 9174.448127818865
7810.0 10367.794013399032
7820.0 10260.118271005042
7830.0 10205.848980050034
7840.0 10145.640099389322
7850.0 10104.886333427658
7860.0 10063.320481794897
7870.0 9999.21069953723
7880.0 9928.828915483167
7890.0 9879.005619046733
7900.0 9848.810542493964
7910.0 10076.92575893876
7920.0 9827.067924069132
7930.0 9838.364052794006
7940.0 10070.354800464722
7950.0 9577.899430693036
7960.0 9762.28425069456
7970.0 10061.928439896148
7980.0 9631.268187628424
7990.0 9611.271191626209
8000.0 9539.469427566763
8010.0 9563.596789147074
8020.0 9503.400869667219
8030.0 9447.4100392159
8040.0 9411.585801823307
8050.0 9534.500950044488
8060.0 9387.3847764494
8070.0 9357.868725840519
8080.0 9310.323868620795
8090.0 9263.364345048967
8100.0 9202.308630152313
8110.0 9181.130562894581
8120.0 9159.244998795435
8130.0 9103.680572720528
8140.0 8994.039040335583
8150.0 8845.256968023978
8160.0 8718.128858365917
8170.0 8631.935956148343
8180.0 9383.444647246934
8190.0 9224.424541322325
8200.0 9182.660622256308
8210.0 8515.09363611053
8220.0 8494.361353686227
8230.0 8443.709533448276
8240.0 8397.306804564381
8250.0 8375.834945171435
8260.0 8448.966284378843
8270.0 8327.672631104926
8280.0 8319.440902462371
8290.0 8324.166019466575
8300.0 8318.44646686491
8310.0 8309.239624264454
8320.0 8253.34337527382
8330.0 8242.686622458707
8340.0 8306.32567492762
8350.0 8193.332938095264
8360.0 8190.410454101185
8370.0 8152.871314488707
8380.0 8236.394171058462
8390.0 8147.568656706525
8400.0 8123.677531613614
8410.0 8099.640801116885
8420.0 8144.569670792855
8430.0 8231.642094838891
8440.0 8452.304540228866
8450.0 8697.878392608647
8460.0 8779.333131222653
8470.0 8856.278709324422
8480.0 8734.717078747872
8490.0 8644.978696385862
8500.0 8668.692409889887
8510.0 8679.846888103477
8520.0 9213.486134227047
8530.0 8936.195730069714
8540.0 8832.514238487274
8550.0 8732.81131475652
8560.0 8719.918088177486
8570.0 8387.60284411515
8580.0 8418.199902193954
8590.0 8608.761776287754
8600.0 8592.105691417319
8610.0 8517.173173420719
8620.0 8464.234135962382
8630.0 8609.136650509474
8640.0 9249.627303538975
8650.0 8616.568544969983
8660.0 8546.599726881861
8670.0 8643.496200265672
8680.0 8818.41262388301
8690.0 8566.093888177893
8700.0 8648.924975823225
8710.0 8545.680525859867
8720.0 8496.947293257497
8730.0 8374.222681514066
8740.0 8375.101461270813
8750.0 8419.176530120505
8760.0 8239.330116255565
8770.0 8422.028227922832
8780.0 8183.993643523521
8790.0 8058.838444939386
8800.0 7971.591222631665
8810.0 8009.368077216704
8820.0 7988.626210676729
8830.0 7921.8145665455895
8840.0 7820.133131196855
8850.0 7893.949534106046
8860.0 8023.849718850407
8870.0 7963.704631437594
8880.0 7882.120471740227
8890.0 7840.506006610604
8900.0 8072.3995547964105
8910.0 7852.243667800771
8920.0 7990.985561813606
8930.0 7825.250346825598
8940.0 8335.735656778385
8950.0 8011.586023529838
8960.0 7696.767289920871
8970.0 7841.9048308564215
8980.0 7760.123299483601
8990.0 7758.832921702073
9000.0 7722.685308591369
9010.0 7693.9537140454895
9020.0 7643.713058885705
9030.0 7992.472546960655
9040.0 7623.213824771994
9050.0 7618.723640612709
9060.0 7615.567070250655
9070.0 7623.661190129302
9080.0 11051.566909918014
9090.0 7630.976843498043
9100.0 7642.898847765835
9110.0 7662.747883192098
9120.0 7687.790536379494
9130.0 7794.7186407218505
9140.0 7728.0308791105
9150.0 7719.677585281381
9160.0 7745.808689738284
9170.0 7782.549461269469
9180.0 7767.82270227706
9190.0 7786.807150797044
9200.0 7784.615494753201
9210.0 7762.598594014065
9220.0 8162.982214601301
9230.0 7775.862388154861
9240.0 7836.478811160928
9250.0 7818.6543750952205
9260.0 7994.196163756362
9270.0 8112.814357028069
9280.0 8308.17137299406
9290.0 8136.566506815263
9300.0 8033.55999484483
9310.0 8074.077124366839
9320.0 8140.157339165202
9330.0 8301.167254755432
9340.0 8160.774666942246
9350.0 8131.045437599638
9360.0 8285.336227028041
9370.0 8135.916801671688
9380.0 8135.15510282827
9390.0 8307.144601133572
9400.0 8232.122879856805
9410.0 8206.600986649608
9420.0 8258.417331828865
9430.0 8221.028057741669
9440.0 8131.804437047727
9450.0 8193.642683412541
9460.0 8104.556054830546
9470.0 8086.390317948584
9480.0 8117.381724381035
9490.0 8113.497089751069
9500.0 8123.815245863336
9510.0 8134.559065853968
9520.0 8142.927857225743
9530.0 8115.085392651887
9540.0 12382.665882824516
9550.0 12367.384371982473
9560.0 8109.855794519032
9570.0 8127.470972183019
9580.0 8162.996654850822
9590.0 8112.256057410958
9600.0 8203.931816275377
9610.0 8206.176515150488
9620.0 8147.083635208686
9630.0 8212.856903399515
9640.0 8239.919206359986
9650.0 8226.055422876445
9660.0 8223.283645935968
9670.0 8492.944419987767
9680.0 8502.130318652282
9690.0 8441.208420824401
9700.0 8452.869374781498
9710.0 8539.747491208811
9720.0 8530.343843045934
9730.0 8544.835191873353
9740.0 8572.085675609746
9750.0 8476.139697924475
9760.0 8512.667168159904
9770.0 8541.61822718015
9780.0 8653.55495679699
9790.0 8552.890476271648
9800.0 8640.146788497657
9810.0 8672.906967224999
9820.0 8547.069336783592
9830.0 8622.350600547572
9840.0 8700.80048330306
9850.0 8574.71867388649
9860.0 8591.781974583313
9870.0 8660.326749496817
9880.0 8615.64887942278
9890.0 8597.99164154516
9900.0 8436.418557004698
9910.0 8590.998628556263
9920.0 8525.791797649032
9930.0 8564.691301485207
9940.0 8570.378721003673
9950.0 8609.422917516637
9960.0 8637.290700861395
9970.0 8603.083270920928
9980.0 8540.799522611962
9990.0 8624.175937045684
10010.0 8556.867896239764
10020.0 8595.609171826443
10030.0 9317.357135127986
10040.0 8623.951512107506
10050.0 8553.610415998166
10060.0 8577.366165755458
10070.0 8719.392239113426
10080.0 8669.48208798766
10090.0 8709.391142905413
10100.0 8809.999587199007
10110.0 8680.533004625082
10120.0 8678.849778970216
10130.0 9433.872323523687
10140.0 8739.456560067963
10150.0 8715.14544020487
10160.0 8598.542796293776
10170.0 8796.968987210006
10180.0 8743.624225064521
10190.0 8782.385933321526
10200.0 8885.511794187452
10210.0 8865.804830411884
10220.0 8793.650464446077
10230.0 8819.014354052226
10240.0 8953.159662621034
10250.0 8670.123538336724
10260.0 8616.335506167641
10270.0 8641.7162919074
10280.0 8572.279652489844
10290.0 8709.409209261314
10300.0 8627.211799772464
10310.0 8759.382175844346
10320.0 8588.644820416459
10330.0 8719.69399777576
10340.0 9194.591038464947
10350.0 8620.237876290012
10360.0 8656.736335021398
10370.0 8726.16858134777
10380.0 8633.36367584838
10390.0 8642.007288346904
10400.0 8830.661772862655
10410.0 8697.87309159429
10420.0 8873.447887703474
10430.0 8732.148875931836
10440.0 9066.244095565637
10450.0 9109.915082463765
10460.0 9123.458971329059
10470.0 8692.581963125713
10480.0 9036.291901574314
10490.0 9101.807261112815
10500.0 9046.6796385036
10510.0 8844.588269020214
10520.0 8836.722810637875
10530.0 9248.243605372314
10540.0 9017.592063155895
10550.0 9035.97795595812
10560.0 8974.67690826823
10570.0 8888.112222626172
10580.0 9209.980630581964
10590.0 9059.012235135677
10600.0 9140.380388302843
10610.0 9132.322263755701
10620.0 8966.155344988085
10630.0 9219.008629514421
10640.0 9210.449853525177
10650.0 9074.070700232369
10660.0 9152.679765055542
10670.0 9068.474475491907
10680.0 9120.77264809821
10690.0 9074.982548446606
10700.0 9144.60392112533
10710.0 9136.003996075622
10720.0 9205.665651187992
10730.0 9054.537491468387
10740.0 9093.670535047382
10750.0 9263.0948420889
10760.0 9092.456763338287
10770.0 9224.466388747403
10780.0 9268.968907797778
10790.0 9276.010090962134
10800.0 9209.236497516824
10810.0 9184.038079874406
10820.0 21671.899595792365
10830.0 9451.036999850796
10840.0 9411.948540056072
10850.0 9263.694472928237
10860.0 9233.412522675266
10870.0 9327.1855881391
10880.0 9492.730329168302
10890.0 9386.75514796758
10900.0 9423.650324955612
10910.0 9300.547973343855
10920.0 10138.73299759194
10930.0 9459.049245711536
10940.0 9480.318528372747
10950.0 9357.728224215432
10960.0 9547.216283462178
10970.0 9569.643737504432
10980.0 9218.7253627861
10990.0 9347.305667138526
11000.0 9467.772374525404
11010.0 9277.524815598184
11020.0 9388.186501638364
11030.0 9407.528994296961
11040.0 9181.865829244263
11050.0 9060.093739662367
11060.0 9105.578106949983
11070.0 9233.675038490803
11080.0 8996.72497023237
11090.0 9195.368264675239
11100.0 9387.040954825574
11110.0 8971.27200463567
11120.0 9339.921719332979
11130.0 8983.558286354115
11140.0 9396.622717306433
11150.0 9201.834610313788
11160.0 8977.07844135724
11170.0 9451.61103908034
11180.0 9244.606945874135
11190.0 9642.310910895325
11200.0 9423.95676671158
11210.0 9535.066439352788
11220.0 9061.115955785197
11230.0 9562.303125990376
11240.0 9509.251697882784
11250.0 9439.17629226639
11260.0 9462.103089699076
11270.0 9644.949567794181
11280.0 9701.206776694202
11290.0 9530.15644243217
11300.0 10170.979979303353
11310.0 9620.549523108968
11320.0 9852.447692523401
11330.0 9631.07114332623
11340.0 9369.530330504645
11350.0 9578.172541327323
11360.0 9576.481517318432
11370.0 9940.543131780127
11380.0 11457.14665915498
11390.0 10358.253083886259
11400.0 11593.13232146311
11410.0 10459.891727986193
11420.0 10308.109737825413
11430.0 10158.427943442859
11440.0 10222.979153343982
11450.0 10284.172051422747
11460.0 10280.537192905143
11470.0 10039.79566691327
11480.0 10444.332719209844
11490.0 10297.170101376156
11500.0 10317.343066111553
11510.0 10471.180978539163
11520.0 10256.105117207742
11530.0 10619.301955275698
11540.0 10322.697993234957
11550.0 9953.46809693313
11560.0 10192.592141433011
11570.0 10408.796293777497
11580.0 10403.829148332461
11590.0 9969.626718087744
11600.0 10276.790638392498
11610.0 10596.331297868332
11620.0 10126.779146420537
11630.0 10181.996363178941
11640.0 10293.915026097571
11650.0 10013.059786893482
11660.0 10434.414235779983
11670.0 10291.555894220557
11680.0 10311.606643601
11690.0 13129.780652536214
11700.0 10417.207325542928
11710.0 10391.110045793548
11720.0 10207.094985394537
11730.0 10271.316962314348
11740.0 10644.796197545202
11750.0 10646.070261373732
11760.0 10874.444445344932
11770.0 14326.003096253096
11780.0 11278.033051505354
11790.0 10698.863444652558
11800.0 10935.842221346395
11810.0 10738.093082233847
11820.0 10747.920927295443
11830.0 10618.687086960834
11840.0 10781.831777734205
11850.0 10819.29667922738
11860.0 10861.338854733202
11870.0 10911.815822006018
11880.0 11267.027066520202
11890.0 10859.397090544267
11900.0 11114.464890877536
11910.0 11246.154827830927
11920.0 11069.691709126775
11930.0 11023.643960512067
11940.0 11037.720351257209
11950.0 11061.069246775482
11960.0 11086.812028281282
11970.0 11217.989329719483
11980.0 10991.734523982755
11990.0 11077.375830110172
12000.0 11261.30159204328
12010.0 11070.207660530628
12020.0 11206.820202105679
12030.0 11187.09413895099
12040.0 11215.393213629452
12050.0 11278.052281963402
12060.0 11088.747877726888
12070.0 11373.418481798977
12080.0 11256.533374341161
12090.0 11428.795902041385
12100.0 11102.443716696125
12110.0 11190.703872410224
12120.0 11442.830012907696
12130.0 11450.954503465897
12140.0 10976.850820978749
12150.0 11099.265550009299
12160.0 11339.392506655786
12170.0 11341.830933565643
12180.0 11035.319214068228
12190.0 11170.971307349242
12200.0 10963.496560563337
12210.0 11118.883580021473
12220.0 11396.161646363806
12230.0 11190.303602013124
12240.0 11105.59052964189
12250.0 11242.499091645663
12260.0 11340.665710632247
12270.0 11447.63266916604
12280.0 11350.048098797302
12290.0 11256.872929661242
12300.0 11429.302551953077
12310.0 11426.739981944524
12320.0 11490.176140920243
12330.0 11303.51465374459
12340.0 11441.137791213594
12350.0 11523.70780453052
12360.0 11354.37518095378
12370.0 11275.142851633096
12380.0 11530.030577259047
12390.0 11357.152112322952
12400.0 11127.710135418412
12410.0 11320.535208173078
12420.0 11117.042932290638
12430.0 12727.646629630668
12440.0 11003.792263459176
12450.0 11289.659811621634
12460.0 11230.622261860099
12470.0 11206.680836424726
12480.0 11220.620940075325
12490.0 11111.59007993719
12500.0 11111.887056084955
12510.0 10948.28673805622
12520.0 13197.643149796548
12530.0 11086.724414427985
12540.0 10867.482524363739
12550.0 11052.809267042048
12560.0 11111.608706551882
12570.0 13325.08757690915
12580.0 11194.075518865957
12590.0 11224.596053359277
12600.0 11264.761078168342
12610.0 11309.407059749301
12620.0 11288.81306648325
12630.0 11320.716745546872
12640.0 11340.740609177948
12650.0 11343.030232980258
12660.0 11427.665743164167
12670.0 11332.166683271927
12680.0 11304.606876218226
12690.0 11466.706733485757
12700.0 11342.66058595535
12710.0 11347.136955394808
12720.0 11244.961814037637
12730.0 11176.887643490216
12740.0 11207.912579900409
12750.0 11367.201409672838
12760.0 11315.54109934603
12770.0 11182.89215554193
12780.0 11284.420089898342
12790.0 11153.45121974009
12800.0 11034.878645256798
12810.0 11291.151571671133
12820.0 12814.885231296172
12830.0 11047.321192339898
12840.0 11195.04030974234
12850.0 11137.542488619338
12860.0 10913.312239791328
12870.0 11153.670559786275
12880.0 10773.523573129389
12890.0 10931.644932862697
12900.0 11097.205588120505
12910.0 10980.494952037954
12920.0 10636.63218412603
12930.0 11049.245859720288
12940.0 10886.465531862588
12950.0 10897.723866690885
12960.0 10776.689761170084
12970.0 10943.19610817251
12980.0 11427.955602139382
12990.0 10795.19009001715
13000.0 10897.227446077317
13010.0 10683.40547339887
13020.0 10829.648444510503
13030.0 11028.275686010153
13040.0 10832.753773586548
13050.0 11031.854873062404
13060.0 10995.068203230998
13070.0 10977.053954807136
13080.0 11221.541241059156
13090.0 11299.190763841067
13100.0 11275.286256782447
13110.0 11306.205078658559
13120.0 11165.357542935619
13130.0 11111.43677814608
13140.0 11371.698622911175
13150.0 11169.642240317859
13160.0 11464.610204525981
13170.0 11507.039611768403
13180.0 11563.052964636247
13190.0 11439.538250135189
13200.0 11330.330429963804
13210.0 12233.374009137391
13220.0 11606.498075836349
13230.0 11609.616760919158
13240.0 11068.717090973721
13250.0 11810.213730293886
13260.0 11506.79168143072
13270.0 11539.922282974256
13280.0 11782.137644430717
13290.0 11742.53505572001
13300.0 11620.295760275418
13310.0 11872.351899828442
13320.0 12076.921954416133
13330.0 12196.138326922663
13340.0 11395.88753581801
13350.0 11667.83795755618
13360.0 11530.973095943096
13370.0 11467.827377609183
13380.0 11845.091346822144
13390.0 12238.10174215901
13400.0 11496.327833680274
13410.0 12293.128082001558
13420.0 12733.3985865336
13430.0 11395.222591899761
13440.0 10739.017305499647
13450.0 11843.473056724964
13460.0 11387.978010245612
13470.0 11130.287152930698
13480.0 11141.348302528328
13490.0 11824.439744118716
13500.0 10400.510018554158
13510.0 11839.487134308329
13520.0 11383.57762011522
13530.0 11758.779651568837
13540.0 10181.49478255204
13550.0 10866.537560183937
13560.0 11241.104461892686
13570.0 10744.484492178099
13580.0 10769.172560243824
13590.0 10022.644121974705
13600.0 11551.035860844418
13610.0 11373.937159461486
13620.0 10783.973495481758
13630.0 12171.120217884336
13640.0 10949.610097209665
13650.0 11560.369944238486
13660.0 11149.565698141865
13670.0 11733.648372687421
13680.0 11255.924915007035
13690.0 11594.255217871547
13700.0 11051.7031954294
13710.0 10730.383975990972
13720.0 11750.42701986121
13730.0 10826.45920481132
13740.0 10453.786682309215
13750.0 11381.499271060979
13760.0 10990.087473720125
13770.0 11643.629973402323
13780.0 11167.75454762624
13790.0 12154.619405272417
13800.0 11766.269216017196
13810.0 12415.106848493708
13820.0 10006.041862643526
13830.0 11732.210616030445
13840.0 12113.72857594298
13850.0 12019.601477579688
13860.0 11647.377070003919
13870.0 12732.593298578988
13880.0 11731.117850717475
13890.0 13240.330969683757
13900.0 11633.700878108395
13910.0 11773.52437578579
13920.0 10939.43640501645
13930.0 12450.856079938583
13940.0 11419.267697162371
13950.0 11366.850162506802
13960.0 12311.205218190593
13970.0 12068.895502170977
13980.0 10671.276773459687
13990.0 12068.189606547892
14000.0 11091.882946631727
14010.0 10874.601709880926
14020.0 11643.518086988026
14030.0 12182.516878385253
14040.0 11287.292313562662
14050.0 10752.273804261764
14060.0 12039.130021740186
14070.0 11309.954625905872
14080.0 11386.13015218169
14090.0 11059.667622167113
14100.0 10879.166005796069
14110.0 11405.774997962186
14120.0 11128.976425539873
14130.0 12282.260709769027
14140.0 10291.726476755484
14150.0 11327.322270204862
14160.0 11795.976961068269
14170.0 10397.008955426256
14180.0 11294.781902884672
14190.0 10023.209524806325
14200.0 11322.103092762354
14210.0 11132.688642780695
14220.0 10574.063041583973
14230.0 10908.574661078645
14240.0 11342.39492949844
14250.0 10137.364231703168
14260.0 10877.209170076929
14270.0 11163.189638113257
14280.0 9849.424143506722
14290.0 10497.432336126321
14300.0 12371.863287321474
14310.0 11052.863208513649
14320.0 10042.960032648814
14330.0 10857.619200371493
14340.0 10272.292420834692
14350.0 11400.840599892805
14360.0 11370.281909849396
14370.0 11910.165327375844
14380.0 11035.973709762247
14390.0 10885.709743944572
14400.0 11802.030636825293
14410.0 10571.264855177717
14420.0 11544.345626462517
14430.0 12598.812277311965
14440.0 11289.061426124357
14450.0 10876.857301062635
14460.0 11170.508747676398
14470.0 11492.021949126445
14480.0 12164.187857218834
14490.0 12800.096478314621
14500.0 10733.209013673637
14510.0 11906.8042730897
14520.0 12557.586548043773
14530.0 12168.127073239326
14540.0 12054.773665109311
14550.0 12826.413505903296
14560.0 11993.77966766595
14570.0 11934.599320984393
14580.0 14038.526695907638
14590.0 13282.202819964605
14600.0 12654.865007827162
14610.0 12546.777832400101
14620.0 12180.883838763186
14630.0 11356.362362622567
14640.0 13800.191176502849
14650.0 13124.547832570071
14660.0 12711.223327980417
14670.0 12898.536545108242
14680.0 11405.690518545303
14690.0 12419.237964967611
14700.0 12822.97155962737
14710.0 12999.53342026241
14720.0 13627.555309218078
14730.0 13462.389410040083
14740.0 12102.395395127987
14750.0 12731.369808320971
14760.0 12754.06584476001
14770.0 13009.082623147233
14780.0 13917.069572907169
14790.0 13277.775932361255
14800.0 12385.835076840085
14810.0 13970.164170864178
14820.0 12464.678186899951
14830.0 13369.780201574069
14840.0 13196.290169065422
14850.0 12757.765292069396
14860.0 13380.238247310688
14870.0 13737.526000547477
14880.0 13283.818614134796
14890.0 13197.725705728495
14900.0 12941.511262991919
14910.0 14035.456554540386
14920.0 13802.549813145526
14930.0 13995.019371687535
14940.0 13235.466460235788
14950.0 13535.570174710228
14960.0 13113.734423335016
14970.0 14501.4305711346
14980.0 14133.419464111761
14990.0 13533.987583522881
15000.0 14049.112483650148
15010.0 13783.109465048385
15020.0 13733.441360701516
15030.0 13631.192910165693
15040.0 14500.766472078381
15050.0 13937.738903115292
15060.0 14185.41506462564
15070.0 13887.873497337969
15080.0 13715.266269868045
15090.0 14843.767714917265
15100.0 13730.554172309909
15110.0 14197.60670910884
15120.0 14389.423891800428
15130.0 14082.38835660432
15140.0 15203.916734752394
15150.0 15225.193296804577
15160.0 14652.847148190085
15170.0 14022.57544230436
15180.0 14314.221094165167
15190.0 15187.90975925805
15200.0 15180.945089471374
15210.0 14640.7573744111
15220.0 14236.942360478408
15230.0 16015.622686227343
15240.0 15012.882615925686
15250.0 15111.43861257455
15260.0 14880.466876139088
15270.0 14555.779670891232
15280.0 15261.68684827544
15290.0 15634.411593269091
15300.0 14982.421676665486
15310.0 15699.566267147904
15320.0 14467.5958780772
15330.0 15786.672101442527
15340.0 16163.089654401732
15350.0 15412.264578407654
15360.0 15360.656470746691
15370.0 15731.44786833691
15380.0 15696.426956940959
15390.0 16085.87568310721
15400.0 16126.49519336612
15410.0 16002.144687059066
15420.0 15735.823023825169
15430.0 15824.827768572111
15440.0 15528.357141475137
15450.0 16462.27145323672
15460.0 16242.870438254655
15470.0 15887.950907366809
15480.0 16794.8522688038
15490.0 15780.446188359387
15500.0 16050.717148951177
15510.0 16116.893447990838
15520.0 15979.056272304426
15530.0 16558.789660774502
15540.0 16428.519566892
15550.0 16304.706718544081
15560.0 16131.529859693743
15570.0 16286.62264921148
15580.0 15938.319729592426
15590.0 16150.790655052833
15600.0 16133.672797348303
15610.0 16335.137434539334
15620.0 16051.363555803455
15630.0 15933.632966348518
15640.0 15924.898575913638
15650.0 16382.752233831587
15660.0 16576.356644306616
15670.0 16149.178635425505
15680.0 16016.497728461336
15690.0 16367.04054237055
15700.0 16772.902244243014
15710.0 16244.366131277375
15720.0 16176.258677474547
15730.0 16434.22224678175
15740.0 16399.855525178868
15750.0 16230.675133397375
15760.0 16521.471977398993
15770.0 15990.841165423653
15780.0 16084.481626263889
15790.0 15878.025924182373
15800.0 16252.531720898838
15810.0 16219.855727572021
15820.0 15790.340523357208
15830.0 16190.291533220443
15840.0 16339.382459617776
15850.0 16224.171242370347
15860.0 15512.90284294367
15870.0 15962.23191480392
15880.0 15845.896077217498
15890.0 15881.032330059592
15900.0 15927.609295724738
15910.0 16032.276642065252
15920.0 16029.904723978685
15930.0 15925.65655379048
15940.0 15790.837991663362
15950.0 15498.350054056933
15960.0 15511.880884921453
15970.0 16157.816063883918
15980.0 15744.077405810405
15990.0 15981.849272690211
16000.0 15668.27644504475
16010.0 15412.59517201322
16020.0 15409.029344058423
16030.0 15247.37626399859
16040.0 15788.083863219552
16050.0 15441.522474182204
16060.0 15490.264474344973
16070.0 15044.51382455717
16080.0 15254.104385657964
16090.0 15371.501468465938
16100.0 15336.503688113522
16110.0 15211.203458257165
16120.0 15189.875877595445
16130.0 15422.231759289489
16140.0 15071.224678549355
16150.0 15077.464683547969
16160.0 14813.491726689426
16170.0 14555.19217637668
16180.0 14843.235672445157
16190.0 15517.139628512141
16200.0 14963.316569268243
16210.0 15058.424422014952
16220.0 14689.583439848253
16230.0 14778.532910804091
16240.0 14741.999251285542
16250.0 14670.346461287683
16260.0 14865.931433894828
16270.0 14426.391345931985
16280.0 14512.385078150079
16290.0 14490.233109973402
16300.0 14446.214533257462
16310.0 14376.151946950282
16320.0 14869.835231530575
16330.0 14011.568328060946
16340.0 14383.280744767733
16350.0 14417.384424065389
16360.0 14274.313828942288
16370.0 13738.882442949498
16380.0 14227.12186415953
16390.0 14199.262397045719
16400.0 14126.23865077093
16410.0 14420.867771204688
16420.0 13966.661326731497
16430.0 14057.577621475808
16440.0 13665.485480097934
16450.0 13815.107710843879
16460.0 15624.112915641392
16470.0 13488.70634471616
16480.0 13528.072298491785
16490.0 14025.274387365294
16500.0 13793.70622497176
16510.0 14036.770756549367
16520.0 13532.706812178129
16530.0 13585.6121918512
16540.0 13835.183087246525
16550.0 13559.870206827849
16560.0 13246.197361160028
16570.0 13417.472061399172
16580.0 13481.06849520782
16590.0 13427.373592677492
16600.0 13784.081223708288
16610.0 13570.780337674129
16620.0 13514.598204611637
16630.0 13078.83902810015
16640.0 13169.062958037932
16650.0 12831.93354621223
16660.0 13078.973735061087
16670.0 13599.244758779449
16680.0 13127.553291387678
16690.0 12801.556246528367
16700.0 13226.24531878511
16710.0 12759.336967265126
16720.0 13147.82211161057
16730.0 12712.801539113307
16740.0 12770.653348008724
16750.0 12655.8555725042
16760.0 12819.832835977373
16770.0 13022.513480844047
16780.0 12680.227241312903
16790.0 13147.664060526979
16800.0 12685.709844749026
16810.0 12834.080426025625
16820.0 12826.301081774633
16830.0 12689.336928433711
16840.0 12859.677364728806
16850.0 12907.90716855102
16860.0 12885.76217563183
16870.0 12707.174020160111
16880.0 12906.806832700484
16890.0 13086.050559928115
16900.0 12396.951428953982
16910.0 12433.652802537028
16920.0 13711.021365502658
16930.0 12572.16381787221
16940.0 12967.657567853106
16950.0 13222.687953764713
16960.0 13068.037748642573
16970.0 13951.889718852053
16980.0 12899.872015791243
16990.0 13339.226700820367
17000.0 13326.621642345315
17010.0 13135.322134946367
17020.0 13307.878221052986
17030.0 13371.553529465597
17040.0 13717.01735322636
17050.0 13840.737856587817
17060.0 13182.334670233897
17070.0 13491.865862173665
17080.0 14030.70484198169
17090.0 13555.646465939333
17100.0 13688.187371069767
17110.0 13977.241270990848
17120.0 13778.798808134836
17130.0 14076.264015921319
17140.0 14358.615428514004
17150.0 14043.626708926575
17160.0 14005.118326550035
17170.0 14382.376934862754
17180.0 14386.921280412307
17190.0 14540.979409689066
17200.0 13983.660763857439
17210.0 14298.667397663134
17220.0 13969.008485625913
17230.0 14498.239432964894
17240.0 13785.023327509462
17250.0 13993.158619443331
17260.0 14090.982933437841
17270.0 14380.274681831266
17280.0 13604.718878265852
17290.0 14531.912061019138
17300.0 13803.318246387367
17310.0 14283.427544968543
17320.0 13576.812662598377
17330.0 14488.169158334256
17340.0 15350.896380247485
17350.0 14889.810978984025
17360.0 13696.988559956382
17370.0 13785.494599987045
17380.0 14377.636826357862
17390.0 14703.94003115824
17400.0 14325.612527320454
17410.0 13607.40505665556
17420.0 14237.275613471224
17430.0 14429.048960721264
17440.0 13830.254094316095
17450.0 14556.612438929775
17460.0 14344.867787627727
17470.0 13811.96501032778
17480.0 13954.445810834022
17490.0 14680.682119628435
17500.0 13627.355169238997
17510.0 14286.717695418032
17520.0 14178.486191492682
17530.0 14763.825538172234
17540.0 14644.153835482566
17550.0 14528.704171077556
17560.0 14161.818181143353
17570.0 14292.256446479036
17580.0 14502.476647996733
17590.0 14677.414079554816
17600.0 13940.58502473406
17610.0 15051.29092050495
17620.0 13872.984888767132
17630.0 14512.697708950149
17640.0 13903.929508534919
17650.0 14529.794194771806
17660.0 14336.416184309002
17670.0 14512.907994703875
17680.0 13406.125831037853
17690.0 14443.57932340723
17700.0 14143.67272243081
17710.0 14329.294152154618
17720.0 13589.203308475462
17730.0 14445.628367359359
17740.0 14102.343820291086
17750.0 13815.355351654067
17760.0 13567.046192890868
17770.0 14473.24271264803
17780.0 14668.678347317467
17790.0 12986.705576293887
17800.0 15098.769791385315
17810.0 12419.805369228983
17820.0 13521.017657811451
17830.0 14155.802993099063
17840.0 13595.759144650816
17850.0 13240.929798274772
17860.0 13890.173230433646
17870.0 13115.467065778563
17880.0 14225.242950246944
17890.0 14429.30301039775
17900.0 14054.90389216455
17910.0 12926.833755934973
17920.0 13244.902290276399
17930.0 12815.79699022543
17940.0 14048.179390849367
17950.0 14434.194486478043
17960.0 11576.270721426758
17970.0 13969.147398557183
17980.0 15299.817289035214
17990.0 12709.580155233576
18000.0 12367.861889555174
18010.0 12498.882586051552
18020.0 12445.167783666866
18030.0 13377.717536520222
18040.0 14246.062349264612
18050.0 12790.593814345964
18060.0 12358.150549896398
18070.0 11557.327462533485
18080.0 12429.928658611798
18090.0 13249.243645345021
18100.0 12150.783507248607
18110.0 13162.075016611114
18120.0 10101.0362123748
18130.0 14534.536196925554
18140.0 14389.01589086877
18150.0 12723.265516577125
18160.0 13823.020647057225
18170.0 12188.252862276047
18180.0 11967.117353363308
18190.0 13230.703903424268
18200.0 12401.093109955105
18210.0 12039.193391999683
18220.0 10872.059716468806
18230.0 14922.429302754832
18240.0 13807.009184458457
18250.0 12830.855689662767
18260.0 10924.600206177935
18270.0 11410.53844454309
18280.0 12940.78905658027
18290.0 14176.598789842043
18300.0 12670.556789134589
18310.0 12974.090871555096
18320.0 11209.340804619445
18330.0 12686.798383167556
18340.0 12547.881728313205
18350.0 12261.54973184038
18360.0 13539.662763268658
18370.0 11246.44721154068
18380.0 12932.795845920613
18390.0 10913.048302650077
18400.0 13343.116167117061
18410.0 13349.433270017593
18420.0 10780.1613355173
18430.0 12500.773396647677
18440.0 11121.748814955057
18450.0 12599.438192940135
18460.0 11557.139801809233
18470.0 11497.583421160298
18480.0 9848.214060219296
18490.0 12331.700591921408
18500.0 10952.080309928779
18510.0 13188.680817037155
18520.0 13840.042273405139
18530.0 10264.505585351997
18540.0 10977.361151242727
18550.0 13242.191151629038
18560.0 10390.940763734114
18570.0 10564.547405928677
18580.0 10564.720125673459
18590.0 10357.36797763125
18600.0 9181.04081513414
18610.0 10682.181962470919
18620.0 11830.487813753323
18630.0 11716.671689002816
18640.0 10744.31093632868
18650.0 9416.261162355371
18660.0 12848.31307909687
18670.0 11295.18055798752
18680.0 10635.845512331078
18690.0 13181.134527749236
18700.0 11982.463862811794
18710.0 11345.98597432525
18720.0 12405.40226078973
18730.0 9680.175294741477
18740.0 14618.763321797007
18750.0 12324.502665300313
18760.0 11687.392332334513
18770.0 10928.303158728973
18780.0 10529.72334657736
18790.0 11830.935716851794
18800.0 12992.364571047803
18810.0 11253.129577802976
18820.0 13025.03002361654
18830.0 14161.489903901518
18840.0 11878.979855250505
18850.0 10970.13152030122
18860.0 12927.48317536147
18870.0 13628.196295781509
18880.0 12666.041370525003
18890.0 13137.015398491107
18900.0 13008.009816790676
18910.0 12205.99096221022
18920.0 10678.758011555774
18930.0 12616.963168268001
18940.0 11774.07529861303
18950.0 13600.879077090742
18960.0 12856.271573222255
18970.0 12244.213920406582
18980.0 10924.148130743242
18990.0 13938.114432349032
19000.0 13316.438954485897
19010.0 12581.988700897697
19020.0 13432.206258147502
19030.0 12698.165716554051
19040.0 13113.663204815206
19050.0 13005.684540695604
19060.0 10984.896412833783
19070.0 14281.85164094655
19080.0 13673.072549359993
19090.0 13777.892671563148
19100.0 13600.602919094787
19110.0 9811.769720391196
19120.0 13000.295729040612
19130.0 13233.3813023781
19140.0 13692.288833396808
19150.0 13886.655145370216
19160.0 11691.999065858032
19170.0 13017.729241299541
19180.0 14091.031577951804
19190.0 13233.193137506452
19200.0 11352.901360204572
19210.0 13333.925745675211
19220.0 12760.031129230982
19230.0 13191.165421874788
19240.0 11455.605057120862
19250.0 14372.777148999427
19260.0 11823.480596541536
19270.0 12651.739242137483
19280.0 13606.837780039326
19290.0 13574.177143669136
19300.0 12099.414299430866
19310.0 11406.440379563299
19320.0 12899.940401148748
19330.0 12053.26339780206
19340.0 12750.512780116756
19350.0 12987.129270153886
19360.0 12408.689689057097
19370.0 12840.67770019666
19380.0 12077.694704237472
19390.0 10198.234425048313
19400.0 11615.086466365865
19410.0 11478.919962396496
19420.0 14350.799815779263
19430.0 11390.01405848797
19440.0 11469.29839727826
19450.0 12430.970019090177
19460.0 14019.221673618767
19470.0 12438.826603045449
19480.0 11206.888322521587
19490.0 11475.064266071004
19500.0 12796.346597862148
19510.0 13381.128505871618
19520.0 11869.15942963508
19530.0 11533.516085300731
19540.0 11904.067080281187
19550.0 9683.63796841973
19560.0 11493.688458424353
19570.0 12725.32815869802
19580.0 11632.92311840897
19590.0 12700.14272809686
19600.0 11058.170916627198
19610.0 12353.571813664972
19620.0 12259.542353819395
19630.0 10448.223563190086
19640.0 12753.947877699937
19650.0 11712.027701475954
19660.0 12609.429755335645
19670.0 11395.648270669742
19680.0 11922.42971838517
19690.0 12537.504186878637
19700.0 12843.445693084548
19710.0 11252.758029892062
19720.0 13666.291417818655
19730.0 10846.256345914655
19740.0 12111.116021757618
19750.0 9621.444777498038
19760.0 11736.126609840261
19770.0 12728.418343868942
19780.0 13323.085397681109
19790.0 11983.821285714364
19800.0 11257.846475011991
19810.0 11680.241475688113
19820.0 11450.292077195441
19830.0 12430.119506122266
19840.0 11701.075098329009
19850.0 12646.562935620446
19860.0 12394.657969923257
19870.0 12571.66966683023
19880.0 11927.362273290664
19890.0 11056.170486623587
19900.0 10574.617189338056
19910.0 11749.601631473206
19920.0 12899.58473297001
19930.0 13383.736287213873
19940.0 11568.734846083511
19950.0 11753.492698471673
19960.0 12473.808533864025
19970.0 10084.456306615786
19980.0 12626.620958239311
19990.0 11903.412525032038
20010.0 12747.68733721794
20020.0 11770.610029559448
20030.0 12863.218517910394
20040.0 12061.666766627086
20050.0 12170.81071198847
20060.0 11587.859318549186
20070.0 12376.742571994793
20080.0 11823.0447362261
20090.0 12233.90306395848
20100.0 11466.812056197577
20110.0 12691.148742800036
20120.0 12851.310788949319
20130.0 11794.959677664536
20140.0 13774.879278425791
20150.0 12074.723109399263
20160.0 11574.763096289427
20170.0 11410.99343415073
20180.0 12660.731048914166
20190.0 11426.843070248793
20200.0 12023.351624494771
20210.0 13922.498505191346
20220.0 12773.466986737818
20230.0 12956.944647443845
20240.0 13391.667131777533
20250.0 12934.764973077808
20260.0 12244.520384947216
20270.0 11879.891208066074
20280.0 13260.286293096222
20290.0 12196.25010730441
20300.0 12408.541294806066
20310.0 13025.321456520269
20320.0 13559.79370770041
20330.0 12636.412958466275
20340.0 13360.334577967471
20350.0 12331.25895898153
20360.0 13749.25509612311
20370.0 13411.987375852557
20380.0 13490.406745119686
20390.0 12476.173555321917
20400.0 12414.265023741245
20410.0 13234.593269275701
20420.0 13901.415594685881
20430.0 12992.423153158014
20440.0 12785.656357727506
20450.0 12831.952086618336
20460.0 14026.813784238022
20470.0 14342.760839473252
20480.0 13621.84890298528
20490.0 12359.04079779423
20500.0 14341.12556174891
20510.0 14154.07446615243
20520.0 13196.83362699911
20530.0 13292.945769641714
20540.0 11989.683750432456
20550.0 13728.102941715359
20560.0 14377.564615584017
20570.0 14618.55601647166
20580.0 14741.76375630993
20590.0 14696.144854401966
20600.0 14137.144741272197
20610.0 14080.759408771995
20620.0 13657.212293342785
20630.0 12601.468648657632
20640.0 13713.829800980673
20650.0 14777.302186053625
20660.0 14145.59237264938
20670.0 14422.40949119486
20680.0 14896.54769686648
20690.0 14034.760740649028
20700.0 14663.167378145508
20710.0 13749.64003405939
20720.0 14795.399518439792
20730.0 14233.871809091544
20740.0 14889.658592800775
20750.0 14425.178438769952
20760.0 13936.14930765543
20770.0 15081.228835679305
20780.0 15117.203589079121
20790.0 14788.786951856195
20800.0 14813.11720300716
20810.0 14195.778558115559
20820.0 14996.314868366973
20830.0 14410.680866270013
20840.0 15111.180168893206
20850.0 14868.92426873875
20860.0 14801.286090892574
20870.0 14782.162894072575
20880.0 15185.659774903192
20890.0 15152.900650318259
20900.0 14772.707368015075
20910.0 14894.659908689267
20920.0 15172.970051520477
20930.0 15177.254649673074
20940.0 14469.083138076381
20950.0 15521.17056259653
20960.0 15130.431173060024
20970.0 14824.89433692107
20980.0 15303.122640669071
20990.0 15265.123933414243
21000.0 15313.050744825918
21010.0 15559.123338667645
21020.0 14736.029007992232
21030.0 15007.75189449315
21040.0 15703.65830082599
21050.0 15046.732561826755
21060.0 15415.714519874775
21070.0 15360.830742478158
21080.0 14947.424923883
21090.0 15106.569096583153
21100.0 15176.466803000907
21110.0 15015.460587138188
21120.0 15518.527476546875
21130.0 15667.641451555963
21140.0 15223.98830180831
21150.0 15426.026878371953
21160.0 15080.302046234216
21170.0 15000.77771037819
21180.0 14988.475146486411
21190.0 15076.612296981019
21200.0 15344.274484881613
21210.0 15136.79419128387
21220.0 15315.015613718946
21230.0 15317.587805648309
21240.0 14981.303033982533
21250.0 15507.570436820297
21260.0 15539.962249690743
21270.0 15450.992572826817
21280.0 15125.420879089017
21290.0 14715.297412077138
21300.0 15110.00962489644
21310.0 15070.594341824539
21320.0 15016.227134883753
21330.0 15146.106319700342
21340.0 15521.992914384038
21350.0 15145.204858466837
21360.0 14576.067016115718
21370.0 15313.458463693318
21380.0 15338.438253045171
21390.0 14987.726279631914
21400.0 14911.320003981346
21410.0 14612.229464971175
21420.0 14989.343816088694
21430.0 14767.885948269985
21440.0 14882.663702300993
21450.0 14959.186209604171
21460.0 14506.515480778937
21470.0 15110.701585067518
21480.0 14976.700430122433
21490.0 14890.35591634931
21500.0 15266.28956350198
21510.0 14440.855611521401
21520.0 14973.51968221499
21530.0 14818.817878037966
21540.0 14659.825337659659
21550.0 14672.93110802126
21560.0 14915.836914600179
21570.0 14669.865579974146
21580.0 14576.713696367686
21590.0 14659.092480325215
21600.0 14635.92986309583
21610.0 14474.072315885536
21620.0 14780.251056801642
21630.0 14737.097334016787
21640.0 14455.743500583838
21650.0 14480.571454040897
21660.0 14404.300158193673
21670.0 14550.127046329513
21680.0 14175.272551623118
21690.0 14082.424152822514
21700.0 14756.282647904934
21710.0 14497.425988332641
21720.0 14355.490711948056
21730.0 14291.235300651431
21740.0 14203.104154034369
21750.0 14553.632653998593
21760.0 14112.767699725124
21770.0 14402.985408892384
21780.0 14137.830714546635
21790.0 14128.819697803134
21800.0 14294.43793682416
21810.0 14053.860691527729
21820.0 14494.587036463623
21830.0 14198.84212222999
21840.0 14165.2574430593
21850.0 13865.006221162052
21860.0 13995.966609656434
21870.0 13992.623626228384
21880.0 14130.127579921194
21890.0 14136.030137579322
21900.0 14074.034776273005
21910.0 14051.483216878518
21920.0 14006.611866637148
21930.0 14129.936997587778
21940.0 13976.88094057356
21950.0 13588.772872970425
21960.0 13728.797219874308
21970.0 13639.18286606422
21980.0 13702.687692204236
21990.0 13671.71328473379
22000.0 13716.22553134416
22010.0 13347.288021034688
22020.0 13652.78726052113
22030.0 13726.06546286514
22040.0 13727.482182010652
22050.0 13830.937776168857
22060.0 13890.74294452419
22070.0 13608.985871862584
22080.0 13731.405792315307
22090.0 13648.402457766297
22100.0 13540.127199059489
22110.0 13569.651570113647
22120.0 13472.679479238379
22130.0 13561.617014011375
22140.0 13503.05630900115
22150.0 13487.605657622276
22160.0 13600.523240960942
22170.0 13570.793285743968
22180.0 13398.52506071974
22190.0 13061.097203310183
22200.0 13293.585255120868
22210.0 13330.501825604117
22220.0 13237.174001835894
22230.0 13444.790339798958
22240.0 13078.118447733548
22250.0 13262.067059946727
22260.0 13239.296781142948
22270.0 13035.13758704828
22280.0 13660.186424207588
22290.0 13450.45665060071
22300.0 12930.38994837831
22310.0 13634.761035978478
22320.0 13102.47190441207
22330.0 13394.462996155606
22340.0 13267.20118086766
22350.0 12900.188002053297
22360.0 13092.760109408855
22370.0 13250.403677045517
22380.0 13112.346167054298
22390.0 13081.18644325404
22400.0 13174.93780316708
22410.0 12886.598622941023
22420.0 12795.372620026723
22430.0 12712.32361628399
22440.0 12941.582090295082
22450.0 13020.424869409078
22460.0 13058.587665172961
22470.0 12708.809446775842
22480.0 12842.406927358465
22490.0 12707.752559000688
22500.0 13352.98143716811
22510.0 12887.012592702902
22520.0 12964.835251168717
22530.0 12942.391523435232
22540.0 12805.32988687731
22550.0 13051.73838942796
22560.0 12646.779220510694
22570.0 12879.672770073279
22580.0 12686.685555642931
22590.0 13195.853897376952
22600.0 13070.604984983467
22610.0 13170.494897089258
22620.0 12896.714649313639
22630.0 12752.624630551438
22640.0 12680.894043273214
22650.0 12826.85089735297
22660.0 12472.240219659387
22670.0 12896.878667624129
22680.0 12279.964906019852
22690.0 12856.900580022611
22700.0 12451.76684026827
22710.0 12668.292838985137
22720.0 12330.173450674001
22730.0 13139.482880285743
22740.0 12810.904933559112
22750.0 12792.6992697897
22760.0 12431.37765148975
22770.0 12958.838514487701
22780.0 12685.184617027133
22790.0 12887.0918576332
22800.0 12039.13631678814
22810.0 12825.452516896486
22820.0 12714.555867053667
22830.0 12598.424637993294
22840.0 12427.21759189827
22850.0 12724.217434510116
22860.0 12624.107351441717
22870.0 12667.812064070207
22880.0 12624.597054307018
22890.0 12665.097703288997
22900.0 12497.793504617503
22910.0 12473.895928086933
22920.0 12666.265549318112
22930.0 10977.920005795397
22940.0 11357.589918071659
22950.0 12381.95872934458
22960.0 12032.5971853284
22970.0 12267.389031491128
22980.0 12271.861991686897
22990.0 12275.851549053357
23000.0 12355.48542415985
23010.0 11900.653445499673
23020.0 12108.611274103077
23030.0 12899.319468689282
23040.0 12258.583250165617
23050.0 12117.630677986735
23060.0 12333.14623489172
23070.0 12251.612868579545
23080.0 12264.170015711381
23090.0 11686.342130169509
23100.0 12995.831357250738
23110.0 11749.706634798473
23120.0 12574.23068636603
23130.0 12005.81319632741
23140.0 11805.091968373014
23150.0 12982.651999526339
23160.0 12006.39851574137
23170.0 11777.456554044007
23180.0 12357.796967309661
23190.0 12232.610847731808
23200.0 12046.52016650069
23210.0 11722.430004480004
23220.0 10953.4171309961
23230.0 10644.345285585423
23240.0 12973.658026740815
23250.0 12317.474160724047
23260.0 12049.187929211768
23270.0 12392.851507851647
23280.0 11930.996297886728
23290.0 12768.011680803973
23300.0 10969.709977993258
23310.0 11761.595329401996
23320.0 12898.315798784939
23330.0 12202.885831027257
23340.0 12416.99014645902
23350.0 11698.753160855265
23360.0 12515.449871915916
23370.0 12086.21451895235
23380.0 12314.717849409893
23390.0 11973.310743970327
23400.0 11520.751264549042
23410.0 11155.008321016621
23420.0 12627.295710496104
23430.0 11769.11420214754
23440.0 12022.823477630145
23450.0 11601.888912274002
23460.0 11957.211831159982
23470.0 12450.660256375813
23480.0 12501.277626679122
23490.0 11629.391343193955
23500.0 11963.415987204633
23510.0 10730.045699003176
23520.0 10593.492970383282
23530.0 11448.797912018335
23540.0 11592.488263462554
23550.0 11752.859444626894
23560.0 11994.514620968966
23570.0 12130.066791253219
23580.0 10718.124359586294
23590.0 11804.307151845087
23600.0 11906.18000999647
23610.0 11626.154999049651
23620.0 11136.240266831586
23630.0 11082.081314575875
23640.0 12104.264573939896
23650.0 11445.31491490739
23660.0 12040.75146362461
23670.0 10364.663936540897
23680.0 11666.509150115706
23690.0 11907.467294052572
23700.0 11314.72688874823
23710.0 11384.944576559192
23720.0 11064.332551331378
23730.0 12369.035257103998
23740.0 11591.95658996406
23750.0 11386.23274620562
23760.0 11064.446114710488
23770.0 12168.370283166762
23780.0 10756.265556065555
23790.0 11482.543057696867
23800.0 10908.183157199423
23810.0 11929.254361983669
23820.0 10741.21196342246
23830.0 10838.240592892498
23840.0 12101.118673902885
23850.0 10574.856375549722
23860.0 9979.531661088688
23870.0 10998.857415483697
23880.0 11606.860611191614
23890.0 11679.841629261617
23900.0 12352.102437814607
23910.0 10751.84014999418
23920.0 10412.325127563456
23930.0 11814.745711246214
23940.0 10772.42131154384
23950.0 11420.205838281661
23960.0 10858.67821136186
23970.0 10574.384859232328
23980.0 11816.55491961493
23990.0 11908.132218409333
24000.0 10242.182674371761
24010.0 10954.868813819094
24020.0 11197.733707130805
24030.0 11231.103390505106
24040.0 10825.451133522307
24050.0 10870.141381633372
24060.0 11602.092894725089
24070.0 10184.26781396919
24080.0 10204.331469051178
24090.0 11074.287007270203
24100.0 10288.93166579687
24110.0 10760.040957809413
24120.0 10250.939395469934
24130.0 10356.440305102613
24140.0 10903.439798214902
24150.0 11045.259613944852
24160.0 9888.571906567879
24170.0 10686.806653074924
24180.0 10955.881203853618
24190.0 8633.475134418828
24200.0 11430.808857482907
24210.0 10879.898202087064
24220.0 10249.66333412165
24230.0 9969.038647812098
24240.0 11327.322927129186
24250.0 9432.519862786332
24260.0 9773.2260346245
24270.0 9659.219729907818
24280.0 10276.507641626016
24290.0 11345.41314036648
24300.0 9247.01876294713
24310.0 9426.803206711182
24320.0 11414.850743201014
24330.0 8754.286277431913
24340.0 9818.71444026952
24350.0 10934.67971814693
24360.0 7839.746504647239
24370.0 9054.611487862909
24380.0 10828.860529523421
24390.0 10647.318512555124
24400.0 10570.420321302045
24410.0 9923.55533210217
24420.0 8866.160445602767
24430.0 9915.793832317237
24440.0 8656.14707090825
24450.0 10509.544572196606
24460.0 9255.342997563888
24470.0 8200.242487735073
24480.0 9326.471720087606
24490.0 10409.904559012366
24500.0 9955.612451222945
24510.0 8389.233778623884
24520.0 8441.847155195928
24530.0 7709.014223123682
24540.0 6827.586572131325
24550.0 10643.519336268973
24560.0 9511.482236137328
24570.0 10533.817547851993
24580.0 10426.14665750523
24590.0 8153.776583842545
24600.0 8658.962001537186
24610.0 7235.699773980627
24620.0 10259.346815579025
24630.0 9194.004744414395
24640.0 10521.060391989142
24650.0 8809.96617187635
24660.0 9318.040023374808
24670.0 7617.966266472836
24680.0 8058.807211427998
24690.0 9831.65779039385
24700.0 7781.613251059701
24710.0 8989.41360678252
24720.0 8664.949758628081
24730.0 6908.489432914384
24740.0 7364.961483740501
24750.0 7324.457586455601
24760.0 10855.399283633562
24770.0 8132.4741590149915
24780.0 7216.30101776157
24790.0 7796.326582905029
24800.0 8029.871084418799
24810.0 7853.851874747249
24820.0 7103.009750042171
24830.0 8494.57803378462
24840.0 9172.70042846141
24850.0 9709.12143058675
24860.0 7946.675313787406
24870.0 7604.023636940529
24880.0 7072.200404149598
24890.0 6523.002269124137
24900.0 5954.692523632709
24910.0 7657.696995472235
24920.0 8602.237496374659
24930.0 8815.757956977732
24940.0 8027.739289066281
24950.0 9002.018022203438
24960.0 7243.865421436474
24970.0 6834.193537328323
24980.0 6864.408879291405
24990.0 7536.976148133271
