#lam[Angstrom] flux[erg/cm2/s/A]
1010.0 185.2306868131803
1020.0 191.79802272406494
1030.0 661.6926368835861
1040.0 260.82876969848166
1050.0 196.40372421961115
1060.0 198.17922956356358
1070.0 209.2711109831448
1080.0 633.3165749384113
1090.0 645.2063259069471
1100.0 206.83584883684873
1110.0 208.49385778833923
1120.0 216.59966028142438
1130.0 210.68515965469638
1140.0 228.80473905671658
1150.0 214.71574590503556
1160.0 218.7984133681473
1170.0 219.2032273431565
1180.0 220.14725113379325
1190.0 221.4871510442757
1200.0 333.96982195680806
1210.0 297.25189691855985
1220.0 1891.2411352066893
1230.0 273.5678891462125
1240.0 1115.190972477445
1250.0 388.42478988394174
1260.0 540.5282795137641
1270.0 555.3270087872882
1280.0 573.3463176335941
1290.0 618.7967756009632
1300.0 666.3757961696969
1310.0 732.829897105204
1320.0 765.4650978091154
1330.0 778.3870207953394
1340.0 868.7500202649212
1350.0 836.0994158039996
1360.0 856.0369126860894
1370.0 868.7148211420949
1380.0 887.1338348031675
1390.0 2031.1407217431354
1400.0 2258.78443734568
1410.0 1669.8451472048098
1420.0 941.9478414330407
1430.0 924.964905856943
1440.0 929.7096744062771
1450.0 935.8954787424287
1460.0 943.2607050717714
1470.0 950.5718929130827
1480.0 955.048504094315
1490.0 1498.9451628017318
1500.0 945.6027949963976
1510.0 944.0456525880936
1520.0 945.0820596235459
1530.0 987.5384604050121
1540.0 938.4452611078534
1550.0 13325.158413815634
1560.0 938.8226674388795
1570.0 934.7944167371958
1580.0 979.4622569732198
1590.0 933.9082765699185
1600.0 1023.9640212777609
1610.0 932.0895921445892
1620.0 932.015744446426
1630.0 926.5002682212341
1640.0 8473.986230477994
1650.0 918.7427649004065
1660.0 1188.4225512374137
1670.0 1618.3382053579103
1680.0 912.8594532436962
1690.0 910.1016305349618
1700.0 906.3847859261988
1710.0 901.8085278821038
1720.0 968.1103229407344
1730.0 906.3412981381294
1740.0 923.5007030085171
1750.0 1370.1818269624903
1760.0 898.285440665883
1770.0 898.004530857463
1780.0 900.719431176787
1790.0 963.2886771318925
1800.0 894.6955469593026
1810.0 1103.509147462686
1820.0 1122.474946376827
1830.0 878.1877527725715
1840.0 872.595505955778
1850.0 942.1104208285836
1860.0 906.2884339524012
1870.0 862.412372678395
1880.0 1413.892065141477
1890.0 1769.4802900570708
1900.0 853.8706126779064
1910.0 5736.250127836782
1920.0 848.0189568244864
1930.0 851.8475007851672
1940.0 836.4022195981667
1950.0 835.9753606609835
1960.0 827.5260801955654
1970.0 822.7345076261078
1980.0 818.369060912083
1990.0 814.8233726930081
2000.0 809.3706457146078
2010.0 802.3762850963083
2020.0 769.1769235679382
2030.0 725.6393522581423
2040.0 704.4011868803402
2050.0 672.4620700678314
2060.0 661.3772417093683
2070.0 666.8481629166346
2080.0 652.3531848737601
2090.0 673.3073710076919
2100.0 658.8875776968143
2110.0 659.0485200471695
2120.0 678.3880046070516
2130.0 677.6626586287293
2140.0 713.0414529040585
2150.0 652.0105947538914
2160.0 657.3666980856782
2170.0 642.234179758073
2180.0 667.0521221824181
2190.0 654.4710384052494
2200.0 660.3367857845776
2210.0 670.3798839950794
2220.0 701.1787549603046
2230.0 688.6408289726944
2240.0 699.9398439688244
2250.0 747.6886146578224
2260.0 723.4824833159445
2270.0 741.3752805651768
2280.0 758.5374500433911
2290.0 776.0257667585748
2300.0 808.8186149903325
2310.0 852.9235931577379
2320.0 900.8340349447551
2330.0 1600.1997191739167
2340.0 1021.5867935470216
2350.0 906.5083120369063
2360.0 894.1140670167017
2370.0 906.1953512627783
2380.0 936.8146587407938
2390.0 1016.4994030632462
2400.0 982.5437693506149
2410.0 1007.1887656181399
2420.0 1004.7701529661506
2430.0 2163.442190575674
2440.0 1068.214268406069
2450.0 1108.563001757065
2460.0 1099.0622712713891
2470.0 1118.4286682183465
2480.0 1138.5723916996453
2490.0 1124.4608325290085
2500.0 1179.4187911278855
2510.0 1303.2087124764898
2520.0 1204.0889875323978
2530.0 1262.2168322529842
2540.0 1304.471214837257
2550.0 1372.64030010629
2560.0 1520.6137061326826
2570.0 1386.1895357282372
2580.0 1380.6429773795585
2590.0 1414.8859356702212
2600.0 1556.249044747887
2610.0 1485.9184920828532
2620.0 1610.2957906967724
2630.0 1729.5328011140311
2640.0 1897.7524594276663
2650.0 1760.3505351319125
2660.0 1917.4084410577261
2670.0 1957.4243938118511
2680.0 1946.4933176479976
2690.0 1947.7377055455763
2700.0 1950.412956497934
2710.0 2071.5139414112214
2720.0 1755.0037570961654
2730.0 2072.225205215808
2740.0 2061.5043820469973
2750.0 2146.37268055752
2760.0 2260.2503936704593
2770.0 2541.834809507688
2780.0 2350.256321510613
2790.0 6902.334345052435
2800.0 4575.239602281724
2810.0 2671.4328952274973
2820.0 2798.8125355684087
2830.0 3349.7981390970217
2840.0 2384.3820755334564
2850.0 2123.034046031301
2860.0 2424.9822575246444
2870.0 2795.5281868473767
2880.0 3174.3338945008936
2890.0 3762.5973669800696
2900.0 4290.532326194784
2910.0 4380.328483424791
2920.0 5612.231969870841
2930.0 4828.932721009723
2940.0 3924.539791232195
2950.0 4362.591582356077
2960.0 5150.849329033461
2970.0 3353.7644357719932
2980.0 4270.856866659502
2990.0 4610.400567038616
3000.0 3761.7322619480988
3010.0 4589.975466359146
3020.0 3723.6654757294355
3030.0 5582.192472898523
3040.0 5086.85427486782
3050.0 5364.842278781586
3060.0 5900.80351597496
3070.0 9399.213163910608
3080.0 6609.361879049317
3090.0 6799.748920904485
3100.0 7374.270599948976
3110.0 12258.043263536694
3120.0 17037.58551270432
3130.0 14867.498554458487
3140.0 18950.68018114797
3150.0 22509.818697857245
3160.0 20284.050843164514
3170.0 24275.471993660783
3180.0 20318.540733693273
3190.0 16113.80617722453
3200.0 19419.475687359492
3210.0 19597.22546768609
3220.0 19338.21215981472
3230.0 16142.96776011512
3240.0 22076.39198127122
3250.0 22838.094522905645
3260.0 39835.14876267923
3270.0 31404.11722480757
3280.0 33688.624631569255
3290.0 38515.63667690535
3300.0 44159.95488296937
3310.0 35197.090082103656
3320.0 32578.2440872358
3330.0 42486.41744642075
3340.0 31869.36216630162
3350.0 29848.65779736484
3360.0 26545.649411698614
3370.0 17854.24253635802
3380.0 27990.305873080128
3390.0 24329.557435932627
3400.0 38526.52067942131
3410.0 25964.20489628758
3420.0 28818.700466280417
3430.0 30394.24431006459
3440.0 14514.075919427522
3450.0 23973.587109818443
3460.0 22337.927589443072
3470.0 22471.303668849345
3480.0 30872.293230402785
3490.0 24105.005402119437
3500.0 34557.39739693154
3510.0 31909.55823049978
3520.0 26248.08603554263
3530.0 36931.73655217692
3540.0 61339.158707095565
3550.0 49601.7081293287
3560.0 39910.065732403185
3570.0 21377.038900949432
3580.0 17065.31361082322
3590.0 19894.243995972876
3600.0 29883.125422149555
3610.0 25492.850581845498
3620.0 31887.09614394023
3630.0 39232.0934447672
3640.0 41934.694988230745
3650.0 31460.62137959362
3660.0 69438.34463636881
3670.0 69264.74290561774
3680.0 44908.94101569955
3690.0 53385.64919381142
3700.0 63600.042463298174
3710.0 34214.99670175018
3720.0 21256.292899761396
3730.0 26486.012652115474
3740.0 20264.79090490907
3750.0 22390.377664123673
3760.0 34924.47692081848
3770.0 59028.44228496832
3780.0 77786.82192335222
3790.0 56003.194774387404
3800.0 61699.16685686077
3810.0 65504.47246837901
3820.0 28137.03760930287
3830.0 29382.815664869868
3840.0 45360.18577931591
3850.0 57389.318424868725
3860.0 28493.498963504204
3870.0 58480.40242395547
3880.0 44876.25461496454
3890.0 50157.61328814912
3900.0 44148.645144681235
3910.0 77807.79373985472
3920.0 54101.29868489281
3930.0 31968.12894507337
3940.0 45124.58990780476
3950.0 63113.483812095415
3960.0 33986.852163890224
3970.0 49281.387466091386
3980.0 98270.315531101
3990.0 116894.29887049129
4000.0 110806.36776277421
4010.0 134526.24954699443
4020.0 143936.21829674684
4030.0 72600.91180652923
4040.0 124305.38822436811
4050.0 126615.95044262202
4060.0 118033.97236806249
4070.0 119102.86469055068
4080.0 143253.957242136
4090.0 214526.81597506083
4100.0 145000.2987626912
4110.0 145189.03449831286
4120.0 162327.09290418343
4130.0 138319.0247004297
4140.0 139159.53282269207
4150.0 157241.27920731678
4160.0 186233.08960925252
4170.0 147093.32055183643
4180.0 158838.72010611065
4190.0 136272.72897391635
4200.0 103362.26086344245
4210.0 91955.81629694664
4220.0 48116.80252718113
4230.0 34458.00222224196
4240.0 80041.01825004582
4250.0 84100.07454639983
4260.0 117027.94521656317
4270.0 104658.09393760982
4280.0 116525.07397569153
4290.0 97486.34767326068
4300.0 110379.2594090575
4310.0 136487.81429577296
4320.0 171690.46897326436
4330.0 184690.21514165017
4340.0 207561.29002665053
4350.0 227789.77658341388
4360.0 266408.18781672977
4370.0 252631.6161713342
4380.0 145781.00952210877
4390.0 219168.55896117975
4400.0 226279.46855080244
4410.0 208727.79711933
4420.0 228973.3217273601
4430.0 166070.32303845827
4440.0 204660.7123318468
4450.0 203591.4528744236
4460.0 167392.1098059026
4470.0 265903.99430166004
4480.0 278344.1456534996
4490.0 296159.10204186145
4500.0 292594.48690635
4510.0 316397.7988426573
4520.0 290556.238760113
4530.0 192693.26822049957
4540.0 260340.3921902063
4550.0 251432.29309223357
4560.0 327568.5520894327
4570.0 348707.3782553792
4580.0 234849.9448285857
4590.0 251929.59059549298
4600.0 299516.3522879064
4610.0 320552.40894147404
4620.0 307987.0875289168
4630.0 307166.5978683047
4640.0 304896.8208421954
4650.0 252957.61724444065
4660.0 359028.98034983635
4670.0 317770.070740435
4680.0 325037.24130741955
4690.0 333577.39984307426
4700.0 361213.5926211416
4710.0 370695.7031318979
4720.0 359530.05774379085
4730.0 356359.37308034016
4740.0 339861.9527476897
4750.0 375768.755576266
4760.0 306861.55231229175
4770.0 300062.701228138
4780.0 310893.3082666977
4790.0 295966.1583843208
4800.0 271885.3861282435
4810.0 192394.99693795532
4820.0 252894.9778953864
4830.0 282226.3135947702
4840.0 314035.79579291923
4850.0 306204.00271477347
4860.0 295352.8726955941
4870.0 300715.8851750456
4880.0 291706.2871561585
4890.0 351581.31595330464
4900.0 421783.85270858346
4910.0 430606.3334528922
4920.0 374702.44045838603
4930.0 440739.3049827592
4940.0 379785.42930619436
4950.0 457626.9417350891
4960.0 297133.3589396511
4970.0 340801.5268738083
4980.0 285768.3704030291
4990.0 269978.9385275147
5000.0 265160.4743715041
5010.0 216923.21575678256
5020.0 255798.40423744346
5030.0 333485.87376787065
5040.0 231233.74170118122
5050.0 272805.375293356
5060.0 272917.5676604823
5070.0 273938.56790111505
5080.0 238505.13083403514
5090.0 261273.80020297455
5100.0 282327.03355236875
5110.0 225710.59299742148
5120.0 254588.45530001484
5130.0 251808.64772189633
5140.0 255731.93879852613
5150.0 258149.42395809962
5160.0 278454.6577372611
5170.0 169367.6032945503
5180.0 209737.82149647875
5190.0 232347.27319806564
5200.0 296440.5217042325
5210.0 196146.79239353733
5220.0 397134.98086343764
5230.0 365670.19187135133
5240.0 458894.2485984793
5250.0 406569.86828794
5260.0 368138.14309918426
5270.0 245708.27245655254
5280.0 418866.6709790815
5290.0 502932.67924668844
5300.0 406252.4883075219
5310.0 507319.9794838149
5320.0 459577.75647779385
5330.0 330090.88568282814
5340.0 443867.429211774
5350.0 420781.0393908572
5360.0 484526.285573426
5370.0 357693.3513986901
5380.0 495307.75872891827
5390.0 463489.20945889293
5400.0 367251.5561351563
5410.0 356349.5849156935
5420.0 474315.95127965434
5430.0 340089.81710024975
5440.0 454351.89064468985
5450.0 331944.8909581687
5460.0 361623.33190314414
5470.0 434037.3875484838
5480.0 417953.83669150446
5490.0 441996.70369541383
5500.0 385327.69996147364
5510.0 380036.23659883835
5520.0 466708.0520511824
5530.0 456059.6572218495
5540.0 470571.3308613328
5550.0 496886.7194247475
5560.0 502408.8850673299
5570.0 467638.81238066615
5580.0 454661.344860097
5590.0 341320.3020471808
5600.0 350129.7530842082
5610.0 477168.7109533827
5620.0 447469.17229352274
5630.0 497840.0127451231
5640.0 492685.0027564616
5650.0 546460.5535473117
5660.0 500995.9180420101
5670.0 527278.3688115411
5680.0 542650.8319386145
5690.0 543056.6702770019
5700.0 533096.0093122559
5710.0 544580.7579653237
5720.0 578747.6572565602
5730.0 570859.3569989613
5740.0 586891.2852196896
5750.0 604480.7439020677
5760.0 581217.4653457738
5770.0 593246.6925559643
5780.0 585682.2335829493
5790.0 578726.1034831025
5800.0 626433.9581117218
5810.0 610107.6348844875
5820.0 627776.8215391015
5830.0 613912.4370972825
5840.0 614201.5244732037
5850.0 584771.6180174971
5860.0 510978.97012120363
5870.0 508296.9580251404
5880.0 423891.3320447036
5890.0 213777.64122635598
5900.0 304606.13722800725
5910.0 480563.57995893806
5920.0 502634.4006196312
5930.0 531022.5264771812
5940.0 546473.5407390711
5950.0 540234.2535287475
5960.0 544184.3590212277
5970.0 555774.8175485748
5980.0 550900.6004455454
5990.0 591089.2678019921
6000.0 582673.180152811
6010.0 594899.866743767
6020.0 583185.3914061706
6030.0 621648.9297489806
6040.0 619546.1263122961
6050.0 625930.5507638907
6060.0 626740.3121960654
6070.0 633810.9419788411
6080.0 664103.9058195737
6090.0 620243.6415886706
6100.0 558130.661390122
6110.0 622154.6932045
6120.0 507967.1764823103
6130.0 629789.0796740019
6140.0 610741.285393272
6150.0 628600.0710450137
6160.0 434108.84762828733
6170.0 460556.0482765225
6180.0 575684.6030871639
6190.0 504592.5457062633
6200.0 536469.0651907914
6210.0 514860.98586946575
6220.0 472779.61707474093
6230.0 452439.5939146564
6240.0 448412.2971293598
6250.0 463722.3111421819
6260.0 459962.36073301156
6270.0 491132.47116350156
6280.0 504514.2825218468
6290.0 524089.8318495882
6300.0 517124.7789570355
6310.0 545378.0055264366
6320.0 561757.6182208137
6330.0 577971.4061635567
6340.0 584801.7046583195
6350.0 553348.6681138993
6360.0 508649.8828051938
6370.0 530591.245998837
6380.0 473476.8661273557
6390.0 462899.0912442603
6400.0 505981.6094973693
6410.0 554130.191215741
6420.0 572271.8859433763
6430.0 572742.2236578031
6440.0 511682.6838780938
6450.0 595665.542623579
6460.0 536012.7670237345
6470.0 595734.5473213685
6480.0 584571.045962285
6490.0 520321.73249524605
6500.0 503034.69465236226
6510.0 567356.4645048295
6520.0 578079.7481764577
6530.0 618106.8585822498
6540.0 632988.8787651401
6550.0 611398.9346838458
6560.0 640658.0325054055
6570.0 617493.6365899193
6580.0 672295.7324841216
6590.0 661769.1343858434
6600.0 691878.3199697112
6610.0 685759.2648033018
6620.0 693693.6654495465
6630.0 688713.5980624495
6640.0 697338.8328282464
6650.0 667381.7242507292
6660.0 644499.7799445404
6670.0 681513.3938058206
6680.0 623927.7976714892
6690.0 623228.4011182709
6700.0 627516.9884521227
6710.0 543659.2533640868
6720.0 529770.9732734307
6730.0 567904.4017607861
6740.0 563787.8360756179
6750.0 542446.4022922112
6760.0 558467.5664298987
6770.0 576871.0534491505
6780.0 542410.8694810882
6790.0 533256.3482160845
6800.0 544227.9116664692
6810.0 553290.5595065164
6820.0 524053.72673207195
6830.0 539235.0585908593
6840.0 528321.0505285712
6850.0 499228.018935373
6860.0 479110.20174683613
6870.0 496585.64287846733
6880.0 514234.1393047506
6890.0 499490.78596949636
6900.0 509002.9821468276
6910.0 569028.593516238
6920.0 547723.3123135318
6930.0 592035.6028496276
6940.0 578162.6231785689
6950.0 613964.3334409454
6960.0 625350.000071192
6970.0 622636.0387757134
6980.0 615983.5833338012
6990.0 635637.5853817592
7000.0 648569.5997656763
7010.0 669859.7992205679
7020.0 681078.703983495
7030.0 709417.7941029627
7040.0 770384.3639563837
7050.0 790943.5213092184
7060.0 673478.8691998416
7070.0 707675.3201395032
7080.0 734438.6620912177
7090.0 623925.6638439215
7100.0 645662.8180236889
7110.0 664890.5196352614
7120.0 715841.6370326563
7130.0 548320.1191917546
7140.0 571500.7872884385
7150.0 537811.8679719209
7160.0 630032.981197558
7170.0 644316.5487417356
7180.0 674185.4112229003
7190.0 689688.5586746124
7200.0 625111.1504809993
7210.0 640596.9102231564
7220.0 711416.0563549319
7230.0 730211.078543756
7240.0 720634.3258230132
7250.0 747631.4185571311
7260.0 780078.2757890247
7270.0 769170.5537436494
7280.0 763712.2403361513
7290.0 807513.3912956787
7300.0 814319.8982850453
7310.0 821034.7490043747
7320.0 799083.0041269071
7330.0 760233.3874810067
7340.0 833466.3326529661
7350.0 839267.9948818326
7360.0 788745.398917171
7370.0 859676.9600984715
7380.0 858077.5255923474
7390.0 840782.442164301
7400.0 842239.0353113271
7410.0 849849.0369027277
7420.0 858766.5873051058
7430.0 861416.2715348455
7440.0 863309.6405126771
7450.0 849212.4869527038
7460.0 844910.2099129972
7470.0 864900.7578471932
7480.0 883261.6239498358
7490.0 861299.440110239
7500.0 865493.9740870637
7510.0 864491.3312674909
7520.0 880804.5905583751
7530.0 881786.169817178
7540.0 888249.6051572763
7550.0 894756.6142640291
7560.0 887063.8289534672
7570.0 891987.0153129282
7580.0 889446.658123654
7590.0 859765.789759674
7600.0 868063.2947173758
7610.0 856158.466677757
7620.0 870392.2630081319
7630.0 851990.6558215838
7640.0 849260.5209005846
7650.0 852321.5507270253
7660.0 789801.3603908848
7670.0 761085.8262994159
7680.0 816697.006167783
7690.0 818040.9880318596
7700.0 755276.2993717217
7710.0 797051.7670860215
7720.0 813086.6426050124
7730.0 829452.5483258686
7740.0 838303.8699658264
7750.0 792750.8638735459
7760.0 813283.625465743
7770.0 822871.8773766351
7780.0 815558.4027590579
7790.0 818898.6205493581
7800.0 830904.6036750728
7810.0 846134.2944841906
7820.0 838900.6498679678
7830.0 817611.7044289665
7840.0 815083.3410023167
7850.0 835375.5112638352
7860.0 844163.216601327
7870.0 849489.0325617512
7880.0 852355.4304115004
7890.0 862735.2551185293
7900.0 858593.185767592
7910.0 838672.7003686952
7920.0 857127.3026480008
7930.0 862387.346241684
7940.0 844298.818127886
7950.0 845346.6356798239
7960.0 873345.7690790067
7970.0 880600.6416566328
7980.0 867107.8922720064
7990.0 876484.594612298
8000.0 862949.6480380693
8010.0 883329.9544615671
8020.0 879561.120800608
8030.0 879663.7020731658
8040.0 889160.4977416786
8050.0 867226.6403845362
8060.0 894125.3336243755
8070.0 874852.5204940402
8080.0 878416.4823344769
8090.0 885281.4149814335
8100.0 895019.6588310774
8110.0 897535.7790270966
8120.0 889886.1636340086
8130.0 895192.8186631579
8140.0 901248.8116941495
8150.0 906307.8173767093
8160.0 896978.4476386489
8170.0 904353.4043277801
8180.0 835906.6633650481
8190.0 830758.4186506994
8200.0 834528.7699993788
8210.0 884154.8480502128
8220.0 873732.8192456773
8230.0 895654.4921200549
8240.0 885570.3187494782
8250.0 895108.4650705655
8260.0 892908.6852343775
8270.0 893921.8342801413
8280.0 892214.3250644762
8290.0 884442.4010203378
8300.0 886328.4906951855
8310.0 875163.6729995502
8320.0 883829.6142089575
8330.0 808974.0758330796
8340.0 881690.513484027
8350.0 864274.1300711872
8360.0 854250.0998387611
8370.0 877754.7441394258
8380.0 813660.3758817082
8390.0 797113.7187622546
8400.0 854080.9228537655
8410.0 853698.5147440286
8420.0 861957.0755918206
8430.0 798528.0902804197
8440.0 789830.3299055601
8450.0 829864.5569088575
8460.0 828162.8031038626
8470.0 784910.9765192283
8480.0 835659.0997572624
8490.0 840759.1104293275
8500.0 797455.6511712382
8510.0 804942.1205743337
8520.0 806005.1915443403
8530.0 832888.2338078616
8540.0 731911.8259623431
8550.0 826088.6611422347
8560.0 847619.4158948069
8570.0 848171.9470647754
8580.0 840363.8821470261
8590.0 851979.7105231992
8600.0 850837.8992516092
8610.0 832960.7137512632
8620.0 846425.1116127163
8630.0 857461.7895523465
8640.0 858290.6896519643
8650.0 854551.0211803757
8660.0 741861.517361725
8670.0 827337.113075491
8680.0 811524.3805536896
8690.0 749847.5157391968
8700.0 851224.1851794415
8710.0 853477.1424302779
8720.0 853367.6283412266
8730.0 851242.6647572129
8740.0 857025.1054494439
8750.0 861124.7404848739
8760.0 843554.9518549028
8770.0 836341.808473877
8780.0 859705.1067930682
8790.0 862117.8398942887
8800.0 848272.35366703
8810.0 805768.5960754796
8820.0 812038.5532418849
8830.0 855060.6951413403
8840.0 845532.998054867
8850.0 871457.848659773
8860.0 843364.0071707447
8870.0 826193.3843746069
8880.0 841926.5016687035
8890.0 840729.2892318254
8900.0 846500.5907765654
8910.0 849139.2039750547
8920.0 844365.3685186908
8930.0 847659.8759977137
8940.0 844920.6671558961
8950.0 834512.8375540456
8960.0 848680.1275570139
8970.0 843430.965715525
8980.0 843163.1754535866
8990.0 846130.2025329324
9000.0 808573.3719024892
9010.0 833470.03591239
9020.0 827082.8018948745
9030.0 839433.2306069037
9040.0 850014.9812623342
9050.0 852208.0704314742
9060.0 850877.5327656599
9070.0 852422.5059451764
9080.0 852167.0747018922
9090.0 814573.8144808597
9100.0 835540.4337531168
9110.0 840016.6967206794
9120.0 847519.5751207672
9130.0 857501.9385159466
9140.0 855320.07763855
9150.0 852805.8169739272
9160.0 856194.4125189512
9170.0 850304.291273578
9180.0 855837.522489811
9190.0 857399.6314652945
9200.0 854512.537838869
9210.0 844473.5189745014
9220.0 844347.3174345623
9230.0 842301.2093567832
9240.0 844823.901471331
9250.0 833236.2325862655
9260.0 827195.1026130009
9270.0 844611.8682013672
9280.0 836806.096427115
9290.0 809893.9917636968
9300.0 831598.0608720985
9310.0 834295.9310450547
9320.0 830813.526252418
9330.0 833639.1557165156
9340.0 833919.2393997737
9350.0 828599.3576105823
9360.0 821549.6145807431
9370.0 829152.0843644295
9380.0 828580.1787325006
9390.0 828005.9380765398
9400.0 825577.4646164355
9410.0 823276.4790972141
9420.0 825639.8765107604
9430.0 830566.5316960403
9440.0 823628.8750147627
9450.0 808494.2508955837
9460.0 824172.862018672
9470.0 828501.4971935482
9480.0 829394.5726185021
9490.0 830455.8039514698
9500.0 829915.8146356631
9510.0 824665.8946124719
9520.0 829259.5242215564
9530.0 822822.5339786902
9540.0 822263.0515590054
9550.0 797243.7042130748
9560.0 824710.6126301683
9570.0 807003.0833261138
9580.0 826902.9199547989
9590.0 827364.267859905
9600.0 785466.7000604654
9610.0 824210.9695720506
9620.0 826550.4205907348
9630.0 821267.136307955
9640.0 756485.6934943504
9650.0 779904.7663946397
9660.0 815363.3589596752
9670.0 793865.1585883994
9680.0 768285.869524945
9690.0 793086.6803975087
9700.0 808584.7663520834
9710.0 777893.6900363931
9720.0 799722.6813012209
9730.0 767797.3474449982
9740.0 780331.620406928
9750.0 801773.6973025022
9760.0 815075.4833726473
9770.0 784628.8118345946
9780.0 772403.9751814954
9790.0 777732.5258158043
9800.0 812573.950685765
9810.0 808940.1483023072
9820.0 810309.0120013378
9830.0 797106.3449081643
9840.0 807497.4563928114
9850.0 810063.6661512001
9860.0 808510.3554151431
9870.0 808065.9941769101
9880.0 809938.0150896574
9890.0 808790.6221397765
9900.0 781387.912909061
9910.0 758923.1283511429
9920.0 764665.8522782525
9930.0 766460.4332650218
9940.0 788606.2537797621
9950.0 787074.5185771486
9960.0 786778.7328744517
9970.0 778540.2515887403
9980.0 779979.6240955411
9990.0 780677.2385093101
10010.0 775886.3956270036
10020.0 785035.6674162846
10030.0 777919.9005567553
10040.0 781011.9986112257
10050.0 764644.1130456962
10060.0 753412.5112170812
10070.0 778589.5431915753
10080.0 782561.5406771067
10090.0 774653.7770203755
10100.0 786346.7039078925
10110.0 777422.5345050694
10120.0 773807.3688557111
10130.0 779722.1197769573
10140.0 774463.6549104984
10150.0 768420.0966340263
10160.0 769563.8070829266
10170.0 773199.1112504695
10180.0 770002.1590916568
10190.0 771040.6714582958
10200.0 768117.3059136227
10210.0 767787.9797851993
10220.0 761385.8173700684
10230.0 769854.5785745698
10240.0 780724.2292293654
10250.0 763359.9869843601
10260.0 755658.6041615255
10270.0 759025.8799610307
10280.0 754922.2693991303
10290.0 761577.3513310667
10300.0 757545.7653094752
10310.0 768522.4567093649
10320.0 759328.7615752624
10330.0 759595.0248848894
10340.0 690332.2011589654
10350.0 747541.7557917237
10360.0 763859.8783977239
10370.0 765748.1845899184
10380.0 755810.3342913436
10390.0 754871.8795316279
10400.0 731214.6162710389
10410.0 756804.103505261
10420.0 754488.0591981591
10430.0 751608.3534231823
10440.0 763081.3566481479
10450.0 761322.8905677453
10460.0 759643.2334904129
10470.0 743854.7649155961
10480.0 753553.6898183736
10490.0 752793.0231560337
10500.0 736587.1984622633
10510.0 747046.542960304
10520.0 747466.7693084165
10530.0 757889.6940568032
10540.0 753034.3271368755
10550.0 750423.650275914
10560.0 751204.6433498297
10570.0 744986.7964087875
10580.0 736138.3178822304
10590.0 742372.3176847363
10600.0 746299.9225840317
10610.0 737690.1344151415
10620.0 743540.2992903438
10630.0 749514.5395614953
10640.0 746991.6371504238
10650.0 739965.5628517948
10660.0 720212.978749612
10670.0 735282.5799355131
10680.0 732925.3664716217
10690.0 740193.177260718
10700.0 741092.2105375002
10710.0 741926.1285404471
10720.0 741036.7016753752
10730.0 709856.968837251
10740.0 743436.4461108907
10750.0 731569.5371511356
10760.0 736292.6460285407
10770.0 739904.7256867784
10780.0 736816.0024311492
10790.0 730670.0195703607
10800.0 724396.5725169184
10810.0 714161.0982312524
10820.0 731609.4121726559
10830.0 724513.3148255277
10840.0 731661.341934419
10850.0 730692.7861896012
10860.0 725517.0438906649
10870.0 725697.476366647
10880.0 731389.7772238593
10890.0 728888.8492220044
10900.0 729521.9575794399
10910.0 719472.1343501036
10920.0 725445.4259119676
10930.0 727675.1141646949
10940.0 732989.5759033794
10950.0 727532.6275418038
10960.0 715339.0396309462
10970.0 718084.7616697322
10980.0 721064.9520273671
10990.0 724069.7570186001
11000.0 723004.3512766104
11010.0 718486.6057456397
11020.0 714997.3524667728
11030.0 715864.035167345
11040.0 717688.5918761693
11050.0 710482.9724869846
11060.0 714581.6922560267
11070.0 711223.0072651552
11080.0 713667.6007342743
11090.0 715922.352585218
11100.0 714934.9666728382
11110.0 710336.5076927074
11120.0 698505.5550780847
11130.0 710078.1337495042
11140.0 711193.3627696696
11150.0 705346.9588469375
11160.0 704161.3755760244
11170.0 710340.8622498603
11180.0 710222.1106979867
11190.0 704490.8330696624
11200.0 696970.8505739274
11210.0 706340.9050328282
11220.0 704968.2161163115
11230.0 706688.0630033095
11240.0 699397.7828106626
11250.0 642088.6820024722
11260.0 686097.4128461385
11270.0 704447.1911345664
11280.0 700772.5830390385
11290.0 697378.2417722419
11300.0 684857.9456234471
11310.0 697655.536195964
11320.0 701679.1716231279
11330.0 694439.1138414926
11340.0 692493.1910014114
11350.0 698182.4573849543
11360.0 697183.1591377637
11370.0 683011.3435994543
11380.0 658746.6863008565
11390.0 681123.3891383677
11400.0 641467.5887797038
11410.0 684464.9155453197
11420.0 673237.3490816543
11430.0 691730.8686487552
11440.0 667650.239716709
11450.0 687825.3419927921
11460.0 691362.396182387
11470.0 679595.415074217
11480.0 676338.8212420484
11490.0 687293.3504866502
11500.0 689551.941175102
11510.0 687307.305854541
11520.0 687830.5824797279
11530.0 687744.2488098614
11540.0 682124.1394747054
11550.0 682984.955418184
11560.0 683092.8431981164
11570.0 683782.0350916649
11580.0 683420.7585460623
11590.0 654909.1082272391
11600.0 678125.3751003937
11610.0 619538.6968416612
11620.0 679575.0249962392
11630.0 677999.7510870541
11640.0 647246.2241089003
11650.0 677281.9447426143
11660.0 675194.5619988851
11670.0 675683.6072183697
11680.0 673625.6410851917
11690.0 633913.5707032458
11700.0 674484.7897210118
11710.0 671341.8422603899
11720.0 670273.9875242758
11730.0 672396.0731339816
11740.0 667914.6332495412
11750.0 669327.6965374545
11760.0 668563.9314276896
11770.0 639057.2431369942
11780.0 632579.1838093351
11790.0 663466.1936872199
11800.0 660361.9524386503
11810.0 661817.4380184917
11820.0 655681.357614166
11830.0 602420.2213822922
11840.0 659384.8710621216
11850.0 660057.9045586119
11860.0 661354.9376170782
11870.0 660511.1016753683
11880.0 585955.7627402399
11890.0 642346.4312270274
11900.0 658727.4894661875
11910.0 655652.5419258071
11920.0 658556.8513865013
11930.0 656901.7984979416
11940.0 655242.906025342
11950.0 635255.5955307886
11960.0 632253.8743240146
11970.0 580916.1778526998
11980.0 633887.278914094
11990.0 644513.0377863371
12000.0 649965.0175626415
12010.0 650853.9873495144
12020.0 647250.8786297305
12030.0 636165.8313855113
12040.0 648386.379552719
12050.0 645088.1262717058
12060.0 647515.4524286798
12070.0 641291.5282474147
12080.0 611089.5217931431
12090.0 636420.6403571852
12100.0 641487.8617152021
12110.0 641736.1967634392
12120.0 642953.489575476
12130.0 640436.480754376
12140.0 642941.0406009512
12150.0 642439.1694392791
12160.0 639084.9918050147
12170.0 639365.7215326497
12180.0 639997.5144394961
12190.0 637255.3027968506
12200.0 637056.6708394433
12210.0 636839.8547677699
12220.0 637121.6136112431
12230.0 636223.207567113
12240.0 634562.4447426385
12250.0 635712.6380637741
12260.0 635173.6059954464
12270.0 630977.2153786463
12280.0 633498.8685819344
12290.0 632480.0009001069
12300.0 631879.4506972358
12310.0 630106.8862631619
12320.0 627789.7802259054
12330.0 627486.6623898484
12340.0 628397.4160102677
12350.0 628831.1972630324
12360.0 626552.0455007586
12370.0 626967.8007904344
12380.0 627380.6422958925
12390.0 622766.0490992113
12400.0 623836.9591484963
12410.0 622081.6475181177
12420.0 615598.5779489042
12430.0 608468.6921345539
12440.0 619133.3581698996
12450.0 619606.3803687808
12460.0 619983.9207755037
12470.0 617540.0059950587
12480.0 617901.3120622754
12490.0 618045.8472883122
12500.0 615805.5302091765
12510.0 615064.2550197662
12520.0 599168.2604007543
12530.0 610238.7679787201
12540.0 615427.1646389845
12550.0 613617.0919806024
12560.0 610769.7090577612
12570.0 611147.2845806382
12580.0 612696.6569351595
12590.0 609182.088304402
12600.0 607257.073479541
12610.0 609258.8346611446
12620.0 608886.0729405606
12630.0 608220.2777827898
12640.0 603738.3363087346
12650.0 607293.0225091574
12660.0 607223.8357772528
12670.0 600134.6558256588
12680.0 594577.4973561286
12690.0 605772.7293804903
12700.0 603746.8161181702
12710.0 604576.9383399434
12720.0 604586.2893862899
12730.0 603438.1824245425
12740.0 590734.2213499415
12750.0 599691.5843881803
12760.0 601547.1007985532
12770.0 599352.6314258607
12780.0 598680.403486109
12790.0 600249.5036867964
12800.0 597998.3540179549
12810.0 591861.2179614299
12820.0 549576.8588475047
12830.0 576409.8646323943
12840.0 591668.7480141284
12850.0 581639.3871001729
12860.0 591733.7560455818
12870.0 592506.8587795267
12880.0 586977.3599135538
12890.0 588994.7385152262
12900.0 557074.713197698
12910.0 577244.6748876092
12920.0 585862.5946158753
12930.0 587856.2415658064
12940.0 586090.3906158487
12950.0 585807.397583111
12960.0 587617.0805780647
12970.0 586954.73173697
12980.0 576637.4893267893
12990.0 585257.5541395831
13000.0 585187.3105475775
13010.0 577795.5768111215
13020.0 584610.35076181
13030.0 576568.1557055566
13040.0 583014.9288948582
13050.0 582740.0405431597
13060.0 580623.7345463053
13070.0 580531.0044500415
13080.0 573815.1869311283
13090.0 576267.5499449425
13100.0 577364.0934094139
13110.0 572047.3339252676
13120.0 495257.9275025373
13130.0 539546.32481165
13140.0 563271.1341144998
13150.0 498921.35369400325
13160.0 568089.6497885468
13170.0 572790.2761797679
13180.0 574051.3088798411
13190.0 574824.2430412922
13200.0 569040.9022389165
13210.0 570722.2042971906
13220.0 569260.575024977
13230.0 572483.8660305019
13240.0 571715.7672609916
13250.0 567963.3947059906
13260.0 568676.0529789355
13270.0 564628.9221975504
13280.0 560438.0396373041
13290.0 546019.7414424425
13300.0 564145.6725434286
13310.0 559408.6739426324
13320.0 516341.61173146794
13330.0 561018.1038072868
13340.0 555231.8988081082
13350.0 550137.9939779511
13360.0 553369.2972740425
13370.0 552081.7937075506
13380.0 552572.0333835469
13390.0 550209.4443003889
13400.0 546383.0719268478
13410.0 549962.5237033342
13420.0 545865.4691566176
13430.0 548514.5594847603
13440.0 546718.9722380361
13450.0 552516.2443963968
13460.0 548809.3575617048
13470.0 547805.7262679399
13480.0 547778.619655662
13490.0 550353.8046891529
13500.0 535610.4277555054
13510.0 548434.369584571
13520.0 543983.0232986101
13530.0 546440.9156828171
13540.0 543803.2732478817
13550.0 539070.1714254717
13560.0 545868.9633907343
13570.0 542353.34810395
13580.0 542792.7100280236
13590.0 539184.1464206125
13600.0 535283.791360499
13610.0 541406.1734202433
13620.0 535378.9258927873
13630.0 520963.38616481697
13640.0 527062.0740254757
13650.0 539978.9135497372
13660.0 538994.5019093868
13670.0 537875.9587078338
13680.0 534570.3581374922
13690.0 538469.684944789
13700.0 538641.1996536681
13710.0 535524.8121561428
13720.0 537707.6039629495
13730.0 535654.6937295714
13740.0 537043.0344179303
13750.0 536461.8083100567
13760.0 534244.2346522948
13770.0 535406.9611435608
13780.0 533124.0034990867
13790.0 531944.6062422735
13800.0 535312.2510380612
13810.0 535010.8505294228
13820.0 530404.3432054506
13830.0 532093.5097627597
13840.0 532487.223798839
13850.0 518944.4006434553
13860.0 509930.6541403099
13870.0 529645.3767824994
13880.0 525840.3113333039
13890.0 526652.5688510438
13900.0 521718.3032372755
13910.0 489321.92101313773
13920.0 501505.9032053262
13930.0 507968.80353374017
13940.0 520237.12933037884
13950.0 509823.570420146
13960.0 522365.64210107684
13970.0 506799.7831789325
13980.0 510366.3191416309
13990.0 520042.77642811363
14000.0 495060.5806406124
14010.0 509373.4863730872
14020.0 519926.5378403639
14030.0 517587.44607238425
14040.0 507095.19430798764
14050.0 514848.09311527177
14060.0 512213.24007808324
14070.0 514157.0113959111
14080.0 504134.2933351819
14090.0 513680.6855846875
14100.0 507314.6973937394
14110.0 512615.573587398
14120.0 506291.9043801516
14130.0 503081.8095600625
14140.0 505862.60225834517
14150.0 512180.0692416838
14160.0 505920.85540336586
14170.0 504199.7015246901
14180.0 501989.3517124397
14190.0 503073.3803928786
14200.0 507203.5497359158
14210.0 506941.3786865988
14220.0 502413.7997027666
14230.0 502711.5331807859
14240.0 494995.9900442095
14250.0 482326.28277905635
14260.0 472102.2223137799
14270.0 469172.2768684713
14280.0 496663.1653453557
14290.0 490506.96441590704
14300.0 503850.2458463334
14310.0 496020.6296748986
14320.0 501290.05841728504
14330.0 502197.05355094944
14340.0 489855.8612931584
14350.0 491243.199688287
14360.0 497691.43789739744
14370.0 496693.67715737445
14380.0 500900.9594474709
14390.0 492936.4904196484
14400.0 482250.2665291873
14410.0 493685.18240017345
14420.0 493463.1150837261
14430.0 498183.6234265299
14440.0 491881.88240358036
14450.0 490694.445600836
14460.0 494625.5925266967
14470.0 491237.3813417486
14480.0 495006.5469642843
14490.0 495053.3658960404
14500.0 489897.5467963547
14510.0 477782.77232994186
14520.0 490759.90324313845
14530.0 492260.6446167546
14540.0 491606.0097993736
14550.0 487759.8395476806
14560.0 479018.1357820562
14570.0 484885.3554436712
14580.0 492160.1413254953
14590.0 489325.9377423308
14600.0 476568.7622057435
14610.0 454265.4049147095
14620.0 480418.78823025373
14630.0 474556.00210517884
14640.0 480569.97344753984
14650.0 472720.4677788121
14660.0 479727.2642243118
14670.0 469518.66506083816
14680.0 478180.0983344663
14690.0 473820.7187827149
14700.0 471943.7096113742
14710.0 472663.5414220253
14720.0 481127.60332411114
14730.0 482702.0910522716
14740.0 472784.3069691045
14750.0 471606.8667486055
14760.0 480122.15591773705
14770.0 467950.3416024586
14780.0 472125.4724320049
14790.0 479941.91498393804
14800.0 464517.5001244025
14810.0 475293.8311204828
14820.0 477596.4308410822
14830.0 467889.73983910854
14840.0 476733.3471847559
14850.0 469171.5963627748
14860.0 470884.6538266421
14870.0 458630.71339848445
14880.0 405260.71922301286
14890.0 469897.8525964649
14900.0 466640.4171599762
14910.0 471448.1289826826
14920.0 474220.9158852402
14930.0 473807.6236181554
14940.0 474468.2420469183
14950.0 472877.9681609841
14960.0 472713.8732999536
14970.0 475147.725157595
14980.0 474611.86662480514
14990.0 472951.0686905428
15000.0 456700.233598751
15010.0 464495.80382429296
15020.0 414316.8981480784
15030.0 423458.902205868
15040.0 407308.0359910159
15050.0 419154.9009328744
15060.0 462836.52999420516
15070.0 467937.0742514611
15080.0 462380.36601220816
15090.0 470183.7601988099
15100.0 469098.01979762
15110.0 469169.8437650437
15120.0 464207.35994506755
15130.0 454040.4561326819
15140.0 468860.78140429617
15150.0 455992.137182084
15160.0 456513.3108467142
15170.0 458422.0259076863
15180.0 465893.3014971281
15190.0 465403.758482927
15200.0 468369.551783838
15210.0 464606.04067209933
15220.0 460418.52485050727
15230.0 470388.43368630623
15240.0 461373.4517591399
15250.0 466301.54700420634
15260.0 454083.9929522115
15270.0 460728.303224605
15280.0 445978.28546293685
15290.0 452760.6878661882
15300.0 461069.64584768924
15310.0 466617.6807333697
15320.0 458879.372629839
15330.0 445043.80451058253
15340.0 455882.4630564994
15350.0 464687.70833454566
15360.0 466570.0725899946
15370.0 447229.86102940823
15380.0 449247.09077918803
15390.0 448995.52589090425
15400.0 447535.15837714175
15410.0 447338.21235355857
15420.0 446621.7802380804
15430.0 438466.53676681704
15440.0 462054.1938137935
15450.0 464412.2889742328
15460.0 454447.2977939965
15470.0 456788.69395383255
15480.0 461222.1992161024
15490.0 461988.0808188575
15500.0 454634.4308223524
15510.0 445628.4638932956
15520.0 462731.4152280514
15530.0 457337.1974894868
15540.0 426645.5460705587
15550.0 458948.604782592
15560.0 442786.6091671661
15570.0 436255.46573786525
15580.0 455372.55422686896
15590.0 451779.7178061069
15600.0 453183.33529927075
15610.0 456352.4930142337
15620.0 444136.0580770535
15630.0 440098.52384064434
15640.0 457220.9308725352
15650.0 440281.2129852617
15660.0 451715.8257460472
15670.0 457222.864097302
15680.0 452353.0768925203
15690.0 451793.21626864426
15700.0 448324.0535893873
15710.0 452315.9197892503
15720.0 422423.936728087
15730.0 437491.1997581469
15740.0 429877.5396037633
15750.0 417235.02764072566
15760.0 417673.564846932
15770.0 404324.0275755601
15780.0 433066.83984457457
15790.0 452211.5416698062
15800.0 452058.7623313294
15810.0 452727.9352084106
15820.0 436074.9806222177
15830.0 445607.3987585824
15840.0 444251.99116135476
15850.0 452540.75405495695
15860.0 448930.21373113006
15870.0 445006.60194915603
15880.0 440958.8938605434
15890.0 408214.97456500755
15900.0 440983.01685609756
15910.0 433043.52184053964
15920.0 449221.62037861865
15930.0 448784.6447735858
15940.0 450204.94395033503
15950.0 450067.1895975276
15960.0 444202.6975891706
15970.0 444716.71994750435
15980.0 443476.4951355721
15990.0 448443.03487502935
16000.0 448012.67463594186
16010.0 443318.5733556855
16020.0 447958.3428815862
16030.0 445168.98322975
16040.0 428178.3543737263
16050.0 441694.4277491793
16060.0 428821.1608443758
16070.0 430284.1529553387
16080.0 442185.77532897564
16090.0 445255.4156234827
16100.0 439011.7549507071
16110.0 446251.00532566954
16120.0 437284.5959945889
16130.0 436375.95298295654
16140.0 412462.852341503
16150.0 381908.03347861336
16160.0 382947.54426586226
16170.0 437252.46505508333
16180.0 437233.83031006326
16190.0 404602.78148408246
16200.0 360234.3016530452
16210.0 416896.2643128305
16220.0 425351.7804372742
16230.0 423772.3716019137
16240.0 432614.9481722877
16250.0 422764.40531968157
16260.0 429888.2407432368
16270.0 436174.97917855054
16280.0 439196.2094888575
16290.0 439866.25008122553
16300.0 433025.528629989
16310.0 428323.1404827214
16320.0 434992.6751302727
16330.0 436369.0726326917
16340.0 433782.2050051115
16350.0 417127.8228287859
16360.0 426133.4285009797
16370.0 427776.474259044
16380.0 426738.2190415551
16390.0 428620.6301693474
16400.0 423226.52670803794
16410.0 426765.95198425767
16420.0 434757.91390944406
16430.0 432384.3412187844
16440.0 411144.9041576521
16450.0 414478.3832716687
16460.0 425594.3841885763
16470.0 420671.31370324467
16480.0 427913.02773770894
16490.0 417116.6507563699
16500.0 428446.1807531581
16510.0 428322.35212074185
16520.0 421954.6392889058
16530.0 414523.31072721805
16540.0 418373.8819251401
16550.0 425888.9957087043
16560.0 424246.6960586401
16570.0 425082.79077605397
16580.0 415602.7834031351
16590.0 423257.5515276488
16600.0 423686.7843907828
16610.0 411081.36922545655
16620.0 418874.6561997743
16630.0 415274.48678875127
16640.0 414540.6006223906
16650.0 407461.4819909492
16660.0 405540.9139050912
16670.0 414988.9241616174
16680.0 415250.0613594371
16690.0 413702.9519343033
16700.0 405725.93286699266
16710.0 391127.63743117463
16720.0 351950.7014004204
16730.0 395410.2113529388
16740.0 399892.71411094104
16750.0 331882.6972429767
16760.0 375909.4048992476
16770.0 402056.40085286536
16780.0 410221.0954494251
16790.0 410648.2602551363
16800.0 409237.7818809862
16810.0 409724.78722780145
16820.0 407459.40169516316
16830.0 408424.6619613954
16840.0 403454.5506212691
16850.0 406331.3338424521
16860.0 403774.74645438144
16870.0 391263.5220825798
16880.0 393312.3982551753
16890.0 397124.5029576257
16900.0 379552.1195331885
16910.0 391601.46450898977
16920.0 400882.7154302495
16930.0 402277.5337466198
16940.0 401031.48066400154
16950.0 397715.0834657348
16960.0 398431.42423789337
16970.0 395182.8835985444
16980.0 397388.2836253805
16990.0 394354.29779406404
17000.0 389615.3533460392
17010.0 391846.3261176388
17020.0 392628.55521340045
17030.0 393305.6130651175
17040.0 392581.0492738899
17050.0 381976.9660763719
17060.0 390222.7509089376
17070.0 375713.6770711014
17080.0 385180.98775063467
17090.0 378876.25829693273
17100.0 348884.5355270784
17110.0 316851.1247182803
17120.0 366946.27585421974
17130.0 380960.47769620514
17140.0 382228.69862267934
17150.0 383864.5509110244
17160.0 380172.7332878021
17170.0 375573.5972997757
17180.0 376779.7872731785
17190.0 377509.3549306426
17200.0 379956.6413859746
17210.0 372555.24056183035
17220.0 377360.2244367416
17230.0 367180.5329452702
17240.0 363331.98876922956
17250.0 377300.6830965857
17260.0 372810.5273741068
17270.0 371863.3722367352
17280.0 370645.7776709753
17290.0 371530.301641757
17300.0 371713.3216424169
17310.0 361913.97102610563
17320.0 358578.35554368503
17330.0 362518.0458688177
17340.0 359820.6306256216
17350.0 360009.89216123155
17360.0 367791.55057371996
17370.0 367276.45694368804
17380.0 357962.4653593777
17390.0 364118.11928028724
17400.0 361203.3576943586
17410.0 354801.80593558104
17420.0 353065.48179923196
17430.0 358705.4974985062
17440.0 362332.3149606732
17450.0 361488.27711381053
17460.0 360124.5940354295
17470.0 357081.1348503672
17480.0 361190.8842012468
17490.0 355476.68480537826
17500.0 344279.3829270461
17510.0 356619.72208411625
17520.0 354866.67344607424
17530.0 349369.83205748315
17540.0 345989.06330981274
17550.0 347323.9454737531
17560.0 349043.50605442794
17570.0 352617.8356755674
17580.0 349680.9258327746
17590.0 341183.5865274018
17600.0 344712.9852103407
17610.0 343989.2875014747
17620.0 337209.46182525007
17630.0 348379.4446489257
17640.0 344730.0380178323
17650.0 346431.1302317555
17660.0 337905.9230211329
17670.0 341979.7045934725
17680.0 333999.60241326474
17690.0 345877.20667224436
17700.0 341345.6626975505
17710.0 336152.28377388464
17720.0 334451.68398337613
17730.0 340311.531205862
17740.0 339472.23274110403
17750.0 337860.39658477734
17760.0 332406.773588444
17770.0 325415.9097651823
17780.0 332283.8762877908
17790.0 333074.4596323134
17800.0 339187.27694417076
17810.0 326040.8738273245
17820.0 324081.9329789179
17830.0 325604.6484928302
17840.0 333425.94984897575
17850.0 316817.90365353617
17860.0 325034.2253150915
17870.0 325620.82632961334
17880.0 326786.32212724414
17890.0 332391.05898573424
17900.0 322579.6517874174
17910.0 322554.6662580961
17920.0 327570.0950824732
17930.0 322984.1582877693
17940.0 321340.1563200887
17950.0 327324.8275732841
17960.0 317414.66116151336
17970.0 326268.8567583261
17980.0 326350.9645432412
17990.0 315142.5402654735
18000.0 318369.0521178996
18010.0 310607.5651430627
18020.0 310833.8729718074
18030.0 307503.5867805297
18040.0 309183.74701744533
18050.0 306816.7487412847
18060.0 319062.37010239053
18070.0 314425.59727613075
18080.0 313186.4273819119
18090.0 320112.46354025736
18100.0 311458.4420024008
18110.0 307452.27253527334
18120.0 305055.9159085383
18130.0 311782.7891987308
18140.0 314092.5539214611
18150.0 310276.74601132073
18160.0 316083.41146227764
18170.0 306297.01278723497
18180.0 304522.81944843766
18190.0 306473.67927098577
18200.0 305572.3023725184
18210.0 302694.1044601782
18220.0 300781.9142387233
18230.0 314119.13443738734
18240.0 310779.6707645378
18250.0 305774.45609099074
18260.0 297360.79722802027
18270.0 294876.2248180528
18280.0 296488.7763370542
18290.0 302469.944381295
18300.0 300802.3228911863
18310.0 303682.6131157039
18320.0 295702.8637257802
18330.0 305223.7879360843
18340.0 302567.0441985613
18350.0 297422.3887876358
18360.0 299580.07825491915
18370.0 295142.38506502507
18380.0 302310.14464098675
18390.0 292816.57218100334
18400.0 292807.9049113678
18410.0 296215.8855851148
18420.0 288449.09325953753
18430.0 288935.60908217053
18440.0 289707.6076183742
18450.0 293351.9836795849
18460.0 274240.6188740507
18470.0 263508.2547741148
18480.0 282654.7477000389
18490.0 291946.9416153732
18500.0 290544.5680022079
18510.0 289155.6451243904
18520.0 287038.12159480934
18530.0 283714.5025476201
18540.0 290048.8772033603
18550.0 288537.28391784814
18560.0 274074.8584440236
18570.0 281232.5309845787
18580.0 273891.4476794293
18590.0 279126.9147845395
18600.0 278868.88172706746
18610.0 279136.57369919406
18620.0 284919.3277070565
18630.0 283109.6750296286
18640.0 284601.8361315794
18650.0 278705.7159076356
18660.0 280322.7133379431
18670.0 282234.7636460192
18680.0 282251.2361044454
18690.0 285964.8246841777
18700.0 281467.1404561223
18710.0 273773.71549179684
18720.0 276681.2380849594
18730.0 268155.4362092374
18740.0 278672.8643306737
18750.0 281612.03489669744
18760.0 276722.0194855605
18770.0 270982.4429761443
18780.0 273271.5669683479
18790.0 276226.11131040653
18800.0 280132.3752072825
18810.0 277817.1668567638
18820.0 279903.0747792229
18830.0 281103.8908559105
18840.0 271641.8523874079
18850.0 264950.61310970207
18860.0 256207.20560289948
18870.0 278390.92744206096
18880.0 269684.049376314
18890.0 272992.2786687282
18900.0 265921.17942537443
18910.0 267766.9385134181
18920.0 260326.51155670837
18930.0 266563.36840930785
18940.0 269933.6342309734
18950.0 275278.91705444985
18960.0 270227.6038088112
18970.0 265032.6064586
18980.0 265829.6111925118
18990.0 259790.6663456789
19000.0 273872.534617776
19010.0 268211.5267666209
19020.0 269663.0122804296
19030.0 268456.99799104844
19040.0 264512.66765405296
19050.0 255016.2982240615
19060.0 264425.6785115106
19070.0 267428.24732406903
19080.0 265721.64078965544
19090.0 264861.4171760648
19100.0 263460.6684488106
19110.0 251626.107750119
19120.0 265444.6352015765
19130.0 268099.40546182945
19140.0 266713.9672980896
19150.0 264137.63447436073
19160.0 261058.45578556863
19170.0 264158.85328944045
19180.0 263656.4511475758
19190.0 261910.0106544794
19200.0 261075.2179525545
19210.0 263170.7269010777
19220.0 259096.1550567405
19230.0 262191.4627881375
19240.0 259443.51587332654
19250.0 259047.00625489475
19260.0 255601.09698208421
19270.0 261343.8280614138
19280.0 255693.58396009554
19290.0 250119.26632558688
19300.0 230573.6923565398
19310.0 178400.73114081722
19320.0 236708.76876680323
19330.0 246722.52195612047
19340.0 251082.61550114144
19350.0 254840.38938185587
19360.0 256973.64362044266
19370.0 256558.17820570886
19380.0 251630.23312515873
19390.0 249716.6083919519
19400.0 251083.04400655485
19410.0 251713.43200980447
19420.0 249865.87796025578
19430.0 239130.83789316178
19440.0 226370.83644526385
19450.0 169874.11200577242
19460.0 202697.14896720712
19470.0 233767.71709357
19480.0 237593.6108964192
19490.0 239755.06235758163
19500.0 210140.41415375358
19510.0 192735.0515269126
19520.0 239746.41279173302
19530.0 245745.86062572082
19540.0 246208.2383742715
19550.0 244211.7943572555
19560.0 245342.84220028296
19570.0 252018.69037385084
19580.0 249136.77887801657
19590.0 247066.2877111218
19600.0 244875.1568111669
19610.0 244259.79733467184
19620.0 244529.5492673901
19630.0 237648.46290679477
19640.0 243675.89610093742
19650.0 246132.57000136224
19660.0 247807.39421991317
19670.0 243280.41876934303
19680.0 244505.39362926673
19690.0 244091.92881365187
19700.0 245575.79009518932
19710.0 238067.41427870851
19720.0 240692.01110089553
19730.0 233370.17121623782
19740.0 236290.0760478224
19750.0 222334.90726562083
19760.0 213409.49879307247
19770.0 181912.32489766306
19780.0 156172.6007916225
19790.0 205572.4102397253
19800.0 219746.85084521593
19810.0 225020.75977524696
19820.0 226916.8497445477
19830.0 231704.27607024933
19840.0 228006.72269558953
19850.0 195049.1811720283
19860.0 170855.49887665999
19870.0 212588.83215334092
19880.0 228884.12227705095
19890.0 228549.38435746037
19900.0 227701.04811133858
19910.0 227418.1182923535
19920.0 207663.35799013742
19930.0 203509.95799393492
19940.0 218240.45829626152
19950.0 226830.95889510444
19960.0 212650.79979693893
19970.0 222285.89149824754
19980.0 233764.49700198404
19990.0 228352.22745069247
20010.0 231400.23138842726
20020.0 229356.7866904598
20030.0 230832.54228956564
20040.0 229524.3781880534
20050.0 230633.17437589556
20060.0 229329.47086303605
20070.0 230343.20763184526
20080.0 227273.18469997053
20090.0 226621.802060135
20100.0 225116.9023844614
20110.0 228322.37191840215
20120.0 225888.8844159115
20130.0 223509.55720193323
20140.0 229365.01027206684
20150.0 226659.7636288942
20160.0 223865.29726862785
20170.0 222573.53119055132
20180.0 224421.56539888217
20190.0 219134.0198822216
20200.0 221351.51623643455
20210.0 224211.9154369307
20220.0 223153.37650313313
20230.0 224920.8778482697
20240.0 222196.13947904963
20250.0 221662.70138515005
20260.0 219490.20356849662
20270.0 219443.9460358601
20280.0 222164.52877916174
20290.0 215239.5118013898
20300.0 218793.4008364452
20310.0 220787.87866351416
20320.0 223245.12251406012
20330.0 221845.43268405288
20340.0 219734.61103253005
20350.0 214895.28570243812
20360.0 219952.9106475085
20370.0 221318.21586563755
20380.0 218326.81134851984
20390.0 215197.3971041657
20400.0 218973.76313513544
20410.0 216623.66260096448
20420.0 220817.08979711283
20430.0 216360.03043674334
20440.0 213368.571342076
20450.0 214998.36250978912
20460.0 216303.51394685634
20470.0 215038.04565142983
20480.0 214128.80761575932
20490.0 210922.04984355264
20500.0 216878.7823407539
20510.0 215959.10670096363
20520.0 213900.82133532016
20530.0 213678.82783116776
20540.0 207752.11458375995
20550.0 210422.2016044235
20560.0 213314.81887298828
20570.0 212219.0763964206
20580.0 213805.3841766563
20590.0 212270.40221682456
20600.0 210545.93050587614
20610.0 212031.78267576412
20620.0 209376.5177746872
20630.0 196079.5367529826
20640.0 203398.03598150949
20650.0 207625.79546589483
20660.0 210686.63520113195
20670.0 208068.45519213472
20680.0 210876.21543176367
20690.0 207113.86592805563
20700.0 212046.12503678977
20710.0 207067.37187875173
20720.0 207759.9119879876
20730.0 205355.10656184275
20740.0 207341.48139302654
20750.0 208224.61646117977
20760.0 205191.251783589
20770.0 207329.32735039038
20780.0 207393.86445381414
20790.0 206874.29922968926
20800.0 206122.47553644
20810.0 203485.57209454777
20820.0 205588.38199620377
20830.0 204327.14190387723
20840.0 203701.315154924
20850.0 201962.2886484831
20860.0 203232.82238832823
20870.0 202452.03636028763
20880.0 203018.25057943922
20890.0 200182.6050327467
20900.0 205012.69972773132
20910.0 203682.07466123218
20920.0 204816.10851522489
20930.0 201057.13773050896
20940.0 199317.66586422714
20950.0 201111.01423867958
20960.0 192844.14284592643
20970.0 194523.55169666247
20980.0 201819.46077290084
20990.0 198349.29009033283
21000.0 201321.9996378156
21010.0 199833.2894254519
21020.0 199243.7594363958
21030.0 200132.12788439216
21040.0 200614.4317194507
21050.0 198029.79398173516
21060.0 200016.39647856628
21070.0 197516.84076659675
21080.0 194885.24215983052
21090.0 185968.32534832432
21100.0 196361.35876149108
21110.0 195467.6724062144
21120.0 195969.33628681162
21130.0 197839.19233845282
21140.0 198018.73471327085
21150.0 194980.16926553892
21160.0 180614.87405146236
21170.0 186993.1162714111
21180.0 195986.69429154985
21190.0 195100.82974855282
21200.0 194847.1454307022
21210.0 195157.82133514062
21220.0 195320.45746146404
21230.0 194624.53381801306
21240.0 195915.1231066288
21250.0 194126.12718092985
21260.0 191790.38419885558
21270.0 192319.36143767484
21280.0 192561.16889328448
21290.0 193526.12657238042
21300.0 193547.7644677201
21310.0 194220.21258303817
21320.0 192476.0209139979
21330.0 193866.34946295765
21340.0 191777.29823286383
21350.0 191960.87721420682
21360.0 191424.66641699246
21370.0 190647.12582978667
21380.0 190630.5954605592
21390.0 191754.16530876802
21400.0 189679.8453680965
21410.0 191233.40563689984
21420.0 188999.416123499
21430.0 191621.46682646417
21440.0 191452.60640154348
21450.0 188397.57948037382
21460.0 190772.76019449168
21470.0 190297.591739196
21480.0 188824.2834939832
21490.0 188569.3554588777
21500.0 188019.547637016
21510.0 188999.18001899848
21520.0 187077.27260817259
21530.0 187788.93654427753
21540.0 187610.87841553037
21550.0 187915.9116314322
21560.0 186880.81246989174
21570.0 186927.03359304104
21580.0 187717.12234106413
21590.0 186212.71128772548
21600.0 186290.36043787995
21610.0 187695.70978701694
21620.0 186615.23933798695
21630.0 185753.82908264975
21640.0 186725.93902936927
21650.0 185579.42917768602
21660.0 185388.77952199566
21670.0 185485.90810605898
21680.0 185581.01637909655
21690.0 185774.9828937838
21700.0 183764.18961122155
21710.0 184622.8965237528
21720.0 183927.26363732378
21730.0 183360.95094914534
21740.0 184140.49845911702
21750.0 182774.46616440237
21760.0 182858.73406486976
21770.0 182807.90216329962
21780.0 171552.05995242126
21790.0 181145.8084772785
21800.0 181921.95001139876
21810.0 181597.92510176904
21820.0 180789.47370355885
21830.0 181135.23249979204
21840.0 181167.45148952096
21850.0 181584.96067623261
21860.0 180805.49005260816
21870.0 179928.3996213814
21880.0 179770.03938402055
21890.0 179129.215353877
21900.0 171984.17692492605
21910.0 180173.3447028724
21920.0 179952.22267026518
21930.0 179666.31082273636
21940.0 179264.6891651326
21950.0 179381.19769386435
21960.0 179176.81641290706
21970.0 178412.14531984658
21980.0 178368.28441166523
21990.0 177694.6236862411
22000.0 174642.99991515788
22010.0 176902.84445684994
22020.0 177121.69594439387
22030.0 176814.01762196122
22040.0 176656.21948235374
22050.0 166848.2415268303
22060.0 156442.91975533482
22070.0 172607.55616536512
22080.0 161572.06276239015
22090.0 171578.58153879363
22100.0 175443.5644994258
22110.0 174836.99453593005
22120.0 175532.73148577986
22130.0 175269.68551085
22140.0 175338.01971769272
22150.0 174859.24410529918
22160.0 174899.8186706882
22170.0 174404.5492115213
22180.0 174632.778342524
22190.0 174000.95344992098
22200.0 173542.80873112424
22210.0 167147.8041875961
22220.0 173581.93869015155
22230.0 167708.09945053046
22240.0 173443.9524159663
22250.0 173102.25897214204
22260.0 169960.26570990455
22270.0 164217.03262546202
22280.0 166411.57971042526
22290.0 170681.98697387296
22300.0 168798.19440521434
22310.0 167455.24202295986
22320.0 170852.24981008036
22330.0 170157.55862768166
22340.0 170134.8181524512
22350.0 170544.53288698112
22360.0 170430.56070311205
22370.0 170356.7886853591
22380.0 167838.9168434706
22390.0 167605.5451717427
22400.0 169462.05366984647
22410.0 169387.20233399834
22420.0 168852.07117479882
22430.0 169045.3401799597
22440.0 166174.8212540874
22450.0 168710.5605604483
22460.0 168138.13193401168
22470.0 167342.14346204363
22480.0 167685.4551466242
22490.0 167384.40698802183
22500.0 167512.49898557004
22510.0 167503.33114408108
22520.0 167063.7834519154
22530.0 167084.11591858577
22540.0 163973.21766425317
22550.0 166274.5964486477
22560.0 166717.31351300716
22570.0 165476.05587592663
22580.0 165885.54840116441
22590.0 165273.79109188833
22600.0 164257.93394648013
22610.0 160141.69696160022
22620.0 156951.20013966967
22630.0 159446.04347899434
22640.0 162477.3669799261
22650.0 155623.850644024
22660.0 161807.860870276
22670.0 163513.21639541883
22680.0 163088.4217773511
22690.0 163088.73770127658
22700.0 162399.22911528908
22710.0 162583.7439449491
22720.0 162762.43831953531
22730.0 162483.15285358368
22740.0 161726.62754804138
22750.0 162279.95239649637
22760.0 161733.28753534387
22770.0 161475.5722663117
22780.0 160943.54388460598
22790.0 160976.2955314653
22800.0 159003.6590150377
22810.0 158233.08772500377
22820.0 153823.77329268877
22830.0 158784.87294436264
22840.0 159476.09312978075
22850.0 160053.57954608486
22860.0 159975.06611502828
22870.0 159813.20283999512
22880.0 159551.27971812524
22890.0 159135.06473731602
22900.0 159296.72343328793
22910.0 158318.02016381582
22920.0 158265.9371010653
22930.0 136557.91618480888
22940.0 139818.95341842127
22950.0 147612.59080850778
22960.0 142628.49034646977
22970.0 147252.1900318777
22980.0 148514.6638683794
22990.0 149313.26185323566
23000.0 152036.23798970747
23010.0 149737.729513835
23020.0 150930.07726598968
23030.0 151103.60240885473
23040.0 150774.22169852725
23050.0 150436.3771365073
23060.0 150972.21872004133
23070.0 150580.72645665117
23080.0 151229.430336361
23090.0 150400.20236754717
23100.0 152711.812541826
23110.0 149897.48886500846
23120.0 149448.5382240489
23130.0 149776.05126984726
23140.0 148595.73334965017
23150.0 152650.43157979415
23160.0 148776.4939486116
23170.0 148991.13646182744
23180.0 150582.6011200229
23190.0 150369.98192189433
23200.0 147340.56686294824
23210.0 148845.01194804546
23220.0 132144.25718018776
23230.0 129569.28855001593
23240.0 138268.90699121775
23250.0 137701.51046105716
23260.0 140392.31500220866
23270.0 140616.34263809503
23280.0 141654.29851247242
23290.0 144533.93547886147
23300.0 137663.68458860953
23310.0 142149.4718319637
23320.0 144821.1112193465
23330.0 143373.2927418949
23340.0 143060.31841061852
23350.0 133736.30620517422
23360.0 142071.27008968795
23370.0 140785.23210578627
23380.0 130362.4902603672
23390.0 144240.50255022396
23400.0 141103.5549773882
23410.0 141163.43354347165
23420.0 143539.23024772867
23430.0 141745.3090855756
23440.0 140422.50606197148
23450.0 141135.9371728583
23460.0 141927.51642237752
23470.0 144374.76825301556
23480.0 142074.78932211793
23490.0 140520.8549786256
23500.0 143487.26876480057
23510.0 139423.58268689396
23520.0 120619.17074370032
23530.0 126312.22693689862
23540.0 130797.76725697008
23550.0 131042.06371481872
23560.0 133515.36430509633
23570.0 136709.21702762647
23580.0 134407.41988306466
23590.0 134498.05499842312
23600.0 137321.80398770867
23610.0 135329.96123812828
23620.0 134095.678618269
23630.0 137486.6821285668
23640.0 136038.80455468773
23650.0 136159.8555494165
23660.0 136423.3934514809
23670.0 133821.81548269908
23680.0 136203.52964571255
23690.0 137289.47993881942
23700.0 137255.8043572921
23710.0 137415.69690795586
23720.0 131955.35958972506
23730.0 136703.1003938735
23740.0 137319.87732763423
23750.0 134736.84239038627
23760.0 134597.44158038817
23770.0 137212.41089572656
23780.0 134423.01433713498
23790.0 134781.0779083547
23800.0 133529.77160465834
23810.0 135154.80342708138
23820.0 125489.6113743116
23830.0 116411.90284240217
23840.0 125583.7576461109
23850.0 125250.80596938018
23860.0 125226.78441555765
23870.0 126282.93898999022
23880.0 130703.63768841395
23890.0 126971.83250790974
23900.0 128122.55545118371
23910.0 128912.4465203982
23920.0 124966.90970953723
23930.0 132321.88102502492
23940.0 128027.88046054398
23950.0 129321.73033801069
23960.0 128087.52569978387
23970.0 127775.30150320644
23980.0 129506.7594260004
23990.0 130499.08147243521
24000.0 125090.03763742908
24010.0 129569.41141638024
24020.0 125496.83033113526
24030.0 129658.82886084313
24040.0 126542.96750953399
24050.0 125625.91827652705
24060.0 128912.79716345802
24070.0 127341.02650030584
24080.0 123791.90545512376
24090.0 127607.07685632668
24100.0 124106.3843782429
24110.0 127639.13202292373
24120.0 124864.82978443126
24130.0 122375.0127807737
24140.0 112323.69467205911
24150.0 121162.30979059047
24160.0 116668.31603067617
24170.0 120475.05238896281
24180.0 123680.27086544996
24190.0 117351.03628562778
24200.0 125508.84400550541
24210.0 119946.37766785029
24220.0 120168.52044571286
24230.0 120407.94833821477
24240.0 125125.00934291868
24250.0 118566.45846603376
24260.0 119930.86370458466
24270.0 120684.62305646455
24280.0 116538.03252055596
24290.0 124320.45010010753
24300.0 120404.40779314203
24310.0 118211.04527278579
24320.0 124024.99533413797
24330.0 116582.04317846143
24340.0 119154.78912921803
24350.0 122845.07718410286
24360.0 116168.37735004192
24370.0 114257.28671826355
24380.0 122435.60200339857
24390.0 120606.23848992886
24400.0 118561.20708245665
24410.0 117494.66978483381
24420.0 117297.88058959936
24430.0 119650.17003914482
24440.0 112218.60073083191
24450.0 119212.44207344868
24460.0 111057.49152170109
24470.0 108602.84108202363
24480.0 113958.40275074105
24490.0 114465.12053017537
24500.0 114320.58041987338
24510.0 112809.41641682076
24520.0 112687.33452334111
24530.0 112494.8567382337
24540.0 105901.30105981085
24550.0 115690.69783023225
24560.0 113542.57246025851
24570.0 115716.48153850563
24580.0 116046.45872621416
24590.0 110838.10001838504
24600.0 109640.64941877539
24610.0 107391.89092184597
24620.0 114792.80652971161
24630.0 115048.64624526935
24640.0 114056.85406564317
24650.0 111572.80999285968
24660.0 113769.40202533075
24670.0 108034.3141584025
24680.0 109649.61581030919
24690.0 113410.84831005472
24700.0 112291.89232565027
24710.0 111624.66845021101
24720.0 112404.71667587948
24730.0 106633.56300693756
24740.0 106670.8261191476
24750.0 108070.04098325751
24760.0 113250.09762350487
24770.0 112287.54336994595
24780.0 105626.640215628
24790.0 104453.1771641744
24800.0 104710.72046377878
24810.0 104452.12937649208
24820.0 103220.99863210868
24830.0 107933.41999098453
24840.0 104202.23545337234
24850.0 96480.3570109718
24860.0 92155.19267521723
24870.0 94426.12043976836
24880.0 93585.93030528196
24890.0 93289.88627222585
24900.0 93134.24833938474
24910.0 94430.29850328679
24920.0 96804.94609643288
24930.0 96019.1862148413
24940.0 94671.0717535371
24950.0 97421.16839415497
24960.0 96218.92513136931
24970.0 95193.97296832656
24980.0 93235.45389708685
24990.0 93997.21166498146
