#lam[Angstrom] flux[erg/cm2/s/A]
1010.0 130.24630932824408
1020.0 134.86417950530426
1030.0 465.2740069504901
1040.0 183.40365305728318
1050.0 138.10271212631477
1060.0 139.35117166730566
1070.0 147.15050904086277
1080.0 445.3211718924717
1090.0 453.68153706250956
1100.0 145.43813668862205
1110.0 146.60397778342306
1120.0 152.30363196590815
1130.0 148.14480768153612
1140.0 160.8857221831096
1150.0 150.97894382006174
1160.0 153.84970124391538
1170.0 154.13434914565303
1180.0 154.79814636149112
1190.0 155.74030676064567
1200.0 234.83331772394962
1210.0 209.01484077776914
1220.0 1329.8400073068813
1230.0 192.3612576933629
1240.0 784.1546711533223
1250.0 273.1237254910976
1260.0 380.07640430475993
1270.0 390.482238700776
1280.0 403.1526470010049
1290.0 435.1114678439256
1300.0 468.567002764115
1310.0 515.2946885107533
1320.0 538.2423681600384
1330.0 547.3285118317101
1340.0 610.8679136094224
1350.0 587.9094013312572
1360.0 601.9285967605058
1370.0 610.8431603659354
1380.0 623.7946206754633
1390.0 1428.2114048878732
1400.0 1588.2807354537683
1410.0 1174.1637634017354
1420.0 662.3374462431749
1430.0 650.3957519384461
1440.0 653.7320567642785
1450.0 658.0816250453948
1460.0 663.2605085116222
1470.0 668.401408378949
1480.0 671.5491146791104
1490.0 1053.9939737265493
1500.0 664.9071997716187
1510.0 663.8121973725116
1520.0 664.540935461385
1530.0 694.3944405204259
1540.0 659.8741822050267
1550.0 9369.681986056527
1560.0 660.1393641428227
1570.0 657.30657806854
1580.0 688.7150441899059
1590.0 656.683359943694
1600.0 720.0066378600802
1610.0 655.4044396141726
1620.0 655.3523955521199
1630.0 651.4736914368974
1640.0 5958.543279706632
1650.0 646.0183232980614
1660.0 835.6446201563361
1670.0 1137.9434535289088
1680.0 641.8795402136199
1690.0 639.9405682532799
1700.0 637.3251977290233
1710.0 634.1041339153886
1720.0 680.7263803138325
1730.0 637.2894998336495
1740.0 649.3545720667695
1750.0 963.4401220951622
1760.0 631.6185272760404
1770.0 631.4198114675585
1780.0 633.3225491614043
1790.0 677.3149014946381
1800.0 629.0785933746369
1810.0 775.9079303666196
1820.0 789.2361946688429
1830.0 617.4662725662632
1840.0 613.5278319185024
1850.0 662.3991669477347
1860.0 637.2162109848293
1870.0 606.338588167458
1880.0 994.120725259398
1890.0 1244.1184514047775
1900.0 600.3063780541406
1910.0 4033.3459290255273
1920.0 596.156032834306
1930.0 598.8076056121298
1940.0 587.9432213334563
1950.0 587.623261212609
1960.0 581.647027728068
1970.0 578.2253505832525
1980.0 575.1328061177948
1990.0 572.6096528739171
2000.0 568.7380657288664
2010.0 563.7836624138599
2020.0 540.4291841757798
2030.0 509.7352308869464
2040.0 494.75761715031155
2050.0 472.25821208213006
2060.0 464.3975437789586
2070.0 467.9262355798008
2080.0 457.6447422043391
2090.0 471.91258934658146
2100.0 461.73053054553026
2110.0 461.8061272086049
2120.0 475.1466507030164
2130.0 474.5017743353975
2140.0 499.08740109795434
2150.0 456.56203421043654
2160.0 460.10891466581614
2170.0 449.0650646481847
2180.0 466.6964639259091
2190.0 456.61363500731136
2200.0 461.1640945169972
2210.0 466.8273755920765
2220.0 489.7061005010671
2230.0 479.2660535572511
2240.0 487.04015714163216
2250.0 517.5274284423471
2260.0 504.62388277047336
2270.0 514.9398267433473
2280.0 525.5323353978578
2290.0 536.4905940323255
2300.0 561.0373762829598
2310.0 590.3454191767648
2320.0 620.1231554812265
2330.0 1110.4429341993796
2340.0 704.3565612145962
2350.0 627.7469794803835
2360.0 613.3640763349308
2370.0 625.067589177485
2380.0 638.2094367258471
2390.0 696.9417324252897
2400.0 662.942258781893
2410.0 676.9314774842178
2420.0 684.8854419320387
2430.0 1483.299721278697
2440.0 710.0106545115519
2450.0 726.3029818244529
2460.0 732.3242426546494
2470.0 744.3314924518024
2480.0 756.0906241700441
2490.0 764.6976164282336
2500.0 778.8308802470468
2510.0 867.9514478910852
2520.0 800.7772423162995
2530.0 817.3238386132177
2540.0 831.7312052906593
2550.0 848.0302195697211
2560.0 969.6673007072422
2570.0 866.3879410507863
2580.0 872.5072596474099
2590.0 902.3770326505822
2600.0 916.2291124436499
2610.0 907.7933085458022
2620.0 935.1588156914501
2630.0 971.758616468981
2640.0 997.3014641965096
2650.0 980.7377457767966
2660.0 1007.8960594400562
2670.0 1111.8954634075335
2680.0 1029.6601297863413
2690.0 1026.7595161026356
2700.0 1036.0492644870287
2710.0 1076.9973880653765
2720.0 1024.295930098183
2730.0 1134.2465399655948
2740.0 1138.8563632924136
2750.0 1107.9990851560262
2760.0 1146.2656932005048
2770.0 1216.2260318053457
2780.0 1189.618981039854
2790.0 4308.2951791697
2800.0 2756.1595419652494
2810.0 1276.2465819587464
2820.0 1294.0318679947748
2830.0 1822.6415355391687
2840.0 1211.16649638542
2850.0 1211.5783256476136
2860.0 1240.103318615879
2870.0 1318.6957045275542
2880.0 1429.1083467800518
2890.0 1553.4999066875948
2900.0 1677.337529346155
2910.0 1783.6302593015535
2920.0 1931.6924030724404
2930.0 1977.3826829015047
2940.0 1653.283950176788
2950.0 1742.0566376394386
2960.0 1934.0185584735168
2970.0 1508.2531521358883
2980.0 1747.677227406224
2990.0 1865.84246956261
3000.0 1630.9340264363418
3010.0 1884.1905321813588
3020.0 1620.9711209341444
3030.0 2073.9416458760447
3040.0 2089.926817803789
3050.0 2074.768495585108
3060.0 2256.629420830254
3070.0 3288.5437131030194
3080.0 2492.8793358855514
3090.0 2489.142125826379
3100.0 2675.198176052557
3110.0 3976.6792542035155
3120.0 5305.681534613486
3130.0 4637.355131676039
3140.0 5982.788299389568
3150.0 6546.846236341251
3160.0 5837.911347102315
3170.0 7330.204058270925
3180.0 6347.817478167503
3190.0 5129.40273724377
3200.0 6367.514879634025
3210.0 7077.075728592167
3220.0 6508.903805169979
3230.0 5817.144805143493
3240.0 7439.8125464742425
3250.0 7861.239136984643
3260.0 12119.840290355187
3270.0 10045.370012129755
3280.0 10483.526887354092
3290.0 12697.68475627926
3300.0 13678.071454912231
3310.0 12471.962219370234
3320.0 11119.230428041601
3330.0 13535.527777428168
3340.0 11287.267425595568
3350.0 10638.107095089126
3360.0 9746.065590943199
3370.0 6234.375781203511
3380.0 10257.21496786431
3390.0 8662.270912556054
3400.0 13160.83603972563
3410.0 9297.537661895427
3420.0 10683.114662324817
3430.0 11249.333579182005
3440.0 5256.930243032707
3450.0 8877.470189327438
3460.0 8026.571981344527
3470.0 8047.713748410096
3480.0 11348.707299461385
3490.0 8811.758666625281
3500.0 12635.468251083958
3510.0 11842.568573849147
3520.0 9507.865389970877
3530.0 13564.506245861914
3540.0 23184.83282923482
3550.0 18575.283875946898
3560.0 15671.03278589327
3570.0 8447.904876041679
3580.0 6251.879438213569
3590.0 7552.200759883392
3600.0 11034.555880216945
3610.0 9718.533738452306
3620.0 12678.859929424461
3630.0 15777.079523166178
3640.0 16726.36555236042
3650.0 12401.749540803501
3660.0 26626.383352179408
3670.0 26226.891800466416
3680.0 17127.067774279916
3690.0 21313.7627228136
3700.0 24126.67366245146
3710.0 12896.017296751454
3720.0 7473.660864444688
3730.0 10562.807153427004
3740.0 7162.0428809157565
3750.0 8287.64089203699
3760.0 14441.526279736809
3770.0 23914.985414077244
3780.0 30684.414917596783
3790.0 22840.211271196084
3800.0 24986.70889905981
3810.0 26648.042281335926
3820.0 11103.630132643806
3830.0 12357.478725697145
3840.0 19501.29155432131
3850.0 23010.901046792485
3860.0 10806.591111518408
3870.0 23355.52700514117
3880.0 17567.494475621294
3890.0 19308.76765481297
3900.0 17590.55921796351
3910.0 30676.140324638767
3920.0 20879.663869739867
3930.0 12075.402272398494
3940.0 17446.478598342386
3950.0 24597.854406190618
3960.0 12579.57506124593
3970.0 19603.09314246872
3980.0 39797.0684057635
3990.0 46124.55124969982
4000.0 45442.6103648076
4010.0 53061.23225118787
4020.0 56607.29259624611
4030.0 28749.780382535744
4040.0 51583.97268126089
4050.0 51268.523759442905
4060.0 50209.99229629354
4070.0 52816.964420805816
4080.0 60295.37568620537
4090.0 82309.91492002801
4100.0 58249.70661537927
4110.0 57700.381957760794
4120.0 64429.83121892134
4130.0 55976.27685720966
4140.0 56137.87881374243
4150.0 63604.84546741754
4160.0 71507.90361179262
4170.0 57040.11326238414
4180.0 59335.09180565483
4190.0 51479.101121178566
4200.0 40697.50523496813
4210.0 33047.8166989284
4220.0 15576.125808786412
4230.0 10302.64664634889
4240.0 28642.587102712147
4250.0 31232.59180000435
4260.0 44091.074640602594
4270.0 40723.60308918061
4280.0 45876.21775712239
4290.0 38957.254905002934
4300.0 44651.35794945118
4310.0 53980.109040509575
4320.0 65514.560942649005
4330.0 71625.9046544658
4340.0 77292.13830342486
4350.0 80813.80405532353
4360.0 85596.40754139959
4370.0 89037.61964801485
4380.0 58198.19879201412
4390.0 82208.21465068548
4400.0 77241.01095139126
4410.0 76451.89996890894
4420.0 82752.70059799592
4430.0 58922.524923022385
4440.0 68835.85985123241
4450.0 72914.39259730378
4460.0 58096.08852205815
4470.0 81700.2802469941
4480.0 87978.01906215164
4490.0 93076.95824908587
4500.0 93806.41578468442
4510.0 84860.20398588387
4520.0 89162.09185433408
4530.0 69141.84105148801
4540.0 85226.81315561951
4550.0 77229.79248123172
4560.0 99548.20157378785
4570.0 110079.40483551336
4580.0 82183.24016814913
4590.0 65512.1746278166
4600.0 77592.6552215507
4610.0 93619.46546153087
4620.0 94709.54467312708
4630.0 74341.84068408849
4640.0 75487.93664609763
4650.0 74976.37352902706
4660.0 101501.26439644535
4670.0 80612.40343390973
4680.0 80430.41223910358
4690.0 93945.37447371571
4700.0 106586.65445427436
4710.0 110726.60924216438
4720.0 95108.91925799222
4730.0 104220.79406496054
4740.0 102448.26417430253
4750.0 118137.34639956553
4760.0 82846.3478471151
4770.0 65209.00273110735
4780.0 77414.21955320034
4790.0 81353.2295356504
4800.0 76825.74507418697
4810.0 41745.30093787095
4820.0 63599.83225052391
4830.0 74867.84891977756
4840.0 89580.58082925538
4850.0 77655.49448226161
4860.0 80356.95459588287
4870.0 90313.11350157781
4880.0 93585.11268712825
4890.0 116986.78798845872
4900.0 125209.82841051414
4910.0 134750.978494867
4920.0 137042.23745464074
4930.0 156087.30979089017
4940.0 140654.4523652043
4950.0 164663.24727048652
4960.0 69072.36821841808
4970.0 84270.90705322321
4980.0 90507.25843452128
4990.0 92811.56620337648
5000.0 77255.92614847497
5010.0 68131.18093198
5020.0 71683.44135103523
5030.0 100634.30281296224
5040.0 80610.8622133031
5050.0 86414.88361280852
5060.0 87382.23012273705
5070.0 94323.64508434013
5080.0 84512.14241323061
5090.0 90980.23473281304
5100.0 105195.86484088853
5110.0 87524.88487874862
5120.0 99810.83694265642
5130.0 102355.07044643234
5140.0 105787.91888918242
5150.0 104780.35242645451
5160.0 115376.94693475649
5170.0 52600.52983497214
5180.0 61962.08065571439
5190.0 74450.18642767266
5200.0 98516.29335377795
5210.0 72669.59843395563
5220.0 143060.0398224271
5230.0 139251.96029806303
5240.0 143890.3483217739
5250.0 133470.8459015016
5260.0 132607.4138288625
5270.0 96697.17848496193
5280.0 147227.04031414847
5290.0 169745.07485733752
5300.0 151813.847033537
5310.0 165545.90710140733
5320.0 155943.4108569396
5330.0 123223.58368672703
5340.0 157946.36529118865
5350.0 158424.8201740262
5360.0 151457.67621121297
5370.0 128139.01980318634
5380.0 171320.1698240888
5390.0 163631.59530387007
5400.0 138955.2951525805
5410.0 134388.63217235706
5420.0 168062.02157641161
5430.0 133509.20653409525
5440.0 168936.54257617606
5450.0 101087.66571112361
5460.0 100284.26730437427
5470.0 123672.29558609735
5480.0 128087.41335834537
5490.0 139732.10662264706
5500.0 112440.71024125126
5510.0 115523.38841838336
5520.0 136270.24704094848
5530.0 139021.71115311928
5540.0 147838.75142854027
5550.0 151733.11203410733
5560.0 152641.85169312198
5570.0 147719.82269676134
5580.0 147635.80089585565
5590.0 127085.61401301983
5600.0 107357.57450119409
5610.0 119261.50451607819
5620.0 116998.86863683283
5630.0 119349.86994728321
5640.0 112059.87815650037
5650.0 139462.46815425006
5660.0 124114.49306840505
5670.0 125077.17784216718
5680.0 139965.98469765764
5690.0 151126.12168097132
5700.0 147901.44303850844
5710.0 152742.17756424056
5720.0 164251.410798016
5730.0 163008.97760529007
5740.0 177116.48362814865
5750.0 184372.019400693
5760.0 159045.68995271524
5770.0 161311.3361956042
5780.0 177196.70803277747
5790.0 183274.17111293555
5800.0 200350.65242217967
5810.0 182834.18960464388
5820.0 187297.9649752956
5830.0 194404.08290484408
5840.0 193531.46886239786
5850.0 163801.76242111798
5860.0 148137.3878264495
5870.0 137826.27213208794
5880.0 117269.03578567278
5890.0 75666.3226792835
5900.0 87808.34594720844
5910.0 107529.90361508568
5920.0 111285.07363244008
5930.0 118193.72750427535
5940.0 130446.32267503513
5950.0 122006.50739973826
5960.0 119837.3255194221
5970.0 127975.99307048148
5980.0 134555.1222108887
5990.0 149440.97610774793
6000.0 144949.50876214527
6010.0 152146.7651666866
6020.0 158911.17800152136
6030.0 170885.77638550117
6040.0 172287.64862866653
6050.0 179597.54908914198
6060.0 184785.82157638817
6070.0 194780.17069907952
6080.0 213817.87255783193
6090.0 201488.80349469444
6100.0 186479.2105662432
6110.0 203652.25587829883
6120.0 189787.727457505
6130.0 217225.11868166953
6140.0 218310.79631479704
6150.0 206392.92180889696
6160.0 136007.79192821437
6170.0 129928.78230801651
6180.0 145654.4017801047
6190.0 115536.19482217664
6200.0 127133.36697437556
6210.0 129190.25432922645
6220.0 103275.24514966249
6230.0 96742.98125397865
6240.0 98458.55734508406
6250.0 112353.81398974414
6260.0 117267.42954951855
6270.0 122149.58065014247
6280.0 125808.80852255016
6290.0 136479.14734126822
6300.0 140390.0939116613
6310.0 153960.99826785922
6320.0 162708.18837552232
6330.0 164141.5520223037
6340.0 179896.2096505101
6350.0 155043.40556081978
6360.0 142235.886924186
6370.0 155959.16090533094
6380.0 145937.64347539877
6390.0 141620.91615262974
6400.0 162656.12766706053
6410.0 181751.5762952981
6420.0 171445.59418020403
6430.0 178987.8570683844
6440.0 187969.67125894435
6450.0 193470.20033297117
6460.0 196050.19443516224
6470.0 215337.26162782367
6480.0 171315.76332519003
6490.0 161983.12122196594
6500.0 154337.9016762569
6510.0 163551.24277871364
6520.0 168520.1657063639
6530.0 191906.98709671924
6540.0 202700.72895446816
6550.0 187755.9774988669
6560.0 202911.49929159618
6570.0 206455.29249432322
6580.0 212450.22639670773
6590.0 219152.4213363272
6600.0 227267.66289592418
6610.0 222226.31089224655
6620.0 217053.11695423152
6630.0 215696.81242037966
6640.0 217986.51803743758
6650.0 191492.93466060088
6660.0 184586.25707491706
6670.0 204892.3803654431
6680.0 170102.45909916094
6690.0 167718.041713435
6700.0 181386.84247832824
6710.0 169576.0287993646
6720.0 135016.8182872516
6730.0 152620.52915396134
6740.0 160033.12555215266
6750.0 147337.8292515268
6760.0 156624.36642886527
6770.0 177911.36135001076
6780.0 156848.54679234943
6790.0 146291.48997861
6800.0 162231.28783068655
6810.0 168977.13541768855
6820.0 158773.6236445127
6830.0 176024.50438487745
6840.0 180131.35184846484
6850.0 162136.81626904674
6860.0 160494.38223949398
6870.0 166417.36587471524
6880.0 178176.3081374045
6890.0 175356.40469040285
6900.0 182261.84080749008
6910.0 207936.6020175446
6920.0 192615.55807937865
6930.0 205751.86016604432
6940.0 203072.37556825695
6950.0 224993.10943205853
6960.0 232051.21256383834
6970.0 242444.62008383623
6980.0 249659.49704957136
6990.0 261618.7183563534
7000.0 262900.0513054152
7010.0 279586.46956861
7020.0 297204.00875863235
7030.0 310742.21116032137
7040.0 342050.9331257688
7050.0 349845.53226560954
7060.0 229052.47727297302
7070.0 264423.2011750259
7080.0 284861.30626028473
7090.0 201092.79644510942
7100.0 203552.70000670402
7110.0 235142.5737457035
7120.0 262170.7681043302
7130.0 147317.1862344734
7140.0 166748.40611880622
7150.0 180971.83295979918
7160.0 197245.9729179579
7170.0 205055.50087714806
7180.0 230574.09167301093
7190.0 252671.90238057097
7200.0 204305.90258928516
7210.0 208890.41670425504
7220.0 245117.15439733953
7230.0 257107.15389725758
7240.0 268225.6335541747
7250.0 303371.8330605585
7260.0 322551.3076724061
7270.0 305111.33960416785
7280.0 310237.13556632824
7290.0 341101.0497176265
7300.0 361050.3857677854
7310.0 370751.06520104135
7320.0 379811.86249276897
7330.0 380254.60635514365
7340.0 402926.18282152194
7350.0 406544.1937666429
7360.0 402222.7383407391
7370.0 439167.9694765038
7380.0 436958.4294765617
7390.0 435962.19097956276
7400.0 440841.4505780984
7410.0 445741.5054651792
7420.0 442841.5849274509
7430.0 452607.4590130664
7440.0 453809.7930823813
7450.0 441780.98090438097
7460.0 445703.53750714246
7470.0 453524.60314992024
7480.0 461090.89298505883
7490.0 454994.3792953919
7500.0 464241.32061720977
7510.0 457755.44424333505
7520.0 468348.93345192546
7530.0 471978.72971014475
7540.0 477406.07300079113
7550.0 485956.7034104457
7560.0 489877.8492960484
7570.0 485194.3170153925
7580.0 487713.1287039876
7590.0 427782.5648212551
7600.0 429187.4054496537
7610.0 431570.02305333066
7620.0 451325.9141650366
7630.0 390978.25056949805
7640.0 402111.1425564198
7650.0 409441.29174127185
7660.0 395201.2318697102
7670.0 319436.17525772995
7680.0 338919.5024189217
7690.0 350399.0529049949
7700.0 346477.83567070693
7710.0 332424.6177257913
7720.0 352390.00585806894
7730.0 376515.8319498514
7740.0 385068.0592232116
7750.0 338234.15062966885
7760.0 339582.4927549331
7770.0 357090.0375448695
7780.0 354469.47581532
7790.0 356273.94244476344
7800.0 376885.32916125545
7810.0 396113.30343740014
7820.0 391212.3351107498
7830.0 364059.49251124164
7840.0 360850.9288267459
7850.0 388064.38576884
7860.0 396230.79027635563
7870.0 399575.88621650095
7880.0 412695.6830504646
7890.0 432252.0731833054
7900.0 424145.3948955485
7910.0 405474.7577818624
7920.0 413654.2432351292
7930.0 427709.9942172904
7940.0 428334.94488980505
7950.0 435048.69528491324
7960.0 452926.14665272617
7970.0 457902.64041007985
7980.0 456215.7639829967
7990.0 453994.67726191634
8000.0 455340.3860987915
8010.0 468095.40798187885
8020.0 473372.92320902087
8030.0 476457.7969282321
8040.0 486966.8425011003
8050.0 479398.5149544634
8060.0 498727.0336330452
8070.0 489013.8500856435
8080.0 495668.22502626444
8090.0 505568.37601293303
8100.0 513815.6586977246
8110.0 517557.9123157375
8120.0 517494.5848655164
8130.0 526505.929175317
8140.0 533630.799609796
8150.0 540551.0549899813
8160.0 535998.1149340365
8170.0 544528.172922763
8180.0 513049.8581710117
8190.0 510487.6691531271
8200.0 492170.8560732228
8210.0 507301.67282284
8220.0 510104.73835718224
8230.0 524633.4835053666
8240.0 522553.80134152086
8250.0 525775.5544537145
8260.0 526681.6789600842
8270.0 516101.6929853367
8280.0 510472.2921929626
8290.0 504122.1504017838
8300.0 500592.3883400297
8310.0 498359.046486076
8320.0 511970.5834564974
8330.0 480743.6701051297
8340.0 502188.86712833
8350.0 490039.2315999691
8360.0 491408.51057907223
8370.0 503750.6183129628
8380.0 472523.6599198034
8390.0 467305.9086421534
8400.0 491241.3763102894
8410.0 499771.4639163208
8420.0 490752.58626398334
8430.0 449391.0618869399
8440.0 406014.0865980782
8450.0 388584.95668341825
8460.0 382077.64283974114
8470.0 369277.51890284545
8480.0 398234.3815409817
8490.0 410560.75829723
8500.0 397471.75114167435
8510.0 390135.9049527067
8520.0 386270.6495881347
8530.0 401797.3706615399
8540.0 385044.95585183095
8550.0 422442.4672486643
8560.0 432518.47049304104
8570.0 435331.0573302814
8580.0 437588.3094326899
8590.0 437939.7893636826
8600.0 441839.7493156852
8610.0 446056.19322555425
8620.0 461325.2225223372
8630.0 466095.2443881848
8640.0 471217.57991417695
8650.0 470229.8441067521
8660.0 432278.0102215406
8670.0 465317.02531585156
8680.0 456868.93409571337
8690.0 444349.3244482919
8700.0 483997.44304612133
8710.0 490914.8886493049
8720.0 490799.8100654669
8730.0 495016.0326183534
8740.0 499901.065861132
8750.0 502656.9894681819
8760.0 505538.788250423
8770.0 498650.15748206055
8780.0 514511.84453483374
8790.0 523819.8314787754
8800.0 521242.46960715676
8810.0 510677.54113492166
8820.0 505929.75343448453
8830.0 530798.2481709485
8840.0 528412.1069804265
8850.0 542891.0819045743
8860.0 473023.04568921705
8870.0 455455.5572834938
8880.0 466003.6201390432
8890.0 474580.8012586504
8900.0 486660.23290842946
8910.0 495051.2927670962
8920.0 498374.34695696447
8930.0 503337.5579415895
8940.0 486511.7380551964
8950.0 480803.8401014013
8960.0 492334.6361238483
8970.0 495454.6644920316
8980.0 503126.3834062786
8990.0 513201.91612153454
9000.0 500476.1531413098
9010.0 511734.4573760413
9020.0 505730.2738239575
9030.0 509298.5907195863
9040.0 520692.57179771643
9050.0 525311.2356927837
9060.0 527409.1831666103
9070.0 531646.1730256147
9080.0 535086.0070866327
9090.0 519919.88407983084
9100.0 531697.1207607699
9110.0 532019.3263128414
9120.0 539383.7459347565
9130.0 546625.1648979662
9140.0 547644.385213216
9150.0 547982.8436293368
9160.0 550993.1175562361
9170.0 549126.5120324539
9180.0 554151.0199162597
9190.0 555586.338416972
9200.0 552023.7849446207
9210.0 533755.6231520176
9220.0 524539.6663938604
9230.0 514504.6611812181
9240.0 518007.0665428583
9250.0 507791.18725189083
9260.0 510715.6019770717
9270.0 524981.6906747553
9280.0 509311.6761663843
9290.0 490515.40078347386
9300.0 495334.28778343316
9310.0 499756.0122925688
9320.0 494269.8134224334
9330.0 503188.69831286
9340.0 511683.4123985798
9350.0 502183.60135634645
9360.0 498877.19615535904
9370.0 500335.5678803338
9380.0 501172.7978081349
9390.0 503389.6421916473
9400.0 504923.78674437763
9410.0 508828.4314752437
9420.0 510363.14101085195
9430.0 515943.49491515534
9440.0 508807.28819466534
9450.0 500005.56481346407
9460.0 509828.6411251562
9470.0 518404.43005168694
9480.0 522063.58240342344
9490.0 526565.2314064396
9500.0 525274.8578856596
9510.0 521886.42026069056
9520.0 525800.5676886248
9530.0 522766.40612524765
9540.0 524359.0866116112
9550.0 513270.39463656483
9560.0 531462.3282422379
9570.0 524576.9720501084
9580.0 536431.87211714
9590.0 536475.4368972848
9600.0 511691.1556972108
9610.0 535182.726069781
9620.0 539642.3429193613
9630.0 538801.6273281369
9640.0 498860.5402289992
9650.0 509763.6938275447
9660.0 535548.7008230534
9670.0 524365.7652342006
9680.0 510769.8880604562
9690.0 524961.2418041545
9700.0 536621.4268151054
9710.0 518935.8509221978
9720.0 530852.4166572291
9730.0 502215.5470267743
9740.0 511083.39329477533
9750.0 523819.71637362207
9760.0 533309.969927281
9770.0 516551.07430396444
9780.0 511166.2007484834
9790.0 514584.8727525237
9800.0 537984.4397642781
9810.0 528322.4272586387
9820.0 530123.668534179
9830.0 518685.89596394286
9840.0 528106.8559369389
9850.0 532208.3476876989
9860.0 534408.5414619973
9870.0 534339.2588676929
9880.0 537582.1530456569
9890.0 538867.9408044555
9900.0 512185.9305041472
9910.0 495206.68370881554
9920.0 498936.0543626975
9930.0 503431.2785294121
9940.0 521004.25647803553
9950.0 522812.62684919493
9960.0 522369.1704933891
9970.0 516552.54174454993
9980.0 518546.1752482083
9990.0 516839.6509824255
10010.0 513949.1354661853
10020.0 520287.38713589165
10030.0 514082.42288263526
10040.0 515981.8168519067
10050.0 506643.0449181325
10060.0 500910.990612391
10070.0 516782.26398061705
10080.0 521376.0326345272
10090.0 515658.8126642139
10100.0 527188.5980028751
10110.0 518917.5909500843
10120.0 518225.53653657815
10130.0 521132.2627491599
10140.0 514935.1985852634
10150.0 511610.9550612688
10160.0 512273.6841567583
10170.0 515790.4808669689
10180.0 514110.20016043185
10190.0 515480.499825429
10200.0 514813.5565801703
10210.0 515096.2436296483
10220.0 512390.1482902704
10230.0 515452.98549599433
10240.0 526771.6469256312
10250.0 512350.79764276167
10260.0 503705.7725638749
10270.0 507194.1800323075
10280.0 504856.1150590783
10290.0 512220.41074475856
10300.0 508225.35778526234
10310.0 518133.3154337299
10320.0 511059.9505195129
10330.0 513473.7330265673
10340.0 474109.1586769002
10350.0 508381.22168711125
10360.0 517719.3378467693
10370.0 521366.416528069
10380.0 510899.25767686794
10390.0 510935.7679299115
10400.0 497890.8703022191
10410.0 513313.5967477991
10420.0 511270.1856253894
10430.0 510392.06198657234
10440.0 521378.86514831276
10450.0 519567.33801203466
10460.0 518536.9876784761
10470.0 506986.8798077658
10480.0 514220.37938228925
10490.0 515671.45637210424
10500.0 506030.90638827276
10510.0 509567.9822361844
10520.0 510809.50602715724
10530.0 521709.37220896303
10540.0 516452.24073352024
10550.0 514436.8925836948
10560.0 516247.73094604985
10570.0 510718.6525820681
10580.0 508369.1416189455
10590.0 512307.4879967501
10600.0 515323.39072768675
10610.0 507534.6124565807
10620.0 512048.38078575424
10630.0 517782.22797317186
10640.0 515906.81883445475
10650.0 512502.79310423817
10660.0 499034.68199084606
10670.0 511887.3518938868
10680.0 505848.7406118037
10690.0 511461.4304792395
10700.0 512131.04753112834
10710.0 515498.3862916788
10720.0 514167.730925167
10730.0 494810.545307704
10740.0 517676.9836900741
10750.0 509369.81280646584
10760.0 512409.1425619046
10770.0 517446.508493996
10780.0 513478.62708872615
10790.0 509993.88428333926
10800.0 505371.5956952569
10810.0 499651.4795931136
10820.0 511412.5022240416
10830.0 509046.9222754653
10840.0 513326.83030952397
10850.0 510906.4501851651
10860.0 506173.22142756614
10870.0 511080.14885154134
10880.0 509854.08707318536
10890.0 510748.5472674659
10900.0 512862.43690893106
10910.0 506008.31048647815
10920.0 506118.6109975761
10930.0 509233.184374654
10940.0 513493.1693473081
10950.0 509136.30262181215
10960.0 501173.04376173014
10970.0 502441.5928227389
10980.0 505969.5205713821
10990.0 505670.6833247655
11000.0 506508.8329021203
11010.0 503417.85942381015
11020.0 501690.13990695914
11030.0 494192.5124871726
11040.0 492212.77570725797
11050.0 487754.52938700124
11060.0 491968.4364103074
11070.0 490153.41060405294
11080.0 489257.7528642832
11090.0 498001.3148058006
11100.0 498288.65290630294
11110.0 491697.675568752
11120.0 486498.51290321635
11130.0 495058.6325025767
11140.0 497034.8059446036
11150.0 488632.54632410384
11160.0 490595.468846963
11170.0 495205.0186426552
11180.0 497070.0187078703
11190.0 490254.39129860484
11200.0 484887.73845542123
11210.0 494810.32406305725
11220.0 493192.41456805577
11230.0 495953.59376236197
11240.0 492922.12177454086
11250.0 460481.2403180536
11260.0 485289.6624563811
11270.0 496342.17320334504
11280.0 492121.3628850842
11290.0 489486.8734306133
11300.0 482897.2318376796
11310.0 491343.4574898588
11320.0 494055.58204616647
11330.0 486460.4430808433
11340.0 485437.36176112166
11350.0 491603.4096672433
11360.0 490996.0092908729
11370.0 479550.2694740125
11380.0 467844.83037741156
11390.0 481538.3730046565
11400.0 460289.5826207378
11410.0 484255.106045051
11420.0 477844.2298550849
11430.0 489061.01008222764
11440.0 477660.59584823734
11450.0 486203.07315551856
11460.0 489433.67572396254
11470.0 482436.88649706036
11480.0 481254.24342064926
11490.0 487907.6008194519
11500.0 489667.75177379797
11510.0 486074.38105946226
11520.0 487465.6261250934
11530.0 488447.481272255
11540.0 482544.70638507436
11550.0 485849.6694420735
11560.0 487031.1985230218
11570.0 485508.24086042703
11580.0 486996.0546585409
11590.0 469092.7366202757
11600.0 483892.31550708844
11610.0 451522.7712069958
11620.0 484005.55787664914
11630.0 482142.1657353831
11640.0 464079.1783900002
11650.0 481374.144558555
11660.0 481305.5249689809
11670.0 482130.2001349544
11680.0 480657.557707049
11690.0 459730.12288548215
11700.0 482053.6255576206
11710.0 479096.75108366174
11720.0 478707.7315524378
11730.0 479583.6361543708
11740.0 476579.98124635883
11750.0 476999.9151974523
11760.0 476157.30208811356
11770.0 457544.3736731853
11780.0 457731.279687057
11790.0 474875.4592415105
11800.0 471758.6296768384
11810.0 473254.0237767914
11820.0 472954.1313088163
11830.0 449842.1140268691
11840.0 474558.6475685207
11850.0 472815.6248549582
11860.0 473987.6443897135
11870.0 474364.51242932933
11880.0 433646.48149890517
11890.0 463601.9949061288
11900.0 472913.4209885801
11910.0 468740.52292349644
11920.0 472665.9787307
11930.0 471757.2252550738
11940.0 469764.0739979973
11950.0 456277.8042630669
11960.0 456691.5815377578
11970.0 427683.20966094424
11980.0 460943.6176872221
11990.0 465626.6188848261
12000.0 466898.507324567
12010.0 468395.52863638505
12020.0 463901.79719428846
12030.0 460462.56583205046
12040.0 467829.4996619249
12050.0 464196.0208945602
12060.0 467566.896342313
12070.0 462028.9608323963
12080.0 452311.2103612634
12090.0 461736.9702623436
12100.0 464780.7887866053
12110.0 463187.2674173007
12120.0 463692.93193474924
12130.0 461379.8061134935
12140.0 465142.48639281356
12150.0 465027.7750644748
12160.0 461260.56571264233
12170.0 462300.54972316464
12180.0 463766.83857944654
12190.0 461210.8040517341
12200.0 461952.5775818989
12210.0 460994.9086474884
12220.0 461105.23603663826
12230.0 461284.1163407097
12240.0 460299.15270902484
12250.0 460783.26067639416
12260.0 460638.1867518425
12270.0 458967.7553580208
12280.0 460655.0841503496
12290.0 459191.56498446624
12300.0 458730.3932674002
12310.0 458629.25964550325
12320.0 455573.5996180358
12330.0 456638.1763247276
12340.0 456659.9904847419
12350.0 457452.7975862811
12360.0 456262.1409348265
12370.0 456542.5970187645
12380.0 457394.67107985413
12390.0 451841.0032201204
12400.0 454606.0249864753
12410.0 451970.7136050127
12420.0 444008.09720660694
12430.0 438693.3080330761
12440.0 447540.7967577517
12450.0 448617.61682531255
12460.0 450257.1657734106
12470.0 448257.7395232089
12480.0 447451.9607760385
12490.0 449926.08461261046
12500.0 447701.9022529145
12510.0 447160.87712302344
12520.0 437532.17028834997
12530.0 445490.80215497385
12540.0 447854.81021171925
12550.0 447567.881459081
12560.0 443598.5441607329
12570.0 443528.866799384
12580.0 444659.40360931726
12590.0 441098.03525187494
12600.0 441631.91174120933
12610.0 442645.8146592544
12620.0 443202.2547553226
12630.0 442159.5384560675
12640.0 438861.9563222188
12650.0 442738.26006996963
12660.0 442404.1784797554
12670.0 437892.30252678687
12680.0 437281.85257390724
12690.0 442949.2698788675
12700.0 440909.70500371896
12710.0 441074.9742217846
12720.0 441862.18600117846
12730.0 441579.2926582695
12740.0 430164.27383455983
12750.0 438238.1455403912
12760.0 441161.06670619687
12770.0 437452.175592518
12780.0 437706.033825027
12790.0 439975.7412147857
12800.0 438952.3998757331
12810.0 434665.57079422893
12820.0 405273.7340479518
12830.0 423661.1517226967
12840.0 434618.44374249026
12850.0 427828.017333714
12860.0 433896.8632131242
12870.0 434937.3715168828
12880.0 431411.86783985246
12890.0 432862.56609956955
12900.0 415573.5196976121
12910.0 424360.76246701146
12920.0 430757.61128244316
12930.0 432787.9827545087
12940.0 432512.9816815742
12950.0 431662.28347292583
12960.0 433448.0367792732
12970.0 432912.57086314476
12980.0 427998.8213995872
12990.0 431315.2915999423
13000.0 431780.1309984748
13010.0 425005.09567103256
13020.0 431946.57679813553
13030.0 426011.7682873889
13040.0 431086.4943267684
13050.0 430526.0790632636
13060.0 429207.3853585816
13070.0 428969.78428145737
13080.0 422799.6404214109
13090.0 424971.2805373326
13100.0 427459.72419287596
13110.0 425690.7518230671
13120.0 379793.2260254799
13130.0 408875.32619569235
13140.0 419869.07596818916
13150.0 384644.68865493644
13160.0 424255.46123162686
13170.0 424288.3727854898
13180.0 424318.82902346994
13190.0 425705.9380384183
13200.0 420288.2444825367
13210.0 421003.09580766736
13220.0 420180.3105019193
13230.0 423127.64876246755
13240.0 422875.01910759317
13250.0 417288.39058995433
13260.0 419867.3823993805
13270.0 414512.7161066646
13280.0 414096.7697580974
13290.0 404545.2101328244
13300.0 416273.36860373034
13310.0 408333.41214849794
13320.0 377194.4321743822
13330.0 410309.405582315
13340.0 392435.9277854724
13350.0 381447.1769932837
13360.0 389193.11422494915
13370.0 387234.7700474676
13380.0 393044.8134548247
13390.0 393166.1007894157
13400.0 386953.213877006
13410.0 389077.71749034483
13420.0 383414.40550540166
13430.0 384349.427751326
13440.0 381164.4538631485
13450.0 395230.65916190436
13460.0 388107.0327448241
13470.0 385185.9147112187
13480.0 387331.04914445896
13490.0 394148.9925179782
13500.0 369740.08662674605
13510.0 390419.0212038249
13520.0 381791.03721583146
13530.0 387094.1490205637
13540.0 380419.5389569494
13550.0 377577.1198273283
13560.0 390835.24647425103
13570.0 382655.04753307655
13580.0 383615.2947596069
13590.0 378581.88069759187
13600.0 383686.20880021376
13610.0 381842.50918802625
13620.0 371428.30736002757
13630.0 373678.45898073865
13640.0 371859.43739464675
13650.0 383313.24255469075
13660.0 381459.85650034517
13670.0 383499.6796580009
13680.0 378150.47540379217
13690.0 382342.7126984967
13700.0 383410.6698632424
13710.0 373716.290245517
13720.0 386470.1781178423
13730.0 379610.0279059397
13740.0 383466.3567104038
13750.0 383657.5637544066
13760.0 381285.6864305401
13770.0 384951.45535066177
13780.0 379262.7907334477
13790.0 379837.5649703253
13800.0 383110.62001711834
13810.0 385596.0628703249
13820.0 374651.7721472022
13830.0 382076.94435192255
13840.0 382792.1195096396
13850.0 374811.27207495045
13860.0 364206.0554858676
13870.0 382121.447579246
13880.0 372622.4655356681
13890.0 376125.293423646
13900.0 364883.07994924334
13910.0 331851.0097453821
13920.0 341636.06515086355
13930.0 353171.3839984261
13940.0 365090.65576084837
13950.0 353139.4460394069
13960.0 370485.55565794336
13970.0 349979.5070586498
13980.0 353112.42612871144
13990.0 367596.74986788083
14000.0 344884.9500215134
14010.0 356851.0472576366
14020.0 366872.42367726675
14030.0 366379.5350570455
14040.0 354624.9877647171
14050.0 360860.612400685
14060.0 361153.862463333
14070.0 359475.6474018629
14080.0 349703.18242230907
14090.0 357375.5149095135
14100.0 353248.891135529
14110.0 358154.5966067996
14120.0 353743.866471244
14130.0 351107.44112941663
14140.0 346951.3850852362
14150.0 359177.90074172535
14160.0 351567.1831377655
14170.0 344588.2337621013
14180.0 345669.2130348278
14190.0 342332.2839876164
14200.0 351973.960478889
14210.0 354701.36255638296
14220.0 348806.46795185626
14230.0 348116.511428568
14240.0 346012.5763987688
14250.0 337193.9713196498
14260.0 333908.7736162979
14270.0 332726.2856695903
14280.0 344224.07567777816
14290.0 339464.12353793345
14300.0 355242.3390077643
14310.0 346621.8668012786
14320.0 349127.5183149079
14330.0 350185.7878386948
14340.0 334407.1499032857
14350.0 338252.29478691047
14360.0 346102.59959018254
14370.0 346463.329369533
14380.0 348606.0931339631
14390.0 337744.6305556789
14400.0 345067.3192876012
14410.0 338720.48832477565
14420.0 344203.9672047362
14430.0 352616.91721562564
14440.0 344874.34493719053
14450.0 338040.4646830071
14460.0 346659.1074594197
14470.0 338935.15439998143
14480.0 346088.17877215246
14490.0 349121.3057652232
14500.0 338192.0746061919
14510.0 339641.94376100454
14520.0 346153.70368285285
14530.0 342237.1178765653
14540.0 343806.8666564689
14550.0 345086.3649834305
14560.0 329833.9636053273
14570.0 339449.11798462697
14580.0 349147.6161823879
14590.0 344199.7876437167
14600.0 330799.3455387095
14610.0 308651.1472925442
14620.0 332836.0997719434
14630.0 326846.61896500085
14640.0 333914.2203431049
14650.0 331239.84670875355
14660.0 334514.09360876353
14670.0 321596.26287352
14680.0 328205.2991420213
14690.0 327799.3548672207
14700.0 325433.5463959825
14710.0 326701.204774242
14720.0 338536.2973342367
14730.0 338377.60062399023
14740.0 321878.76664782973
14750.0 326062.6767311331
14760.0 335325.3204247363
14770.0 322372.70459003566
14780.0 333057.4092052493
14790.0 334385.95681127184
14800.0 321513.7147638727
14810.0 327853.4046925348
14820.0 333727.8169193306
14830.0 330058.06733372837
14840.0 332709.7411806361
14850.0 330218.1027268353
14860.0 331194.16200361337
14870.0 331388.2076331043
14880.0 296131.7259227975
14890.0 334412.1265226718
14900.0 325375.04227941466
14910.0 334851.98545513896
14920.0 330450.0023553234
14930.0 334062.7940760163
14940.0 331157.0207491716
14950.0 331765.2149297658
14960.0 335020.85351478664
14970.0 337314.2023100128
14980.0 337869.9932374129
14990.0 334654.2344617556
15000.0 320342.83557421353
15010.0 331588.1534370761
15020.0 302834.87801999395
15030.0 320169.73578480503
15040.0 315124.4678137557
15050.0 310255.04747726064
15060.0 330155.0304192641
15070.0 330934.26093842415
15080.0 326448.907488671
15090.0 336636.8018459159
15100.0 331550.978213253
15110.0 331826.5229360988
15120.0 331488.414311655
15130.0 316739.51358825545
15140.0 335850.8293804414
15150.0 322885.3965530996
15160.0 328172.5757810562
15170.0 321167.25561434834
15180.0 332209.858939953
15190.0 330571.2670271271
15200.0 334067.0267582549
15210.0 338869.17169104534
15220.0 329108.35239604826
15230.0 339939.495897771
15240.0 324985.9026825979
15250.0 331653.06315040175
15260.0 319088.4853578305
15270.0 327857.1122814943
15280.0 313527.0203025436
15290.0 330331.0175185248
15300.0 334839.6030396045
15310.0 334857.15462510823
15320.0 320095.0450770537
15330.0 318045.22141988017
15340.0 328822.48893611605
15350.0 331862.3381903771
15360.0 336306.78117959504
15370.0 314321.1206552517
15380.0 315486.1873839793
15390.0 319093.9638863825
15400.0 316175.9788116576
15410.0 317913.1681431964
15420.0 314735.37008703337
15430.0 307211.6701430368
15440.0 330721.43256257783
15450.0 335404.91686327936
15460.0 325255.6780767627
15470.0 324189.2732179901
15480.0 330389.45077852893
15490.0 334147.71888643515
15500.0 321997.1646328456
15510.0 316182.68089897017
15520.0 336048.8994798786
15530.0 329021.31681366527
15540.0 303877.36860236403
15550.0 332560.49912528985
15560.0 317842.44490035134
15570.0 308460.58477154083
15580.0 325818.10876584065
15590.0 325183.27425121807
15600.0 326317.53504773165
15610.0 328768.72826651443
15620.0 325649.3677142189
15630.0 320904.89008635207
15640.0 333573.9902522534
15650.0 312011.31742175296
15660.0 327384.9732579548
15670.0 335821.6953681196
15680.0 331668.161516192
15690.0 328313.3158993551
15700.0 323231.68446454534
15710.0 331836.2330705116
15720.0 308748.9613214491
15730.0 318950.15467620594
15740.0 325042.0501573436
15750.0 317392.0786279822
15760.0 312909.91843857215
15770.0 310204.1513898369
15780.0 312440.7938194346
15790.0 333569.0873524824
15800.0 330132.39161803946
15810.0 333260.92729482986
15820.0 325544.5156606558
15830.0 324920.8005015619
15840.0 321375.65328098694
15850.0 332087.4719890097
15860.0 331330.94142721745
15870.0 330668.033972998
15880.0 327923.44570725306
15890.0 303962.39381690405
15900.0 324653.1085568611
15910.0 319047.62769655476
15920.0 331774.0913516116
15930.0 329886.8167307416
15940.0 333628.65115018707
15950.0 335769.7336903315
15960.0 333279.1516826783
15970.0 327460.70321464195
15980.0 326579.84083971137
15990.0 330019.10809249803
16000.0 331099.8193699379
16010.0 330091.1542383479
16020.0 332841.9899300497
16030.0 329396.5756871128
16040.0 315325.9222601451
16050.0 329057.10290744307
16060.0 317249.9283418191
16070.0 319353.2463603393
16080.0 328515.41569457424
16090.0 334116.8955820776
16100.0 329974.1860355265
16110.0 335498.0984970272
16120.0 324387.41862258187
16130.0 329362.0706473092
16140.0 312856.42342536873
16150.0 295966.80084180314
16160.0 296052.5704588496
16170.0 333390.7257121813
16180.0 330679.07359179144
16190.0 301264.6507902431
16200.0 277802.81136140047
16210.0 312883.5461167705
16220.0 314142.5339786792
16230.0 314066.49794503854
16240.0 323600.5772424066
16250.0 314289.60553773923
16260.0 321958.8878397946
16270.0 328010.4325927868
16280.0 331118.1908130162
16290.0 333406.2037151842
16300.0 324134.2151508957
16310.0 319756.56431797013
16320.0 329185.4835677765
16330.0 332768.7542714265
16340.0 326123.5831523737
16350.0 311855.12312122044
16360.0 321596.66372480517
16370.0 326550.71467076946
16380.0 324600.4845494641
16390.0 327283.20956223545
16400.0 320447.45854110055
16410.0 320988.2244790446
16420.0 331635.7658652479
16430.0 329078.3076016174
16440.0 310189.3257615981
16450.0 315906.9009117626
16460.0 323843.74473231134
16470.0 319195.9744061171
16480.0 330897.8036790344
16490.0 321207.8939630639
16500.0 328062.392868232
16510.0 327835.51643442264
16520.0 325416.2953660209
16530.0 317310.3773108042
16540.0 321114.18731060514
16550.0 328001.1335879417
16560.0 329152.9866342405
16570.0 328207.7037600565
16580.0 318557.8741946879
16590.0 326741.6774181259
16600.0 326465.2636939087
16610.0 312714.2645662331
16620.0 321930.2104643808
16630.0 319665.6165826372
16640.0 320124.029592271
16650.0 314136.61400935135
16660.0 311458.33265075437
16670.0 318996.9708805797
16680.0 322736.9558643375
16690.0 319841.6313959931
16700.0 312276.6454518866
16710.0 304222.27530728205
16720.0 282828.1626509179
16730.0 309291.31219884905
16740.0 316605.8269684147
16750.0 268014.1910951368
16760.0 297269.86494115426
16770.0 315004.7191685745
16780.0 321328.2160714407
16790.0 321398.7127576426
16800.0 319012.20969766274
16810.0 319936.09935750434
16820.0 318005.6398437216
16830.0 319568.31616834237
16840.0 310669.114247675
16850.0 316101.539737034
16860.0 314125.78229601914
16870.0 302277.82189875125
16880.0 302607.6529536224
16890.0 305894.920117108
16900.0 292432.1398482662
16910.0 304236.2882017272
16920.0 310135.2687121838
16930.0 314941.381778332
16940.0 311969.4546512908
16950.0 308048.7224340433
16960.0 310077.5521621045
16970.0 305030.94532848964
16980.0 309673.23537354154
16990.0 305915.58522975777
17000.0 300069.72372278525
17010.0 305290.09800393466
17020.0 304941.6126251365
17030.0 305539.3807108964
17040.0 303985.4565182815
17050.0 292429.7673418018
17060.0 302475.675457086
17070.0 286455.41911541275
17080.0 295389.8607112465
17090.0 294572.7253955142
17100.0 271499.11834292
17110.0 255306.9447401434
17120.0 285565.5156041446
17130.0 294064.9921701175
17140.0 292160.27379520715
17150.0 295626.62175432645
17160.0 290303.9946932424
17170.0 283974.6413648161
17180.0 284089.1609634022
17190.0 283766.3030909812
17200.0 291151.5317121971
17210.0 280754.063199827
17220.0 288906.3840128391
17230.0 274801.2795141387
17240.0 274177.0655027584
17250.0 290734.52902705345
17260.0 278901.29068288894
17270.0 281889.57730707695
17280.0 282385.1725675717
17290.0 281368.6471973965
17300.0 286681.8376475055
17310.0 269956.52270358155
17320.0 268294.8745301326
17330.0 276510.6838797175
17340.0 267942.46173340257
17350.0 267701.93518217816
17360.0 279280.27107808023
17370.0 277508.1777133086
17380.0 265926.01205981587
17390.0 274891.1306422471
17400.0 269807.1845504604
17410.0 268219.5389109298
17420.0 263115.04910052894
17430.0 269182.17083465104
17440.0 271924.0611073926
17450.0 271231.20436265465
17460.0 270818.76591155457
17470.0 268374.84504450444
17480.0 272612.1151046016
17490.0 265042.21716079995
17500.0 249603.49524891167
17510.0 267110.48370896326
17520.0 266429.79167620104
17530.0 260501.11255530434
17540.0 256923.7696925452
17550.0 254196.99124463619
17560.0 252788.46072017634
17570.0 262543.08551289904
17580.0 256414.29596712667
17590.0 251063.84363467037
17600.0 254306.9893525313
17610.0 257543.63010189682
17620.0 243574.70453823716
17630.0 258439.5467958479
17640.0 253051.98026803235
17650.0 257704.16987002268
17660.0 250468.02773341152
17670.0 248301.55839325915
17680.0 239359.23940693642
17690.0 260200.13782646137
17700.0 252229.4913221524
17710.0 245273.0146775594
17720.0 240064.42213343128
17730.0 249892.20464522007
17740.0 248891.23772707267
17750.0 245918.0509123294
17760.0 236105.12467171182
17770.0 237585.19147888082
17780.0 241129.93276341684
17790.0 237131.46658111547
17800.0 252329.7474876476
17810.0 227948.48354312452
17820.0 229665.21848719308
17830.0 238909.54166972017
17840.0 246865.68248115364
17850.0 223735.71255336667
17860.0 231824.45719001864
17870.0 233963.6517329599
17880.0 234500.7917918759
17890.0 242583.7723222704
17900.0 234531.60420895214
17910.0 228782.2700436197
17920.0 235833.6662961653
17930.0 230538.5269415003
17940.0 229838.23774752312
17950.0 239317.7599114782
17960.0 219036.6208379414
17970.0 239656.06498695814
17980.0 240720.83607751518
17990.0 219692.3094152441
18000.0 224692.9459258957
18010.0 219488.95944440173
18020.0 220636.7521405436
18030.0 215693.87389055136
18040.0 223014.6498007205
18050.0 216223.10312394294
18060.0 231947.42070530157
18070.0 219856.5937069945
18080.0 220142.5722044312
18090.0 231577.2794049141
18100.0 219106.6386726226
18110.0 216712.66592884052
18120.0 212436.52737025334
18130.0 224402.401060561
18140.0 230188.21857869122
18150.0 222022.48136458534
18160.0 233678.40152018677
18170.0 214663.1425430467
18180.0 218829.57975473106
18190.0 213386.07885794356
18200.0 215613.9605759203
18210.0 212029.48997061214
18220.0 212482.30288272654
18230.0 231204.85488182624
18240.0 226171.6962997604
18250.0 217873.20660716385
18260.0 203997.03510235422
18270.0 204105.9654412944
18280.0 212706.86545879208
18290.0 219196.07771360988
18300.0 212955.74935844977
18310.0 217113.64724583397
18320.0 202744.4531501554
18330.0 218509.8150287199
18340.0 216248.75204979707
18350.0 212375.65761358943
18360.0 215135.46819133576
18370.0 204267.15954882136
18380.0 219198.8421728559
18390.0 203094.70296562396
18400.0 207208.3089987125
18410.0 216548.46750982737
18420.0 200320.76524304788
18430.0 200374.20685815706
18440.0 198868.26332396767
18450.0 208337.19907884958
18460.0 200150.11613137712
18470.0 191723.07146409503
18480.0 190568.0020714961
18490.0 204971.60894767215
18500.0 203225.37147518827
18510.0 205804.21358240675
18520.0 204530.88057768627
18530.0 194069.82455461856
18540.0 204441.509385326
18550.0 204176.50182482574
18560.0 184259.8678985978
18570.0 191273.06081953368
18580.0 184214.30058160503
18590.0 187784.5530541049
18600.0 187270.72209704615
18610.0 186765.62616480095
18620.0 198489.60019957594
18630.0 198345.4647937265
18640.0 199075.7661421353
18650.0 187752.9594283199
18660.0 199357.42173500205
18670.0 196173.2697407639
18680.0 194827.54088470686
18690.0 202601.27863364317
18700.0 198449.9539359196
18710.0 189192.68488776396
18720.0 193592.11253500043
18730.0 178211.88332963578
18740.0 193600.95850145197
18750.0 197524.83194751508
18760.0 191476.4758506962
18770.0 188307.4077863676
18780.0 186597.56259683165
18790.0 189680.8737569882
18800.0 199838.05293582907
18810.0 194483.83694750423
18820.0 200409.15890119967
18830.0 203525.3549120487
18840.0 191537.1742136279
18850.0 184107.95720856445
18860.0 184947.34937159
18870.0 200973.7952838485
18880.0 189128.99150104672
18890.0 195229.41610556078
18900.0 192886.51924671957
18910.0 185525.14197023222
18920.0 176664.21529829397
18930.0 186992.7730392903
18940.0 187625.70588273957
18950.0 198471.01099464385
18960.0 191365.3637201405
18970.0 189886.19063567993
18980.0 184273.0524993247
18990.0 191355.22270652474
19000.0 199070.10298460088
19010.0 188711.44531572796
19020.0 192189.84414116418
19030.0 189633.29146925552
19040.0 190841.12224552062
19050.0 181668.62661275736
19060.0 184191.5602028644
19070.0 191792.90783815976
19080.0 191623.80051197365
19090.0 188646.44611511435
19100.0 185491.29296360657
19110.0 174703.39547910914
19120.0 192320.13582806176
19130.0 194362.34585438098
19140.0 193563.97686340992
19150.0 188726.90301445374
19160.0 182471.0598072862
19170.0 187806.0685154563
19180.0 187177.07907370562
19190.0 188721.4259034192
19200.0 186585.85051152363
19210.0 190017.05625619716
19220.0 182356.31495256023
19230.0 187652.9793148787
19240.0 184796.9865434653
19250.0 186394.34727509908
19260.0 178397.90824976112
19270.0 191229.9094719061
19280.0 186686.16161489172
19290.0 179495.53469199984
19300.0 167455.9946335849
19310.0 137492.74885125342
19320.0 174484.9319739942
19330.0 176379.30202168314
19340.0 183507.12497759835
19350.0 185201.20816960378
19360.0 187482.13361325007
19370.0 186711.99708412983
19380.0 176634.5670218805
19390.0 177653.12338979426
19400.0 179691.00780098542
19410.0 182953.2358190551
19420.0 183838.9512924016
19430.0 169748.15619651697
19440.0 166422.17561534725
19450.0 134345.63264760523
19460.0 157794.7846403668
19470.0 174247.92461952128
19480.0 170489.78743580636
19490.0 175606.30032683432
19500.0 158736.5998636085
19510.0 145907.59068935827
19520.0 175118.5940532776
19530.0 180055.08630273075
19540.0 178335.6425395252
19550.0 172170.12510204487
19560.0 175198.73913726746
19570.0 186947.89122757965
19580.0 183522.09063903638
19590.0 179810.070281791
19600.0 174388.2788215623
19610.0 177146.15061602302
19620.0 178087.85878483768
19630.0 165667.2600163455
19640.0 177738.86959218155
19650.0 177707.23982953854
19660.0 182752.0702907091
19670.0 174494.62098465546
19680.0 178112.4818966833
19690.0 178012.58303689776
19700.0 181804.80361527417
19710.0 170791.0998062091
19720.0 178437.8173136071
19730.0 167668.33040365268
19740.0 175244.589345298
19750.0 156905.80773591253
19760.0 157250.90198521927
19770.0 142277.60948022135
19780.0 124114.71325700387
19790.0 155398.06165608193
19800.0 159245.39347554103
19810.0 163529.41098972628
19820.0 162569.7875244362
19830.0 169746.27641009027
19840.0 166585.56955761186
19850.0 150297.23745629645
19860.0 133902.66645565326
19870.0 161314.24719897297
19880.0 167161.80121109396
19890.0 163940.24540954438
19900.0 161564.75546111766
19910.0 163719.23589369532
19920.0 155843.7411759669
19930.0 155005.27467344806
19940.0 160094.90238094228
19950.0 163548.03320818715
19960.0 161601.62842585216
19970.0 154796.75988611474
19980.0 171664.74992751196
19990.0 162688.24292765543
20010.0 167553.74708214263
20020.0 164297.23933668522
20030.0 167440.437800143
20040.0 163580.81647417013
20050.0 166832.25535167736
20060.0 164978.7344394268
20070.0 166510.69372544828
20080.0 162280.3172218438
20090.0 163189.55292359518
20100.0 158714.7447728009
20110.0 163419.11484508245
20120.0 161818.55706461438
20130.0 157714.31948675186
20140.0 168627.28210889117
20150.0 162974.36493252582
20160.0 159085.8679550748
20170.0 157777.2311760825
20180.0 161059.89459858605
20190.0 153968.56221426112
20200.0 157107.85127177878
20210.0 164754.64414129092
20220.0 160152.4864488868
20230.0 163136.16895280158
20240.0 161440.57165744551
20250.0 159053.52455573654
20260.0 155555.11564875956
20270.0 154469.96094184107
20280.0 162003.00442875482
20290.0 153181.31411200532
20300.0 157375.5660861066
20310.0 159866.6760529545
20320.0 164116.0003185493
20330.0 160422.8745501518
20340.0 158710.0594242545
20350.0 151715.84426587008
20360.0 159190.7393010528
20370.0 161508.1945282176
20380.0 158517.26994154876
20390.0 152181.12354671568
20400.0 157848.46134530642
20410.0 155544.35372749364
20420.0 162269.34914574135
20430.0 155311.21115344716
20440.0 149742.0233479854
20450.0 153000.4657270653
20460.0 157917.24829554567
20470.0 157872.4210521689
20480.0 153075.7739912974
20490.0 148389.9491157572
20500.0 158172.93042963176
20510.0 158180.62505349203
20520.0 155944.97774399936
20530.0 155128.70974323657
20540.0 146062.75792306385
20550.0 152145.30429145086
20560.0 155670.3048340896
20570.0 153593.23355585776
20580.0 158033.03245820838
20590.0 154709.12154350002
20600.0 152237.6708037141
20610.0 155273.88389960382
20620.0 152059.28090443675
20630.0 143122.9437440071
20640.0 145612.5967594991
20650.0 148803.77395495106
20660.0 155348.93532675
20670.0 149313.78687842327
20680.0 154438.63860486593
20690.0 148325.38051177436
20700.0 158872.6380855113
20710.0 149000.4730330808
20720.0 151134.24647843488
20730.0 147151.25028418677
20740.0 150615.53027079068
20750.0 152585.836424032
20760.0 146287.0747560034
20770.0 151743.46725994
20780.0 151659.585583849
20790.0 151526.432792018
20800.0 151450.6258161681
20810.0 145098.6390171504
20820.0 151399.39172702364
20830.0 148980.96903067766
20840.0 148889.84584299524
20850.0 145747.70282596198
20860.0 149355.27998202154
20870.0 147264.889301378
20880.0 148536.43479450585
20890.0 143437.66245229426
20900.0 152062.23028006346
20910.0 150105.50827538143
20920.0 153651.77363808439
20930.0 146331.59354962275
20940.0 145071.36082684266
20950.0 148203.38827336262
20960.0 140216.89588356204
20970.0 143269.62366510215
20980.0 151319.371605056
20990.0 143749.59771467836
21000.0 149264.80998599884
21010.0 147133.99642626304
21020.0 146515.86502346417
21030.0 147946.3606479916
21040.0 148906.73083948725
21050.0 145173.90805137975
21060.0 149496.54542814457
21070.0 145757.8696665625
21080.0 141612.11066529466
21090.0 141403.64852840558
21100.0 148920.50654948794
21110.0 143422.19473343896
21120.0 143596.20308327652
21130.0 147586.21127473086
21140.0 149165.84025063523
21150.0 144731.2690726889
21160.0 139581.21805900746
21170.0 138705.65200945621
21180.0 147951.56650167354
21190.0 144931.39595996882
21200.0 144591.16557649116
21210.0 146163.13534937886
21220.0 146291.95527829608
21230.0 144123.49536906948
21240.0 148154.5945531391
21250.0 144592.96600754978
21260.0 142986.0965633872
21270.0 141615.77727449423
21280.0 142894.86813814205
21290.0 143962.0191588361
21300.0 144945.65033165272
21310.0 147333.9516591326
21320.0 144057.48713824805
21330.0 146849.78477057794
21340.0 142869.00655835855
21350.0 145640.0984947867
21360.0 143575.58058687858
21370.0 142510.20282672194
21380.0 142323.48521973644
21390.0 144776.67776574008
21400.0 141102.53046013284
21410.0 144866.18330185488
21420.0 140703.0262967234
21430.0 146773.5094437011
21440.0 146156.57049453486
21450.0 143618.0483413668
21460.0 146054.3897700433
21470.0 144576.3135089309
21480.0 141863.4373955393
21490.0 142081.8414298341
21500.0 140923.72561410585
21510.0 143867.36994171978
21520.0 141126.31441498297
21530.0 143028.42789511048
21540.0 142981.08380386856
21550.0 142881.40871788096
21560.0 141765.85806515932
21570.0 143270.4332131421
21580.0 144032.512796037
21590.0 141704.93251864664
21600.0 141636.77238434824
21610.0 144778.37238993708
21620.0 142351.332537448
21630.0 141415.7728211522
21640.0 143872.73324698288
21650.0 141957.87381451504
21660.0 142381.4345199067
21670.0 142762.45094292893
21680.0 143750.55542589573
21690.0 144079.4356278639
21700.0 139646.47597244103
21710.0 142148.2764541459
21720.0 140989.65707718008
21730.0 141127.8178396863
21740.0 142487.5187415058
21750.0 139831.4397806749
21760.0 140339.60095704213
21770.0 140934.60227263253
21780.0 133639.07328637096
21790.0 140220.2520177536
21800.0 139784.8609466055
21810.0 140843.1090127981
21820.0 138820.74771389854
21830.0 139533.09655175635
21840.0 140017.59552564437
21850.0 141289.9246380365
21860.0 140081.0738837856
21870.0 139289.89326481198
21880.0 139706.4727822159
21890.0 138939.39078937704
21900.0 134311.71035847644
21910.0 140387.89041715473
21920.0 139759.8546090201
21930.0 139574.0189310253
21940.0 139744.89338661832
21950.0 140295.2579731927
21960.0 140116.62269362964
21970.0 138849.09754614517
21980.0 139532.07252867753
21990.0 138502.02763970787
22000.0 137210.9907354737
22010.0 138344.60645537576
22020.0 138356.30015406103
22030.0 137538.9939863456
22040.0 138750.18794720585
22050.0 131935.95203748488
22060.0 125631.37025718152
22070.0 136169.88260449856
22080.0 128747.62508332645
22090.0 135847.3896882661
22100.0 137906.6944227364
22110.0 137230.66522741114
22120.0 138556.69464064972
22130.0 137851.5301236111
22140.0 138472.70573436897
22150.0 137525.3014722489
22160.0 137801.59733512442
22170.0 137103.25068115463
22180.0 138363.1894413526
22190.0 136829.97568534917
22200.0 136348.9620515698
22210.0 130989.16454101325
22220.0 137703.18530690653
22230.0 132630.4538905786
22240.0 138777.32337966224
22250.0 138215.25767396376
22260.0 134455.9520959494
22270.0 129610.98264293028
22280.0 129876.62130906187
22290.0 135436.0161006481
22300.0 133697.5110103443
22310.0 132809.28605107163
22320.0 135902.36121093133
22330.0 134078.6511584789
22340.0 134465.93863253572
22350.0 135282.2383641035
22360.0 135205.87948122344
22370.0 135772.26071512097
22380.0 133598.02207269482
22390.0 133995.2655498887
22400.0 135889.64514651464
22410.0 134877.68685988995
22420.0 134171.72869751378
22430.0 134987.41065066966
22440.0 131360.43909022564
22450.0 135714.24965530253
22460.0 134178.7667054897
22470.0 133963.5238643115
22480.0 134636.28113326026
22490.0 133459.99851241766
22500.0 133804.57600139885
22510.0 134483.4936035488
22520.0 133518.11131070758
22530.0 134208.38912954627
22540.0 130459.55746993737
22550.0 133199.02152349436
22560.0 134504.23632265834
22570.0 131574.9076684347
22580.0 133383.04912834516
22590.0 132363.04070460968
22600.0 131813.05239610418
22610.0 127949.27420048956
22620.0 125927.84611941005
22630.0 127285.7461517672
22640.0 129796.5782977447
22650.0 125192.94055847343
22660.0 130049.4185068823
22670.0 131959.68124841046
22680.0 131042.79350291309
22690.0 131406.4587828587
22700.0 129425.47472539858
22710.0 130578.94220615033
22720.0 130823.23199805702
22730.0 130833.06190201754
22740.0 129902.8719188186
22750.0 131457.0220438786
22760.0 130546.79253727775
22770.0 130278.53576875615
22780.0 129311.95026900175
22790.0 130194.0151806174
22800.0 126858.53434008999
22810.0 128847.24981680467
22820.0 124510.6416007213
22830.0 127872.0026110099
22840.0 127958.5921599327
22850.0 129560.04938746981
22860.0 129684.38072229175
22870.0 129604.59216685903
22880.0 129217.07371910376
22890.0 128825.4609958082
22900.0 129412.3724946198
22910.0 127149.36411685278
22920.0 127386.2676475408
22930.0 105779.68528122724
22940.0 108283.77502030543
22950.0 116738.01486941581
22960.0 111825.23482243484
22970.0 116399.58687919409
22980.0 117765.80904218362
22990.0 119105.7333094901
23000.0 121405.70968342315
23010.0 118590.42331518598
23020.0 120873.75319989464
23030.0 120102.91434462144
23040.0 120589.3835925604
23050.0 119429.6829448026
23060.0 120710.43439938704
23070.0 120224.83796160712
23080.0 121638.51162444052
23090.0 119648.765393771
23100.0 121426.87526370931
23110.0 119518.5212383754
23120.0 118832.4705728777
23130.0 119483.08517367022
23140.0 117045.58913297938
23150.0 122897.68119804491
23160.0 118125.1153606198
23170.0 118697.11762467992
23180.0 120992.61599071692
23190.0 120851.57645776532
23200.0 115987.80702270228
23210.0 119002.32568891272
23220.0 102801.9744584955
23230.0 101018.9973249561
23240.0 109372.79821586556
23250.0 107370.72831931683
23260.0 111068.07044724155
23270.0 111905.37500290584
23280.0 111059.88300402818
23290.0 115585.71943099327
23300.0 106312.09795873832
23310.0 112051.89458039014
23320.0 116186.80530335446
23330.0 114529.44012138495
23340.0 112371.08904218618
23350.0 107788.27611456763
23360.0 111411.23453026272
23370.0 111678.81510163838
23380.0 106297.85977039643
23390.0 114197.2265342236
23400.0 110929.95139462432
23410.0 111002.07435275996
23420.0 115213.70940800133
23430.0 111162.07255716575
23440.0 109432.26780381867
23450.0 111501.90914493529
23460.0 112524.78258359102
23470.0 114786.62770208206
23480.0 113513.25574265068
23490.0 110197.75546750656
23500.0 112589.00728353212
23510.0 108234.24719507985
23520.0 92230.0682013969
23530.0 97498.2343036136
23540.0 100970.86149505556
23550.0 102846.83378332159
23560.0 104310.44616476093
23570.0 107377.55463914435
23580.0 104300.3772070249
23590.0 105423.21536394133
23600.0 108249.50061962602
23610.0 105286.06546523416
23620.0 104313.58240202302
23630.0 108561.81743037922
23640.0 107154.96976270621
23650.0 107809.05576850787
23660.0 108210.95707229976
23670.0 102098.45646690115
23680.0 107048.16395422404
23690.0 108869.58553303528
23700.0 108759.5671999366
23710.0 108527.31895982291
23720.0 104695.32881187671
23730.0 108165.28275000023
23740.0 106628.3587792646
23750.0 106000.78089920414
23760.0 103361.19710863088
23770.0 109656.71340621413
23780.0 104201.84579242319
23790.0 104730.21426986942
23800.0 104520.77683535093
23810.0 105172.67148947851
23820.0 95804.84823134876
23830.0 87814.60316631348
23840.0 98066.42998045306
23850.0 96484.3569867656
23860.0 95268.34007951744
23870.0 97480.78926239225
23880.0 100647.526532491
23890.0 97911.34388771678
23900.0 100055.90132997293
23910.0 97620.75086074862
23920.0 94493.37047591957
23930.0 103917.38417991123
23940.0 99648.50596830016
23950.0 100393.18403320744
23960.0 97021.09580394991
23970.0 99606.81785106068
23980.0 99999.20198206538
23990.0 99906.75820004489
24000.0 95881.53050133464
24010.0 99386.17793178385
24020.0 94973.04935972679
24030.0 99891.03391749943
24040.0 95650.47955892043
24050.0 95498.57128353498
24060.0 98588.20509248678
24070.0 95258.28190355923
24080.0 91982.50920082045
24090.0 97111.9634976647
24100.0 93242.0788794176
24110.0 97067.94034747864
24120.0 92583.73797366794
24130.0 94117.6292291051
24140.0 84151.80025446018
24150.0 92964.89705577999
24160.0 86776.86994246728
24170.0 89409.67791232206
24180.0 96817.08096529542
24190.0 87201.21419105494
24200.0 97482.99007645402
24210.0 89787.99313378404
24220.0 90035.06027234606
24230.0 91578.49949152698
24240.0 95897.13278964063
24250.0 88574.22417097718
24260.0 89531.66763346568
24270.0 89826.41017568651
24280.0 88266.79279681973
24290.0 94172.08649908536
24300.0 89620.30828120455
24310.0 88208.4323909824
24320.0 94865.07360697581
24330.0 86212.87414816127
24340.0 88515.724764148
24350.0 93971.73445336717
24360.0 84614.94822069944
24370.0 83036.87761632056
24380.0 92801.5699813629
24390.0 91494.51397409993
24400.0 89739.40004137978
24410.0 87397.21218584864
24420.0 85594.75640241688
24430.0 88072.6947435747
24440.0 82727.0945565892
24450.0 90283.26649857052
24460.0 82275.83451486747
24470.0 81007.90060995762
24480.0 84382.58078124646
24490.0 84572.82703040895
24500.0 86108.04135710032
24510.0 82381.47975919746
24520.0 82385.1502383456
24530.0 82605.49679370053
24540.0 74828.90142404707
24550.0 86332.37578053151
24560.0 85045.49796678938
24570.0 86843.57587868039
24580.0 85173.12186755682
24590.0 81675.6719298992
24600.0 78750.75606830679
24610.0 76875.66627897431
24620.0 85910.89056326146
24630.0 84455.686923291
24640.0 85464.94935705418
24650.0 81093.86386592197
24660.0 84471.01644877478
24670.0 78217.60310245816
24680.0 80609.11381306355
24690.0 82819.61757963008
24700.0 81342.78540112192
24710.0 81287.89329931063
24720.0 82209.76726854977
24730.0 77025.58731188343
24740.0 77231.60297139846
24750.0 77622.33161953546
24760.0 85368.58488028718
24770.0 81716.79321571995
24780.0 76836.49562095148
24790.0 75137.69809844888
24800.0 75267.60288602678
24810.0 75881.73827520304
24820.0 76281.76096864254
24830.0 80456.06573473063
24840.0 74467.59657358212
24850.0 66950.315479383
24860.0 64742.70846015433
24870.0 64494.18251147863
24880.0 64276.678633799325
24890.0 64375.49682743241
24900.0 63310.35909152743
24910.0 64772.37442364687
24920.0 67056.73204463064
24930.0 65681.78370090318
24940.0 65212.79363974881
24950.0 67734.58165023546
24960.0 66496.43772865842
24970.0 65495.9748772336
24980.0 63778.48509032223
24990.0 64020.73443407217
