#lam[Angstrom] flux[erg/cm2/s/A]
1010.0 1435.7431290810564
1020.0 1486.6472615044452
1030.0 5128.851343769465
1040.0 2021.7120629632984
1050.0 1522.346552969223
1060.0 1536.108687321882
1070.0 1622.0830623596346
1080.0 4908.905412188079
1090.0 5001.064160573336
1100.0 1603.2070815211823
1110.0 1616.0584885982278
1120.0 1678.8874422387992
1130.0 1633.0435068356098
1140.0 1773.490330612717
1150.0 1664.2850176987681
1160.0 1695.930215691812
1170.0 1699.067972694179
1180.0 1706.385203383064
1190.0 1716.770912786596
1200.0 2588.636285666616
1210.0 2304.031669459958
1220.0 14659.215014346379
1230.0 2120.4543565043696
1240.0 8643.966090480875
1250.0 3010.7226399198803
1260.0 4189.693272833697
1270.0 4304.399826231801
1280.0 4444.069439532213
1290.0 4796.360860864949
1300.0 5165.15099883228
1310.0 5680.243933847515
1320.0 5933.202912513753
1330.0 6033.362129369322
1340.0 6733.7755229763425
1350.0 6480.697132967476
1360.0 6635.234820859564
1370.0 6733.502660523204
1380.0 6876.270391979226
1390.0 15743.59167528854
1400.0 17508.082681834516
1410.0 12943.150282094186
1420.0 7301.1392178308315
1430.0 7169.5024303747905
1440.0 7206.279491864911
1450.0 7254.226051850055
1460.0 7311.314394401129
1470.0 7367.984034390688
1480.0 7402.68211523012
1490.0 11618.48355002346
1500.0 7329.466333378902
1510.0 7317.395792500722
1520.0 7325.428882636082
1530.0 7654.512791785516
1540.0 7273.985893548936
1550.0 103284.74254895278
1560.0 7276.90904703526
1570.0 7245.6823815693715
1580.0 7591.907071922401
1590.0 7238.812436523477
1600.0 7936.843421627582
1610.0 7224.714498162203
1620.0 7224.140775519463
1630.0 7181.384608584937
1640.0 65682.76349653212
1650.0 7121.248365775418
1660.0 9211.5542415397
1670.0 12543.882729033256
1680.0 7075.625017529571
1690.0 7054.2511584989625
1700.0 7025.420819931186
1710.0 6989.913641376245
1720.0 7503.844408772733
1730.0 7025.026307667033
1740.0 7158.022977555491
1750.0 10620.2794917834
1760.0 6962.512017833497
1770.0 6960.321215092185
1780.0 6981.294512571666
1790.0 7466.234072354032
1800.0 6934.50998507908
1810.0 8553.052396119529
1820.0 8699.971892272197
1830.0 6806.501950164677
1840.0 6763.085732117914
1850.0 7301.806444899896
1860.0 7024.208536041093
1870.0 6683.829821026265
1880.0 10958.46426066369
1890.0 13714.253674456786
1900.0 6617.325099421633
1910.0 44460.710831498865
1920.0 6571.564080229563
1930.0 6600.779075688045
1940.0 6481.014873882911
1950.0 6477.482283026964
1960.0 6411.592780084287
1970.0 6373.858001428555
1980.0 6339.754150030429
1990.0 6311.930852423439
2000.0 6269.2424826085235
2010.0 6214.613022806967
2020.0 5957.164781392072
2030.0 5618.77996760559
2040.0 5453.657345507513
2050.0 5205.61270847226
2060.0 5118.942085219768
2070.0 5157.684032094297
2080.0 5044.290157792742
2090.0 5201.2659446171
2100.0 5089.045674755004
2110.0 5089.82470245538
2120.0 5236.77732562103
2130.0 5229.551794181902
2140.0 5500.390034414506
2150.0 5031.840911943925
2160.0 5070.637685950195
2170.0 4948.6427812412285
2180.0 5143.325420466969
2190.0 5031.312671542277
2200.0 5081.740709238384
2210.0 5143.360617869232
2220.0 5396.3202904023065
2230.0 5280.1982698493275
2240.0 5365.499563199225
2250.0 5699.3119133925475
2260.0 5560.291487123077
2270.0 5671.624480354519
2280.0 5787.425239210832
2290.0 5908.348415880149
2300.0 6178.5852091128645
2310.0 6500.589169835826
2320.0 6824.758201782686
2330.0 12227.580337607653
2340.0 7752.866642312583
2350.0 6912.78020565884
2360.0 6749.177338361596
2370.0 6881.051830582547
2380.0 7013.532533685453
2390.0 7665.514428771661
2400.0 7279.828960119522
2410.0 7431.224036484353
2420.0 7531.775063590751
2430.0 16307.870091272931
2440.0 7785.1559759481115
2450.0 7938.135599472648
2460.0 8030.7422118031645
2470.0 8155.39910230769
2480.0 8279.839492096724
2490.0 8402.48572724647
2500.0 8523.478030910277
2510.0 9509.314938031055
2520.0 8777.126266773199
2530.0 8903.77322203344
2540.0 9008.806210897885
2550.0 9138.919516620545
2560.0 10568.352790494871
2570.0 9357.40795761723
2580.0 9470.228641835114
2590.0 9817.244849826113
2600.0 9731.315472792932
2610.0 9811.518759428836
2620.0 9936.979611822077
2630.0 10080.111174082625
2640.0 10212.763279745084
2650.0 10268.151020867217
2660.0 10377.362742285308
2670.0 11609.294366848235
2680.0 10554.041075128789
2690.0 10648.364548757112
2700.0 10741.160477094361
2710.0 10861.162711748057
2720.0 10913.716761977254
2730.0 11742.866713293835
2740.0 11846.005129450596
2750.0 11265.93125570808
2760.0 11439.4279084331
2770.0 11595.870413583541
2780.0 11645.53137661208
2790.0 45842.223672506574
2800.0 29008.38658250343
2810.0 12049.416830435724
2820.0 12170.090893461651
2830.0 18688.376904998146
2840.0 12230.150189905917
2850.0 12930.80014557148
2860.0 12652.530478535185
2870.0 12647.445923061332
2880.0 12870.49397766413
2890.0 13182.776599966119
2900.0 13386.260012427783
2910.0 13539.371104505723
2920.0 13871.451444329137
2930.0 15779.43710405915
2940.0 13686.976984320005
2950.0 14071.01810192929
2960.0 14229.909862786992
2970.0 13749.908852619033
2980.0 14169.854798515495
2990.0 14387.349775689412
3000.0 14174.243702041938
3010.0 14585.938173542121
3020.0 14301.644651827344
3030.0 15101.30901641834
3040.0 15108.832337128364
3050.0 15174.061899742841
3060.0 15535.499775604185
3070.0 16865.625124691815
3080.0 15985.290266121649
3090.0 16104.632581771297
3100.0 16501.48969742749
3110.0 17983.71556813349
3120.0 19843.192848717135
3130.0 19171.08447969322
3140.0 20663.613333548426
3150.0 21473.354341415405
3160.0 20734.273616152306
3170.0 22887.344386092787
3180.0 21894.98316653006
3190.0 20554.623824490784
3200.0 21921.339925072913
3210.0 24854.20304089181
3220.0 22154.474699398583
3230.0 21114.796752965507
3240.0 23586.32940125921
3250.0 24025.683164852147
3260.0 29720.250222326395
3270.0 27034.455174449104
3280.0 27846.749891870684
3290.0 30491.490557950914
3300.0 32362.166831313738
3310.0 29849.38176545316
3320.0 28724.771734810594
3330.0 31689.355831599776
3340.0 30280.80642861552
3350.0 27939.53826861165
3360.0 27157.71591822896
3370.0 23011.510866356493
3380.0 27936.138335521
3390.0 26425.429858469546
3400.0 32120.08131703142
3410.0 27209.323412781414
3420.0 30511.550843615318
3430.0 31528.107453796016
3440.0 22095.2560426317
3450.0 26807.005244644955
3460.0 25717.82614913061
3470.0 25956.831281757983
3480.0 30374.85324530024
3490.0 26788.36381130483
3500.0 32377.951291344554
3510.0 30707.554721646375
3520.0 27995.68453162343
3530.0 33226.49731302755
3540.0 45086.673570141866
3550.0 39348.70069048229
3560.0 35947.111465359965
3570.0 26331.21261418936
3580.0 24619.489742819143
3590.0 25595.52807918207
3600.0 30294.34332440231
3610.0 28410.33831686725
3620.0 32178.3840671822
3630.0 36211.83758170635
3640.0 37233.70685801133
3650.0 31671.06291243825
3660.0 50320.574713858834
3670.0 50032.390022086896
3680.0 38276.201483254314
3690.0 43354.95616702513
3700.0 47366.74629476558
3710.0 32860.5680604894
3720.0 24052.62971167622
3730.0 37057.09714917524
3740.0 21683.36514759664
3750.0 23679.86523804326
3760.0 30542.015903893167
3770.0 44495.097951852564
3780.0 51723.020955242326
3790.0 41218.694386335024
3800.0 45121.59931076176
3810.0 46242.156910487596
3820.0 26993.9669602458
3830.0 28068.202365775905
3840.0 38216.04526741515
3850.0 41855.89564506091
3860.0 38992.59903350298
3870.0 43158.75810970974
3880.0 37805.04512934518
3890.0 37540.16508009763
3900.0 37626.40020120749
3910.0 51840.782342091974
3920.0 39625.420445946525
3930.0 27661.849126453395
3940.0 34719.08233755459
3950.0 44365.035264359896
3960.0 32867.20508114352
3970.0 36970.65951279117
3980.0 66044.23841756006
3990.0 72070.89897737754
4000.0 70537.86052112206
4010.0 80870.80407532788
4020.0 86213.94863177207
4030.0 49483.07346972467
4040.0 78534.95120309247
4050.0 78656.3651302255
4060.0 76049.48258416857
4070.0 78221.32236094146
4080.0 91106.4133470757
4090.0 118686.97295703788
4100.0 90406.60131625127
4110.0 86136.89708708398
4120.0 94168.16247504845
4130.0 83798.25838818846
4140.0 83900.75562999016
4150.0 94075.5977940843
4160.0 105949.03165846718
4170.0 86358.83651014464
4180.0 92241.17498505682
4190.0 82027.54082096097
4200.0 66579.1649893845
4210.0 58401.583510562166
4220.0 34637.565479976576
4230.0 27428.721665656172
4240.0 52230.96307918703
4250.0 55351.43823701261
4260.0 71667.41758511585
4270.0 66404.7209836599
4280.0 72774.60665325323
4290.0 62957.84598091724
4300.0 70925.01113413797
4310.0 82278.65062798905
4320.0 100409.91547382326
4330.0 114347.62142868996
4340.0 113690.360125135
4350.0 121613.87847562924
4360.0 129165.85508948684
4370.0 131380.5622038929
4380.0 86783.12691833421
4390.0 119416.73156804091
4400.0 117080.78086992972
4410.0 112936.73839041794
4420.0 122424.39409482216
4430.0 91791.45683167649
4440.0 107314.24452915869
4450.0 111061.65122325374
4460.0 90634.07714793888
4470.0 123742.90434324225
4480.0 131843.59906009858
4490.0 139009.81388653186
4500.0 139162.86986764878
4510.0 131162.08173633873
4520.0 133911.52691208234
4530.0 102944.95308839122
4540.0 125538.60311226684
4550.0 118143.3598625865
4560.0 148666.78510135115
4570.0 161913.05654840922
4580.0 123691.43001569416
4590.0 106860.64322974243
4600.0 123340.52991364477
4610.0 142755.74088372395
4620.0 141974.78112394075
4630.0 120195.99988784902
4640.0 120071.89205798866
4650.0 117039.98991858825
4660.0 153157.99324433427
4670.0 126253.85922921517
4680.0 126386.3859635029
4690.0 148319.4567332875
4700.0 157808.7033318765
4710.0 162371.5504407896
4720.0 146492.23840408574
4730.0 155159.9463176646
4740.0 153274.0209225572
4750.0 172491.65963899557
4760.0 127930.51149118698
4770.0 107704.625747623
4780.0 122774.33602764456
4790.0 126105.28956973438
4800.0 119396.43152864806
4810.0 73636.0878509128
4820.0 102404.89487119915
4830.0 117169.66228925818
4840.0 135445.39982865742
4850.0 121247.88823021318
4860.0 138685.30488095546
4870.0 135083.05007898723
4880.0 139410.2307555835
4890.0 166540.23545679066
4900.0 183345.8237752135
4910.0 194759.13597747267
4920.0 192202.75774314904
4930.0 218734.6853474839
4940.0 196716.57261899672
4950.0 228008.17672793652
4960.0 147989.37519576016
4970.0 133226.42635788154
4980.0 134055.90748312254
4990.0 132514.18777273485
5000.0 118261.22925244935
5010.0 220857.6633973259
5020.0 111535.38295774076
5030.0 150407.61788514053
5040.0 118194.66817626412
5050.0 128526.01668393012
5060.0 129093.3809076562
5070.0 135678.46464194055
5080.0 122667.44863646127
5090.0 132296.46296235244
5100.0 148328.5293927286
5110.0 126290.54269622272
5120.0 141790.66163843797
5130.0 144142.759604816
5140.0 147528.5488013207
5150.0 148305.0135066704
5160.0 160867.39595181437
5170.0 84937.28686025378
5180.0 97290.25193266604
5190.0 113356.95477135397
5200.0 144484.18398458097
5210.0 107685.60146946796
5220.0 197967.2114900722
5230.0 191386.88063750815
5240.0 205354.22196820553
5250.0 189199.3019099438
5260.0 187011.9933731413
5270.0 136117.20165861576
5280.0 204862.89599273558
5290.0 236210.71876331116
5300.0 209951.27377275535
5310.0 233380.60108628497
5320.0 218234.76867292734
5330.0 172301.4652515889
5340.0 218910.5947519992
5350.0 216187.4094304964
5360.0 215034.49994490194
5370.0 179153.78687513055
5380.0 237278.7602514278
5390.0 225472.1331793992
5400.0 192501.66018176227
5410.0 185673.72256169477
5420.0 232074.7875664121
5430.0 183785.7289140253
5440.0 231038.32010267512
5450.0 148403.3316592118
5460.0 150492.42012163554
5470.0 180824.57118263136
5480.0 182645.49594155842
5490.0 197991.24197026735
5500.0 165192.43904054732
5510.0 168176.22901496195
5520.0 197679.47610042672
5530.0 198525.28361077252
5540.0 211465.82598198167
5550.0 215509.09964155758
5560.0 215981.1280532762
5570.0 209045.98742657274
5580.0 208756.7012266747
5590.0 178282.3019448144
5600.0 157557.5787706784
5610.0 178053.73915620922
5620.0 174504.6887428423
5630.0 178631.2194908627
5640.0 170330.38170456942
5650.0 204623.28153442987
5660.0 184251.58602039053
5670.0 187941.79645584154
5680.0 206314.34886428554
5690.0 219493.696216288
5700.0 214645.36568563327
5710.0 220800.80062174704
5720.0 236687.5149402968
5730.0 233032.041270395
5740.0 250041.88087217015
5750.0 260001.6110773096
5760.0 230336.5845508135
5770.0 234398.0662610408
5780.0 249451.26100262467
5790.0 255794.587599603
5800.0 279020.93179638614
5810.0 258805.27881285863
5820.0 265409.87336064025
5830.0 271171.2319401292
5840.0 271400.24884851003
5850.0 238240.36039330662
5860.0 215496.99937924094
5870.0 204646.0611382419
5880.0 180037.25224998145
5890.0 118450.18396677847
5900.0 137249.10094236053
5910.0 169208.4542591557
5920.0 170346.40774009755
5930.0 177900.71151053288
5940.0 195943.4894135698
5950.0 183462.5254715563
5960.0 182232.52533727503
5970.0 191239.4678816293
5980.0 199471.70793335914
5990.0 219381.0837707327
6000.0 213403.64088350013
6010.0 222324.79188446476
6020.0 227677.95498059015
6030.0 243234.70289376218
6040.0 245481.60058938264
6050.0 251896.0922494037
6060.0 257305.70161909796
6070.0 269163.42919609987
6080.0 291826.56347417214
6090.0 276831.38661185856
6100.0 256770.42967232887
6110.0 280168.4162951238
6120.0 256716.93881739228
6130.0 292843.0250100706
6140.0 291240.6439448748
6150.0 283217.41848219873
6160.0 193573.43620737843
6170.0 188513.7774925681
6180.0 210748.79847213166
6190.0 172641.79563233306
6200.0 188386.36775373324
6210.0 189107.86622748725
6220.0 156074.57428949254
6230.0 146281.5553782701
6240.0 146449.60431444744
6250.0 164502.76890642155
6260.0 168805.18030706054
6270.0 175623.16589840286
6280.0 181854.5664542754
6290.0 194364.45530442882
6300.0 200098.61504599557
6310.0 217709.44092597635
6320.0 227546.25731215504
6330.0 229306.3279235115
6340.0 249809.16405253042
6350.0 214097.41690026943
6360.0 198013.7765332106
6370.0 217498.20944779433
6380.0 201878.6861041117
6390.0 196232.50389186075
6400.0 222162.60354631225
6410.0 245050.73495624898
6420.0 235236.4571262123
6430.0 245498.68515061092
6440.0 252538.58045405755
6450.0 262420.3696751573
6460.0 261611.46107181473
6470.0 284381.1902822942
6480.0 233221.15148514108
6490.0 219698.32526695897
6500.0 209153.16196832174
6510.0 220343.37235309128
6520.0 223942.54003209888
6530.0 253938.34468784434
6540.0 267117.260535404
6550.0 251735.36827087647
6560.0 311730.58822886465
6570.0 272583.3616167414
6580.0 284539.8519784098
6590.0 297202.19736959354
6600.0 304737.3880752438
6610.0 297236.7264934441
6620.0 293264.52053068613
6630.0 291819.0855863529
6640.0 297132.8464473785
6650.0 266315.3263241146
6660.0 255040.06777418227
6670.0 282015.0502056808
6680.0 239979.13254655333
6690.0 236646.25480466965
6700.0 251862.38535297036
6710.0 232750.1840117047
6720.0 194303.52735106682
6730.0 219032.3013808068
6740.0 223871.66029293582
6750.0 209077.13342548668
6760.0 220812.76385788017
6770.0 244639.90325629796
6780.0 218284.68182884972
6790.0 206033.69050970976
6800.0 222495.81097913862
6810.0 233502.9063955064
6820.0 221027.92690534296
6830.0 241454.65249406558
6840.0 245330.29860590494
6850.0 222195.81321054487
6860.0 217107.05735392854
6870.0 227855.4587154801
6880.0 240857.56400941004
6890.0 236857.9321444868
6900.0 246024.60615302954
6910.0 277979.5035577188
6920.0 259354.55172662385
6930.0 272586.6731879989
6940.0 266909.64116086654
6950.0 292714.7363577621
6960.0 302886.5020703838
6970.0 313640.57560518297
6980.0 319677.48569150653
6990.0 336623.5921741586
7000.0 337880.33001732395
7010.0 357755.7052248414
7020.0 374862.65244438674
7030.0 391912.43138343433
7040.0 427467.4429128946
7050.0 435761.1211579128
7060.0 305859.2994071929
7070.0 344449.3720778487
7080.0 368788.70758457424
7090.0 269965.4554135185
7100.0 275751.1118826036
7110.0 310672.9427215076
7120.0 344792.41483064543
7130.0 209297.44337990475
7140.0 234872.00630900572
7150.0 245975.6663882249
7160.0 267394.1465382656
7170.0 276979.79150364164
7180.0 306101.6703447332
7190.0 329578.7350605276
7200.0 276349.77758681506
7210.0 280558.2114979667
7220.0 326772.2315512142
7230.0 337103.5491198342
7240.0 348355.40506310505
7250.0 384654.8887226275
7260.0 406681.83543317067
7270.0 391773.3996766258
7280.0 396323.91533744655
7290.0 431955.2718791092
7300.0 450020.8340428668
7310.0 461436.7621568523
7320.0 468834.2004652577
7330.0 464418.3998365662
7340.0 493937.8487258396
7350.0 498092.46995464945
7360.0 485754.3226915711
7370.0 530524.4279056027
7380.0 529392.1599222892
7390.0 525048.2460403462
7400.0 531159.8660449673
7410.0 537501.1431084025
7420.0 537560.8256843027
7430.0 545521.8917250299
7440.0 547140.9677709416
7450.0 534504.3145178609
7460.0 537618.0474572958
7470.0 547119.5184007369
7480.0 559171.5937703414
7490.0 549957.8836203398
7500.0 555665.2542447072
7510.0 551415.2233740845
7520.0 563432.1805076088
7530.0 566128.6017115047
7540.0 571991.2910198288
7550.0 580067.3936807215
7560.0 581102.0188226477
7570.0 577805.8741960163
7580.0 579093.0482333134
7590.0 518279.9031565717
7600.0 522186.32844999054
7610.0 522377.3891547866
7620.0 540432.9997074245
7630.0 485666.42764712835
7640.0 491779.2915052432
7650.0 499325.9305550765
7660.0 484397.74236648885
7670.0 405722.8805127599
7680.0 427833.485207611
7690.0 441395.4660301324
7700.0 433910.61218182195
7710.0 417962.08868509316
7720.0 442508.70375030657
7730.0 465426.1796985463
7740.0 474512.88843448705
7750.0 422538.9479555078
7760.0 426121.62899094005
7770.0 447853.3755140366
7780.0 443197.4638243153
7790.0 443460.48022931686
7800.0 463961.4149836986
7810.0 485484.1860058019
7820.0 481288.553099048
7830.0 453290.45264229144
7840.0 446953.4128901899
7850.0 475187.42574415053
7860.0 484806.82994298055
7870.0 490434.4375935426
7880.0 502549.0489017216
7890.0 521241.6979475695
7900.0 512908.7732731505
7910.0 495070.69059280696
7920.0 505137.3042190897
7930.0 518222.8108907121
7940.0 514539.27558669174
7950.0 522463.63845089136
7960.0 542468.509210327
7970.0 549599.6446399442
7980.0 543978.4457131111
7990.0 544397.319754319
8000.0 543356.6935839967
8010.0 558733.0085062146
8020.0 562135.3391215694
8030.0 564562.212704941
8040.0 575197.565647386
8050.0 566002.735260372
8060.0 585801.0705162877
8070.0 574003.7495000674
8080.0 580470.7356081457
8090.0 589595.5064317859
8100.0 597736.3692060853
8110.0 602383.5560503805
8120.0 600975.6791875147
8130.0 607389.6078336893
8140.0 615290.3509839883
8150.0 622095.400459671
8160.0 617758.7475280571
8170.0 625285.9742165173
8180.0 593039.2258677735
8190.0 589837.1792328843
8200.0 572990.8150948815
8210.0 590868.7047603986
8220.0 592551.7968802728
8230.0 606843.9018311227
8240.0 603199.490153421
8250.0 606705.5485831494
8260.0 608184.4811714586
8270.0 599316.5629569212
8280.0 594511.0310877213
8290.0 586553.7159201992
8300.0 584967.8066268835
8310.0 579943.2334852391
8320.0 594800.0421398038
8330.0 557227.4875742537
8340.0 585625.7599630962
8350.0 570575.7066347516
8360.0 569681.1471775388
8370.0 586315.302507908
8380.0 548707.3750227981
8390.0 541703.3923447452
8400.0 572476.5413871899
8410.0 578907.2001781426
8420.0 571621.0911143253
8430.0 527007.92341592
8440.0 488460.423806089
8450.0 479260.5457888729
8460.0 472331.79245557066
8470.0 454064.99030857085
8480.0 487696.93624647334
8490.0 499842.92022421403
8500.0 481214.7450065559
8510.0 477848.60734960303
8520.0 471719.1816776076
8530.0 490400.67448350706
8540.0 459743.6949690699
8550.0 508324.21040312236
8560.0 519387.2063006286
8570.0 522805.6224884236
8580.0 524411.939499496
8590.0 527638.016415145
8600.0 528994.8818873288
8610.0 531479.8948378837
8620.0 544563.8180514683
8630.0 551373.4561151256
8640.0 558120.131779749
8650.0 555555.176951627
8660.0 502267.8060081597
8670.0 547543.0865863487
8680.0 538123.8303494866
8690.0 516328.70358816057
8700.0 566802.4638617184
8710.0 571554.3171602315
8720.0 572291.7053319335
8730.0 575779.5183385657
8740.0 579984.2428843688
8750.0 584304.2117158584
8760.0 584066.3666814141
8770.0 574942.6624452187
8780.0 593570.8664051073
8790.0 600417.5450036688
8800.0 595922.4021243909
8810.0 581221.2521703187
8820.0 576899.9825252469
8830.0 605683.6363003796
8840.0 601315.2736097301
8850.0 617520.9708849404
8860.0 551834.0276068044
8870.0 534701.584031468
8880.0 546437.6625994962
8890.0 552872.6826704249
8900.0 564794.7594629554
8910.0 572676.8080733801
8920.0 573482.6544113293
8930.0 578331.5298997867
8940.0 565931.4357752724
8950.0 556649.4837322799
8960.0 570799.7492935614
8970.0 571691.2407628085
8980.0 577130.8888435225
8990.0 586714.262565977
9000.0 568433.7944856585
9010.0 581018.9861726734
9020.0 577523.9024184021
9030.0 583281.374768251
9040.0 593570.2436331222
9050.0 597420.5449418626
9060.0 599005.1589938382
9070.0 603515.3739474379
9080.0 609527.9327494274
9090.0 586250.0811726261
9100.0 600571.7325059194
9110.0 601907.8131945046
9120.0 608038.367488948
9130.0 616406.1381048649
9140.0 616655.0238069401
9150.0 616690.9523209733
9160.0 618983.2294176196
9170.0 615456.026825809
9180.0 622392.9222820144
9190.0 623390.5950169435
9200.0 620491.1343437282
9210.0 603140.0039171585
9220.0 596743.3480136899
9230.0 588349.4742302127
9240.0 591531.0629067414
9250.0 581156.176998057
9260.0 581378.7216776605
9270.0 597095.0742265081
9280.0 583086.2868754059
9290.0 563772.8127304302
9300.0 570646.7428770829
9310.0 575038.8694774018
9320.0 570023.1410014854
9330.0 577589.479260206
9340.0 584668.4489264195
9350.0 575537.1554342454
9360.0 571349.9492782141
9370.0 574661.6392834012
9380.0 575019.6298062903
9390.0 576043.5071064817
9400.0 576817.0693048027
9410.0 578339.6960939466
9420.0 580739.8946682377
9430.0 586011.6712829627
9440.0 579348.0452766889
9450.0 570360.2335518217
9460.0 579943.8053807983
9470.0 588708.734741776
9480.0 591521.307838671
9490.0 595389.8143724819
9500.0 594212.6418437905
9510.0 589180.6008913228
9520.0 594300.1335757087
9530.0 589865.7776178898
9540.0 596437.6821271689
9550.0 582104.0621727082
9560.0 597632.3777581211
9570.0 588558.281090383
9580.0 602062.87198652
9590.0 602589.4359976654
9600.0 574810.9100206137
9610.0 600806.1070030667
9620.0 604524.8573478893
9630.0 602895.6293066462
9640.0 560195.4919840513
9650.0 570546.8898398039
9660.0 597498.0229524627
9670.0 585385.593741581
9680.0 570040.3183842524
9690.0 584593.4165288644
9700.0 597668.4703511033
9710.0 579760.3344728395
9720.0 592747.8464068356
9730.0 565225.2150972798
9740.0 573501.8001442893
9750.0 587320.1613354064
9760.0 597240.726045465
9770.0 578857.5737817328
9780.0 571913.9788600923
9790.0 577468.5691932469
9800.0 600331.4703973401
9810.0 592039.7051316655
9820.0 594353.0639015076
9830.0 581384.839050692
9840.0 591407.9330527536
9850.0 595423.8805628795
9860.0 596624.5407167466
9870.0 596170.1403440962
9880.0 599216.6214440269
9890.0 599963.6795423527
9900.0 572970.6200386181
9910.0 555550.0301949389
9920.0 558642.5150336834
9930.0 563519.9845350195
9940.0 582616.9525792078
9950.0 582641.0432225254
9960.0 583766.8646113676
9970.0 576660.6540731572
9980.0 577863.8810029252
9990.0 577805.6553406165
10010.0 573359.5143044486
10020.0 581004.2737115261
10030.0 574577.2251758625
10040.0 578516.2154911268
10050.0 564783.5580926195
10060.0 558085.3146548022
10070.0 575563.5306963251
10080.0 580429.4271003649
10090.0 574948.3343599376
10100.0 586104.9122414542
10110.0 576984.8638737471
10120.0 575395.5946006606
10130.0 581200.109437721
10140.0 574208.7718740606
10150.0 569515.1085704551
10160.0 570521.9091420087
10170.0 574119.9885384763
10180.0 572725.136410506
10190.0 573496.2844249564
10200.0 571814.3634954572
10210.0 572756.6418640428
10220.0 569383.2190130998
10230.0 575090.4042226657
10240.0 585486.5414560847
10250.0 570129.1399040063
10260.0 561427.7301607134
10270.0 564428.4734936362
10280.0 562386.1350319777
10290.0 569639.0633662185
10300.0 565554.6286082228
10310.0 575610.4800864628
10320.0 568785.8534273566
10330.0 569784.0784650081
10340.0 528625.7800173251
10350.0 565214.4419917057
10360.0 574624.255550527
10370.0 577427.4469056344
10380.0 567197.8704624084
10390.0 567005.591281017
10400.0 551779.7563051737
10410.0 569289.7332468571
10420.0 566510.8120004104
10430.0 566340.6631307057
10440.0 576598.430569611
10450.0 575364.1078501589
10460.0 573649.6414641739
10470.0 561501.7372252978
10480.0 569346.1849432456
10490.0 570673.5992838324
10500.0 559779.6876826627
10510.0 564143.6521072419
10520.0 565378.0446711276
10530.0 575599.4635924536
10540.0 571122.6733371834
10550.0 568168.6911392786
10560.0 570522.6182802863
10570.0 564352.9829044068
10580.0 561117.3139959298
10590.0 564963.9208908749
10600.0 568016.5294001165
10610.0 562209.2535537702
10620.0 562443.9097549695
10630.0 571606.189335414
10640.0 569038.8400897647
10650.0 563893.8659083365
10660.0 552440.5067970487
10670.0 560861.459968645
10680.0 559910.7623152504
10690.0 564909.1587636361
10700.0 564188.4880781877
10710.0 567403.00983537
10720.0 565702.3252228075
10730.0 545817.3078486935
10740.0 568674.2745401752
10750.0 561161.7661779403
10760.0 563213.561538797
10770.0 568235.6119188378
10780.0 566941.8079935468
10790.0 562093.950049711
10800.0 553172.922115758
10810.0 548381.2399418526
10820.0 576378.4527981934
10830.0 559930.7015912657
10840.0 562964.4789364431
10850.0 562180.7706638745
10860.0 557988.59728351
10870.0 560686.2210695862
10880.0 561544.5434753733
10890.0 559796.5720729907
10900.0 562219.2125338424
10910.0 553430.8298048258
10920.0 558179.1632748359
10930.0 559315.2727567783
10940.0 564542.5121149563
10950.0 560830.4190915616
10960.0 549567.5880670182
10970.0 550561.5840388658
10980.0 555224.5351858042
10990.0 556505.3036737547
11000.0 556331.252515988
11010.0 553411.9024295656
11020.0 551828.5382184329
11030.0 545531.6631350644
11040.0 543458.9935451322
11050.0 538764.748463903
11060.0 542621.076471093
11070.0 541489.438497309
11080.0 540931.1817751934
11090.0 548530.2654649847
11100.0 549142.3667422264
11110.0 542912.9017260264
11120.0 535620.0536078823
11130.0 545056.6792527632
11140.0 547824.3517553257
11150.0 539041.6673228324
11160.0 540029.5672090237
11170.0 545408.4998436244
11180.0 545443.6703319307
11190.0 540363.8225625621
11200.0 534176.8040066764
11210.0 544236.74516071
11220.0 542257.4942923283
11230.0 544569.7917215048
11240.0 542363.807972524
11250.0 503253.66645933635
11260.0 533653.8864050427
11270.0 545617.6942749918
11280.0 540261.8246506534
11290.0 536916.4844988876
11300.0 526339.6797089895
11310.0 539198.098749514
11320.0 542459.7972052463
11330.0 534571.4226906124
11340.0 534675.5082925806
11350.0 539851.2569103099
11360.0 539412.5982456114
11370.0 528731.4537721166
11380.0 516477.66135363904
11390.0 528060.1016070239
11400.0 507183.7111884038
11410.0 533023.425578513
11420.0 524809.2983472897
11430.0 536575.120304995
11440.0 522738.69974421634
11450.0 533753.1900567816
11460.0 536998.78545312
11470.0 529124.2916249336
11480.0 526275.1388425782
11490.0 535215.5870671357
11500.0 536722.5663236993
11510.0 533576.9516427489
11520.0 534983.9585524324
11530.0 535690.4364338457
11540.0 529832.0268446897
11550.0 532996.8083442728
11560.0 532994.4957870565
11570.0 532099.972016615
11580.0 532656.0699638656
11590.0 513499.93071519816
11600.0 530376.3818061902
11610.0 494925.440697172
11620.0 530716.6590047558
11630.0 528339.0861507858
11640.0 508629.8422264037
11650.0 528576.5013482961
11660.0 527710.5519903323
11670.0 527948.8380271317
11680.0 526633.026502735
11690.0 502813.63051483774
11700.0 527882.0750729302
11710.0 524541.5392596303
11720.0 523642.40779749054
11730.0 525287.4950804643
11740.0 522148.974725069
11750.0 522842.90493340674
11760.0 522339.0772415355
11770.0 504580.6975503316
11780.0 498393.18082069885
11790.0 519845.7189714127
11800.0 516240.23747780174
11810.0 518384.04325924884
11820.0 517514.57289789815
11830.0 489483.0731450706
11840.0 519139.8798470247
11850.0 517751.32859194797
11860.0 518623.34237452986
11870.0 518719.4959774755
11880.0 469095.1513705295
11890.0 507768.3853110872
11900.0 517429.78629462357
11910.0 512833.2084955773
11920.0 517239.98844980524
11930.0 516221.53026631416
11940.0 513510.646145989
11950.0 500314.06806544506
11960.0 499456.74000542256
11970.0 465066.2717198817
11980.0 502873.5004870985
11990.0 508519.1663228331
12000.0 510462.9740301029
12010.0 511932.2221467149
12020.0 508162.88090841396
12030.0 503135.01503257395
12040.0 510768.906133934
12050.0 507406.282504433
12060.0 510309.41949371883
12070.0 504934.6392457202
12080.0 490872.8255072378
12090.0 504541.4169629191
12100.0 507178.327363454
12110.0 506210.17895649525
12120.0 506805.3153856683
12130.0 504241.22159192245
12140.0 507592.0188860418
12150.0 507397.35132795695
12160.0 504166.30329843477
12170.0 504566.735620475
12180.0 505851.8363485027
12190.0 503262.9943960494
12200.0 503977.41530798253
12210.0 503340.16575582314
12220.0 503344.809507746
12230.0 503343.8484050192
12240.0 501856.4504040787
12250.0 502698.37651488505
12260.0 502928.25238338194
12270.0 500321.119986508
12280.0 502012.3930814391
12290.0 500872.8089736967
12300.0 500198.7560887098
12310.0 499559.4052559437
12320.0 497686.52701588767
12330.0 497571.1142595813
12340.0 498068.1410396307
12350.0 498739.3638516451
12360.0 496848.7458600002
12370.0 497419.33354292944
12380.0 498411.3650042581
12390.0 493334.4042959479
12400.0 495225.0531039128
12410.0 493117.3502898816
12420.0 484202.1110827242
12430.0 480148.0493410047
12440.0 488659.6121003516
12450.0 489489.8935364323
12460.0 490948.50702721666
12470.0 488891.0617301752
12480.0 488810.6534789089
12490.0 490504.8991805771
12500.0 488755.2283345821
12510.0 487587.7295759168
12520.0 478530.5260507344
12530.0 485128.5428648223
12540.0 488232.57317713375
12550.0 487914.1434522298
12560.0 482631.85437845346
12570.0 485590.9509488377
12580.0 485264.76250698906
12590.0 482296.33446391835
12600.0 481478.0304142942
12610.0 482828.08603544935
12620.0 482957.7072384599
12630.0 482933.40817477874
12640.0 479649.88402012445
12650.0 482016.14050655626
12660.0 483132.090259771
12670.0 476597.3548004161
12680.0 476293.1201304549
12690.0 482687.67465169093
12700.0 480187.0939746917
12710.0 480872.2125975383
12720.0 481605.6877672657
12730.0 481087.2844373311
12740.0 469189.3392187532
12750.0 477181.40594832966
12760.0 479981.3448798572
12770.0 477473.4159209939
12780.0 477210.0763995913
12790.0 478826.9152599367
12800.0 477714.6643803787
12810.0 472714.549517021
12820.0 442817.0689153331
12830.0 460680.18930499436
12840.0 472634.7085163911
12850.0 465527.8252274199
12860.0 472338.91540959565
12870.0 473381.32098220853
12880.0 469551.2946909649
12890.0 470943.26233753527
12900.0 450791.5091416382
12910.0 461185.79837878543
12920.0 468499.8929457445
12930.0 471151.44092615193
12940.0 469827.5209499915
12950.0 469033.15300396475
12960.0 471238.06304810295
12970.0 470862.21172928327
12980.0 463800.21021753846
12990.0 469080.7193137973
13000.0 469451.2806063771
13010.0 461458.4408666675
13020.0 469561.65143285063
13030.0 463012.00720146345
13040.0 468378.6955207879
13050.0 468238.3974496971
13060.0 466375.1910482101
13070.0 466351.6472169144
13080.0 459824.49644681095
13090.0 462443.27862147876
13100.0 464642.5726124437
13110.0 462655.3781092497
13120.0 413550.6167441585
13130.0 443743.97913795133
13140.0 456634.09638015745
13150.0 416400.25054171635
13160.0 461197.85522760625
13170.0 461277.10314644955
13180.0 461444.47042626474
13190.0 462710.58954055177
13200.0 456756.58472830994
13210.0 458733.2863007056
13220.0 456581.75376686704
13230.0 460412.7259691126
13240.0 459975.3236063145
13250.0 455326.3953534627
13260.0 456699.64410831756
13270.0 451986.62992086547
13280.0 451897.84860097966
13290.0 442163.4607987513
13300.0 453971.73713918054
13310.0 447447.7747034272
13320.0 415437.50680390815
13330.0 448677.3751005745
13340.0 435346.21075062983
13350.0 426176.06645180366
13360.0 431158.7638781516
13370.0 428546.6538788691
13380.0 433906.5691437182
13390.0 434140.08359218074
13400.0 427399.1132865399
13410.0 432824.66191259195
13420.0 425372.30005567893
13430.0 428304.00211119425
13440.0 422839.7457481396
13450.0 437055.45755498216
13460.0 429731.1091319885
13470.0 428091.0557072325
13480.0 429402.8900010363
13490.0 434619.8152507194
13500.0 411813.83649367804
13510.0 432884.05793461285
13520.0 425839.60420580505
13530.0 428954.92404734157
13540.0 423610.2773260769
13550.0 420904.2549540294
13560.0 432369.9611341674
13570.0 425186.4918941226
13580.0 425611.3629195698
13590.0 421252.621309889
13600.0 423871.9461329534
13610.0 424347.7625601289
13620.0 415403.3558580927
13630.0 414426.71913091413
13640.0 413675.8824735145
13650.0 425776.1352805196
13660.0 423524.9679511386
13670.0 424997.1179695174
13680.0 419819.5275597837
13690.0 424103.54234139103
13700.0 425038.7285477318
13710.0 418138.537765195
13720.0 427577.6033921752
13730.0 422387.4138908125
13740.0 424949.16035461426
13750.0 424075.4931341711
13760.0 422362.84312692744
13770.0 425331.67326897214
13780.0 421319.01263439324
13790.0 420480.11204526847
13800.0 424011.7869075325
13810.0 425711.34979782696
13820.0 416816.11670807085
13830.0 423078.38300562085
13840.0 423178.0225024746
13850.0 412699.2373775802
13860.0 403390.30578881846
13870.0 422506.0659532516
13880.0 414068.86443922407
13890.0 415590.7871595347
13900.0 407865.1995233985
13910.0 368085.8976933731
13920.0 381856.7627726998
13930.0 393765.9169038472
13940.0 407314.8434062979
13950.0 395318.0097655739
13960.0 411916.138655448
13970.0 392243.8916062704
13980.0 395313.3891670979
13990.0 409065.3923110886
14000.0 386290.2779242007
14010.0 397626.823742636
14020.0 408809.3068696832
14030.0 407811.65986690926
14040.0 396280.65767891175
14050.0 402066.6310723795
14060.0 401730.822756696
14070.0 402333.45912614773
14080.0 390329.0962492305
14090.0 400149.6835692109
14100.0 393948.504579348
14110.0 401133.3281397587
14120.0 393719.3119198398
14130.0 392267.0173110897
14140.0 389292.57492050604
14150.0 402009.2922247458
14160.0 394483.5111639521
14170.0 388787.2109369828
14180.0 387466.40813750296
14190.0 387977.01488988503
14200.0 394724.8121234997
14210.0 396591.1191368682
14220.0 390148.7921112993
14230.0 390881.72915681126
14240.0 388464.8088922299
14250.0 377950.50708673534
14260.0 372532.0428074114
14270.0 371758.18777504034
14280.0 387673.5022933238
14290.0 380300.01775396947
14300.0 397391.28692934057
14310.0 389042.52619552636
14320.0 392018.1257520255
14330.0 393557.42890170997
14340.0 377120.63223560416
14350.0 378604.69626550627
14360.0 388912.06178960094
14370.0 387992.83252968633
14380.0 391609.47039380745
14390.0 381322.75999955484
14400.0 383028.6560656964
14410.0 383113.1832340026
14420.0 385678.93720184395
14430.0 392682.557709132
14440.0 386071.04985769873
14450.0 380748.45450779895
14460.0 388335.6256294776
14470.0 381307.97958689014
14480.0 388817.6006678586
14490.0 389703.41283344495
14500.0 381829.4804664627
14510.0 377187.10247622355
14520.0 385397.4466793752
14530.0 385566.18658613396
14540.0 384182.81584659824
14550.0 385265.92391492677
14560.0 372454.43564646813
14570.0 379002.13035605376
14580.0 389930.4895990273
14590.0 385515.242503611
14600.0 370348.04949263594
14610.0 345770.50896016037
14620.0 373196.5887768193
14630.0 367227.2026144113
14640.0 376536.7455707381
14650.0 368400.3441991382
14660.0 375106.4802906729
14670.0 363281.0164451946
14680.0 371093.925670684
14690.0 369308.9869269596
14700.0 366547.96375085576
14710.0 366566.81955044187
14720.0 380227.3737249681
14730.0 379682.7000188578
14740.0 366830.6886512543
14750.0 365035.63138320687
14760.0 377008.14545144973
14770.0 363455.4482085401
14780.0 373377.26342651807
14790.0 376750.0977511195
14800.0 360062.93567337515
14810.0 370658.2541555692
14820.0 375881.05579839955
14830.0 367137.97721805127
14840.0 375308.81855418225
14850.0 371641.8792389142
14860.0 372648.8815771469
14870.0 369214.41492126463
14880.0 327674.6805618181
14890.0 375227.34561564616
14900.0 365814.3643200207
14910.0 374797.71435270703
14920.0 372625.18451302685
14930.0 374258.98615369765
14940.0 374094.15882527706
14950.0 373324.5096799408
14960.0 375032.57639622426
14970.0 378756.82307238824
14980.0 378832.83646523266
14990.0 376327.5462045744
15000.0 359687.1855992014
15010.0 371656.3163746974
15020.0 336501.20238226117
15030.0 352746.6612640402
15040.0 343639.5497983203
15050.0 343227.49688300217
15060.0 369241.55510587536
15070.0 372451.36652180814
15080.0 366006.4986985449
15090.0 375802.72682900424
15100.0 372368.8946516038
15110.0 373082.8559682341
15120.0 370273.67596082465
15130.0 356183.07993448374
15140.0 374892.7800252719
15150.0 364153.71011453954
15160.0 367796.61040615005
15170.0 362891.2539607484
15180.0 371630.45508281694
15190.0 370458.37705269863
15200.0 375287.9450262077
15210.0 376817.91857072845
15220.0 368406.33229356114
15230.0 379397.74589618796
15240.0 366068.43003018014
15250.0 372719.0308864599
15260.0 359009.41954274545
15270.0 368248.4207488884
15280.0 352173.5064403191
15290.0 367400.27313613356
15300.0 374073.4959568079
15310.0 375522.124752906
15320.0 362339.20207849605
15330.0 355420.66111982136
15340.0 368055.1716352974
15350.0 373441.10825905483
15360.0 376775.5656809788
15370.0 351430.13516362343
15380.0 353863.29743437044
15390.0 356715.4036479816
15400.0 354391.7388238418
15410.0 356887.19988779695
15420.0 354594.7941548451
15430.0 342201.84302878013
15440.0 372101.49686788575
15450.0 376116.1817824216
15460.0 363521.4127172324
15470.0 364997.26614374423
15480.0 371877.96317678096
15490.0 374115.5625039369
15500.0 363241.45911337325
15510.0 354148.69371077174
15520.0 376410.8204472112
15530.0 369284.4049991644
15540.0 340475.3544909126
15550.0 373035.2449428431
15560.0 355516.31446857273
15570.0 346637.52466460253
15580.0 366118.8677574051
15590.0 363289.3979017157
15600.0 366084.7073194405
15610.0 369323.24418666546
15620.0 362452.56072643714
15630.0 357205.28405890247
15640.0 373498.8531588389
15650.0 351171.7622775096
15660.0 366626.50775059336
15670.0 375041.4408229454
15680.0 369712.8372845422
15690.0 367477.025349508
15700.0 362824.5797409534
15710.0 371365.45751088025
15720.0 343920.5738959244
15730.0 357291.19398016174
15740.0 358200.82640410966
15750.0 349277.86663944024
15760.0 347296.79162983224
15770.0 339063.5316137028
15780.0 348553.6044250712
15790.0 371494.7585848235
15800.0 369942.78326892946
15810.0 372595.19765947916
15820.0 360104.06798174593
15830.0 363040.1977508809
15840.0 360357.29036978335
15850.0 371789.2859391994
15860.0 368968.83227072813
15870.0 367745.8061606894
15880.0 364197.82889231446
15890.0 334947.72069383645
15900.0 362802.1125908391
15910.0 354227.4296986396
15920.0 370300.50533526525
15930.0 369856.9082973096
15940.0 372480.6929748873
15950.0 374150.37712523283
15960.0 368794.04217896104
15970.0 365956.1334507002
15980.0 362666.80779722263
15990.0 368889.68706892576
16000.0 369690.32919986197
16010.0 365938.0763442412
16020.0 371767.639737187
16030.0 367588.81950354186
16040.0 350421.8554384709
16050.0 367146.5088468131
16060.0 352801.3971648282
16070.0 354858.4835666651
16080.0 366440.52000487485
16090.0 371984.03317469195
16100.0 366274.95258305664
16110.0 374733.20940713905
16120.0 361861.7199206189
16130.0 367672.04189731687
16140.0 347346.05117657274
16150.0 326589.20179948665
16160.0 324977.31309965637
16170.0 371222.790332413
16180.0 368263.30633503466
16190.0 334866.97234249645
16200.0 303970.936251649
16210.0 348225.1201284545
16220.0 348798.32904060616
16230.0 349501.0741796512
16240.0 359138.1378349463
16250.0 350036.03301093035
16260.0 359079.7723138479
16270.0 364959.228783832
16280.0 368636.8624133262
16290.0 370812.9132786726
16300.0 360461.3467341841
16310.0 356110.6207887225
16320.0 364912.8297671199
16330.0 368968.15697327233
16340.0 363897.20450626285
16350.0 346494.9072490616
16360.0 356197.0682292514
16370.0 361977.49256049085
16380.0 358058.4951678255
16390.0 362941.8852435104
16400.0 352586.4664570648
16410.0 355006.205965538
16420.0 368618.16383122944
16430.0 364924.76654223364
16440.0 342060.8413113647
16450.0 348598.216438325
16460.0 361104.48040472093
16470.0 353405.91679876734
16480.0 365808.4659343383
16490.0 353497.0722380853
16500.0 363800.71589893394
16510.0 363461.2187403752
16520.0 358098.2332845227
16530.0 350852.3562112381
16540.0 354791.5953230254
16550.0 362637.89703060605
16560.0 362166.73925679224
16570.0 362878.2619473004
16580.0 351670.5051502056
16590.0 361059.06010554015
16600.0 361598.28215549473
16610.0 345738.9863587996
16620.0 355085.6957322182
16630.0 351684.1583960646
16640.0 352283.0605806546
16650.0 344170.8596879266
16660.0 342946.32764990523
16670.0 352634.39179673704
16680.0 354922.2842593142
16690.0 352727.54624606535
16700.0 345084.8339985783
16710.0 333476.9709662533
16720.0 307846.4523071884
16730.0 339115.4653744591
16740.0 348174.3722625146
16750.0 290266.4505348255
16760.0 324277.3099224263
16770.0 347438.7174007094
16780.0 353701.21999322117
16790.0 353675.86851107044
16800.0 351301.82349341677
16810.0 352243.6907746508
16820.0 349036.6560647924
16830.0 351436.55728488596
16840.0 341388.42993496754
16850.0 348268.83904380264
16860.0 344732.632157949
16870.0 333649.93401900557
16880.0 334260.3871913439
16890.0 337550.7578506035
16900.0 320112.8404379859
16910.0 333745.6830329034
16920.0 342523.08419510094
16930.0 346028.22188366955
16940.0 344192.0270853667
16950.0 339194.071810576
16960.0 341497.5851149052
16970.0 336230.35764704464
16980.0 340844.44615389226
16990.0 336527.5884065624
17000.0 330292.1027221405
17010.0 334741.3222227998
17020.0 335910.54656640853
17030.0 337023.53148410673
17040.0 335865.8524901783
17050.0 323005.1352077464
17060.0 333496.89249162027
17070.0 315822.8311628426
17080.0 327328.40886406065
17090.0 324775.0092573063
17100.0 297155.0714508873
17110.0 275876.1505514856
17120.0 314040.4433228854
17130.0 325933.6865533356
17140.0 324646.67411998566
17150.0 327882.17713329644
17160.0 321468.84384601214
17170.0 314060.6198591971
17180.0 315901.83404697484
17190.0 316902.46936310665
17200.0 322668.431739981
17210.0 310988.34531351033
17220.0 320148.26194006583
17230.0 305757.9287052598
17240.0 302985.1671857239
17250.0 321345.8204441673
17260.0 312265.85822283995
17270.0 312806.3805367765
17280.0 312304.5072811893
17290.0 312887.3667353863
17300.0 315286.77136115235
17310.0 302857.21284430387
17320.0 298980.7403568987
17330.0 304479.42363927985
17340.0 298644.9216103798
17350.0 298870.8068318165
17360.0 309779.6573129956
17370.0 309333.2788951543
17380.0 296066.5044391613
17390.0 306156.2376298702
17400.0 301331.0420631553
17410.0 296347.2205547516
17420.0 293168.89777628763
17430.0 300320.2216367895
17440.0 303675.20719461556
17450.0 302842.861629843
17460.0 302356.5613367213
17470.0 297875.4605089898
17480.0 304277.14321948565
17490.0 296332.54249336105
17500.0 280080.5265263883
17510.0 298501.33162219875
17520.0 297015.93712941866
17530.0 290827.64151083044
17540.0 286800.94125625957
17550.0 285827.63382216427
17560.0 285884.34733995044
17570.0 294010.90054751275
17580.0 288791.45647744497
17590.0 280792.82429232594
17600.0 284828.3496130802
17610.0 286742.2520308201
17620.0 274203.8817736432
17630.0 289965.5783720047
17640.0 284276.7302088722
17650.0 288375.41085272527
17660.0 279473.34280259674
17670.0 280319.3199808687
17680.0 270183.19635936077
17690.0 290215.6717876162
17700.0 282435.91636248975
17710.0 275220.04196628684
17720.0 271071.7631671763
17730.0 281131.89311289624
17740.0 280005.1638267935
17750.0 277662.40582522587
17760.0 268096.2390385107
17770.0 265976.55611857213
17780.0 271411.29877155944
17790.0 270184.6973959755
17800.0 282290.66195385583
17810.0 259380.73438447376
17820.0 260346.1173196458
17830.0 268615.76777293306
17840.0 275863.5761871886
17850.0 253829.01499151957
17860.0 262834.2945411858
17870.0 263655.76396522624
17880.0 265791.146043284
17890.0 274243.6844930596
17900.0 263860.66949939047
17910.0 260476.71404286558
17920.0 267531.4668097415
17930.0 262205.2653613447
17940.0 260194.94626581226
17950.0 269040.58097310166
17960.0 250503.6609759195
17970.0 269157.8905865755
17980.0 270165.8865760833
17990.0 251080.41446885088
18000.0 256516.20890489843
18010.0 250454.0430284372
18020.0 249751.45002923033
18030.0 244901.831233525
18040.0 251462.7732312615
18050.0 245102.05481060685
18060.0 261633.15926335382
18070.0 251756.08028264498
18080.0 252163.80345946868
18090.0 263223.0826176007
18100.0 249620.52121861686
18110.0 245699.4738136335
18120.0 242300.10074792153
18130.0 252603.98580776353
18140.0 259422.41686994708
18150.0 250969.22037680392
18160.0 260947.18747752393
18170.0 245564.67280948863
18180.0 245410.10857292058
18190.0 244555.78706189277
18200.0 244401.40032816696
18210.0 241042.32168905553
18220.0 239988.94952727502
18230.0 260369.70717454364
18240.0 254462.93755635465
18250.0 246428.12088530906
18260.0 233441.88250194295
18270.0 233204.92487553935
18280.0 238693.98486367642
18290.0 246959.5913765013
18300.0 241946.86555775817
18310.0 245948.0361759445
18320.0 232996.4436302196
18330.0 248531.7216580043
18340.0 244866.75369198603
18350.0 239799.26671988834
18360.0 243411.3633121464
18370.0 233291.1245622841
18380.0 247570.94403679407
18390.0 232225.33220703187
18400.0 234424.45632953686
18410.0 242397.37554423494
18420.0 228082.2758907466
18430.0 228576.12695887082
18440.0 228608.18078305578
18450.0 237061.46005104834
18460.0 227811.8749066955
18470.0 217541.24112357904
18480.0 220003.36020868478
18490.0 233824.69261323113
18500.0 231780.92614706449
18510.0 232823.50791153533
18520.0 230889.8023834057
18530.0 223383.83341239498
18540.0 231771.4381605602
18550.0 231352.47306663656
18560.0 210049.2377147872
18570.0 219595.1813872509
18580.0 211372.70299073934
18590.0 217321.50666456888
18600.0 216687.22111880415
18610.0 217832.24320944893
18620.0 227061.7202817855
18630.0 225796.17661543557
18640.0 227746.48998309116
18650.0 217045.06845383998
18660.0 225377.66452644425
18670.0 223410.79103352022
18680.0 224192.46781482967
18690.0 231494.42045563244
18700.0 225414.13963699533
18710.0 216225.48777477688
18720.0 219387.8506271006
18730.0 205638.34555308268
18740.0 224000.59502973623
18750.0 225529.17075396827
18760.0 218385.8396368002
18770.0 213857.42367068803
18780.0 213785.31822245274
18790.0 218682.5383921325
18800.0 227976.04804922483
18810.0 222042.76491266247
18820.0 226290.37016367182
18830.0 229673.6479331286
18840.0 217112.23833222094
18850.0 209443.1746440097
18860.0 208090.70324971515
18870.0 227152.47519782206
18880.0 214603.3524683834
18890.0 221478.31817677343
18900.0 215914.0005807518
18910.0 213079.24209260612
18920.0 202604.655772434
18930.0 212810.00413290472
18940.0 214723.68307092745
18950.0 224662.93533871302
18960.0 217339.96911671682
18970.0 214029.74083538205
18980.0 211313.0976829796
18990.0 214487.99105982942
19000.0 224560.90639844566
19010.0 215030.9353770263
19020.0 217695.09792538168
19030.0 215850.31705571216
19040.0 215893.8132136269
19050.0 204057.59251822415
19060.0 210944.4896409862
19070.0 216997.87772157267
19080.0 215337.62614263373
19090.0 213976.46099099214
19100.0 211241.77177896645
19110.0 198651.37627562587
19120.0 217016.8508345747
19130.0 219419.28551848128
19140.0 218777.1663848088
19150.0 214042.30256941263
19160.0 208298.95745152913
19170.0 213518.4681366456
19180.0 213353.84655962605
19190.0 212377.0362134608
19200.0 211623.61572357253
19210.0 214316.36272010548
19220.0 207955.23582536512
19230.0 212566.7265482412
19240.0 209367.15139187322
19250.0 210766.7543823848
19260.0 204095.0823301472
19270.0 215647.9730079045
19280.0 210050.42051320206
19290.0 203991.30959103932
19300.0 190015.2215222317
19310.0 151428.23117228434
19320.0 196883.57437988155
19330.0 199997.59457642183
19340.0 205782.50436590213
19350.0 209183.4767576826
19360.0 211558.8719231363
19370.0 210765.0897753656
19380.0 201691.47021795876
19390.0 200789.08018818757
19400.0 203756.28829798388
19410.0 206666.24890750568
19420.0 206913.21876843047
19430.0 193302.6473267594
19440.0 187406.9376315604
19450.0 146654.4027021419
19460.0 174646.74617165932
19470.0 195665.2148970093
19480.0 193114.91434960044
19490.0 198672.24545193987
19500.0 177686.63535355523
19510.0 162209.80263298875
19520.0 198200.8443529137
19530.0 202154.954181326
19540.0 200972.90488866897
19550.0 195727.678822447
19560.0 197755.18329830875
19570.0 209381.9270943474
19580.0 205363.69037547638
19590.0 202375.04364275222
19600.0 197701.04529241155
19610.0 199131.42551927193
19620.0 200206.16015106958
19630.0 188041.20684645305
19640.0 199419.56694139136
19650.0 200817.91142714475
19660.0 205206.1753404977
19670.0 197369.40042592076
19680.0 200661.9979185691
19690.0 200448.19792615375
19700.0 204277.79034855077
19710.0 192989.11490930466
19720.0 199427.03334932978
19730.0 189340.29321368816
19740.0 196610.93337865837
19750.0 178752.955747692
19760.0 177587.81390281467
19770.0 156332.60589355172
19780.0 135086.42462410426
19790.0 173421.92834482086
19800.0 180266.5775401193
19810.0 184078.50008523357
19820.0 183779.2001254316
19830.0 190843.58146779152
19840.0 188391.19513351505
19850.0 166174.46122228433
19860.0 146929.65942253897
19870.0 180601.95784244317
19880.0 188839.19556737994
19890.0 185036.74920118685
19900.0 183344.48107000702
19910.0 185325.2222508549
19920.0 173888.68973141824
19930.0 172081.1755836067
19940.0 180760.3363060329
19950.0 184456.83621391276
19960.0 179270.99302652883
19970.0 176210.01847877307
19980.0 192541.08995148638
19990.0 183828.66665780172
20010.0 188802.0094979462
20020.0 185272.08792839048
20030.0 188363.7486614722
20040.0 185305.61171475548
20050.0 187999.61701073925
20060.0 185841.5251338462
20070.0 187601.47442681636
20080.0 183337.9665465806
20090.0 183777.46092956385
20100.0 180159.39331031498
20110.0 185081.1769878289
20120.0 182471.63865744142
20130.0 178689.6825643678
20140.0 188880.90867237427
20150.0 183843.83700294787
20160.0 179891.06752668344
20170.0 178154.7402376785
20180.0 181696.43516763794
20190.0 174514.4922305189
20200.0 177414.25383898872
20210.0 184047.89244217123
20220.0 180714.8555517451
20230.0 183507.44082238156
20240.0 180954.54830755983
20250.0 179371.01792659686
20260.0 176100.30969557964
20270.0 175203.42366475487
20280.0 181743.15977345937
20290.0 172268.99804322203
20300.0 176846.41794239884
20310.0 179828.3209225204
20320.0 183879.58561301552
20330.0 180906.31031239996
20340.0 178566.35133061552
20350.0 171625.63237239674
20360.0 179185.81554702783
20370.0 181567.40083798266
20380.0 178049.66818084882
20390.0 172569.32763803407
20400.0 178216.50923024252
20410.0 175389.5253554901
20420.0 182121.25055742427
20430.0 175151.10036005542
20440.0 170110.1222225014
20450.0 173220.45611842195
20460.0 177222.34210174542
20470.0 176474.17015889948
20480.0 173132.40022980073
20490.0 168488.45234267507
20500.0 177942.7465434197
20510.0 177364.89518469642
20520.0 174761.9559059414
20530.0 174266.72105692409
20540.0 165216.63819746953
20550.0 170689.46741547348
20560.0 174664.87855538758
20570.0 172787.28167113275
20580.0 176514.63677733002
20590.0 173753.28389767348
20600.0 171351.59294741263
20610.0 174283.53861531563
20620.0 171211.42893447983
20630.0 158890.74585996618
20640.0 164207.25472494203
20650.0 168060.16557292297
20660.0 173611.89836578214
20670.0 168591.33314068223
20680.0 173432.24984299907
20690.0 167550.50853475375
20700.0 176755.4297665814
20710.0 167889.0669264736
20720.0 169718.6575513139
20730.0 166054.8253592767
20740.0 169379.3351624891
20750.0 171185.60680233937
20760.0 165609.52041308582
20770.0 170220.47591755175
20780.0 170410.93826763408
20790.0 170000.2327072759
20800.0 169506.59394766865
20810.0 164179.63713613735
20820.0 169303.51379611992
20830.0 167041.38285860562
20840.0 166779.44539191408
20850.0 163983.16980445306
20860.0 166954.53612638728
20870.0 165324.0842470843
20880.0 166511.01428376586
20890.0 161882.82613555892
20900.0 169965.81986047074
20910.0 168127.8554347482
20920.0 170823.45268544872
20930.0 164445.6289143175
20940.0 162561.42680476053
20950.0 166007.44656084105
20960.0 156388.18812151768
20970.0 159565.83156893382
20980.0 168690.016764827
20990.0 161693.10382990254
21000.0 166819.1926785135
21010.0 164650.6033883011
21020.0 163977.29582919978
21030.0 165471.6661997434
21040.0 166419.3157482547
21050.0 162727.52315043847
21060.0 166550.21237068778
21070.0 162636.05596409508
21080.0 159166.74614035414
21090.0 155796.64072201325
21100.0 165351.01704490502
21110.0 160600.62516249105
21120.0 161091.9051082296
21130.0 164752.64054626768
21140.0 165858.69015671802
21150.0 161727.01530896136
21160.0 153141.45227230593
21170.0 155058.60662774154
21180.0 164026.3913782867
21190.0 161779.38354288545
21200.0 161349.4674530377
21210.0 162544.46308598827
21220.0 162781.27043867423
21230.0 161086.5495759815
21240.0 164268.5589510561
21250.0 161267.62288738895
21260.0 159199.187150927
21270.0 158552.7631270762
21280.0 159359.07078313697
21290.0 160753.080171782
21300.0 161502.32123628815
21310.0 163153.12400599266
21320.0 160405.65844699932
21330.0 162978.05457814052
21340.0 159323.01242161472
21350.0 160987.73190388325
21360.0 159770.83310280473
21370.0 158635.00592916695
21380.0 158646.3204456135
21390.0 160797.56664696403
21400.0 157449.29448502924
21410.0 160628.46394648793
21420.0 156882.7250961841
21430.0 161972.0879231006
21440.0 161778.74570550796
21450.0 158815.15600503614
21460.0 161406.32616330215
21470.0 160345.7855145065
21480.0 157851.66649403475
21490.0 157858.08910231022
21500.0 156924.99336340814
21510.0 159298.39920439254
21520.0 156489.56665164165
21530.0 158084.27545517168
21540.0 157969.0664212127
21550.0 158396.1987260207
21560.0 156954.28549112906
21570.0 157985.1836203331
21580.0 159015.37622782058
21590.0 156744.3303747815
21600.0 156799.54609909435
21610.0 159651.223365788
21620.0 157609.82219687066
21630.0 156536.80252937885
21640.0 158649.6244278359
21650.0 156905.58788910785
21660.0 157115.17286936208
21670.0 157431.96841292977
21680.0 158186.87819812138
21690.0 158540.478561159
21700.0 154820.1804956192
21710.0 156727.74394245146
21720.0 155781.20894763057
21730.0 155468.93548930227
21740.0 156845.443566865
21750.0 154507.63315836617
21760.0 154890.38426276454
21770.0 155251.25690159178
21780.0 146188.6369641549
21790.0 154249.4405980908
21800.0 154284.4570975229
21810.0 154545.93421238763
21820.0 152987.10826393482
21830.0 153809.45382247044
21840.0 154095.21088091235
21850.0 155086.28946626454
21860.0 154012.4395216122
21870.0 152994.7810683791
21880.0 153194.9241176626
21890.0 152597.5824301313
21900.0 146855.4318130513
21910.0 154153.6924566973
21920.0 153730.4865687959
21930.0 153459.89211541534
21940.0 153320.61913405993
21950.0 153754.05759715417
21960.0 153642.0075352696
21970.0 152434.4689298408
21980.0 152851.65175743736
21990.0 151909.7960015672
22000.0 149658.7266827248
22010.0 151658.02921975855
22020.0 151620.30812791397
22030.0 151160.67850902348
22040.0 151958.80030718766
22050.0 144357.12553234072
22060.0 137077.69818357672
22070.0 148682.1002422787
22080.0 140929.2257500473
22090.0 148532.35064834802
22100.0 150971.23097464742
22110.0 150029.95868000799
22120.0 151369.56988276262
22130.0 150846.99845955474
22140.0 151270.51844536653
22150.0 150474.39983224552
22160.0 150662.3425971815
22170.0 150073.20407747125
22180.0 150906.12232074924
22190.0 149717.34928684065
22200.0 149226.23760005634
22210.0 142879.7372718491
22220.0 150201.1348822636
22230.0 144534.31983372965
22240.0 150782.7657183511
22250.0 150322.9014251022
22260.0 146079.67853939367
22270.0 140752.80103174387
22280.0 141335.0768372516
22290.0 147753.91802628068
22300.0 145066.92051652004
22310.0 144084.42445172515
22320.0 147873.32969961545
22330.0 146420.437957209
22340.0 146707.82001231873
22350.0 147401.0731943892
22360.0 147379.58364501654
22370.0 147708.1353832794
22380.0 144953.368484651
22390.0 144925.92890511462
22400.0 147525.33864174905
22410.0 146793.71566553632
22420.0 146044.35405844543
22430.0 146744.21372548715
22440.0 142932.16694023166
22450.0 147065.81623131625
22460.0 145906.81905656544
22470.0 145078.3630790912
22480.0 145966.78831491744
22490.0 144934.73476641788
22500.0 145428.86242819126
22510.0 145829.79133765848
22520.0 145111.66140444568
22530.0 145579.07270244736
22540.0 141525.85979181048
22550.0 144619.44396745172
22560.0 145613.98081394858
22570.0 143260.62401833656
22580.0 144595.9384809178
22590.0 143773.37422616567
22600.0 143151.38124159974
22610.0 138348.59950126344
22620.0 135509.07902406392
22630.0 137795.22979663938
22640.0 140940.20182190163
22650.0 134770.5951118602
22660.0 140952.88464268137
22670.0 142816.84024228147
22680.0 141922.88109710466
22690.0 142170.32574123336
22700.0 140613.19548646506
22710.0 141530.41261027392
22720.0 141798.62891832704
22730.0 141672.29646252663
22740.0 140632.885249986
22750.0 141975.8352311793
22760.0 141146.27964661288
22770.0 140980.36532576548
22780.0 140090.84792309513
22790.0 140716.1992463932
22800.0 137827.4535556299
22810.0 137702.7534328757
22820.0 133934.23484367266
22830.0 138526.76939291426
22840.0 138831.94007259104
22850.0 139996.2222062458
22860.0 140058.53552312858
22870.0 139957.41004929505
22880.0 139636.98576270745
22890.0 138999.76457831587
22900.0 139638.1928688324
22910.0 137756.99139590492
22920.0 137987.91254533353
22930.0 113809.63683054908
22940.0 116855.32627666157
22950.0 126084.55693597502
22960.0 120637.91474242944
22970.0 125707.68969085517
22980.0 127199.12181010103
22990.0 128346.90107962472
23000.0 131321.0495244235
23010.0 128594.6082535336
23020.0 130682.5832129948
23030.0 130290.21248073732
23040.0 130050.66488630489
23050.0 129236.714441209
23060.0 130500.83112444424
23070.0 129937.51899396905
23080.0 131398.70197281803
23090.0 129646.97212636821
23100.0 131821.225388357
23110.0 129276.64180464121
23120.0 128610.38247191758
23130.0 129349.97424994342
23140.0 127115.8802644757
23150.0 132838.7274438867
23160.0 127886.04569818142
23170.0 128619.04107221549
23180.0 130600.69156966051
23190.0 130508.90718091252
23200.0 126086.95787106224
23210.0 128801.75167755874
23220.0 110866.33662386482
23230.0 108587.06263668992
23240.0 117854.3596823068
23250.0 116164.4007573149
23260.0 120033.4768628704
23270.0 120576.2040939422
23280.0 120514.4223915307
23290.0 124747.8297936557
23300.0 115666.38630619316
23310.0 121263.8918559276
23320.0 125386.15052071065
23330.0 123616.29023340206
23340.0 122648.82707937247
23350.0 116575.53992237715
23360.0 121099.63092102813
23370.0 120861.44196167534
23380.0 115027.48007527753
23390.0 123956.52523815581
23400.0 120330.06146499177
23410.0 120427.96676785451
23420.0 124356.32714291579
23430.0 120847.60455295345
23440.0 119105.91303648968
23450.0 120382.95856325612
23460.0 121797.09716403203
23470.0 124173.18699628636
23480.0 122645.2434718099
23490.0 119447.90122733731
23500.0 122516.8599878079
23510.0 117892.8538021131
23520.0 99266.13566041416
23530.0 104930.32557563623
23540.0 109518.71147433312
23550.0 110868.69744134395
23560.0 112907.93443483752
23570.0 116311.26445325464
23580.0 113337.36550164397
23590.0 114190.5880673273
23600.0 117287.3806511865
23610.0 114546.87276093563
23620.0 113153.8848770184
23630.0 117418.11500119099
23640.0 115991.05605336172
23650.0 116505.15335225765
23660.0 116872.12051366805
23670.0 111857.48867605414
23680.0 116163.60585949165
23690.0 117816.46805137974
23700.0 117649.55321563932
23710.0 117803.34540393295
23720.0 112572.89060864055
23730.0 117050.41276187277
23740.0 115850.35591959929
23750.0 114711.42607724974
23760.0 113109.82922138087
23770.0 118457.89733701089
23780.0 113103.27242964155
23790.0 114091.23252866691
23800.0 113511.81759681075
23810.0 114313.07764287833
23820.0 104331.91065640829
23830.0 94435.97098413907
23840.0 105612.50760756308
23850.0 104421.30553607347
23860.0 103549.19241667261
23870.0 105798.52429167117
23880.0 109832.72312771424
23890.0 106319.90090182275
23900.0 108260.42163586566
23910.0 107155.71934588141
23920.0 103144.72398549928
23930.0 112829.85360412883
23940.0 108044.96415371238
23950.0 109182.77609927682
23960.0 106343.27810601363
23970.0 108107.48350673598
23980.0 108951.12383338794
23990.0 109577.53711766604
24000.0 104239.55732138937
24010.0 108933.42808872649
24020.0 104105.28254751835
24030.0 109058.21557787496
24040.0 104857.44353073077
24050.0 104429.66940063378
24060.0 108067.08319964726
24070.0 105078.44999956347
24080.0 101360.74585650816
24090.0 106531.84368638831
24100.0 102465.52245186188
24110.0 106383.58016882454
24120.0 102363.33990529882
24130.0 102217.59113616776
24140.0 90845.90386291473
24150.0 100548.06925221664
24160.0 94913.41658480203
24170.0 98069.37583305729
24180.0 104637.4319973674
24190.0 95607.15479622732
24200.0 106049.17573234411
24210.0 98550.83129305554
24220.0 98895.51474933566
24230.0 99844.36509419382
24240.0 105028.03130825867
24250.0 97261.60644075075
24260.0 98399.7904673826
24270.0 98940.98337262182
24280.0 96270.67414793039
24290.0 103688.28781825304
24300.0 98858.4253677693
24310.0 96980.72707146213
24320.0 103895.90104646374
24330.0 94913.0381472614
24340.0 97643.16707227578
24350.0 102706.23580489753
24360.0 93979.86839817351
24370.0 91880.06516239837
24380.0 101944.48007659525
24390.0 100260.8571552255
24400.0 98200.9550546173
24410.0 96370.69580646136
24420.0 94855.74335116937
24430.0 97747.3079101951
24440.0 90997.60518407961
24450.0 98901.61152024436
24460.0 89623.14067510363
24470.0 87839.24269811931
24480.0 92847.74156171312
24490.0 92756.87528342464
24500.0 94009.09785932497
24510.0 90818.56726725772
24520.0 90902.83352433199
24530.0 91367.458621094
24540.0 83039.37254494615
24550.0 94874.59159175165
24560.0 92867.81024455209
24570.0 95136.48001615873
24580.0 94489.48863548398
24590.0 90030.76606449841
24600.0 87403.13833302034
24610.0 85336.87139685017
24620.0 94303.49327324223
24630.0 93505.97198429234
24640.0 93891.61950756118
24650.0 89766.63585939216
24660.0 93235.65502688692
24670.0 86534.26897371303
24680.0 88866.90189233173
24690.0 91878.04799904057
24700.0 90268.76505330467
24710.0 89941.71695181588
24720.0 91198.14963485744
24730.0 85365.08713456678
24740.0 85777.83914368635
24750.0 86193.18756907538
24760.0 93717.3984648838
24770.0 90835.33118427776
24780.0 84646.82467290071
24790.0 82671.58095866836
24800.0 83041.90498727011
24810.0 83707.7179732818
24820.0 83819.8166395457
24830.0 88162.94010561008
24840.0 81408.31037427441
24850.0 71983.55538070382
24860.0 69675.65621421693
24870.0 69940.36282496643
24880.0 69519.14721794613
24890.0 69669.5253975559
24900.0 68881.09035386867
24910.0 70122.73305991858
24920.0 72290.50822073001
24930.0 71215.51092683616
24940.0 70585.30001783143
24950.0 72984.46289942633
24960.0 71862.21752930638
24970.0 71084.29993238591
24980.0 69446.65704718609
24990.0 69661.37318822366
