#lam[Angstrom] flux[erg/cm2/s/A]
1010.0 3.0063637169147004
1020.0 3.11295404893839
1030.0 10.73952037600232
1040.0 4.233349037042058
1050.0 3.1877063170843165
1060.0 3.2165234371184663
1070.0 3.3965488452826658
1080.0 10.278966220150775
1090.0 10.471941352256552
1100.0 3.357023630326717
1110.0 3.3839337420328603
1120.0 3.515493969954422
1130.0 3.4194994144269377
1140.0 3.713587002017834
1150.0 3.484917349353312
1160.0 3.5511805757437163
1170.0 3.5577508557627127
1180.0 3.5730727392118258
1190.0 3.5948198300855867
1200.0 5.420456169656728
1210.0 4.824510222751473
1220.0 30.69555515763138
1230.0 4.4401107168196745
1240.0 18.09997056844996
1250.0 6.304282781046048
1260.0 8.772979684898532
1270.0 9.013169089487564
1280.0 9.305630547135955
1290.0 10.043310066915957
1300.0 10.815538135681358
1310.0 11.894114334068544
1320.0 12.42379658154031
1330.0 12.633526498734579
1340.0 14.100155837709707
1350.0 13.57023049618922
1360.0 13.893828090178376
1370.0 14.099597360978661
1380.0 14.39855779619913
1390.0 32.96624580140794
1400.0 36.661016843056984
1410.0 27.102340920840764
1420.0 15.2883358829425
1430.0 15.012743223986845
1440.0 15.089795489032133
1450.0 15.190252409079799
1460.0 15.309878331017131
1470.0 15.42857026503223
1480.0 15.501373998326555
1490.0 24.329150759971217
1500.0 15.34829768657632
1510.0 15.323239543195111
1520.0 15.34035193279656
1530.0 16.0308357914937
1540.0 15.234228046232804
1550.0 216.2748819581904
1560.0 15.241649248291226
1570.0 15.179080448814457
1580.0 15.904558625532843
1590.0 15.165529581937022
1600.0 16.62783569109378
1610.0 15.136521881424493
1620.0 15.136556066343234
1630.0 15.05137471658619
1640.0 137.55258444560027
1650.0 14.932675684277902
1660.0 19.317858389814713
1670.0 26.288112304095133
1680.0 14.852716007322995
1690.0 14.80525116006059
1700.0 14.75862787917695
1710.0 14.722614447657028
1720.0 15.780998146106379
1730.0 14.805392119265207
1740.0 15.094732200653258
1750.0 22.35923955233356
1760.0 14.721363765642192
1770.0 14.728342651184434
1780.0 14.844812391569295
1790.0 15.887184596501083
1800.0 14.817640840095834
1810.0 18.188305016946416
1820.0 18.589383983018365
1830.0 14.554641917090917
1840.0 14.531769994276502
1850.0 15.711590602788807
1860.0 15.099131623800927
1870.0 14.639026251925651
1880.0 23.484979581367785
1890.0 29.588877039690725
1900.0 14.5751421206634
1910.0 94.24476926643375
1920.0 14.78738033913322
1930.0 15.337140284057387
1940.0 14.933175097442419
1950.0 15.12754058899139
1960.0 15.279957072121809
1970.0 15.711024670628538
1980.0 15.68316615582282
1990.0 15.85625157844514
2000.0 15.980560793736913
2010.0 16.100900620712874
2020.0 15.562645752834356
2030.0 15.463914985441827
2040.0 15.333920951223426
2050.0 15.350498032955052
2060.0 15.286113621687324
2070.0 18.749553872933454
2080.0 18.370059200126256
2090.0 23.216255190714534
2100.0 22.456891537674526
2110.0 22.79364952414957
2120.0 24.498752758814135
2130.0 25.575311538675443
2140.0 28.673092935795072
2150.0 24.371051093972
2160.0 27.903849493151256
2170.0 30.48422072672794
2180.0 27.013110133478
2190.0 38.09247977822383
2200.0 34.34780092058289
2210.0 40.05070043630241
2220.0 37.630096087308374
2230.0 50.48840974913215
2240.0 49.536126133212534
2250.0 77.35733043762646
2260.0 39.22026011278588
2270.0 62.081462868742875
2280.0 72.83652555294645
2290.0 76.96171309574157
2300.0 74.31421168488309
2310.0 83.18101189041158
2320.0 123.62152017319761
2330.0 138.67282875456092
2340.0 115.24221799025818
2350.0 84.14867999405958
2360.0 117.30166278346681
2370.0 95.88791512422819
2380.0 162.27067439835295
2390.0 133.4993710864218
2400.0 218.38089884883394
2410.0 236.23773386942702
2420.0 168.34957589922433
2430.0 306.61623022628976
2440.0 294.469604380419
2450.0 382.4651561712312
2460.0 294.06802090580004
2470.0 322.27195700215117
2480.0 348.19816032048567
2490.0 205.23041685331242
2500.0 396.36141112111216
2510.0 370.81873643811525
2520.0 299.2044335140929
2530.0 533.7647255884775
2540.0 675.3690704289803
2550.0 828.6893469454408
2560.0 715.146264707633
2570.0 827.3095217989891
2580.0 721.5305701915719
2590.0 647.071311236971
2600.0 1253.214345638878
2610.0 966.885009119066
2620.0 1285.777358253467
2630.0 1713.7197435321423
2640.0 2459.468201593624
2650.0 1839.8600622828583
2660.0 2410.72421296608
2670.0 1797.2724875198253
2680.0 2440.500566755636
2690.0 2421.9883022397375
2700.0 2394.2406021094757
2710.0 2754.1794197888707
2720.0 1534.392195796958
2730.0 2379.8867045838165
2740.0 2235.213534840185
2750.0 2872.688941906537
2760.0 3147.4981426667805
2770.0 4117.56910246713
2780.0 3250.816260552468
2790.0 3873.651334248625
2800.0 3129.9726451329834
2810.0 4497.253651566342
2820.0 5016.454109761606
2830.0 4061.0420560076204
2840.0 3625.6169370985613
2850.0 1817.6442836872277
2860.0 3507.2798194221505
2870.0 5054.739793200882
2880.0 5770.353233353992
2890.0 7972.3235885263
2900.0 10528.172481967646
2910.0 10534.049001247155
2920.0 15162.419804380112
2930.0 11555.835395777722
2940.0 8601.246881155334
2950.0 9570.396573667258
2960.0 12407.602221520632
2970.0 6669.6012965119835
2980.0 9568.587377605696
2990.0 10555.535450344247
3000.0 8351.777240542267
3010.0 10841.654630240979
3020.0 7431.840812541263
3030.0 13560.641983196005
3040.0 12599.320508651219
3050.0 13786.263850914687
3060.0 15587.155450794191
3070.0 28055.52496317797
3080.0 17993.604728918428
3090.0 21350.1799667289
3100.0 21104.82701799373
3110.0 50851.60334483795
3120.0 69922.47046033002
3130.0 65829.86824817334
3140.0 74663.05921013326
3150.0 107892.50433175615
3160.0 73084.28911023088
3170.0 108944.51106372107
3180.0 77309.918994491
3190.0 65427.96058291996
3200.0 73306.57354877886
3210.0 64506.49380344874
3220.0 56908.18344006272
3230.0 39869.92648752492
3240.0 66734.59041193954
3250.0 78075.59962756345
3260.0 193727.655882485
3270.0 152370.91539000813
3280.0 137771.53852256312
3290.0 176022.4985643053
3300.0 250666.760212025
3310.0 129894.99981656647
3320.0 126618.02058713658
3330.0 177040.6233383375
3340.0 113240.03979052416
3350.0 116885.93413152352
3360.0 100812.48687818156
3370.0 48299.3517113338
3380.0 90407.0584983911
3390.0 73127.18316921813
3400.0 123713.28210267851
3410.0 74008.53242539935
3420.0 81110.21738908805
3430.0 98987.50284603759
3440.0 42453.04245437514
3450.0 70987.3468143071
3460.0 66868.50290762886
3470.0 67026.02392439138
3480.0 105326.96814267125
3490.0 78309.44820801339
3500.0 124274.62378937968
3510.0 105405.20605448465
3520.0 73807.21805745708
3530.0 122024.49761731655
3540.0 214110.714943718
3550.0 152378.81902832925
3560.0 110132.25092141678
3570.0 54024.74180816159
3580.0 46201.810958623246
3590.0 55641.28305554137
3600.0 98298.57665601902
3610.0 68036.33124331122
3620.0 84179.79683261411
3630.0 113528.10446978956
3640.0 128351.00507310449
3650.0 92742.14094567914
3660.0 270516.6877691175
3670.0 248271.79050868514
3680.0 141635.70590686786
3690.0 168867.92183320835
3700.0 222479.4661085951
3710.0 98137.0899590478
3720.0 59111.58381498564
3730.0 70084.72456811559
3740.0 56503.38604647608
3750.0 61834.49347112036
3760.0 90850.89662931912
3770.0 188944.92591314713
3780.0 270342.86798531155
3790.0 157243.73874316475
3800.0 180540.8223474132
3810.0 181043.22736678814
3820.0 72818.44481698379
3830.0 71275.47000536864
3840.0 109397.90155381327
3850.0 153542.01243339718
3860.0 73870.77872426042
3870.0 160474.0259069655
3880.0 126872.23945322528
3890.0 141231.48339083395
3900.0 117047.7056145327
3910.0 265961.38849873684
3920.0 158691.8987859432
3930.0 79128.76552682252
3940.0 120976.33461865339
3950.0 226950.1045800141
3960.0 107555.85725452901
3970.0 122752.47231089429
3980.0 345344.6756441527
3990.0 470970.73374859884
4000.0 422994.34959166654
4010.0 509060.4920525504
4020.0 594521.9252640944
4030.0 252126.43386059636
4040.0 420128.43939416704
4050.0 429705.5548509639
4060.0 363688.3020463781
4070.0 325065.83867943264
4080.0 496839.0435197262
4090.0 921890.9200378226
4100.0 533971.679177233
4110.0 576995.1980528439
4120.0 635612.1182653016
4130.0 436806.7658964735
4140.0 483368.4168932327
4150.0 536284.8764369162
4160.0 689805.4830532889
4170.0 510748.6236580631
4180.0 600784.4111098003
4190.0 543698.2723277884
4200.0 330826.07033453044
4210.0 524998.2678019259
4220.0 226709.21395077926
4230.0 144409.89220017134
4240.0 424554.9389300709
4250.0 306384.75289111596
4260.0 422322.45920958713
4270.0 327783.70311769104
4280.0 406690.0893601996
4290.0 310513.6117984977
4300.0 364920.9857427132
4310.0 383148.56367734954
4320.0 617636.5188464695
4330.0 638451.0241526228
4340.0 776171.665246843
4350.0 815469.8196427808
4360.0 1038001.371399182
4370.0 910962.6994192421
4380.0 440332.2858484945
4390.0 715831.8643410107
4400.0 751447.7740423606
4410.0 710316.0145690131
4420.0 821719.6346130879
4430.0 648459.3017524512
4440.0 815080.2558643103
4450.0 779399.4770886699
4460.0 583628.8458897431
4470.0 969037.2007214143
4480.0 1019937.1216580485
4490.0 1093246.181372
4500.0 1108241.400588782
4510.0 1348140.376517325
4520.0 1183290.9480993228
4530.0 654020.1733542221
4540.0 1033857.6809708409
4550.0 1033580.3469713476
4560.0 1317302.5426374052
4570.0 1353404.232661579
4580.0 994265.949854148
4590.0 1085602.4394405156
4600.0 1140686.0154455793
4610.0 1286454.7738110598
4620.0 1182513.8986783524
4630.0 1300118.0701132142
4640.0 1281024.267154987
4650.0 982210.6909589573
4660.0 1457011.524617279
4670.0 1301829.2890940404
4680.0 1362743.5201250939
4690.0 1332058.9932531752
4700.0 1310296.5649511963
4710.0 1350833.988864001
4720.0 1432178.2136153714
4730.0 1302646.9063844318
4740.0 1249184.7121024225
4750.0 1401598.4581668738
4760.0 1230132.5926711594
4770.0 1277652.9197328214
4780.0 1339163.5372500978
4790.0 1167744.0316346318
4800.0 1124881.5838950914
4810.0 865078.123538873
4820.0 1088386.1526263824
4830.0 1162911.7758597257
4840.0 1190284.292379333
4850.0 1281824.266746124
4860.0 1105536.1337085685
4870.0 1067880.8494822134
4880.0 1117498.661615182
4890.0 1082297.4386982778
4900.0 1477879.9321760933
4910.0 1422850.3585325552
4920.0 1088040.3967338305
4930.0 1477529.2715690788
4940.0 1207705.45022986
4950.0 1512218.9766386903
4960.0 1185137.854997647
4970.0 1319371.087146964
4980.0 1030074.5643458139
4990.0 936475.641540881
5000.0 1003363.3856104085
5010.0 645665.8504110062
5020.0 925768.8582265092
5030.0 1246031.4963614207
5040.0 773823.4298166474
5050.0 901177.4965242841
5060.0 1004603.5870590985
5070.0 888210.2210901658
5080.0 729937.6979771821
5090.0 876917.5709794532
5100.0 933565.1398771919
5110.0 693273.6851878728
5120.0 795626.9298791962
5130.0 751303.0191778975
5140.0 761677.5701942808
5150.0 779846.2040215168
5160.0 819055.9020434713
5170.0 421716.4877372618
5180.0 596851.8444375048
5190.0 664158.669047868
5200.0 952529.191043031
5210.0 612263.3163630253
5220.0 1209133.338843616
5230.0 978146.0528521842
5240.0 1475443.1712520188
5250.0 1327147.8816127942
5260.0 1161286.79000039
5270.0 606947.8159063586
5280.0 1239531.8571697625
5290.0 1592583.7353939668
5300.0 1233058.9923273192
5310.0 1628073.5643987786
5320.0 1378116.4963209378
5330.0 878218.6528207686
5340.0 1323023.3329305567
5350.0 1297850.394674132
5360.0 1561916.1400429988
5370.0 955850.2719396481
5380.0 1461860.6639133894
5390.0 1349830.7298528252
5400.0 968269.5714027473
5410.0 970299.3650270904
5420.0 1371156.7749976066
5430.0 918189.8081935479
5440.0 1348716.8025984908
5450.0 1040496.3424463739
5460.0 1186066.7658425907
5470.0 1464639.5656758978
5480.0 1332151.2609873568
5490.0 1408970.3249937026
5500.0 1260966.1861718625
5510.0 1220313.5666879315
5520.0 1539557.3398330237
5530.0 1399198.8345506175
5540.0 1530135.9211229219
5550.0 1568293.643297331
5560.0 1533760.4436526084
5570.0 1363715.1729660735
5580.0 1449390.7082988415
5590.0 1031338.0467635717
5600.0 1241099.2563456707
5610.0 1679075.2959753494
5620.0 1397720.9822938642
5630.0 1703976.646426792
5640.0 1677739.8055402597
5650.0 1737923.9923982255
5660.0 1554769.6984061268
5670.0 1753162.671827102
5680.0 1739444.1933572416
5690.0 1705829.1727007474
5700.0 1639286.4638043067
5710.0 1564253.500853987
5720.0 1752140.2533122431
5730.0 1745316.6912456404
5740.0 1756445.009731288
5750.0 1702765.3613190483
5760.0 1735241.2916507183
5770.0 1824256.4329371268
5780.0 1677223.4730146746
5790.0 1642641.7672816457
5800.0 1808112.1387774053
5810.0 1789975.646069914
5820.0 1858212.9412346177
5830.0 1807388.9466527796
5840.0 1806604.3503852116
5850.0 1767712.1665917712
5860.0 1588709.9133512655
5870.0 1699695.0427419574
5880.0 1673997.2790842257
5890.0 921377.1202287083
5900.0 1282907.2905244743
5910.0 1774706.3752934688
5920.0 1699570.3742252968
5930.0 1708946.2776261868
5940.0 1752178.4949612152
5950.0 1760915.6278763972
5960.0 1779213.8861089293
5970.0 1807825.8200786044
5980.0 1662894.0174893588
5990.0 1779655.74943985
6000.0 1764026.1923034755
6010.0 1736692.937788336
6020.0 1634499.6583399517
6030.0 1788628.292498837
6040.0 1812024.0165877237
6050.0 1813832.3010497582
6060.0 1746390.4116242137
6070.0 1775273.347251034
6080.0 1799981.179491572
6090.0 1690390.6672399628
6100.0 1594202.9704275823
6110.0 1743308.6219297086
6120.0 1482355.8966978905
6130.0 1730070.7362178392
6140.0 1565490.2826346157
6150.0 1742559.430963985
6160.0 1299084.4444705145
6170.0 1455214.4337280316
6180.0 1764454.798862267
6190.0 1601644.3533669142
6200.0 1721686.9915136609
6210.0 1644182.9989712748
6220.0 1588918.582234103
6230.0 1535659.2728891924
6240.0 1544405.5065760245
6250.0 1448650.3956714652
6260.0 1460566.7418137628
6270.0 1555502.618482527
6280.0 1577534.3376392396
6290.0 1634178.6630464904
6300.0 1538886.3979405898
6310.0 1642082.885976176
6320.0 1608671.0449120977
6330.0 1718624.8442605846
6340.0 1625198.263338577
6350.0 1651531.1773293354
6360.0 1553855.2960324916
6370.0 1664792.1972664343
6380.0 1568242.448646897
6390.0 1516519.67580402
6400.0 1541401.0461188362
6410.0 1593246.9048377613
6420.0 1618687.9941764902
6430.0 1646557.0427488696
6440.0 1448511.58321983
6450.0 1662910.7630215732
6460.0 1484865.4116046007
6470.0 1621530.7616241565
6480.0 1616595.2274802602
6490.0 1462964.9910059073
6500.0 1370417.934032103
6510.0 1598415.692134075
6520.0 1610940.9456340864
6530.0 1654472.2584494264
6540.0 1665596.288819072
6550.0 1612129.1608972412
6560.0 1636514.119018036
6570.0 1651986.9043198684
6580.0 1737777.1896460282
6590.0 1658731.1237252282
6600.0 1754703.860572591
6610.0 1728722.6484840207
6620.0 1789401.8502818118
6630.0 1727923.7366749826
6640.0 1760055.1182040025
6650.0 1779478.0690499225
6660.0 1732055.4550241316
6670.0 1782902.4374351876
6680.0 1723299.4564226686
6690.0 1769210.7239843744
6700.0 1709775.183607605
6710.0 1595178.0237841317
6720.0 1652162.682371848
6730.0 1729715.7044519302
6740.0 1714908.1809306988
6750.0 1669197.0445323852
6760.0 1730724.5414943858
6770.0 1682707.0370895173
6780.0 1672559.1481154724
6790.0 1672675.3804597876
6800.0 1681738.348005785
6810.0 1654212.406163532
6820.0 1651019.955313208
6830.0 1670812.1892971296
6840.0 1616707.291889484
6850.0 1606382.9650061976
6860.0 1548474.478991918
6870.0 1572322.358152582
6880.0 1565650.6401889238
6890.0 1567082.7830775524
6900.0 1565916.224986926
6910.0 1607773.8576810996
6920.0 1581247.8288842947
6930.0 1611425.1565482302
6940.0 1610299.4059161623
6950.0 1630681.5809184737
6960.0 1683572.1798643935
6970.0 1649514.1895523819
6980.0 1561625.1719976454
6990.0 1652837.6139372224
7000.0 1655465.2475964623
7010.0 1658491.8068427658
7020.0 1639322.9543384712
7030.0 1682071.2417489146
7040.0 1723278.9538605378
7050.0 1757430.9543761897
7060.0 1710403.2083064222
7070.0 1704232.6852746403
7080.0 1727234.664786639
7090.0 1671600.2470693504
7100.0 1713181.6177353482
7110.0 1648481.0903235525
7120.0 1733428.5201913507
7130.0 1613541.0978609407
7140.0 1638981.0530990444
7150.0 1481530.129148785
7160.0 1659377.8118533418
7170.0 1706472.3947963861
7180.0 1665480.863904971
7190.0 1610582.7245426448
7200.0 1629465.1781147067
7210.0 1589397.7269463954
7220.0 1706436.1768590966
7230.0 1753833.4352683146
7240.0 1697058.5765493524
7250.0 1710900.602662036
7260.0 1729400.9249740534
7270.0 1723515.7737365202
7280.0 1692284.0232302316
7290.0 1703490.0204000894
7300.0 1738045.9617033633
7310.0 1717082.683231262
7320.0 1692791.0474256088
7330.0 1610751.898251019
7340.0 1734481.229412305
7350.0 1731851.0940204437
7360.0 1598433.7815205478
7370.0 1758272.1163762838
7380.0 1747126.072816019
7390.0 1641885.3374120584
7400.0 1687311.0748592918
7410.0 1662277.244893014
7420.0 1675188.2954435886
7430.0 1733288.61946626
7440.0 1707198.4264009583
7450.0 1663523.0169182431
7460.0 1681072.9519245892
7470.0 1720720.657276359
7480.0 1752410.505000101
7490.0 1688285.4449660957
7500.0 1689524.2681241136
7510.0 1658918.3646359162
7520.0 1733669.6111587007
7530.0 1728294.0746853058
7540.0 1747943.4698320334
7550.0 1747931.7811250414
7560.0 1713964.3938393213
7570.0 1727605.9535788402
7580.0 1721045.2996695412
7590.0 1695295.0915261437
7600.0 1731219.6943362667
7610.0 1707729.4418057567
7620.0 1665103.765967387
7630.0 1743597.3871156645
7640.0 1731603.0704668362
7650.0 1724377.0099868895
7660.0 1544122.3632296333
7670.0 1669163.244211945
7680.0 1723299.5937393298
7690.0 1695093.3923147272
7700.0 1644392.0281847038
7710.0 1660960.6608525654
7720.0 1677543.7647724457
7730.0 1690644.7724805672
7740.0 1711461.1340148128
7750.0 1613586.2800436616
7760.0 1706952.9998231498
7770.0 1707167.9289349017
7780.0 1665910.0050959468
7790.0 1679631.3074756258
7800.0 1685932.4756480006
7810.0 1689318.486247689
7820.0 1695206.2071067977
7830.0 1627984.06763501
7840.0 1633986.7114529302
7850.0 1669867.0060879507
7860.0 1690592.838478688
7870.0 1690374.6621219937
7880.0 1678097.7566634347
7890.0 1679268.5996671082
7900.0 1667165.4652610547
7910.0 1634087.5885520664
7920.0 1657489.1514781655
7930.0 1646641.8143092077
7940.0 1572215.7003222825
7950.0 1592108.2844207757
7960.0 1661157.2214980994
7970.0 1672620.9058223038
7980.0 1647718.2895031397
7990.0 1664014.3711051322
8000.0 1596580.5872538816
8010.0 1667924.7456782337
8020.0 1655928.4561651824
8030.0 1631177.363092238
8040.0 1659732.8131321878
8050.0 1587964.9913675762
8060.0 1660663.6915224527
8070.0 1613501.7868560106
8080.0 1617894.7929665346
8090.0 1600237.805738504
8100.0 1620296.6756582889
8110.0 1637488.5756159674
8120.0 1631950.6658110537
8130.0 1629660.6123000388
8140.0 1637672.2199689953
8150.0 1640670.770843761
8160.0 1627892.833961704
8170.0 1638233.8305773227
8180.0 1562603.5164551525
8190.0 1552583.0697023943
8200.0 1544621.1159059564
8210.0 1564218.0616983145
8220.0 1554298.5881242333
8230.0 1605828.8129049533
8240.0 1600822.9447952844
8250.0 1609653.1850767073
8260.0 1615966.1101276386
8270.0 1620381.0566673074
8280.0 1623938.3876746956
8290.0 1597480.7302361005
8300.0 1606563.8930302106
8310.0 1561081.9413327286
8320.0 1594002.479961752
8330.0 1403327.4113367475
8340.0 1583474.3169696038
8350.0 1537607.1457248733
8360.0 1546598.06434702
8370.0 1580564.1342302933
8380.0 1495392.1577940604
8390.0 1401921.2586791608
8400.0 1545374.8172199142
8410.0 1554276.0398946425
8420.0 1546626.99388342
8430.0 1488302.1337561435
8440.0 1464323.86286957
8450.0 1563782.804431989
8460.0 1565355.369426875
8470.0 1462515.4529247105
8480.0 1569345.771171076
8490.0 1572277.1448856262
8500.0 1436516.767240721
8510.0 1492660.9843824133
8520.0 1501322.147711602
8530.0 1543789.91534214
8540.0 1252197.6795451911
8550.0 1507095.6349181384
8560.0 1555726.2559067758
8570.0 1554003.421894245
8580.0 1525922.8128463763
8590.0 1560172.8469959516
8600.0 1543302.5587783654
8610.0 1496328.835291499
8620.0 1516907.4207906637
8630.0 1547656.2462210974
8640.0 1538111.3792807355
8650.0 1535380.947767277
8660.0 1264343.8850309092
8670.0 1458934.9363788841
8680.0 1446785.8435863575
8690.0 1287214.7669889862
8700.0 1500645.1153328132
8710.0 1499898.6093861496
8720.0 1510020.069811969
8730.0 1511902.6385971825
8740.0 1483779.836523146
8750.0 1521297.3570502852
8760.0 1459984.6096440526
8770.0 1455778.083418195
8780.0 1516424.8989397786
8790.0 1483935.8130358467
8800.0 1465478.1326785819
8810.0 1327072.6680393277
8820.0 1393025.509206457
8830.0 1490243.3432884708
8840.0 1454831.1529503127
8850.0 1516549.928767372
8860.0 1508297.5893731588
8870.0 1461747.1326134275
8880.0 1501083.5700440607
8890.0 1506330.5692282086
8900.0 1508737.3001790475
8910.0 1500949.292100662
8920.0 1474204.557389202
8930.0 1478200.4447529654
8940.0 1496683.9161562386
8950.0 1460939.890595268
8960.0 1496848.3730842797
8970.0 1477071.3257338013
8980.0 1461768.4383577202
8990.0 1475989.0300674879
9000.0 1372574.8895502645
9010.0 1412600.1235146194
9020.0 1414821.054203648
9030.0 1466234.1361611278
9040.0 1473055.1594913122
9050.0 1479418.2678680625
9060.0 1472199.4192826403
9070.0 1474325.5030773708
9080.0 1461069.3643551858
9090.0 1375243.0554224483
9100.0 1434920.7265765618
9110.0 1434976.3227935482
9120.0 1439448.7453325687
9130.0 1471421.6983167212
9140.0 1452411.5863444223
9150.0 1441830.930961237
9160.0 1446549.8377045142
9170.0 1418421.0029621446
9180.0 1440983.0703682704
9190.0 1440980.6343189005
9200.0 1431111.4459912986
9210.0 1406353.4349448124
9220.0 1420800.993475412
9230.0 1430486.7312615633
9240.0 1422173.1193122265
9250.0 1398650.1073956315
9260.0 1335364.973063943
9270.0 1428570.634428698
9280.0 1416411.2273479644
9290.0 1367195.6209961602
9300.0 1417255.1945242903
9310.0 1418070.066690575
9320.0 1412356.134984011
9330.0 1415760.0021583382
9340.0 1418575.676863279
9350.0 1402055.3989831537
9360.0 1376433.1379552064
9370.0 1404823.9012542646
9380.0 1401591.4185862956
9390.0 1399933.086523868
9400.0 1387028.4922332696
9410.0 1334017.5442992467
9420.0 1363534.406489766
9430.0 1379848.1313171918
9440.0 1360107.4596641806
9450.0 1350161.9532139585
9460.0 1381927.8689476657
9470.0 1392765.3339109106
9480.0 1388636.0953053047
9490.0 1382966.7114676128
9500.0 1389161.6263312614
9510.0 1375071.057540296
9520.0 1388745.212573085
9530.0 1368745.0160558743
9540.0 1374300.8586012246
9550.0 1325917.8998233636
9560.0 1369527.760906863
9570.0 1328326.972492268
9580.0 1377291.0073062684
9590.0 1378738.3388281383
9600.0 1316759.45055282
9610.0 1369848.4347418451
9620.0 1369728.6218595812
9630.0 1354049.4782493964
9640.0 1279453.571918214
9650.0 1293972.6987015505
9660.0 1345102.4286557077
9670.0 1327375.9393270107
9680.0 1290960.0950962452
9690.0 1315589.9315399367
9700.0 1343695.896580483
9710.0 1306208.3866253474
9720.0 1322701.2074921995
9730.0 1282484.829341386
9740.0 1284986.2739645056
9750.0 1317768.5391769335
9760.0 1339540.9999769926
9770.0 1305716.6657053267
9780.0 1286296.1149818418
9790.0 1298793.515473624
9800.0 1334734.0250860127
9810.0 1335608.841306823
9820.0 1333082.3367354628
9830.0 1313799.1500819575
9840.0 1335178.9616385465
9850.0 1335632.7008696785
9860.0 1329882.1331470998
9870.0 1333133.8323283624
9880.0 1330808.4840767742
9890.0 1319368.6782395828
9900.0 1298515.6127720901
9910.0 1277687.8206912638
9920.0 1285379.3969196028
9930.0 1282638.2523381743
9940.0 1299192.1728223353
9950.0 1296122.293634619
9960.0 1301536.7905543086
9970.0 1295229.2756726902
9980.0 1293775.6941867068
9990.0 1290897.0507430087
10010.0 1281793.693294534
10020.0 1302232.804595674
10030.0 1283657.8002338412
10040.0 1291587.7800003241
10050.0 1266001.0441033377
10060.0 1246509.978267633
10070.0 1277744.9224933332
10080.0 1280329.7489184204
10090.0 1277096.5711053633
10100.0 1286667.3454915935
10110.0 1273357.869938636
10120.0 1275925.14444607
10130.0 1284012.1594227443
10140.0 1276406.294636029
10150.0 1248507.3403184908
10160.0 1260118.1460616346
10170.0 1266903.791864754
10180.0 1264978.2477272623
10190.0 1258063.3246376242
10200.0 1251037.45963402
10210.0 1253613.475675924
10220.0 1226477.5917781955
10230.0 1263558.1779387665
10240.0 1273168.5646590833
10250.0 1258031.23043931
10260.0 1251484.4067783267
10270.0 1247753.6431763878
10280.0 1245649.509633036
10290.0 1240680.4856433535
10300.0 1243103.1886843184
10310.0 1254707.0312775925
10320.0 1247607.3539275574
10330.0 1230635.926632847
10340.0 1149336.2521464531
10350.0 1233145.8753594328
10360.0 1247199.1013807964
10370.0 1224745.4274605494
10380.0 1230631.0935969832
10390.0 1233381.9766033837
10400.0 1190298.9659928733
10410.0 1237026.6822518092
10420.0 1218941.648566731
10430.0 1228806.3849388727
10440.0 1239377.0024388283
10450.0 1238049.6387982431
10460.0 1227231.916285252
10470.0 1198946.0438294837
10480.0 1224557.6314298315
10490.0 1216971.2690862892
10500.0 1201507.1775047944
10510.0 1212198.9528264268
10520.0 1218257.6289086952
10530.0 1212499.2050458689
10540.0 1221462.1812370813
10550.0 1212345.7588900174
10560.0 1218322.9542698509
10570.0 1204557.731110279
10580.0 1178545.9130058705
10590.0 1175270.3499555222
10600.0 1183308.247042759
10610.0 1196078.8314237748
10620.0 1195811.4446878252
10630.0 1193916.6012466387
10640.0 1207840.2654500848
10650.0 1195098.892800058
10660.0 1147755.0473972983
10670.0 1184881.7823491374
10680.0 1181794.2395733006
10690.0 1171497.6460087844
10700.0 1188003.1041801742
10710.0 1188838.1098590891
10720.0 1185978.6347326015
10730.0 1130635.3443575634
10740.0 1194614.6419185281
10750.0 1145881.6008282374
10760.0 1185337.3583121654
10770.0 1180639.8663979087
10780.0 1171344.3111606042
10790.0 1150515.4052952908
10800.0 1157812.530472325
10810.0 1085008.7150257898
10820.0 1158584.3639301923
10830.0 1117126.8376613432
10840.0 1161436.884554653
10850.0 1168355.8154244751
10860.0 1157741.6388503488
10870.0 1103617.136577477
10880.0 1154995.3161155637
10890.0 1153025.4698956846
10900.0 1156865.3144564112
10910.0 1145170.094692187
10920.0 1159333.5910788209
10930.0 1141453.9276425063
10940.0 1158210.70390013
10950.0 1138892.1383101705
10960.0 1103210.6660495864
10970.0 1107753.5639520916
10980.0 1111391.5083179043
10990.0 1133575.157825904
11000.0 1133133.321113494
11010.0 1121360.9310715138
11020.0 1098039.8659411913
11030.0 1124659.8039097877
11040.0 1131266.0273397763
11050.0 1127498.3056952297
11060.0 1121003.6399884415
11070.0 1126450.134527322
11080.0 1133255.7568573102
11090.0 1128953.8928024648
11100.0 1124250.0941082495
11110.0 1123857.4449195368
11120.0 1097494.1915477389
11130.0 1114226.090848371
11140.0 1127985.1430564774
11150.0 1118373.9154907241
11160.0 1107448.4635903249
11170.0 1122224.9199154621
11180.0 1115952.8648082216
11190.0 1104512.9506230648
11200.0 1090944.9345129733
11210.0 1112614.7659024324
11220.0 1117409.1822079264
11230.0 1111853.5230421529
11240.0 1100247.2725888474
11250.0 971549.934772386
11260.0 1077293.2530858833
11270.0 1116631.4251110225
11280.0 1103557.1605417617
11290.0 1094752.3341510731
11300.0 1075990.846602391
11310.0 1088690.1307004297
11320.0 1109202.2852281802
11330.0 1084481.0626386437
11340.0 1089989.142453753
11350.0 1094533.388269946
11360.0 1101632.9750090702
11370.0 1073857.6901106373
11380.0 1064245.6389590295
11390.0 1072019.3320680193
11400.0 1037283.6139158412
11410.0 1082386.3534823058
11420.0 1054678.1382159153
11430.0 1086234.229548013
11440.0 1039824.5447789965
11450.0 1087671.0813886935
11460.0 1087721.2069366137
11470.0 1068956.5568830406
11480.0 1059746.6921080428
11490.0 1083814.926230456
11500.0 1084995.7616954246
11510.0 1086944.5037790146
11520.0 1081984.7041556076
11530.0 1082868.0703134465
11540.0 1075605.1640920807
11550.0 1077468.192323867
11560.0 1078691.3729304937
11570.0 1079677.7114518047
11580.0 1077702.472907309
11590.0 1010734.5164214822
11600.0 1070600.5427572643
11610.0 944556.4973849655
11620.0 1073927.397167576
11630.0 1067635.9611204402
11640.0 995662.97424141
11650.0 1068015.757938584
11660.0 1067430.8723619885
11670.0 1060669.2244865678
11680.0 1058731.0466589082
11690.0 982172.8203239258
11700.0 1062615.9652451663
11710.0 1056103.2179168544
11720.0 1055652.5646373702
11730.0 1060775.1768553974
11740.0 1051651.7532118647
11750.0 1053187.0121966177
11760.0 1056974.4653469012
11770.0 1024010.8962014858
11780.0 979261.3127632034
11790.0 1045811.8507982885
11800.0 1039397.3209097725
11810.0 1032922.5839452873
11820.0 1018727.1783490145
11830.0 872227.6260026378
11840.0 1028558.6388556572
11850.0 1040439.8373997653
11860.0 1039982.0066865633
11870.0 1037963.9876657863
11880.0 891935.791845124
11890.0 1005027.8927112245
11900.0 1036258.1705924107
11910.0 1034303.4745239128
11920.0 1037100.760706475
11930.0 1037392.9288682176
11940.0 1032411.9041765452
11950.0 1008131.695050506
11960.0 996059.6616503657
11970.0 882628.0889468128
11980.0 964067.2641015057
11990.0 972170.7036533607
12000.0 1020415.2877852455
12010.0 1019304.0099839902
12020.0 1018102.2038208732
12030.0 946497.0405743824
12040.0 1002961.2390552525
12050.0 1013913.3650838194
12060.0 1016715.1410867046
12070.0 1003562.936296855
12080.0 883666.0172915837
12090.0 976258.8585329292
12100.0 981822.8449164334
12110.0 1007588.2379175413
12120.0 1009058.7303038257
12130.0 1009714.118268815
12140.0 1012976.342399358
12150.0 1010650.7248257252
12160.0 1010744.7520673507
12170.0 1001286.1703936175
12180.0 1007773.5708248685
12190.0 998725.6800577836
12200.0 996976.0324914313
12210.0 997904.6065641554
12220.0 1002859.236152075
12230.0 996772.6377862489
12240.0 997982.8316739494
12250.0 999069.434437663
12260.0 995890.8899560177
12270.0 969701.8295959745
12280.0 995706.155186191
12290.0 996398.3193753622
12300.0 994235.0232453892
12310.0 992279.228721006
12320.0 988387.5024891747
12330.0 986178.0545323809
12340.0 977160.5000894321
12350.0 987584.3881002677
12360.0 970531.4235468431
12370.0 983059.3710367399
12380.0 987717.6644648124
12390.0 979766.4756274876
12400.0 973814.02439961
12410.0 977688.4128482587
12420.0 957043.5768468699
12430.0 951419.3326654239
12440.0 977350.5066733913
12450.0 978151.336583931
12460.0 976515.7395959992
12470.0 971453.6627494805
12480.0 973558.0907784003
12490.0 973571.2574266322
12500.0 971522.6646675564
12510.0 959855.7412386162
12520.0 931974.217817405
12530.0 951410.4738457776
12540.0 969312.2356363927
12550.0 967689.9720765189
12560.0 954140.4676641934
12570.0 959047.5266788214
12580.0 960797.1122925594
12590.0 963266.1009391975
12600.0 958454.3859751435
12610.0 958067.3844968536
12620.0 957431.5739347722
12630.0 960632.0111772446
12640.0 934059.7453447977
12650.0 946343.676884764
12660.0 957425.793065441
12670.0 945853.2883749647
12680.0 939273.8919103722
12690.0 955180.4522756325
12700.0 952560.1380366301
12710.0 950085.7680196245
12720.0 954819.4384570551
12730.0 952088.8419132734
12740.0 925773.0475757655
12750.0 948748.8895752067
12760.0 950019.2616622233
12770.0 948083.8486675055
12780.0 946877.1668022629
12790.0 945669.8766517909
12800.0 944389.5872119275
12810.0 928751.0187604147
12820.0 869027.0774575641
12830.0 916086.0124894793
12840.0 934204.5486444213
12850.0 921738.5060761753
12860.0 938282.2373985163
12870.0 937210.8849248007
12880.0 922030.2761620872
12890.0 933237.3179939383
12900.0 864163.9182504865
12910.0 907350.8802181034
12920.0 922036.7868126904
12930.0 925963.7684996825
12940.0 923109.2812629291
12950.0 923747.8279367829
12960.0 926241.817280548
12970.0 922208.5824524151
12980.0 901362.1851567284
12990.0 924448.3643532685
13000.0 923758.0904262639
13010.0 911623.2604853589
13020.0 924465.2870543337
13030.0 906154.2616715269
13040.0 918113.8945290467
13050.0 921678.5651590963
13060.0 912475.1587245306
13070.0 919581.6405297741
13080.0 910231.9071370863
13090.0 915094.9830655045
13100.0 908912.4052399864
13110.0 909870.2642774867
13120.0 767018.3412874311
13130.0 859160.9409795852
13140.0 896728.8547939493
13150.0 776202.8727313778
13160.0 904549.8928793771
13170.0 910776.5299253234
13180.0 896747.6726519559
13190.0 911076.8648810361
13200.0 895847.9421428465
13210.0 898958.5035913461
13220.0 901974.4072830961
13230.0 910851.386741087
13240.0 908408.7966651137
13250.0 902554.7468245953
13260.0 899779.3603405452
13270.0 896217.5280111184
13280.0 883162.1753944731
13290.0 845246.2348204826
13300.0 898077.6771411671
13310.0 892499.5845116012
13320.0 815712.481731735
13330.0 892932.0561649271
13340.0 896708.4175440775
13350.0 886726.4212250456
13360.0 897786.8762258107
13370.0 895421.4393224401
13380.0 889828.194587793
13390.0 866661.1018946342
13400.0 875812.7184961784
13410.0 890908.6739443407
13420.0 879051.5433238227
13430.0 892191.0095123891
13440.0 892328.2132774611
13450.0 889892.0799869349
13460.0 887524.5274196415
13470.0 887840.3940200404
13480.0 889627.7357627642
13490.0 883935.114561688
13500.0 867380.2474008156
13510.0 887989.1807092159
13520.0 883147.2160776627
13530.0 887025.943494889
13540.0 885354.2432452893
13550.0 864367.6892177586
13560.0 869188.8468218108
13570.0 867836.2322507359
13580.0 882121.7892107242
13590.0 868318.1101865058
13600.0 853231.4097099598
13610.0 881401.7760270499
13620.0 878121.1942055194
13630.0 838094.7731892717
13640.0 847964.9492271548
13650.0 874217.740419316
13660.0 877090.5169095468
13670.0 865369.7732291648
13680.0 858951.4760934471
13690.0 873257.845329244
13700.0 872512.5782924616
13710.0 871666.9776228842
13720.0 863724.1153267423
13730.0 855670.8722839797
13740.0 869943.649197689
13750.0 869141.2513054465
13760.0 854353.873864637
13770.0 868861.3729393596
13780.0 867630.2395329427
13790.0 864053.3146612985
13800.0 870375.9665966713
13810.0 867004.317233301
13820.0 855174.4858618688
13830.0 865199.4814898284
13840.0 866913.4222128276
13850.0 832596.6605033802
13860.0 825350.8562633279
13870.0 860379.6246944973
13880.0 860877.1364458461
13890.0 859389.1181519927
13900.0 838632.0605607114
13910.0 825991.0762517033
13920.0 838516.360780111
13930.0 843352.4943674289
13940.0 854091.3090100974
13950.0 837700.6903953224
13960.0 854911.7744448395
13970.0 841261.9378863574
13980.0 844967.2835558946
13990.0 850422.094982741
14000.0 805659.273760462
14010.0 820483.3970299922
14020.0 855062.9328460563
14030.0 843711.400797396
14040.0 836811.3653856623
14050.0 852458.1067406969
14060.0 838261.1118763463
14070.0 841060.3928991309
14080.0 826372.2395772926
14090.0 845457.4503535563
14100.0 833166.2336738073
14110.0 834519.8859502152
14120.0 814054.0529384249
14130.0 803459.8386674082
14140.0 838171.8798287339
14150.0 839563.7292518858
14160.0 823121.4506210167
14170.0 837367.5145631611
14180.0 821700.0143578725
14190.0 832695.4244216079
14200.0 824894.5836744218
14210.0 822263.1370620519
14220.0 819440.3745711934
14230.0 825076.339420867
14240.0 780568.0963749558
14250.0 780770.5328988074
14260.0 771230.4202551824
14270.0 766010.9001934446
14280.0 811263.6723853973
14290.0 759916.3206633794
14300.0 824815.0155161542
14310.0 806309.1809302324
14320.0 822524.343001911
14330.0 834441.2330629979
14340.0 815923.3231003811
14350.0 812510.9990891586
14360.0 827197.3808973951
14370.0 819344.360509171
14380.0 830804.5956942401
14390.0 822539.8147400009
14400.0 740015.2143369494
14410.0 820809.7566920144
14420.0 810024.5635862863
14430.0 819124.5565723082
14440.0 783690.0456140599
14450.0 826254.4004686398
14460.0 806401.895775911
14470.0 821229.8467729336
14480.0 798346.5390764003
14490.0 814543.714560243
14500.0 793713.1691108203
14510.0 749973.9808970778
14520.0 805590.7487357392
14530.0 811091.9191031598
14540.0 797850.4798238511
14550.0 781561.901116058
14560.0 784105.0110637756
14570.0 786907.8778914905
14580.0 816016.540136418
14590.0 803189.2868874865
14600.0 782620.4614927577
14610.0 778751.1669756819
14620.0 796545.8735172924
14630.0 794059.8469048496
14640.0 808629.7694824219
14650.0 735631.6066833162
14660.0 796313.603737624
14670.0 795634.3206008336
14680.0 798380.5989001036
14690.0 786748.078774764
14700.0 763116.9548547388
14710.0 785802.1098574438
14720.0 772181.7250722457
14730.0 806302.7909408082
14740.0 794453.9280577742
14750.0 751924.4671447197
14760.0 805273.3097748734
14770.0 779761.6346681195
14780.0 789630.0855909599
14790.0 809688.7831258668
14800.0 789377.561274988
14810.0 787349.3268979554
14820.0 797760.1343254171
14830.0 747063.7748755976
14840.0 794426.7224980526
14850.0 787994.5361644863
14860.0 776750.1298433389
14870.0 714949.7877620136
14880.0 568354.9176241709
14890.0 771853.0915680012
14900.0 771339.1413532487
14910.0 772879.9736478602
14920.0 800880.392107049
14930.0 796579.5956953841
14940.0 798766.1673350211
14950.0 795504.5082461823
14960.0 763211.2816330014
14970.0 783509.8578142625
14980.0 780483.6856992164
14990.0 783492.548796068
15000.0 772444.8397559099
15010.0 760814.8909682118
15020.0 621647.202651908
15030.0 621499.7506234617
15040.0 575546.7827990269
15050.0 611682.8452394534
15060.0 768449.9418608133
15070.0 791119.124589701
15080.0 759598.7954014492
15090.0 787071.9981022747
15100.0 774354.6293442375
15110.0 795558.2633670653
15120.0 757897.1902371444
15130.0 777950.7996788179
15140.0 766340.9211531898
15150.0 781475.6461302039
15160.0 752728.0827015126
15170.0 790241.6515632874
15180.0 779813.8036142783
15190.0 786301.6233698598
15200.0 780496.1044843601
15210.0 749685.854905008
15220.0 732816.8346583527
15230.0 784120.7287499178
15240.0 771860.0909590116
15250.0 785002.0951526194
15260.0 761918.4674089301
15270.0 788226.6436893053
15280.0 767153.5766394163
15290.0 719736.2435372629
15300.0 759920.7965571962
15310.0 790051.6799885527
15320.0 778615.8922587696
15330.0 760793.0712677434
15340.0 751086.0084978133
15350.0 788620.144842124
15360.0 787979.8346100677
15370.0 775478.0904535017
15380.0 751705.7725729254
15390.0 746271.1544366176
15400.0 746799.1041563099
15410.0 772501.3781788275
15420.0 762771.7863138965
15430.0 760062.199783667
15440.0 792322.5906578654
15450.0 791013.2339328487
15460.0 778434.6550932786
15470.0 782525.4651344058
15480.0 782875.8232919733
15490.0 777998.4734902377
15500.0 770172.2339734376
15510.0 764007.2401491485
15520.0 784206.9826853707
15530.0 755611.8662493741
15540.0 725653.5157325007
15550.0 781255.0429158914
15560.0 743756.1049206503
15570.0 747642.2686293293
15580.0 777283.4353624763
15590.0 727001.1684128
15600.0 772433.1693080276
15610.0 777500.9998122308
15620.0 712588.8543498885
15630.0 718688.288678889
15640.0 768604.100553158
15650.0 746456.4346352094
15660.0 734447.9467209618
15670.0 756206.0955564972
15680.0 750147.2296316078
15690.0 734061.7832255642
15700.0 763879.7390025847
15710.0 773327.921862555
15720.0 700429.8758179127
15730.0 744854.6634084666
15740.0 651563.5083793985
15750.0 620386.4366705728
15760.0 668052.870133034
15770.0 572901.6302763454
15780.0 735450.2058184387
15790.0 752804.1506050266
15800.0 758850.1846299727
15810.0 765729.2781650857
15820.0 658848.5001070093
15830.0 744198.7258629804
15840.0 747020.1399871458
15850.0 764494.8541254535
15860.0 747233.5082772612
15870.0 720914.2366673066
15880.0 699361.5359899045
15890.0 613893.2292727988
15900.0 715321.0448673187
15910.0 687142.3160972468
15920.0 750934.5860998282
15930.0 751625.1122960481
15940.0 748687.259689156
15950.0 740127.0731488984
15960.0 672797.0396599985
15970.0 744123.3039228145
15980.0 721149.2593358669
15990.0 758091.3161966975
16000.0 752957.3260405884
16010.0 707582.7174114394
16020.0 755116.2533523813
16030.0 756455.3470282152
16040.0 693697.5617295876
16050.0 747250.4970387673
16060.0 702085.0482107574
16070.0 722610.5532691395
16080.0 750156.2277140435
16090.0 722271.9749565256
16100.0 689204.336642464
16110.0 755085.3740208095
16120.0 737279.1520784742
16130.0 736191.1334797149
16140.0 706326.3246542213
16150.0 651375.0989361185
16160.0 630781.7937371238
16170.0 734439.852079842
16180.0 726927.2472570565
16190.0 698015.6048639418
16200.0 594290.5768650115
16210.0 701695.0910156034
16220.0 721952.6637463963
16230.0 705251.0420488375
16240.0 708258.2691261545
16250.0 721217.0468487529
16260.0 731951.6946301972
16270.0 740282.9036766989
16280.0 741591.6759130277
16290.0 729605.6441404631
16300.0 729330.5143620429
16310.0 718884.1316463948
16320.0 697582.2086717151
16330.0 717751.8110325506
16340.0 736129.4406646758
16350.0 713398.4943646196
16360.0 697241.8337401056
16370.0 705280.1533338409
16380.0 659055.9559835774
16390.0 698184.1653514251
16400.0 670946.276646115
16410.0 701440.3337772861
16420.0 726715.785694284
16430.0 721132.3580140003
16440.0 658189.6541706871
16450.0 684101.7438480596
16460.0 715923.4318763722
16470.0 695729.9802189238
16480.0 708598.7389158638
16490.0 647991.7933592679
16500.0 718352.2408446459
16510.0 709355.30150889
16520.0 691091.7413162808
16530.0 696710.3363119435
16540.0 681492.0530556996
16550.0 698336.8051468169
16560.0 678506.4789849509
16570.0 705970.3067584373
16580.0 692024.1466948785
16590.0 693606.1552505151
16600.0 706661.3944499458
16610.0 684218.6883446177
16620.0 685210.1545127744
16630.0 673153.6489354928
16640.0 677921.4858131591
16650.0 646565.0168113343
16660.0 675267.2621463527
16670.0 669104.6059760425
16680.0 662290.9317786898
16690.0 687310.9442932429
16700.0 682818.6025822961
16710.0 655508.4095011004
16720.0 574119.9486050179
16730.0 670814.1309981773
16740.0 674347.5588428982
16750.0 533045.8861704578
16760.0 621185.4976950439
16770.0 677717.3735730967
16780.0 677009.0610068494
16790.0 673731.4916940934
16800.0 672252.0735571925
16810.0 668818.5062852618
16820.0 638029.897307135
16830.0 664736.6631320706
16840.0 661410.0015092843
16850.0 670373.9825550402
16860.0 646614.5390146346
16870.0 644256.2391463693
16880.0 650720.5926484222
16890.0 649695.0151340172
16900.0 614842.8861375725
16910.0 646457.2672849601
16920.0 662462.033136902
16930.0 656369.1346278989
16940.0 662455.5940224797
16950.0 655360.3368419103
16960.0 653964.6196883621
16970.0 637682.2932433042
16980.0 647715.453330815
16990.0 639548.24422232
17000.0 616960.2766715793
17010.0 608840.2376832776
17020.0 637920.9936789569
17030.0 640979.8589346466
17040.0 646337.736658628
17050.0 633273.5717730687
17060.0 633998.2105861495
17070.0 614548.0980392178
17080.0 635254.1844071592
17090.0 624218.3790223598
17100.0 569946.8305266204
17110.0 450397.3792920109
17120.0 603281.051164295
17130.0 625005.3044628524
17140.0 631072.9078535684
17150.0 630955.6235085058
17160.0 610746.4839834053
17170.0 624640.894847762
17180.0 623949.7972889054
17190.0 624031.7987581454
17200.0 615405.9019297956
17210.0 614416.9976431482
17220.0 608884.8532149717
17230.0 575943.0869490551
17240.0 605703.9130539651
17250.0 614440.316962858
17260.0 616031.4413873183
17270.0 606425.4460745638
17280.0 602417.6606444459
17290.0 607402.7752233605
17300.0 591186.2945412702
17310.0 599061.7891680043
17320.0 588040.7952694762
17330.0 543374.3348643925
17340.0 586690.5129384061
17350.0 595393.788743567
17360.0 594468.7967653645
17370.0 599937.4260222544
17380.0 590676.4511364043
17390.0 589614.846789466
17400.0 589419.8499127368
17410.0 554850.7055766641
17420.0 578067.5197587614
17430.0 589865.6579568175
17440.0 597135.0665436384
17450.0 589506.396845583
17460.0 585870.5066729718
17470.0 552227.1494467426
17480.0 592794.777118108
17490.0 588205.6732958967
17500.0 571156.2556196722
17510.0 584137.5207369074
17520.0 584688.6458632516
17530.0 579424.7109980925
17540.0 574696.6489041952
17550.0 575419.1280655373
17560.0 578344.7293884299
17570.0 582423.0622297662
17580.0 575660.4780123734
17590.0 570169.0938038307
17600.0 568899.1185297352
17610.0 559942.8554126468
17620.0 537435.7494577739
17630.0 573725.8570559965
17640.0 555715.3528907467
17650.0 572177.899711424
17660.0 549372.2925783453
17670.0 564880.2505154315
17680.0 534852.9392418416
17690.0 564499.3077766086
17700.0 555854.2201921085
17710.0 547523.7961042825
17720.0 527339.5517719026
17730.0 557483.2597032351
17740.0 553934.325798842
17750.0 552587.4226224475
17760.0 546019.69540697
17770.0 526041.6542862748
17780.0 549206.7960128118
17790.0 554991.5591271718
17800.0 554444.3252624978
17810.0 549616.4873342396
17820.0 542223.3671360132
17830.0 541202.7368514814
17840.0 541087.259771814
17850.0 528018.0451393615
17860.0 536919.1102842165
17870.0 543156.8210226992
17880.0 547599.0094894528
17890.0 548020.0680030714
17900.0 540948.9796258387
17910.0 542805.5857198806
17920.0 540858.0245776176
17930.0 517809.6023457047
17940.0 521335.51662448654
17950.0 541816.1420947746
17960.0 538553.7814590859
17970.0 536146.814247876
17980.0 533433.1858867869
17990.0 532270.8777228028
18000.0 527642.51875405
18010.0 524670.9063618811
18020.0 521213.54863480263
18030.0 504335.87403352594
18040.0 513928.5720589342
18050.0 512722.34193646675
18060.0 525243.9218791643
18070.0 524909.0284065042
18080.0 510771.5393782149
18090.0 522604.2510201468
18100.0 509868.74590119673
18110.0 511446.356922362
18120.0 514043.278968071
18130.0 518964.927900633
18140.0 516457.93462748564
18150.0 508393.7519261541
18160.0 504290.6234815087
18170.0 507188.67418878403
18180.0 505235.97440985305
18190.0 512133.09842403175
18200.0 511295.77394232014
18210.0 511504.28184991505
18220.0 499012.006107344
18230.0 507990.66471081355
18240.0 510672.5350600733
18250.0 508133.70263719873
18260.0 506510.97571743996
18270.0 500960.3005856254
18280.0 485770.33746024914
18290.0 496604.1977119836
18300.0 493788.3795720462
18310.0 501805.70056793035
18320.0 498841.23285339796
18330.0 505032.77140360646
18340.0 494586.5961637116
18350.0 492235.16282975976
18360.0 491907.8805212339
18370.0 467270.08974728273
18380.0 482460.9109862486
18390.0 487157.9095657331
18400.0 479234.48124175076
18410.0 466165.31297682057
18420.0 451444.01969287853
18430.0 480225.9473978461
18440.0 486016.15557739534
18450.0 483818.7395653835
18460.0 468948.8503330276
18470.0 445721.82215635525
18480.0 484543.7717017654
18490.0 483779.9232340419
18500.0 485147.1801935575
18510.0 481463.58528523665
18520.0 466084.56990132
18530.0 475774.0897748707
18540.0 482292.8366432012
18550.0 460659.3166303714
18560.0 464772.66978596966
18570.0 478236.0911843563
18580.0 446641.6813571984
18590.0 474780.9619735066
18600.0 476001.12913975574
18610.0 471105.98643801006
18620.0 471094.8670237799
18630.0 466602.7372152444
18640.0 468077.04047455126
18650.0 469821.3053108454
18660.0 445372.6286286929
18670.0 470622.2992161136
18680.0 465185.01867654425
18690.0 469202.14412817126
18700.0 465231.1806511411
18710.0 454655.7790124996
18720.0 438091.91889605
18730.0 457808.7127363383
18740.0 455259.1911185435
18750.0 425382.95209293853
18760.0 452081.3708309889
18770.0 434706.2360217236
18780.0 454989.55469280586
18790.0 456967.7391611275
18800.0 460985.7097522425
18810.0 460504.9902214738
18820.0 454433.9090488316
18830.0 458384.66776171303
18840.0 451528.31241936836
18850.0 441328.33144388325
18860.0 401977.87153178436
18870.0 450539.3394638075
18880.0 436577.3004987878
18890.0 436534.37165433547
18900.0 398194.0110648402
18910.0 429722.2726209707
18920.0 412526.9038216279
18930.0 430930.56996602286
18940.0 439304.2668971033
18950.0 444213.72021009756
18960.0 439345.68061799894
18970.0 424940.77071165503
18980.0 440840.4764607228
18990.0 408750.30124552577
19000.0 440495.06813373533
19010.0 440873.53541540826
19020.0 439780.58192823804
19030.0 428458.456494976
19040.0 432303.2560082458
19050.0 414845.793085448
19060.0 437348.3908652957
19070.0 438365.976210408
19080.0 426826.4037839947
19090.0 432346.6012266943
19100.0 431967.4221100196
19110.0 404206.77142858854
19120.0 419312.7086580359
19130.0 433646.5168267941
19140.0 427186.72136950766
19150.0 428762.3942547424
19160.0 426895.11657966377
19170.0 427969.44909639517
19180.0 427388.48187213275
19190.0 404145.8727800133
19200.0 410222.8607323207
19210.0 419424.5912472124
19220.0 423123.5895561266
19230.0 425556.1770141052
19240.0 424420.07966190914
19250.0 417619.2083596986
19260.0 413653.7741615836
19270.0 417110.89141991985
19280.0 410070.1915412175
19290.0 416555.62817622407
19300.0 407759.2632294761
19310.0 312845.1205108204
19320.0 408163.03779784206
19330.0 411292.6550905005
19340.0 391780.512388907
19350.0 413356.0096926346
19360.0 417120.12700227817
19370.0 416343.3443175367
19380.0 412404.28163825104
19390.0 395760.2789645755
19400.0 405891.87373239984
19410.0 409542.7354632116
19420.0 405911.3320279222
19430.0 374728.5043881439
19440.0 391519.7018648614
19450.0 282854.6135170724
19460.0 363515.5309023114
19470.0 391484.63389943854
19480.0 393160.34751827794
19490.0 382535.2020368334
19500.0 369687.80010515713
19510.0 327003.9840834558
19520.0 400483.97359090555
19530.0 397548.4965415814
19540.0 392115.8177195101
19550.0 401782.94289800554
19560.0 401954.102382347
19570.0 400937.519593508
19580.0 395047.6768100821
19590.0 392828.25403198105
19600.0 393262.18593604694
19610.0 384371.06762270915
19620.0 388899.4959420366
19630.0 380216.16017545626
19640.0 384783.79085924686
19650.0 396403.33832568495
19660.0 395364.5657973259
19670.0 393984.31859074073
19680.0 392662.9607562681
19690.0 391582.5401423014
19700.0 391721.0281020691
19710.0 387524.35281394294
19720.0 362602.0193149466
19730.0 371955.2655925981
19740.0 381057.3040782827
19750.0 380435.7623158377
19760.0 376695.2518242271
19770.0 326559.57478774094
19780.0 256174.93718536012
19790.0 354939.11360260285
19800.0 377806.47128747735
19810.0 375086.50601525826
19820.0 375854.72141575214
19830.0 381553.18875922624
19840.0 378963.1005379941
19850.0 310852.0877648303
19860.0 289917.00031311606
19870.0 366691.31053425407
19880.0 375721.4255510628
19890.0 376577.83292432013
19900.0 374905.87093897426
19910.0 374052.5576958347
19920.0 348070.6650940377
19930.0 323795.06249721855
19940.0 364739.8199053109
19950.0 368590.2473181766
19960.0 342731.62473589217
19970.0 360484.31039530557
19980.0 370308.4622038017
19990.0 370976.7298030469
20010.0 369711.06210208265
20020.0 358708.5197535709
20030.0 364689.71740990726
20040.0 367072.2750710903
20050.0 360826.4127369604
20060.0 365347.8504076642
20070.0 363582.08808300475
20080.0 364534.72576314455
20090.0 358894.9234480413
20100.0 364510.5415056672
20110.0 364320.09841434413
20120.0 363112.3156956848
20130.0 361186.9729817072
20140.0 359622.55027243326
20150.0 361397.20756770734
20160.0 360110.36486768635
20170.0 356032.7821720982
20180.0 358004.5794813019
20190.0 354758.9567948959
20200.0 351516.9947880471
20210.0 345188.1318536382
20220.0 355002.12959870463
20230.0 350559.6873482674
20240.0 347181.58510253456
20250.0 354060.42286115966
20260.0 350487.44062430965
20270.0 349800.55839213316
20280.0 346610.2161643879
20290.0 347176.5139411466
20300.0 334259.05214019195
20310.0 351130.08950806875
20320.0 350601.9872983193
20330.0 349536.98781341675
20340.0 341198.35289209627
20350.0 341758.6206956191
20360.0 346149.20850361366
20370.0 345494.94631601905
20380.0 335370.6241327924
20390.0 345806.20195395214
20400.0 342703.3697795839
20410.0 338247.14366621623
20420.0 343940.86534321436
20430.0 344483.6830813647
20440.0 343269.54082378664
20450.0 341847.428570462
20460.0 342808.4463215681
20470.0 335649.724076979
20480.0 341907.6318365851
20490.0 340613.10960047384
20500.0 340624.93736875977
20510.0 337712.23516727134
20520.0 333589.0623210484
20530.0 335626.1995050055
20540.0 332326.8566931386
20550.0 335031.533885643
20560.0 335023.69108213857
20570.0 333749.9782827665
20580.0 333181.65548756294
20590.0 327551.23269658827
20600.0 319256.189909657
20610.0 329860.13934293354
20620.0 327527.784833901
20630.0 269649.73254506954
20640.0 319318.2602603151
20650.0 328755.2279797092
20660.0 328732.5457031353
20670.0 325663.30343075265
20680.0 325508.0211623666
20690.0 325976.4088981827
20700.0 314772.6109453385
20710.0 323409.67558640114
20720.0 320735.79234207445
20730.0 325113.8703063624
20740.0 321098.9282748538
20750.0 325352.36624713975
20760.0 320032.54422347003
20770.0 321132.7022040185
20780.0 323457.60480387683
20790.0 322685.69817691576
20800.0 318132.73616931745
20810.0 321413.07416578574
20820.0 319666.2530280805
20830.0 313963.9497805198
20840.0 307162.92739869293
20850.0 316903.3450208188
20860.0 317503.72264696116
20870.0 316358.2802768922
20880.0 315139.0179108265
20890.0 316024.9355485431
20900.0 317192.3131902218
20910.0 313372.77083570213
20920.0 296701.86911290395
20930.0 313511.62634100695
20940.0 312094.9242007746
20950.0 313619.92206443043
20960.0 299866.259931881
20970.0 303255.45780327806
20980.0 312194.4556783504
20990.0 310344.15355737205
21000.0 313897.4714400256
21010.0 308274.6493266527
21020.0 309838.44721686863
21030.0 311587.2657309237
21040.0 310670.54319630685
21050.0 310563.36128539086
21060.0 307998.8193782546
21070.0 303093.79752525594
21080.0 305280.9855752214
21090.0 279639.65367928706
21100.0 304404.4317870361
21110.0 304025.56989853503
21120.0 304340.48801390175
21130.0 305351.6232063513
21140.0 303475.2442553369
21150.0 303120.1123815878
21160.0 269111.9805116418
21170.0 293211.12472114206
21180.0 298868.42678252957
21190.0 297666.2449234924
21200.0 297910.93306806084
21210.0 298387.7512162561
21220.0 296642.0493680158
21230.0 295307.80752354953
21240.0 293907.13588897925
21250.0 298741.32384513854
21260.0 295357.6320114714
21270.0 297296.850181193
21280.0 296435.2583546074
21290.0 297839.0665315841
21300.0 297575.84471208474
21310.0 296260.89289616665
21320.0 294769.721083726
21330.0 295906.25927483605
21340.0 294082.2174695105
21350.0 281443.2156676463
21360.0 290628.00386937376
21370.0 293634.6720745296
21380.0 293587.64028317307
21390.0 292967.0484953503
21400.0 292607.4467109839
21410.0 292497.7549300363
21420.0 292049.09315257997
21430.0 288969.6013786494
21440.0 290297.4273914315
21450.0 285456.7715839977
21460.0 286631.0260772965
21470.0 289940.6643170064
21480.0 289024.3825601587
21490.0 286945.02080670936
21500.0 288198.77905671904
21510.0 287798.9173100302
21520.0 285436.755566703
21530.0 283995.5105356252
21540.0 283897.8520902856
21550.0 285116.3703571254
21560.0 283667.8142660676
21570.0 283456.54584449326
21580.0 284418.1230649753
21590.0 281594.9802887233
21600.0 283228.35751577246
21610.0 282495.0347460337
21620.0 281963.45197956986
21630.0 281289.5492162797
21640.0 280214.2464562397
21650.0 274087.7036994976
21660.0 274204.60094591556
21670.0 275849.57263519225
21680.0 277821.53635039926
21690.0 278169.27450849634
21700.0 277420.67266988306
21710.0 277433.3108344305
21720.0 277318.92900222854
21730.0 276492.3871732735
21740.0 274588.74534752074
21750.0 274903.30352491495
21760.0 271628.3217055103
21770.0 272473.1398892939
21780.0 246669.9427749443
21790.0 271088.43642109743
21800.0 274331.3827790633
21810.0 272215.66312024504
21820.0 262036.9014745073
21830.0 272086.5698319108
21840.0 272454.6981924885
21850.0 271382.3265562571
21860.0 270952.50492311735
21870.0 266948.713293059
21880.0 254883.8916661614
21890.0 266828.8716269512
21900.0 258002.58805557966
21910.0 269722.88607186265
21920.0 269727.85409122397
21930.0 268577.3521135812
21940.0 265642.47013906867
21950.0 267051.22816751513
21960.0 267707.29619908
21970.0 266395.2542337068
21980.0 266243.9922713185
21990.0 265548.5403118902
22000.0 259472.57895234265
22010.0 264253.5465914282
22020.0 264180.1348302078
22030.0 263379.9630721152
22040.0 261988.4413169616
22050.0 254463.23956475503
22060.0 225505.33781565377
22070.0 254570.02606935115
22080.0 245486.8643262191
22090.0 258893.74258595743
22100.0 260589.2008486494
22110.0 258724.4797131103
22120.0 260683.89739136002
22130.0 260468.44567135238
22140.0 260132.9339542838
22150.0 259711.05224016102
22160.0 258966.38052890555
22170.0 258442.89365689803
22180.0 258020.74711520193
22190.0 258374.7654127494
22200.0 257479.52371313784
22210.0 249905.68201635973
22220.0 257187.26517319964
22230.0 250256.03626854575
22240.0 255923.39728078403
22250.0 255522.2157641493
22260.0 242980.13425049922
22270.0 244828.75273971877
22280.0 245198.4912316419
22290.0 253333.0897264792
22300.0 247978.0082240458
22310.0 247207.36672463708
22320.0 252470.62522801454
22330.0 252249.24407268636
22340.0 251132.7687432241
22350.0 251303.20008423232
22360.0 251516.97826344354
22370.0 250550.8564453512
22380.0 239455.81463013016
22390.0 243039.05281761303
22400.0 249602.7910079201
22410.0 248928.80920089633
22420.0 245434.32739676096
22430.0 248168.8455952604
22440.0 244197.48398969506
22450.0 247247.4791092963
22460.0 246983.83442476296
22470.0 236837.3697427537
22480.0 244732.4650632919
22490.0 244740.3803863786
22500.0 245815.6357119819
22510.0 244843.95104020258
22520.0 244460.48637085254
22530.0 243272.96170408526
22540.0 232440.81039030428
22550.0 242700.38668126997
22560.0 243280.41079068958
22570.0 242444.24920599733
22580.0 242678.1476239506
22590.0 242441.68604458234
22600.0 241609.96446787092
22610.0 232911.91289376406
22620.0 221211.67132227536
22630.0 233372.90975347097
22640.0 239445.1581872672
22650.0 225620.7966236758
22660.0 237821.16068496183
22670.0 238846.22100174442
22680.0 238418.71225989127
22690.0 237735.38782446124
22700.0 237491.61284343668
22710.0 236007.68807517298
22720.0 237408.77668542604
22730.0 236708.54529829934
22740.0 231839.43391375444
22750.0 235230.55253171307
22760.0 234333.44900043032
22770.0 235241.511806299
22780.0 233897.94788226287
22790.0 232715.35626984763
22800.0 227048.11566007207
22810.0 205667.79150862456
22820.0 220854.2749545437
22830.0 230031.81283346668
22840.0 232543.97020852298
22850.0 231319.67885192292
22860.0 231042.28749781515
22870.0 231395.8861462433
22880.0 231213.764797134
22890.0 230579.48358015926
22900.0 231095.37633203223
22910.0 229763.2600975413
22920.0 229864.09842480076
22930.0 189051.33675437016
22940.0 197025.07508657366
22950.0 211308.33342120616
22960.0 203357.31175795858
22970.0 209912.61009737034
22980.0 212954.56843932133
22990.0 214976.66678360457
23000.0 219079.60513028747
23010.0 216373.7439216258
23020.0 218124.36216465264
23030.0 218932.74085225168
23040.0 216710.2595422998
23050.0 216855.8382347621
23060.0 218160.0169296066
23070.0 217552.23562695167
23080.0 218828.1743266163
23090.0 217358.81302852373
23100.0 222111.5517330186
23110.0 216401.91043983932
23120.0 216052.83240950873
23130.0 216982.32762225973
23140.0 212593.4060978612
23150.0 218984.2845760291
23160.0 212468.4830564143
23170.0 215125.06153901212
23180.0 215865.3600240996
23190.0 216975.03851144732
23200.0 214378.37700100982
23210.0 214782.77549296423
23220.0 183548.29398734946
23230.0 180489.31248409412
23240.0 195801.7216449522
23250.0 195258.60969080724
23260.0 200907.35840123898
23270.0 199756.77860008646
23280.0 203865.23782895162
23290.0 207775.75454614937
23300.0 196792.27926591513
23310.0 202349.09398731813
23320.0 207879.2667115105
23330.0 203945.1894378158
23340.0 208842.5461664304
23350.0 194183.42922178918
23360.0 205405.1216617442
23370.0 202540.44242843
23380.0 191544.7091975664
23390.0 208572.991968637
23400.0 203842.6967420449
23410.0 203298.44951793988
23420.0 205802.2902956968
23430.0 205233.42907578158
23440.0 204824.4358582287
23450.0 201960.228642631
23460.0 204112.03342944506
23470.0 207422.0528727745
23480.0 202483.33100946865
23490.0 202025.901802871
23500.0 207411.75859835552
23510.0 200938.7473959822
23520.0 162920.4641959235
23530.0 174863.2849980776
23540.0 185552.853802213
23550.0 184234.2426085653
23560.0 189529.30141700912
23570.0 191069.77622774217
23580.0 191909.71904057916
23590.0 192125.2658900319
23600.0 196007.72867260163
23610.0 193864.62949195353
23620.0 190968.5663131687
23630.0 196365.39513674614
23640.0 193636.28785660423
23650.0 194311.96079024178
23660.0 193552.21161992857
23670.0 194376.17845178625
23680.0 193830.60928593713
23690.0 194966.3401221461
23700.0 195471.83496025964
23710.0 196004.7098006363
23720.0 184832.13264314213
23730.0 191126.43148755905
23740.0 192021.97033418796
23750.0 190208.735182873
23760.0 193507.76203357757
23770.0 195196.90088629982
23780.0 192499.64574114585
23790.0 193826.8145980249
23800.0 191382.43945703
23810.0 194955.54231804222
23820.0 177109.92118099396
23830.0 156083.673098172
23840.0 171137.89891324507
23850.0 172370.21778223914
23860.0 170123.69665337415
23870.0 177640.59552658565
23880.0 188990.7344018397
23890.0 179685.29527906462
23900.0 180498.50415819028
23910.0 186596.45503938015
23920.0 176437.49192252665
23930.0 189161.6288078697
23940.0 181068.22569490096
23950.0 184526.10080718878
23960.0 185634.90347535763
23970.0 180774.70636849903
23980.0 185961.7052634662
23990.0 191847.02216061694
24000.0 176721.55705962723
24010.0 187985.70756762516
24020.0 182807.3148635692
24030.0 187146.4517685204
24040.0 184230.71267536606
24050.0 181668.66758407335
24060.0 187341.75449490774
24070.0 185865.92224744448
24080.0 180626.180973879
24090.0 185732.08654216526
24100.0 181971.30411241783
24110.0 183826.14568470133
24120.0 185948.88543602376
24130.0 173307.58931587872
24140.0 150993.8984130231
24150.0 163921.13999311952
24160.0 164394.1175748734
24170.0 173695.24915875914
24180.0 172412.61274446975
24190.0 167704.64301979408
24200.0 179363.0572697142
24210.0 174821.34220927738
24220.0 176402.60115071872
24230.0 172186.2060939101
24240.0 179698.9230390856
24250.0 171723.04398607058
24260.0 175465.97693507385
24270.0 176817.33988581327
24280.0 168121.57083836416
24290.0 181099.66779278053
24300.0 176685.7327490612
24310.0 173356.44021404075
24320.0 179621.51287874416
24330.0 169998.56805208363
24340.0 177398.56522732496
24350.0 175144.9124040421
24360.0 174166.2295826984
24370.0 167831.7467226768
24380.0 176211.49594517934
24390.0 177277.07712887626
24400.0 170641.04231454572
24410.0 174207.40150178416
24420.0 175236.184690733
24430.0 180250.82945354067
24440.0 164904.0488627441
24450.0 170738.2998457031
24460.0 152907.63883034262
24470.0 150781.1238169434
24480.0 168020.7568053217
24490.0 164434.75579544276
24500.0 160780.54878752894
24510.0 163686.13978109034
24520.0 165462.05277648766
24530.0 167790.09377375164
24540.0 161226.29477271065
24550.0 163464.685888874
24560.0 155643.98652325774
24570.0 155392.47527465294
24580.0 171404.14602805092
24590.0 163125.98078308633
24600.0 169128.52353977144
24610.0 167570.56429817824
24620.0 166513.11305836242
24630.0 169682.9998201949
24640.0 164981.64258380272
24650.0 164826.69534904853
24660.0 170197.79611612493
24670.0 166854.3008847595
24680.0 161058.61390315957
24690.0 166315.57267986314
24700.0 163825.5837062915
24710.0 164292.22873460653
24720.0 165652.87376435354
24730.0 159455.00479588847
24740.0 166106.0930181043
24750.0 161140.4588640536
24760.0 163564.51790074407
24770.0 168232.14493895147
24780.0 152083.75597878062
24790.0 148719.39102048663
24800.0 146292.60239242713
24810.0 153516.5331087695
24820.0 139885.12615521235
24830.0 152821.53920350224
24840.0 155061.92825343573
24850.0 144466.85130489565
24860.0 124200.85435807068
24870.0 144154.22141286355
24880.0 144342.70246938313
24890.0 146941.41352741444
24900.0 147864.3365871536
24910.0 146411.32164852574
24920.0 146528.25390308947
24930.0 151588.99948516046
24940.0 145623.71026043748
24950.0 148883.1870372964
24960.0 147553.09981576668
24970.0 149654.2625957806
24980.0 147863.2193773847
24990.0 148313.1124685147
