#lam[Angstrom] flux[erg/cm2/s/A]
1010.0 11738.111396400678
1020.0 12154.284989587437
1030.0 41931.61519587286
1040.0 16528.7793657764
1050.0 12446.149356895496
1060.0 12558.663540534411
1070.0 13261.558627397879
1080.0 40133.417597852735
1090.0 40886.87386226917
1100.0 13107.235502801082
1110.0 13212.3039128915
1120.0 13725.970488627961
1130.0 13351.16721796432
1140.0 14499.409148832257
1150.0 13606.586399345491
1160.0 13865.305979247863
1170.0 13890.959134385914
1180.0 13950.782139768267
1190.0 14035.69190631323
1200.0 21163.744732914132
1210.0 18836.921346969128
1220.0 119848.38745654572
1230.0 17336.06029061096
1240.0 70669.90941591524
1250.0 24614.568591758492
1260.0 34253.40184954131
1270.0 35191.200731791534
1280.0 36333.08847363619
1290.0 39213.29445457278
1300.0 42228.38791622523
1310.0 46439.599607343116
1320.0 48507.69981982641
1330.0 49326.564991970954
1340.0 55052.889061258116
1350.0 52983.81258484497
1360.0 54247.25627348023
1370.0 55050.65823671959
1380.0 56217.875059988
1390.0 128713.85494626971
1400.0 143139.68890518977
1410.0 105818.46901202275
1420.0 59691.44737552099
1430.0 58615.23307645963
1440.0 58915.90889249474
1450.0 59307.902445023836
1460.0 59774.6358683413
1470.0 60237.946140328015
1480.0 60521.62495116372
1490.0 94988.47757723888
1500.0 59923.039421396286
1510.0 59824.35505186221
1520.0 59890.03065898482
1530.0 62580.50049774273
1540.0 59469.45156625831
1550.0 844418.32860919
1560.0 59493.35012636249
1570.0 59238.05218862788
1580.0 62068.65875974947
1590.0 59181.88595809221
1600.0 64888.732282395154
1610.0 59066.62629640838
1620.0 59061.93568180722
1630.0 58712.3766392271
1640.0 536998.2817545582
1650.0 58220.72437850008
1660.0 75310.30108811952
1670.0 102554.2019189393
1680.0 57847.72350006072
1690.0 57672.9787089216
1700.0 57437.27136124823
1710.0 57146.97577437268
1720.0 61348.68702304793
1730.0 57434.04305105567
1740.0 58521.374814446506
1750.0 86827.51824145677
1760.0 56922.94549464067
1770.0 56905.032926332926
1780.0 57076.49944089827
1790.0 61041.18553099248
1800.0 56694.000108363514
1810.0 69926.6117802166
1820.0 71127.7661630552
1830.0 55647.44916930196
1840.0 55292.49060546053
1850.0 59696.86733899732
1860.0 57427.32997432267
1870.0 54644.50306321633
1880.0 89592.35599110009
1890.0 112122.6554905385
1900.0 54100.764674679354
1910.0 363494.42844371876
1920.0 53726.60848024708
1930.0 53965.4257987325
1940.0 52986.273625452406
1950.0 52957.373489170386
1960.0 52418.653792905134
1970.0 52110.10590189114
1980.0 51831.26230328124
1990.0 51603.76265806498
2000.0 51254.73180986719
2010.0 50808.06759368677
2020.0 48703.255204814726
2030.0 45936.661297100596
2040.0 44586.645117811284
2050.0 42558.6644465036
2060.0 41850.01542538211
2070.0 42166.4083137224
2080.0 41239.22115008013
2090.0 42522.038208388025
2100.0 41604.500615884244
2110.0 41610.850147746525
2120.0 42812.01826689633
2130.0 42752.746925204985
2140.0 44966.74146642023
2150.0 41136.330572214385
2160.0 41453.162375846085
2170.0 40455.202382161726
2180.0 42047.44194929522
2190.0 41130.132198161795
2200.0 41543.023527240985
2210.0 42044.83869426829
2220.0 44114.413790929466
2230.0 43163.21565601167
2240.0 43859.79575836951
2250.0 46584.40474398227
2260.0 45454.106735828966
2270.0 46360.51722419118
2280.0 47305.591078234145
2290.0 48293.154498285854
2300.0 50503.681817607896
2310.0 53133.65477688584
2320.0 55776.060974784115
2330.0 99948.84356959157
2340.0 63364.94918974122
2350.0 56503.364665789246
2360.0 55159.21519215067
2370.0 56239.326897359875
2380.0 57306.507708112076
2390.0 62643.319316742745
2400.0 59472.947214394146
2410.0 60706.90084003827
2420.0 61545.89222637774
2430.0 133262.15762344032
2440.0 63583.629562369686
2450.0 64796.567375224906
2460.0 65592.13097744664
2470.0 66599.13164594019
2480.0 67614.03536662283
2490.0 68648.65300438169
2500.0 69586.80486257134
2510.0 77661.68284746016
2520.0 71675.97095688099
2530.0 72641.42053835593
2540.0 73456.0153877625
2550.0 74428.60828398168
2560.0 86212.94359037626
2570.0 76253.3685424407
2580.0 77228.8872460507
2590.0 80078.57027401043
2600.0 79131.64111614115
2610.0 79950.3522523298
2620.0 80775.76386932076
2630.0 81673.50236421262
2640.0 82604.90719104238
2650.0 83317.83985613247
2660.0 83898.18648186863
2670.0 94172.52592197686
2680.0 85335.5105788414
2690.0 86184.35999539371
2700.0 86997.57045325566
2710.0 87656.42186478522
2720.0 88717.03897722179
2730.0 95097.72910026988
2740.0 95919.37925197478
2750.0 90965.59404130068
2760.0 92163.9626780795
2770.0 92736.46137614634
2780.0 93554.71847993908
2790.0 372928.0212489063
2800.0 235554.8486975275
2810.0 96235.64701395501
2820.0 97028.2875186581
2830.0 151079.85987837406
2840.0 98517.1334998109
2850.0 105050.42566673856
2860.0 102073.13357122237
2870.0 101100.85034813275
2880.0 102060.6042778382
2890.0 102907.51420586702
2900.0 103755.63868670136
2910.0 104512.44929569266
2920.0 105399.85630175448
2930.0 122636.06483504812
2940.0 106748.20702309156
2950.0 109843.55257044693
2960.0 108496.18571286894
2970.0 108994.04675324273
2980.0 110293.0678454975
2990.0 110831.02868497289
3000.0 111362.73322600914
3010.0 112302.5450886919
3020.0 112965.96733821271
3030.0 114027.95111406287
3040.0 114857.55994275818
3050.0 115517.75868786554
3060.0 116412.53857725927
3070.0 117855.42879584206
3080.0 118017.60423914065
3090.0 118598.07335020574
3100.0 119991.07922723834
3110.0 121474.83393187298
3120.0 123232.47637849042
3130.0 123039.95850530737
3140.0 124593.01805183986
3150.0 125881.03918046405
3160.0 126048.2478749623
3170.0 127996.6808521281
3180.0 127722.36336363018
3190.0 131200.06698755603
3200.0 129114.41371955571
3210.0 151223.55151686084
3220.0 130630.09883038595
3230.0 130922.35896997598
3240.0 133260.62716624973
3250.0 133688.26564659274
3260.0 138004.91579646192
3270.0 136455.068451687
3280.0 137632.17076513282
3290.0 139475.4483324278
3300.0 140540.95724324108
3310.0 140771.47465726602
3320.0 140244.2455855699
3330.0 142696.8711186705
3340.0 155251.11180183638
3350.0 141728.24785290152
3360.0 142211.88404031444
3370.0 139478.65586926308
3380.0 143083.2688520708
3390.0 142657.56148733405
3400.0 146438.0698020009
3410.0 144090.6357133056
3420.0 163167.3169371446
3430.0 163960.86782408247
3440.0 142724.9528974259
3450.0 145401.90572769058
3460.0 145886.75584432075
3470.0 146853.43905493637
3480.0 150222.42981405338
3490.0 148774.33302768256
3500.0 150750.88214652688
3510.0 149773.424145244
3520.0 148020.4797301989
3530.0 151844.13693704028
3540.0 159757.94668070498
3550.0 155811.1190885191
3560.0 154286.61077829968
3570.0 149255.38035333809
3580.0 152313.36866750338
3590.0 148888.18331953132
3600.0 151295.02804976527
3610.0 150648.9424562563
3620.0 153887.55624619318
3630.0 156731.0201348016
3640.0 156998.25194114336
3650.0 154188.56379431768
3660.0 166637.09333786814
3670.0 166644.01910067297
3680.0 158339.7653830961
3690.0 162497.18972343564
3700.0 164559.7250828326
3710.0 155068.774263159
3720.0 133629.81809971647
3730.0 221544.15542474945
3740.0 116809.53406337058
3750.0 123496.30616531346
3760.0 122805.4983119955
3770.0 142738.53483377845
3780.0 135385.36156755703
3790.0 130225.37739725396
3800.0 140495.44710494496
3810.0 133573.77999509586
3820.0 123367.17807483124
3830.0 123457.88534920377
3840.0 140966.88921180688
3850.0 132056.87961766185
3860.0 237385.07439810023
3870.0 134145.05307695965
3880.0 152828.03275169723
3890.0 131120.45579454367
3900.0 151419.5783265691
3910.0 140289.85268091536
3920.0 132918.95405575633
3930.0 125127.63263515862
3940.0 128589.08744923983
3950.0 132313.61893767395
3960.0 159116.7774125004
3970.0 130200.38931881457
3980.0 169859.0835140051
3990.0 149719.7060128026
4000.0 149047.1150237561
4010.0 155694.12870295817
4020.0 161307.2906074064
4030.0 136762.0972724855
4040.0 154707.72287335794
4050.0 155864.34138793536
4060.0 154583.56629572177
4070.0 156254.05666521523
4080.0 177067.03019916874
4090.0 177684.02306829416
4100.0 200393.36279686744
4110.0 160070.34404322377
4120.0 166334.48663518854
4130.0 159463.70628653982
4140.0 159857.44748443973
4150.0 164781.80523405963
4160.0 169726.715488807
4170.0 159612.90744284604
4180.0 160063.92936835927
4190.0 154083.76338918295
4200.0 147462.98174238848
4210.0 140786.64829068724
4220.0 128864.81278359667
4230.0 125161.61570203437
4240.0 137992.1556951508
4250.0 140689.2884029643
4260.0 149898.83965333068
4270.0 148190.45667537028
4280.0 151485.21201145792
4290.0 147188.32543636305
4300.0 151591.70608210337
4310.0 158367.81036670404
4320.0 166868.17087617193
4330.0 239846.8629788495
4340.0 174669.83375283726
4350.0 191179.36654161784
4360.0 179653.3653568761
4370.0 184101.85166604843
4380.0 162226.17984441592
4390.0 179473.12329243252
4400.0 176649.54210481112
4410.0 175368.76307884278
4420.0 179169.29540099823
4430.0 161482.67056152047
4440.0 168552.73227354727
4450.0 171798.15754332088
4460.0 167781.4550507067
4470.0 176810.55711243802
4480.0 181202.88715923578
4490.0 186491.60476732533
4500.0 187247.81564639177
4510.0 178378.08663445615
4520.0 182979.4189183596
4530.0 171607.13188090496
4540.0 182310.26005686092
4550.0 175688.29984575787
4560.0 190116.34815249254
4570.0 199510.49039575685
4580.0 178924.5134331385
4590.0 165754.93461192178
4600.0 175130.99104165443
4610.0 185763.0259019807
4620.0 189339.40805262706
4630.0 172261.90378742077
4640.0 173059.78914566519
4650.0 183941.19107018993
4660.0 194451.28844686877
4670.0 177021.376629695
4680.0 175800.36951846202
4690.0 231426.88154043703
4700.0 199126.75812394582
4710.0 202628.18961896002
4720.0 195567.23976768
4730.0 195600.15522077764
4740.0 201548.98559045198
4750.0 206239.16422967258
4760.0 181400.61489157157
4770.0 164972.36850038564
4780.0 174591.1960980859
4790.0 178492.03797715553
4800.0 176002.0977926147
4810.0 149185.78629214852
4820.0 165017.75484380004
4830.0 173691.7584752301
4840.0 185191.92533895434
4850.0 174731.1307642368
4860.0 314740.44258477225
4870.0 185299.83486853496
4880.0 191062.33955135534
4890.0 208742.62588775897
4900.0 209989.17154668807
4910.0 217871.55431220823
4920.0 223794.08078481985
4930.0 239131.07911141298
4940.0 227193.162131224
4950.0 244693.36333480393
4960.0 513608.60496668646
4970.0 178891.72185076677
4980.0 188507.56074033713
4990.0 188375.68144654995
5000.0 176704.71168318
5010.0 1211962.2887322714
5020.0 171538.44284313451
5030.0 193549.77078537963
5040.0 180601.3858563797
5050.0 182900.563510974
5060.0 183632.20306809794
5070.0 188161.63512549363
5080.0 182864.6351277111
5090.0 188096.52584616965
5100.0 198223.41943902097
5110.0 185359.3975710689
5120.0 196250.54627196305
5130.0 197541.8254904087
5140.0 199456.15709265805
5150.0 199542.32674913557
5160.0 209992.8409213294
5170.0 157586.48844199692
5180.0 164820.36164995562
5190.0 176989.94574850576
5200.0 191346.18635456823
5210.0 174165.07150727144
5220.0 226646.77448041865
5230.0 224887.34334344044
5240.0 225574.16244968527
5250.0 217766.93850253543
5260.0 221187.16362664156
5270.0 194040.22508234082
5280.0 228108.78779735498
5290.0 244841.93246354873
5300.0 234464.36113003484
5310.0 239999.8356797417
5320.0 235148.27314233454
5330.0 210684.5592255858
5340.0 235260.02400782003
5350.0 235818.9095769053
5360.0 227396.58846259903
5370.0 214473.09734345804
5380.0 244029.41437636333
5390.0 239698.7914803155
5400.0 222510.4082652129
5410.0 218461.84786550468
5420.0 244335.81431380624
5430.0 219496.53761339013
5440.0 243854.9719772652
5450.0 191447.45155971558
5460.0 190535.11416915513
5470.0 207137.69088871276
5480.0 210893.71604095044
5490.0 219078.40124408307
5500.0 198647.59478205023
5510.0 201304.17637354758
5520.0 216425.57710914145
5530.0 218680.97682492054
5540.0 225727.4930655553
5550.0 226370.90233585576
5560.0 228521.0759175973
5570.0 224572.51415302273
5580.0 224583.98841645784
5590.0 211307.1096852839
5600.0 194173.26497390895
5610.0 200482.30837755388
5620.0 199169.27904756553
5630.0 200136.76252838786
5640.0 194480.60027675965
5650.0 214820.10774338536
5660.0 203186.1234737601
5670.0 203052.60151759966
5680.0 214600.00369696732
5690.0 223020.6165175828
5700.0 220821.13200254494
5710.0 223751.70076078165
5720.0 232774.94181762036
5730.0 235969.04644411255
5740.0 242291.07962570863
5750.0 247342.15700338638
5760.0 229117.54765130015
5770.0 228280.43170460028
5780.0 241610.28266988706
5790.0 247248.9695049733
5800.0 259576.971409182
5810.0 245077.162759773
5820.0 249954.51007108946
5830.0 254465.05345080912
5840.0 251899.66302585998
5850.0 229098.84130596602
5860.0 217795.6344034389
5870.0 209591.73055947735
5880.0 207279.9800092353
5890.0 164394.19139713995
5900.0 173417.66195926038
5910.0 186510.85232993326
5920.0 189198.11567943086
5930.0 194078.95721435075
5940.0 202522.80972331756
5950.0 196283.32005627762
5960.0 195652.26692112724
5970.0 201908.40900296695
5980.0 205984.36827816023
5990.0 217011.81262024777
6000.0 213307.8838710765
6010.0 219049.796990428
6020.0 224749.48717331234
6030.0 233942.55998034833
6040.0 234540.1860257941
6050.0 240408.7919042203
6060.0 244860.97542565374
6070.0 252085.49819776704
6080.0 266844.12472060294
6090.0 267797.65526772157
6100.0 247900.82027002188
6110.0 259760.41606400264
6120.0 251895.37759325252
6130.0 272480.305231647
6140.0 274196.9164035248
6150.0 261159.6381783451
6160.0 208766.1520849078
6170.0 202191.45681135886
6180.0 212623.5497139015
6190.0 189841.4187578159
6200.0 197832.95012916223
6210.0 200631.7445735166
6220.0 181063.10021103095
6230.0 176257.4264830558
6240.0 178295.25175450824
6250.0 189091.21122150472
6260.0 192907.3750191651
6270.0 195819.48369935917
6280.0 198310.27534381807
6290.0 205529.76535712613
6300.0 220711.36984051415
6310.0 220095.3175450074
6320.0 225633.29769266787
6330.0 226183.931762652
6340.0 239558.10893423986
6350.0 220948.28999086755
6360.0 210303.41066246
6370.0 222871.08543116972
6380.0 214590.82340530487
6390.0 211164.11633668625
6400.0 226431.65828136448
6410.0 242180.24373282128
6420.0 232774.64152367384
6430.0 240267.52543273586
6440.0 247074.11811327844
6450.0 250184.2240512198
6460.0 253421.62544212292
6470.0 267132.5415688692
6480.0 232938.32405396216
6490.0 225307.3451163528
6500.0 220796.01882346673
6510.0 227551.53115344734
6520.0 230943.3942242114
6530.0 249610.1334527402
6540.0 257824.07760728605
6550.0 246452.15786740673
6560.0 621227.0756972729
6570.0 257535.05093496921
6580.0 262027.89545553457
6590.0 316626.90569609136
6600.0 272277.5386406525
6610.0 268670.806228854
6620.0 263639.0183671046
6630.0 261481.27069996163
6640.0 262922.77638810984
6650.0 242469.9597043097
6660.0 236486.21758371752
6670.0 252067.8867584109
6680.0 225427.79377980967
6690.0 226068.0246287841
6700.0 232842.32327002578
6710.0 224143.02394250524
6720.0 197393.88335863606
6730.0 236339.51967690306
6740.0 217075.01301893988
6750.0 207551.4394479685
6760.0 214309.15873154844
6770.0 230640.18851259307
6780.0 215564.42640905947
6790.0 207431.52979073377
6800.0 218239.03218594802
6810.0 223205.44868793542
6820.0 217618.60607080132
6830.0 230862.19239131187
6840.0 233368.19165875655
6850.0 220345.25180043498
6860.0 217996.7302311781
6870.0 222770.60617218964
6880.0 231660.61300431832
6890.0 229261.68056425755
6900.0 236171.7999159858
6910.0 255381.34470317955
6920.0 243372.12575275177
6930.0 253857.25789740833
6940.0 252251.57268390234
6950.0 268948.7469882853
6960.0 275346.0955717803
6970.0 284314.1420071355
6980.0 291279.8192568051
6990.0 299145.6405944291
7000.0 301852.51945149206
7010.0 313627.48610984004
7020.0 328100.6234429061
7030.0 340513.44526878046
7040.0 366401.595551957
7050.0 373542.1998652347
7060.0 267839.64531768445
7070.0 306803.44748434273
7080.0 316389.5366145271
7090.0 244736.1020437979
7100.0 246597.85635949165
7110.0 274177.431125472
7120.0 293475.4360548886
7130.0 202420.52435840573
7140.0 230876.4712893918
7150.0 229948.77864922272
7160.0 241239.08084964403
7170.0 246794.0985001389
7180.0 267317.49226758466
7190.0 286152.70473574736
7200.0 245809.38657601492
7210.0 250032.8845061019
7220.0 279989.5005569403
7230.0 287638.8876923432
7240.0 298293.2422862914
7250.0 329668.6110386738
7260.0 343180.6445156194
7270.0 330489.82247922535
7280.0 333390.20950488263
7290.0 361963.3154116947
7300.0 378202.9248112083
7310.0 387406.70814532205
7320.0 412976.9323801348
7330.0 398081.1804047019
7340.0 415130.1163226816
7350.0 417949.81834812264
7360.0 417892.3676957417
7370.0 447916.0168500885
7380.0 443930.9635564633
7390.0 446066.958418644
7400.0 449074.0403262409
7410.0 452712.0435079872
7420.0 447534.5673224819
7430.0 458289.33636986325
7440.0 457786.3955195074
7450.0 445501.07238539093
7460.0 448720.56660771195
7470.0 457055.33772702067
7480.0 461103.63436392014
7490.0 457366.0076218623
7500.0 466518.6941765469
7510.0 458900.1554565828
7520.0 468749.0125348199
7530.0 472557.9542765501
7540.0 477892.65897438326
7550.0 487072.32531869394
7560.0 491674.88793682907
7570.0 485153.7829409279
7580.0 490481.4594997859
7590.0 432122.5613952284
7600.0 433719.8163000318
7610.0 436956.10241307644
7620.0 457478.0378602033
7630.0 397502.1233066609
7640.0 408079.5279902647
7650.0 414391.6576885789
7660.0 407744.49827824865
7670.0 330979.68963341584
7680.0 349962.9561910359
7690.0 363262.89762805414
7700.0 358079.96015639283
7710.0 346323.96107506705
7720.0 364569.66619344306
7730.0 387221.9807843605
7740.0 397396.07820091286
7750.0 350825.311719732
7760.0 349994.0345568018
7770.0 369051.297477323
7780.0 364518.1001874759
7790.0 366297.1233065218
7800.0 383067.15598637844
7810.0 402135.93200332846
7820.0 397561.91828958236
7830.0 372404.2923077844
7840.0 369592.02017727855
7850.0 394736.9457840997
7860.0 400690.2789609502
7870.0 404807.85843552864
7880.0 417428.85543397575
7890.0 434435.4239837021
7900.0 426192.34894436796
7910.0 408544.1586380938
7920.0 415158.3685625989
7930.0 428429.23140984634
7940.0 430417.85770587303
7950.0 437573.5765890454
7960.0 453165.01664770587
7970.0 459917.01238956157
7980.0 455859.08847924526
7990.0 451855.856794283
8000.0 454973.81674855144
8010.0 466044.662750755
8020.0 471827.0703725431
8030.0 475275.61149003595
8040.0 484239.4660846615
8050.0 478335.5718332013
8060.0 495574.53212935507
8070.0 488453.1735131099
8080.0 494484.4964318065
8090.0 504576.9196420086
8100.0 512512.9726888393
8110.0 515914.5084936616
8120.0 516654.6236976157
8130.0 525747.8624350394
8140.0 531666.1252191553
8150.0 537879.428077911
8160.0 533571.357354419
8170.0 540981.2164102326
8180.0 509797.84868421557
8190.0 507161.6073899615
8200.0 487389.36135413195
8210.0 501554.96801337705
8220.0 505731.3737636159
8230.0 518775.23964335426
8240.0 517795.11446957116
8250.0 520085.35388100223
8260.0 522496.30193696485
8270.0 507907.0691487775
8280.0 502694.83105497574
8290.0 497085.64928980905
8300.0 492971.5124033628
8310.0 491418.1562706238
8320.0 505430.87475955806
8330.0 480808.92446579225
8340.0 495222.35459089425
8350.0 483838.86797804385
8360.0 486342.145821195
8370.0 496028.06406996935
8380.0 471017.6272239937
8390.0 464864.0025248664
8400.0 485470.6417760418
8410.0 495680.7958986651
8420.0 484818.1329220716
8430.0 447131.65771577007
8440.0 403646.4407664605
8450.0 382659.61653153365
8460.0 377715.9965820068
8470.0 367550.46249465237
8480.0 393591.0327951117
8490.0 405640.9574346035
8500.0 396246.1174963465
8510.0 388291.1517593235
8520.0 383120.237060733
8530.0 395013.0993247455
8540.0 389481.4926013664
8550.0 417933.7938869103
8560.0 424922.5301513399
8570.0 428451.22314459085
8580.0 426668.727620541
8590.0 428533.3934645559
8600.0 428637.84509215085
8610.0 435687.6779818984
8620.0 450984.6886527055
8630.0 453854.8247486527
8640.0 466003.08745936706
8650.0 457755.1393599735
8660.0 430446.33148022875
8670.0 455755.96574444533
8680.0 448760.50161111145
8690.0 441424.79585064074
8700.0 471094.2241907963
8710.0 478919.92482795933
8720.0 479460.1833397472
8730.0 484562.1839421015
8740.0 488397.6398793628
8750.0 491069.0322134323
8760.0 498193.4154089502
8770.0 492054.65112338087
8780.0 504303.75154621934
8790.0 513735.12253066094
8800.0 513798.6577311031
8810.0 506010.5520231799
8820.0 499937.75862858404
8830.0 521861.14410350757
8840.0 521402.0684957052
8850.0 535321.1390261422
8860.0 463159.73683502874
8870.0 445960.438203583
8880.0 454570.523815441
8890.0 463302.8221171439
8900.0 480284.7652022592
8910.0 487140.2537749895
8920.0 490878.5063302763
8930.0 493739.0699603171
8940.0 477514.6693629151
8950.0 470638.7062423571
8960.0 481195.6424998496
8970.0 487060.6369573609
8980.0 493467.7031322186
8990.0 503979.69863568235
9000.0 494134.40320297016
9010.0 501643.15963166964
9020.0 498776.39507154236
9030.0 502198.33848037355
9040.0 510777.5256468489
9050.0 514921.36411289
9060.0 517613.6099948415
9070.0 521859.8572240887
9080.0 558684.8070109031
9090.0 513457.0052767645
9100.0 523497.37111375056
9110.0 524543.6381777396
9120.0 531183.2945481522
9130.0 537779.6106168104
9140.0 538692.7054057771
9150.0 539764.6328784487
9160.0 542237.4657105552
9170.0 541359.9619690949
9180.0 545678.1639440686
9190.0 546773.4063256476
9200.0 543631.1282472812
9210.0 523619.20508106455
9220.0 515535.56313446874
9230.0 501395.34649392247
9240.0 504740.4717884502
9250.0 494980.1848664485
9260.0 500420.20578657096
9270.0 511446.76405269705
9280.0 495964.25320457935
9290.0 478364.36940231646
9300.0 479393.7373570856
9310.0 485238.9711516174
9320.0 478926.9843116063
9330.0 488539.6823544792
9340.0 497559.0152077936
9350.0 487904.40680861473
9360.0 485594.0468951626
9370.0 485203.1911589112
9380.0 487565.3423653943
9390.0 489369.1576410947
9400.0 490664.97960437654
9410.0 496453.26396765956
9420.0 496395.4003165759
9430.0 502437.83348805027
9440.0 495696.7927029636
9450.0 488385.37716774264
9460.0 495776.47025768633
9470.0 505115.43744228
9480.0 509249.18455263367
9490.0 514176.2820643281
9500.0 512846.13030303025
9510.0 509188.0112461727
9520.0 513036.9350664544
9530.0 511428.20674704266
9540.0 553893.7688152882
9550.0 544173.6384600956
9560.0 520173.7531493299
9570.0 514920.0201198172
9580.0 524363.6816648619
9590.0 525137.7802230575
9600.0 503600.03336307075
9610.0 523441.5827695151
9620.0 527963.5228040615
9630.0 528159.1097688304
9640.0 491744.09136486414
9650.0 503124.487967802
9660.0 525958.3764191922
9670.0 515489.3697368625
9680.0 503962.4572708422
9690.0 515844.0658313159
9700.0 526891.893352234
9710.0 512276.0860948183
9720.0 521700.61207117565
9730.0 493157.4395356726
9740.0 502363.1719880026
9750.0 513056.88613493595
9760.0 521288.78462499805
9770.0 506641.5318249957
9780.0 502573.3972162472
9790.0 506980.96150712454
9800.0 527034.4418561936
9810.0 516150.5024906279
9820.0 517996.94588962384
9830.0 507371.56071768334
9840.0 515160.82881639735
9850.0 520073.28219264746
9860.0 522575.49115657253
9870.0 522359.0541676673
9880.0 526470.3545791985
9890.0 527437.0540069467
9900.0 499652.24883087084
9910.0 484441.75544300093
9920.0 487616.152282365
9930.0 491896.7794238221
9940.0 510227.2302057933
9950.0 511080.03805479535
9960.0 512901.76979507174
9970.0 504603.92251879565
9980.0 507167.13926758186
9990.0 505296.0422346248
10010.0 503231.97645346756
10020.0 508235.7795322374
10030.0 507990.6101555755
10040.0 506239.1694034562
10050.0 494825.1330735724
10060.0 490899.95351102797
10070.0 505598.1599617401
10080.0 510404.11879439215
10090.0 505074.00895915786
10100.0 515774.34862907015
10110.0 508232.6083508429
10120.0 506142.50594159664
10130.0 517247.73540818144
10140.0 502626.14117826463
10150.0 500973.9600493858
10160.0 500677.5649928783
10170.0 504545.9656001549
10180.0 502374.9040129974
10190.0 504205.57640655385
10200.0 504325.25172827294
10210.0 504066.76412925014
10220.0 501653.141827016
10230.0 504084.2039403887
10240.0 514962.85914142645
10250.0 500428.5202365614
10260.0 492129.34266306565
10270.0 495513.6796284371
10280.0 493487.0971938094
10290.0 500899.9616788443
10300.0 496497.7773608024
10310.0 505804.8553886039
10320.0 499029.37303235405
10330.0 502221.0189433787
10340.0 471671.7926863645
10350.0 496659.1764822368
10360.0 505745.8436816231
10370.0 509817.31313284085
10380.0 499195.35497623216
10390.0 499531.2137056398
10400.0 488379.8138115781
10410.0 500387.82298614684
10420.0 500729.6313674861
10430.0 499356.3535705242
10440.0 509393.32093856053
10450.0 508456.1411655459
10460.0 506745.8767616384
10470.0 495936.32930099627
10480.0 502223.7122315106
10490.0 505149.9628175609
10500.0 495961.31481016515
10510.0 498832.69025086483
10520.0 499480.7895843924
10530.0 510684.9594087263
10540.0 504813.115354839
10550.0 503266.78836334904
10560.0 504663.2954025855
10570.0 499484.81980824017
10580.0 498070.2856031649
10590.0 501609.027356493
10600.0 502602.9307222332
10610.0 498010.7938898645
10620.0 501512.20780111436
10630.0 508224.3358811687
10640.0 503427.13794278225
10650.0 499224.52098902455
10660.0 491157.2899336149
10670.0 498609.5146586276
10680.0 497699.8787046709
10690.0 500585.00026270706
10700.0 501386.68261074694
10710.0 503677.6287201951
10720.0 503855.7361209162
10730.0 483463.2415284324
10740.0 506111.8616127535
10750.0 499293.7222784139
10760.0 500469.97985878534
10770.0 506143.3260847357
10780.0 503314.7010656666
10790.0 498734.9869579451
10800.0 494406.39707172866
10810.0 490628.6214472739
10820.0 622683.9915571866
10830.0 499717.4070326697
10840.0 502085.11571879615
10850.0 500401.36860630463
10860.0 495593.86627534975
10870.0 499995.52072447847
10880.0 499864.2293614241
10890.0 498005.69199424016
10900.0 501134.3422432274
10910.0 494517.48452668684
10920.0 503381.84594658494
10930.0 497803.07783441275
10940.0 500994.13028324716
10950.0 498033.4014337411
10960.0 491387.0722556403
10970.0 491240.42042742827
10980.0 494456.1149209237
10990.0 494726.9569282065
11000.0 494466.12402624404
11010.0 491538.2568270623
11020.0 490097.3711269966
11030.0 481134.74211516796
11040.0 480774.01163048274
11050.0 474335.2954369385
11060.0 478333.4510188423
11070.0 477464.5257133648
11080.0 475375.3672356269
11090.0 485389.6483439774
11100.0 485116.83721226436
11110.0 478015.4955030335
11120.0 472283.36332376255
11130.0 482180.3773622201
11140.0 484080.1687742573
11150.0 475301.5267066568
11160.0 478097.12008730386
11170.0 481211.73088477907
11180.0 483095.0273035822
11190.0 477490.6247965129
11200.0 471653.91776878346
11210.0 482141.3803777422
11220.0 479223.6149055737
11230.0 483662.42124328564
11240.0 480744.16977601306
11250.0 454847.54322816373
11260.0 474589.2725497933
11270.0 484080.52287731046
11280.0 481265.08903944714
11290.0 476617.8099395753
11300.0 471921.9158356398
11310.0 478162.3161677609
11320.0 481268.2708997815
11330.0 473865.85295678314
11340.0 472863.80057797465
11350.0 478482.09722352243
11360.0 477988.73730610113
11370.0 468215.0298477929
11380.0 455446.77890801174
11390.0 468514.91242320015
11400.0 446220.11016014934
11410.0 470650.3732729042
11420.0 466259.8351143822
11430.0 475679.07219607924
11440.0 464164.4908279984
11450.0 472201.80263287737
11460.0 475496.97085704195
11470.0 470808.05764361186
11480.0 467615.0557668344
11490.0 474751.61825524905
11500.0 476538.7036208753
11510.0 472840.86675876507
11520.0 473873.61594399245
11530.0 475175.5001321067
11540.0 469261.7832811911
11550.0 472925.45336998405
11560.0 474071.25547342957
11570.0 472275.3118193031
11580.0 474057.2554292438
11590.0 460716.3867845162
11600.0 470959.7637940814
11610.0 445483.09366283024
11620.0 470746.5393128247
11630.0 469338.99323689286
11640.0 454940.92426947894
11650.0 469302.6119090845
11660.0 470149.89299800654
11670.0 469399.3855270383
11680.0 467639.1936645271
11690.0 447651.7845300953
11700.0 468850.5756192754
11710.0 466025.1980912072
11720.0 465248.6807003261
11730.0 465843.13150275213
11740.0 463026.10867486027
11750.0 463096.6155426688
11760.0 463092.5046520051
11770.0 444791.6062829818
11780.0 444718.0414809995
11790.0 462046.19142567454
11800.0 458958.1155348749
11810.0 460052.7131994668
11820.0 460338.0518001319
11830.0 440772.97265802877
11840.0 461826.6395583303
11850.0 459692.7687461741
11860.0 459830.6106775566
11870.0 460868.4727137116
11880.0 425207.5140639742
11890.0 450803.3456568448
11900.0 459257.8018792365
11910.0 455745.7543147621
11920.0 459193.0356194813
11930.0 458550.6280534425
11940.0 456140.883448435
11950.0 444562.77461095515
11960.0 444274.88768165285
11970.0 418800.94129377697
11980.0 448687.20279349375
11990.0 452025.1587261115
12000.0 453756.09826828795
12010.0 455241.031362558
12020.0 451108.4726118613
12030.0 447804.7305181259
12040.0 454788.272540574
12050.0 450873.23773245065
12060.0 454316.88301840314
12070.0 448336.8568498308
12080.0 442690.59627667227
12090.0 448490.1742200308
12100.0 452166.1179646587
12110.0 449612.449017406
12120.0 450200.2466072202
12130.0 447910.43899709615
12140.0 452254.8156595688
12150.0 452094.5296126998
12160.0 448533.50205279473
12170.0 449656.09308508714
12180.0 450693.0413232351
12190.0 448556.67322921386
12200.0 449084.5053774775
12210.0 447874.6071104513
12220.0 447985.92763402197
12230.0 448584.04582670017
12240.0 447637.4535042064
12250.0 448064.40957992105
12260.0 448843.7946139479
12270.0 446293.1914575195
12280.0 447567.6430321118
12290.0 446354.67604853143
12300.0 445931.5284491378
12310.0 445256.6598389145
12320.0 442859.86384543247
12330.0 443207.50894324546
12340.0 443437.6987634357
12350.0 444807.9930356908
12360.0 442996.19277619926
12370.0 444173.8341013882
12380.0 444655.2047954593
12390.0 440637.4291683593
12400.0 442005.55889737746
12410.0 438406.29484926775
12420.0 429845.9629917572
12430.0 426970.6821390581
12440.0 433774.35429147456
12450.0 435380.895287935
12460.0 437036.5161500093
12470.0 434936.2851544494
12480.0 434115.16231986106
12490.0 436679.201712677
12500.0 435371.26138494315
12510.0 434217.1291068903
12520.0 424673.26419185655
12530.0 432508.36330047203
12540.0 434669.8651919744
12550.0 434756.17229736206
12560.0 429128.2710220405
12570.0 450294.41792596196
12580.0 430939.1270498398
12590.0 427737.58660033654
12600.0 428549.91177056567
12610.0 429616.1332245102
12620.0 429907.9634347018
12630.0 428493.3054160695
12640.0 426545.34067127854
12650.0 429433.9398531432
12660.0 430475.9876028282
12670.0 425487.1918921274
12680.0 424128.10425519716
12690.0 430258.5745724724
12700.0 427871.263779433
12710.0 428067.42115121015
12720.0 428434.19671937084
12730.0 428647.55592539115
12740.0 417710.93267862336
12750.0 425673.6029656217
12760.0 428224.3043150577
12770.0 424885.0458701957
12780.0 424758.8443926435
12790.0 426928.93349010823
12800.0 425985.74669943325
12810.0 423361.24433416314
12820.0 409274.3250431912
12830.0 413319.70070646517
12840.0 421504.61059171933
12850.0 415653.1872943803
12860.0 421197.00852803775
12870.0 422015.91172149323
12880.0 419019.1838117148
12890.0 420284.6031351847
12900.0 405015.0055822598
12910.0 412818.99702967727
12920.0 418877.6932081068
12930.0 420572.4456259498
12940.0 419953.2761713191
12950.0 421511.67094019323
12960.0 420627.20989122544
12970.0 420202.8377391479
12980.0 415254.7350460223
12990.0 418860.2724409887
13000.0 419312.3130467526
13010.0 414029.31828927784
13020.0 419384.8699091663
13030.0 413951.61926924763
13040.0 418481.28726451076
13050.0 417735.27462907444
13060.0 416672.30902811885
13070.0 415558.60569947533
13080.0 410234.71564327204
13090.0 411629.5403520362
13100.0 414619.193753443
13110.0 413055.58373876754
13120.0 373914.289576774
13130.0 398470.85773624136
13140.0 407219.4401432267
13150.0 376146.4591720259
13160.0 411531.08601548034
13170.0 411270.9492809642
13180.0 410700.09256499825
13190.0 412530.4116494952
13200.0 407634.72015140887
13210.0 412999.34759583545
13220.0 407154.8598709897
13230.0 409387.7345799804
13240.0 409854.1817238147
13250.0 403397.3552300454
13260.0 406592.96810352604
13270.0 401162.4000584368
13280.0 402246.86768286454
13290.0 391493.37724195456
13300.0 401827.08037523355
13310.0 394080.5629327882
13320.0 363519.19350727566
13330.0 395591.3681776598
13340.0 375056.5794698176
13350.0 361544.6655889463
13360.0 370118.1554156254
13370.0 368649.4294618338
13380.0 376160.19835741585
13390.0 374371.73268485506
13400.0 370676.8234972683
13410.0 370543.11020708474
13420.0 364508.300424308
13430.0 364572.97365123464
13440.0 358816.1138886529
13450.0 376375.48683849414
13460.0 369888.8193244739
13470.0 365919.04173423845
13480.0 369596.76219553506
13490.0 375076.30111296393
13500.0 347300.48112479545
13510.0 372196.68779826036
13520.0 362781.6189195588
13530.0 368335.28278645995
13540.0 360007.8265822136
13550.0 357701.45328975347
13560.0 372439.2018618254
13570.0 364571.4586008262
13580.0 362543.76535501203
13590.0 359318.3486503269
13600.0 366001.1058761005
13610.0 361916.59170481237
13620.0 352123.02044754016
13630.0 355064.0935747079
13640.0 354369.5237054702
13650.0 364478.82605756103
13660.0 362428.03500241507
13670.0 364474.6316798564
13680.0 358113.2222401123
13690.0 360949.4014498536
13700.0 363622.57588712877
13710.0 351616.9156499794
13720.0 366704.0092788266
13730.0 358801.0898517186
13740.0 363399.1969491809
13750.0 364025.4123329546
13760.0 361540.32326890575
13770.0 365138.6588364712
13780.0 358692.58450989093
13790.0 359954.2796711752
13800.0 363440.0536563706
13810.0 366380.3354258616
13820.0 354512.09526660055
13830.0 361134.4554826882
13840.0 362747.9788252547
13850.0 355153.70040583354
13860.0 344905.8022011785
13870.0 363011.9227467917
13880.0 352062.4495070251
13890.0 355221.5085034062
13900.0 343758.52121073287
13910.0 316164.236351786
13920.0 325563.25470819056
13930.0 333902.26466112386
13940.0 346465.4931902688
13950.0 333981.02160172525
13960.0 350211.3633556808
13970.0 331616.93959604023
13980.0 331123.4504761522
13990.0 345824.3649375715
14000.0 325856.1984086602
14010.0 336940.41671714577
14020.0 344713.7218794459
14030.0 346646.6349255945
14040.0 336450.3946427481
14050.0 338976.35469398147
14060.0 340782.6300412332
14070.0 337876.9281755771
14080.0 329588.0427286497
14090.0 335379.3504846603
14100.0 331143.2020457736
14110.0 336088.0887546581
14120.0 330492.19715842785
14130.0 332290.9148692993
14140.0 323468.26530049014
14150.0 335796.32733215095
14160.0 330372.48401210137
14170.0 320948.8781108306
14180.0 323671.23441331496
14190.0 319070.2022433891
14200.0 331495.0496265949
14210.0 331172.74978242023
14220.0 325552.7365889579
14230.0 325451.6931197752
14240.0 324328.50282466895
14250.0 316636.1655732646
14260.0 314733.2289732864
14270.0 313696.22057601577
14280.0 320243.5287321064
14290.0 318096.98944657383
14300.0 333033.28741289815
14310.0 325132.9234106451
14320.0 326389.8239119958
14330.0 327460.31151839666
14340.0 314180.8381842266
14350.0 316266.2020538253
14360.0 323233.84743850544
14370.0 324591.01476632117
14380.0 325195.3476612928
14390.0 315226.5732493722
14400.0 324463.1827961731
14410.0 314602.7490282325
14420.0 321857.3723053072
14430.0 330328.2442476377
14440.0 321867.60245335044
14450.0 315361.3350139804
14460.0 324528.7907283451
14470.0 314471.6649750821
14480.0 322982.0997126188
14490.0 326070.6592681261
14500.0 316737.3438146058
14510.0 316708.99145499826
14520.0 325089.9737748837
14530.0 319419.7655696092
14540.0 320432.66125955863
14550.0 324861.666999255
14560.0 308166.35597859125
14570.0 315498.8219418431
14580.0 326408.9311274884
14590.0 322146.4095808915
14600.0 308642.45731564495
14610.0 292171.94916369324
14620.0 310482.47064468183
14630.0 305190.0890278573
14640.0 312231.14370458474
14650.0 311142.2385328555
14660.0 311337.6517195915
14670.0 300803.0422430082
14680.0 304054.7011861433
14690.0 305105.83918891154
14700.0 304367.0166863501
14710.0 305869.9353750712
14720.0 314656.1936406574
14730.0 314165.9320591543
14740.0 300486.7626651082
14750.0 304575.6089793967
14760.0 312428.98751223617
14770.0 299360.40103728144
14780.0 310374.2071881102
14790.0 309741.9255871495
14800.0 296931.5592410837
14810.0 304261.853521219
14820.0 309090.3398416673
14830.0 308239.5456431763
14840.0 308103.34582799225
14850.0 306516.51128762896
14860.0 308160.25423768954
14870.0 307603.2060076438
14880.0 282759.1623708128
14890.0 310577.92717546923
14900.0 301850.6248923038
14910.0 311729.86236347904
14920.0 305405.96401439
14930.0 310847.5635866198
14940.0 306200.58629732276
14950.0 307044.41078455054
14960.0 310796.9539146935
14970.0 313814.6742700867
14980.0 314260.1911359242
14990.0 310593.1254336325
15000.0 296939.24949853
15010.0 308410.0563823828
15020.0 286119.30044170626
15030.0 301075.7715924507
15040.0 298679.61763520725
15050.0 293250.70347783924
15060.0 306896.48324265983
15070.0 307094.5664892872
15080.0 303490.8329033741
15090.0 313534.4930435491
15100.0 307801.2667760689
15110.0 308120.02101019974
15120.0 309585.674348501
15130.0 293796.22646424914
15140.0 313373.7376886024
15150.0 301230.8439984097
15160.0 306476.445502485
15170.0 297623.3598171626
15180.0 310490.3497051212
15190.0 308439.31080395717
15200.0 309479.40624445403
15210.0 317357.55425659294
15220.0 306266.14647829655
15230.0 316291.9237373518
15240.0 301419.83695682837
15250.0 306899.932244646
15260.0 295862.257601637
15270.0 303978.86992737674
15280.0 292588.1534907896
15290.0 308314.3076726197
15300.0 311113.57544371585
15310.0 309525.87813361845
15320.0 294788.352752117
15330.0 296973.4848039002
15340.0 305636.3492500578
15350.0 309192.88984552305
15360.0 311697.3746319648
15370.0 293786.2933618531
15380.0 294095.8216622655
15390.0 297782.51297359663
15400.0 293656.5632311655
15410.0 295831.19706345245
15420.0 291873.3580287193
15430.0 287656.9021174907
15440.0 305264.9182371462
15450.0 310417.4831846343
15460.0 301539.07898059825
15470.0 299504.50455398305
15480.0 305138.54658726655
15490.0 309537.95218956895
15500.0 296559.8665321136
15510.0 294146.9025650034
15520.0 310799.3500018621
15530.0 303812.8020582147
15540.0 284189.78541870706
15550.0 307179.18152312806
15560.0 296440.9831027693
15570.0 287672.962172485
15580.0 300908.4622472482
15590.0 301539.76758404897
15600.0 301328.80481629004
15610.0 303107.1578061547
15620.0 303269.49299708894
15630.0 299167.63935344
15640.0 308627.2681520902
15650.0 288325.3446128878
15660.0 302390.6994760107
15670.0 311078.0588681606
15680.0 308289.98807206546
15690.0 303562.54255011654
15700.0 299739.62913257076
15710.0 306991.24766773183
15720.0 289331.386802585
15730.0 295946.6663780126
15740.0 305000.13379477186
15750.0 298229.0965180609
15760.0 292423.0625227226
15770.0 294204.1179251068
15780.0 291027.3576798521
15790.0 309156.5412686915
15800.0 304821.8494969804
15810.0 307922.7947920169
15820.0 304817.8689693727
15830.0 301157.7982249578
15840.0 297479.7116411577
15850.0 306681.24503677775
15860.0 307885.5196269873
15870.0 307466.55092005694
15880.0 304874.54281109787
15890.0 286868.08886625944
15900.0 300615.56957206014
15910.0 297242.9076420952
15920.0 306863.21298113203
15930.0 305091.01093062124
15940.0 308107.20238819276
15950.0 311232.45653381525
15960.0 310159.38899238023
15970.0 305067.7073826012
15980.0 303956.564450704
15990.0 304762.93079835264
16000.0 306176.9861155653
16010.0 307396.45274793665
16020.0 307813.15388377034
16030.0 305514.64383508335
16040.0 293510.50194022426
16050.0 304833.69068818406
16060.0 294840.9182494561
16070.0 297361.1684250328
16080.0 304255.2490476404
16090.0 309150.8195309043
16100.0 306196.1410182147
16110.0 309528.0464862198
16120.0 300648.0654123643
16130.0 304691.5026851475
16140.0 292485.97872484056
16150.0 278561.2920405206
16160.0 279585.35461093707
16170.0 309017.39687897783
16180.0 306233.5132552024
16190.0 281103.8985263125
16200.0 264505.99481910677
16210.0 292383.69010283554
16220.0 293344.55132024584
16230.0 294232.0784360364
16240.0 302097.4508556462
16250.0 292442.0413425016
16260.0 298409.43652484776
16270.0 305003.576924841
16280.0 306624.6507216882
16290.0 308574.68212089763
16300.0 300982.89328547544
16310.0 297764.7704986624
16320.0 304808.25107056
16330.0 309766.60731401836
16340.0 302517.8391743211
16350.0 292357.57879950263
16360.0 298387.3216974614
16370.0 304101.57498374407
16380.0 303084.1323009939
16390.0 303950.633060786
16400.0 299534.0956338205
16410.0 297990.0177568144
16420.0 307056.64083531796
16430.0 305564.81193047843
16440.0 292065.4582251726
16450.0 295546.19325735926
16460.0 316386.27945373236
16470.0 298124.8871246063
16480.0 308032.17298309173
16490.0 300680.37479555
16500.0 304612.88748678344
16510.0 304477.21072697535
16520.0 302217.5518735082
16530.0 296339.37430306495
16540.0 299475.7382337236
16550.0 305550.9524216415
16560.0 307776.74150348513
16570.0 305490.4471340024
16580.0 297223.63324108516
16590.0 304168.10643069405
16600.0 303395.89907127584
16610.0 292695.16827435105
16620.0 301825.14627061074
16630.0 299470.19616202795
16640.0 300152.8226964414
16650.0 295113.85931620834
16660.0 291635.8459854971
16670.0 297272.72625903407
16680.0 301892.49504881183
16690.0 299418.41007094196
16700.0 292277.5320401329
16710.0 286186.2754973748
16720.0 271233.7457653656
16730.0 289855.83984394785
16740.0 297029.8225075243
16750.0 258778.19170586247
16760.0 281944.42479299405
16770.0 294883.47443533986
16780.0 301113.20715806185
16790.0 302801.3667243233
16800.0 298058.09930747474
16810.0 299474.69318541
16820.0 298118.7349116606
16830.0 299277.2767049297
16840.0 291603.03482021217
16850.0 295786.5345878921
16860.0 294540.593948845
16870.0 284089.7660590651
16880.0 283905.801617363
16890.0 287136.19708839705
16900.0 275721.050077616
16910.0 286254.852925183
16920.0 288612.29689742916
16930.0 295346.4488583272
16940.0 291240.47006543813
16950.0 288550.55526843184
16960.0 290146.28527375055
16970.0 284369.71523785713
16980.0 289991.8423489215
16990.0 285710.23249933124
17000.0 281793.43189964857
17010.0 286305.4607101088
17020.0 285307.4092946826
17030.0 285318.56197384984
17040.0 283303.0366375767
17050.0 274271.61279206077
17060.0 282860.20163282834
17070.0 268852.3559415067
17080.0 274024.11815403716
17090.0 275809.709438415
17100.0 257677.74573988607
17110.0 244039.77230412373
17120.0 268179.28450353356
17130.0 274947.9241585049
17140.0 270656.5820447712
17150.0 275138.1370955256
17160.0 269903.5702462207
17170.0 264571.9524074121
17180.0 263203.6604114993
17190.0 263117.37215299165
17200.0 270806.6247869974
17210.0 261234.88774293737
17220.0 268943.96958151885
17230.0 254545.1598423469
17240.0 256915.2548019461
17250.0 271059.2230342223
17260.0 257972.90164067122
17270.0 262413.16137678386
17280.0 263107.6889798726
17290.0 260676.81666762737
17300.0 268652.8399645043
17310.0 250667.3485665123
17320.0 249585.93978737554
17330.0 258852.26858231667
17340.0 248281.8531209813
17350.0 247330.4741669573
17360.0 259112.12283221824
17370.0 257360.48598485743
17380.0 247633.48189009578
17390.0 255548.9612038251
17400.0 249688.35051585955
17410.0 250472.29163206587
17420.0 244778.7761637697
17430.0 249103.5546445368
17440.0 251443.78759500213
17450.0 250767.14126431075
17460.0 250853.10442642588
17470.0 248042.33907906924
17480.0 251851.3320985
17490.0 245215.27051688574
17500.0 231284.39250430846
17510.0 246788.99801787795
17520.0 246707.76897701682
17530.0 241769.1141975098
17540.0 238285.58453814886
17550.0 234751.3883995771
17560.0 231366.77657982544
17570.0 242475.04400619792
17580.0 235717.7977042261
17590.0 232880.52545935335
17600.0 235425.0854371771
17610.0 238763.71301845898
17620.0 225298.12267047583
17630.0 238158.60509094206
17640.0 233774.9978849009
17650.0 238078.32889472932
17660.0 233985.23810330327
17670.0 227908.95736650605
17680.0 220068.2286533504
17690.0 240476.63742523603
17700.0 233104.7320398102
17710.0 226075.76516652128
17720.0 220122.09743063347
17730.0 230451.02735121746
17740.0 230103.3436466651
17750.0 225808.66820298418
17760.0 217051.67515546587
17770.0 221858.60097486037
17780.0 220466.69562372842
17790.0 215818.13276901777
17800.0 232609.136310632
17810.0 208938.90122851718
17820.0 211695.85817047177
17830.0 220432.15937435545
17840.0 226247.68927285794
17850.0 207405.3103840148
17860.0 213468.2345066437
17870.0 213430.89031087985
17880.0 215080.47105740313
17890.0 222729.91062650556
17900.0 216028.32393531807
17910.0 209703.347079816
17920.0 214921.7178844819
17930.0 211643.52045388837
17940.0 210681.72323016226
17950.0 218932.91609114863
17960.0 199584.81249875666
17970.0 220206.62194868855
17980.0 222106.32407199833
17990.0 200682.2644511399
18000.0 205964.50067197994
18010.0 203670.9988454164
18020.0 202865.99309966672
18030.0 198855.32146686688
18040.0 206252.23801733216
18050.0 198559.8378682021
18060.0 212939.63752857884
18070.0 200895.24816702143
18080.0 201171.26565775575
18090.0 211442.89170891474
18100.0 203697.925430077
18110.0 198977.03786275422
18120.0 193740.29239512453
18130.0 205045.53862072184
18140.0 212600.4122077901
18150.0 204244.6817085031
18160.0 213427.12624378744
18170.0 195930.5007720148
18180.0 198915.30532128492
18190.0 195034.1796707196
18200.0 197927.70987077546
18210.0 193875.7412742386
18220.0 194553.48829050144
18230.0 211871.6299865406
18240.0 207621.2915404323
18250.0 199240.50044721516
18260.0 187591.95814791744
18270.0 187057.4982637535
18280.0 196131.3790469525
18290.0 201911.13383123357
18300.0 195603.85111924916
18310.0 199627.5453639601
18320.0 184456.50776776974
18330.0 199183.6827077003
18340.0 197924.06739261624
18350.0 195576.24866355569
18360.0 197966.45763867517
18370.0 186709.42882276364
18380.0 201208.06838186109
18390.0 185471.32179449286
18400.0 191002.36645651463
18410.0 200408.17582897178
18420.0 183809.2631894388
18430.0 183971.67957001028
18440.0 180853.3732159383
18450.0 190885.47830217745
18460.0 184462.15834120687
18470.0 177832.74068597544
18480.0 173140.3912715889
18490.0 187396.35150452045
18500.0 184370.86185997908
18510.0 188998.46746727993
18520.0 189282.06185541872
18530.0 177782.80960347538
18540.0 186094.97130154588
18550.0 187399.74777185044
18560.0 168292.04853512827
18570.0 174004.66758609764
18580.0 169658.19924712935
18590.0 173176.25667483808
18600.0 170868.97562711436
18610.0 170827.80354302935
18620.0 180377.03547865467
18630.0 181560.68096040678
18640.0 181976.71417896703
18650.0 172544.86323329862
18660.0 183900.41287481878
18670.0 178626.9362799272
18680.0 177989.22655427162
18690.0 184040.29521615207
18700.0 182428.495208326
18710.0 173593.81227493117
18720.0 178005.0935343955
18730.0 162888.28267779946
18740.0 196920.4017891048
18750.0 179887.0643946696
18760.0 175732.2486610873
18770.0 171883.4005777783
18780.0 169143.33625311864
18790.0 172475.78660033713
18800.0 183905.81684647326
18810.0 178660.17205640968
18820.0 183529.72773947974
18830.0 185646.57539825566
18840.0 176594.91761833025
18850.0 168616.9521627113
18860.0 172188.29156181775
18870.0 185061.34145518823
18880.0 173377.95851270072
18890.0 179605.4583620087
18900.0 178097.128734342
18910.0 170043.92059399458
18920.0 162569.66276544976
18930.0 171726.06710144188
18940.0 171078.9448056773
18950.0 182062.9995247432
18960.0 175796.780643749
18970.0 175301.32663550664
18980.0 167705.83742896252
18990.0 177282.68484160956
19000.0 183003.99069297712
19010.0 173589.43068200513
19020.0 176756.66540884782
19030.0 173343.83831399336
19040.0 175232.02199115438
19050.0 168678.52857213878
19060.0 169630.6372688621
19070.0 176372.07039249619
19080.0 176775.06905574456
19090.0 173819.19847600933
19100.0 170011.0348721627
19110.0 161178.44795036648
19120.0 177426.20594824597
19130.0 178395.05306574109
19140.0 178248.04366651506
19150.0 174027.86350599225
19160.0 166738.1410619494
19170.0 171664.71994009768
19180.0 171490.89848761226
19190.0 173646.4135579806
19200.0 171305.3017860189
19210.0 173834.18334928478
19220.0 166600.99207329634
19230.0 171430.59025239872
19240.0 169765.6289017779
19250.0 171132.75862181367
19260.0 162764.0337864577
19270.0 175631.4692465175
19280.0 171605.12384311776
19290.0 164919.51990972666
19300.0 155382.73636898692
19310.0 132513.92953342997
19320.0 161833.36295335437
19330.0 162773.6941184877
19340.0 169819.16382897427
19350.0 170577.4768149956
19360.0 172970.8856417556
19370.0 171480.18410507476
19380.0 161514.0304295244
19390.0 163632.4977264754
19400.0 165196.78853902762
19410.0 169538.89435297964
19420.0 168925.792213617
19430.0 156038.51189436088
19440.0 154250.1393110707
19450.0 130447.99066626429
19460.0 150066.2582435757
19470.0 162096.4200123958
19480.0 157065.42419296247
19490.0 162616.7481401427
19500.0 149122.8298494399
19510.0 138851.71778276205
19520.0 161896.81189981746
19530.0 165276.65564814294
19540.0 164795.02540461288
19550.0 157872.9585868598
19560.0 160674.6729569581
19570.0 172401.04027968107
19580.0 170000.6405473064
19590.0 165577.34079392065
19600.0 160181.6649743969
19610.0 163706.19768225268
19620.0 165069.90516829432
19630.0 152787.15591880362
19640.0 164634.98174014446
19650.0 163154.70167538305
19660.0 168582.7397673761
19670.0 160609.86082467236
19680.0 164142.9625645519
19690.0 164082.01986535266
19700.0 168259.5163759676
19710.0 157528.37930648477
19720.0 165365.26989682097
19730.0 155362.78267125052
19740.0 162493.4674648244
19750.0 145260.52457505852
19760.0 147338.5418172895
19770.0 136312.92966303247
19780.0 121538.98496657299
19790.0 145913.7044367061
19800.0 147518.37415531636
19810.0 152045.76386526992
19820.0 150314.676569712
19830.0 155840.68043669037
19840.0 153591.21697119492
19850.0 142380.7009861071
19860.0 128884.37504169112
19870.0 150499.25565217907
19880.0 154268.69346646467
19890.0 151605.59301897572
19900.0 149263.18044565877
19910.0 150915.136865178
19920.0 146305.7524809263
19930.0 146045.89348561442
19940.0 148798.06740156683
19950.0 151824.15811816402
19960.0 151925.6320278317
19970.0 142578.76586325033
19980.0 158252.15351043097
19990.0 150226.23196291996
20010.0 154497.39410260803
20020.0 151614.1165598022
20030.0 154675.3598423789
20040.0 150431.51209331438
20050.0 153876.14467960712
20060.0 152178.66624203217
20070.0 153771.30164597387
20080.0 149707.83802212635
20090.0 150488.9015339713
20100.0 146048.97502461897
20110.0 150151.0991524895
20120.0 149599.9444762927
20130.0 145540.29409420962
20140.0 156146.40170475416
20150.0 150409.89748713252
20160.0 146914.97320054157
20170.0 145838.70479602795
20180.0 148545.08653099553
20190.0 142018.23570666782
20200.0 145213.13624827494
20210.0 153039.71293938078
20220.0 147839.3066777168
20230.0 150653.88808193395
20240.0 149641.201592613
20250.0 146977.92454845776
20260.0 143541.55708385998
20270.0 142394.44960388023
20280.0 149918.33361771633
20290.0 142304.59929748374
20300.0 145853.63142835023
20310.0 147860.87849337616
20320.0 151836.87266755675
20330.0 147819.71521580435
20340.0 146707.89682408725
20350.0 140213.10092503572
20360.0 146994.19246302394
20370.0 149105.08930316014
20380.0 146663.28291870232
20390.0 140099.41382013666
20400.0 145251.38617864033
20410.0 143678.02518006146
20420.0 149802.68668305056
20430.0 143579.02938402197
20440.0 137943.92292571132
20450.0 140991.855091761
20460.0 146372.31632315833
20470.0 146786.91450966473
20480.0 141050.37616100532
20490.0 136761.59750616513
20500.0 145917.47892072515
20510.0 146512.641395953
20520.0 144611.4704278373
20530.0 143584.32943435293
20540.0 135210.62470591516
20550.0 141309.44696122405
20560.0 144143.488930083
20570.0 142056.61705350943
20580.0 146655.68745006208
20590.0 143115.81031188942
20600.0 140703.15894851333
20610.0 144692.2413631996
20620.0 140409.01310498847
20630.0 134275.21052697249
20640.0 134833.33980550038
20650.0 137365.20529595946
20660.0 144462.4006878487
20670.0 137841.62428346957
20680.0 142567.71763759415
20690.0 136901.5952566416
20700.0 147554.8476870809
20710.0 137660.76660477096
20720.0 139862.5154791705
20730.0 136074.11119133857
20740.0 139218.20921731737
20750.0 141234.12025866855
20760.0 134751.89741379686
20770.0 140473.26604999817
20780.0 140103.63964495808
20790.0 140177.3385856578
20800.0 140441.36411766973
20810.0 133751.1915758144
20820.0 140601.10542590896
20830.0 138125.67152687506
20840.0 138021.1660155559
20850.0 135084.82186687522
20860.0 138758.20932963694
20870.0 136430.32349753467
20880.0 137644.13533003174
20890.0 132636.82600230706
20900.0 141017.4279880976
20910.0 139064.7910951897
20920.0 142845.86459712975
20930.0 135423.75192724983
20940.0 134793.74353341566
20950.0 137437.7443918399
20960.0 131233.45800425592
20970.0 133997.42104056958
20980.0 140603.85037332916
20990.0 133108.292986982
21000.0 138472.39018304128
21010.0 136492.6505946692
21020.0 136061.03315990698
21030.0 137291.65148879887
21040.0 138074.01527932004
21050.0 134668.82621275898
21060.0 138992.34801040453
21070.0 135555.60189132387
21080.0 131208.72117369593
21090.0 133237.81680458644
21100.0 138867.7386708624
21110.0 133222.49720955378
21120.0 133003.5166942244
21130.0 136971.70450627102
21140.0 138896.22182648527
21150.0 134406.32587839736
21160.0 132143.97873736144
21170.0 129267.47315649861
21180.0 138131.11479825567
21190.0 134747.18617978782
21200.0 134325.5218333489
21210.0 136145.7895712966
21220.0 136208.61536906532
21230.0 133756.82375745926
21240.0 138107.6316530333
21250.0 134531.45171317988
21260.0 133316.452011485
21270.0 131413.75631232775
21280.0 133063.92634644284
21290.0 133610.5265463897
21300.0 134732.63844688245
21310.0 137487.80228872658
21320.0 134028.35579427524
21330.0 136801.71311858247
21340.0 132745.11444156402
21350.0 136164.05916278006
21360.0 133674.48791922344
21370.0 132797.28998012454
21380.0 132490.60585974756
21390.0 134907.6955134637
21400.0 131267.2085490135
21410.0 135195.03485628593
21420.0 130966.41496609454
21430.0 137362.81878855304
21440.0 136456.87392210972
21450.0 134328.49067089224
21460.0 136420.6100452646
21470.0 134765.37720763223
21480.0 132047.81768250596
21490.0 132420.90947388744
21500.0 131131.79877792092
21510.0 134415.3029983647
21520.0 131806.7123515726
21530.0 133765.0216470163
21540.0 133851.17891392918
21550.0 133248.41198014235
21560.0 132461.39397007218
21570.0 134304.17262328515
21580.0 134740.42034724492
21590.0 132538.3406568918
21600.0 132336.41386252374
21610.0 135524.07967824212
21620.0 132876.0402837671
21630.0 132081.12716455906
21640.0 134608.85284747827
21650.0 132650.4493078723
21660.0 133284.1781865374
21670.0 135046.92136250404
21680.0 134852.49535623656
21690.0 135038.22376576415
21700.0 130207.76502232252
21710.0 133102.09864391503
21720.0 131782.48500626063
21730.0 132279.86392983433
21740.0 133520.75541042225
21750.0 130754.93926838957
21760.0 131289.41549549077
21770.0 132019.1042674151
21780.0 126537.31880326908
21790.0 131647.42293495493
21800.0 130801.52199812075
21810.0 132543.9649810543
21820.0 130035.03935368767
21830.0 130688.32604656376
21840.0 131322.9350024236
21850.0 132741.46644180728
21860.0 131469.1098991871
21870.0 130933.18555015948
21880.0 131356.3934846526
21890.0 130707.09302117948
21900.0 127065.70019995279
21910.0 131839.33096039758
21920.0 131058.91772657141
21930.0 130938.46622081418
21940.0 131290.99674946125
21950.0 131940.71908778645
21960.0 131776.8434850161
21970.0 130428.90978993903
21980.0 131360.27781070437
21990.0 130320.19741251894
22000.0 129797.9308186535
22010.0 130193.77109355357
22020.0 130211.62463376345
22030.0 129044.1602164563
22040.0 130542.71738432434
22050.0 124914.63421897232
22060.0 119362.198712317
22070.0 128683.38471315958
22080.0 121810.54256055696
22090.0 128210.90777662623
22100.0 129834.02466767235
22110.0 129401.77106469736
22120.0 130667.6359434104
22130.0 129879.04028723572
22140.0 130619.66615084
22150.0 129494.26346893745
22160.0 129906.69205364227
22170.0 129101.23955079375
22180.0 130629.04350892318
22190.0 128799.5564407096
22200.0 128385.0403859608
22210.0 124164.6374385463
22220.0 130106.28111068053
22230.0 125713.95655270283
22240.0 131505.6658032785
22250.0 130833.24424616256
22260.0 127524.19419659635
22270.0 123482.73941363336
22280.0 123503.85336646222
22290.0 127978.87063077228
22300.0 127171.92453291817
22310.0 126372.48824882432
22320.0 128762.34669646455
22330.0 126569.87785231382
22340.0 127049.39602172498
22350.0 127894.58320726154
22360.0 127748.17408901772
22370.0 128475.31549823079
22380.0 126769.14805158263
22390.0 127666.0453896512
22400.0 128875.94548800809
22410.0 127634.29210976398
22420.0 126840.58592469385
22430.0 127810.05215679915
22440.0 124558.04520048415
22450.0 128932.60817580807
22460.0 127018.77785237474
22470.0 127233.9173173366
22480.0 127848.66870141025
22490.0 126487.9900248557
22500.0 126653.21524288031
22510.0 127562.49466169023
22520.0 126439.58354220112
22530.0 127256.66248874618
22540.0 123803.14627672997
22550.0 126186.88130764122
22560.0 127689.99199210055
22570.0 124276.93470758286
22580.0 126573.74770962606
22590.0 125326.8211983195
22600.0 124808.72507158763
22610.0 122034.21911710192
22620.0 120685.23248995762
22630.0 121322.8450800177
22640.0 123064.14891169987
22650.0 120070.57008306852
22660.0 123598.63497864893
22670.0 125420.59154999287
22680.0 124496.54193955834
22690.0 124959.04215586178
22700.0 122518.57014378472
22710.0 123872.22104142916
22720.0 124169.78693820177
22730.0 124225.43894175178
22740.0 123306.34510942863
22750.0 125164.56703685009
22760.0 124230.35893968015
22770.0 123815.71549896567
22780.0 122756.518573913
22790.0 123862.7268737832
22800.0 120128.8852563824
22810.0 123675.34734166437
22820.0 119356.06394865196
22830.0 121383.54967842685
22840.0 121390.96012996859
22850.0 123299.60741118934
22860.0 123438.538366369
22870.0 123415.41120797562
22880.0 122990.28375624484
22890.0 122801.98220491805
22900.0 123327.23149441872
22910.0 120778.8126331999
22920.0 120999.54552264586
22930.0 102130.32569813372
22940.0 104100.07336396462
22950.0 111640.3149488177
22960.0 107351.86191350952
22970.0 111345.15421344432
22980.0 112548.23008532278
22990.0 114062.94136167402
23000.0 115579.46224673631
23010.0 112829.46069037257
23020.0 115250.00100181783
23030.0 114116.00506787849
23040.0 115308.11643634159
23050.0 113815.7072011974
23060.0 115023.88519085935
23070.0 114718.87087906596
23080.0 116064.49163690968
23090.0 113795.22599928913
23100.0 115189.13942319191
23110.0 113838.53828430708
23120.0 113263.84483641079
23130.0 113839.57152078327
23140.0 111154.6237777084
23150.0 116911.59355766205
23160.0 112430.07212550036
23170.0 112911.4418486452
23180.0 115382.9847558561
23190.0 115304.4427694434
23200.0 110102.8616036023
23210.0 113275.94356458879
23220.0 98940.91884428356
23230.0 97698.5528425875
23240.0 105042.74361842999
23250.0 102764.57953289669
23260.0 106281.15420472316
23270.0 107283.46812008743
23280.0 105803.04467155412
23290.0 110485.70229506186
23300.0 101267.75899643579
23310.0 106888.39017924192
23320.0 110916.84147677576
23330.0 109398.40034169394
23340.0 106366.96547223863
23350.0 103132.5049774471
23360.0 105934.02211872938
23370.0 106587.52900222644
23380.0 101755.17065731922
23390.0 108433.38289191507
23400.0 105674.2018246173
23410.0 105693.61955349254
23420.0 110004.25004968021
23430.0 105684.10400709067
23440.0 103997.2777402474
23450.0 106648.61300384505
23460.0 107342.17604727097
23470.0 109422.38878827335
23480.0 108284.58752993612
23490.0 104977.03236532825
23500.0 106741.78541691895
23510.0 102728.05708479536
23520.0 89313.14428743575
23530.0 94137.69713097301
23540.0 96596.48701512175
23550.0 98806.98563396052
23560.0 99811.45864464121
23570.0 102505.20903480226
23580.0 99448.8528454108
23590.0 100726.15587151637
23600.0 103169.24242540704
23610.0 100165.8402643371
23620.0 99536.91233158526
23630.0 103624.23963964329
23640.0 102252.81473705576
23650.0 103091.18062296667
23660.0 103405.14176324267
23670.0 96716.27108703603
23680.0 101938.61675778669
23690.0 103850.13267331674
23700.0 103698.9625394655
23710.0 103213.46677706647
23720.0 100657.04532472574
23730.0 103124.32962716155
23740.0 101410.84814170106
23750.0 101150.03083155578
23760.0 97848.9475864913
23770.0 104666.20228405463
23780.0 99300.7709691024
23790.0 99346.96988252255
23800.0 99521.39471823502
23810.0 100009.5855495442
23820.0 91404.02029074951
23830.0 85283.20823810034
23840.0 94386.15167859016
23850.0 92539.44825163491
23860.0 91093.24460807793
23870.0 93163.22909484348
23880.0 95582.47543848395
23890.0 93557.80745113279
23900.0 95682.88931239716
23910.0 92334.86115297588
23920.0 89995.0625931865
23930.0 98924.11803723878
23940.0 95144.07509305031
23950.0 95681.05847257249
23960.0 92014.73253016935
23970.0 94976.93689518997
23980.0 95083.21283107426
23990.0 94474.558595308
24000.0 91519.78187732818
24010.0 93965.9511401215
24020.0 90208.16948518819
24030.0 94787.9638763066
24040.0 90680.62880978071
24050.0 90736.46224072915
24060.0 93271.98426720504
24070.0 89827.0252005676
24080.0 87021.37495102215
24090.0 91831.19337968995
24100.0 88353.10645693775
24110.0 91895.97431343158
24120.0 87332.35494059169
24130.0 89888.31138444025
24140.0 81427.44920251817
24150.0 89162.99608168
24160.0 82886.67267453457
24170.0 85088.59775271581
24180.0 92678.95532022892
24190.0 83209.11632265088
24200.0 92845.84650686158
24210.0 85347.54404438089
24220.0 85560.00290375252
24230.0 87446.20502785702
24240.0 90793.42725747779
24250.0 84161.3959967351
24260.0 85010.071045648
24270.0 85022.53527763039
24280.0 84397.88862321594
24290.0 88826.76928652514
24300.0 84804.98713705769
24310.0 83763.67038980126
24320.0 89829.04093764928
24330.0 81857.0236550742
24340.0 83810.23711043796
24350.0 89182.50516894415
24360.0 79835.07326351489
24370.0 78773.23462319568
24380.0 87625.77382561904
24390.0 86870.62824007752
24400.0 85283.40736395531
24410.0 82672.74945837431
24420.0 80757.92603363248
24430.0 82882.83599740679
24440.0 78820.60160717167
24450.0 85624.53899750746
24460.0 78940.8930808988
24470.0 78125.81426160027
24480.0 80120.61831492062
24490.0 80468.46738389389
24500.0 82143.45743583143
24510.0 78221.63029096264
24520.0 78203.77408822061
24530.0 78176.9107500164
24540.0 71284.91417420389
24550.0 81877.8681696087
24560.0 81090.25108613436
24570.0 82372.37454108031
24580.0 80222.64892596495
24590.0 77631.12793035427
24600.0 74723.59979917607
24610.0 73096.9481691833
24620.0 81538.91718309569
24630.0 79749.09502071288
24640.0 81050.56149829837
24650.0 76737.58675050977
24660.0 79917.2466712016
24670.0 74390.82296243378
24680.0 76608.60075694764
24690.0 78146.69222716257
24700.0 76768.84900075881
24710.0 76945.16667573586
24720.0 77498.74876592049
24730.0 73048.80953278602
24740.0 73136.66006003895
24750.0 73504.34297408797
24760.0 80936.46932997665
24770.0 76997.0914196856
24780.0 73202.14979813811
24790.0 71817.48669393586
24800.0 71735.05523669327
24810.0 72334.55445852828
24820.0 72769.73281672384
24830.0 76641.06771283086
24840.0 71739.58417123008
24850.0 66159.11966111143
24860.0 64047.856913349744
24870.0 63434.87251970752
24880.0 63373.50752100485
24890.0 63478.24995390503
24900.0 62167.93373678827
24910.0 63712.36664915268
24920.0 66061.06031620457
24930.0 64513.14113053511
24940.0 64102.20312790298
24950.0 66715.40558950513
24960.0 65402.884168383396
24970.0 64262.061068677096
24980.0 62547.50378802237
24990.0 62722.34173502557
