#lam[Angstrom] flux[erg/cm2/s/A]
1010.0 0.8216901431593888
1020.0 0.8508230869368385
1030.0 2.935292887386146
1040.0 1.1570460208342666
1050.0 0.8712541482598739
1060.0 0.8791303553037151
1070.0 0.9283343494597064
1080.0 2.8094156323620445
1090.0 2.8621590051982
1100.0 0.917531436958669
1110.0 0.9248864256798698
1120.0 0.9608440638296072
1130.0 0.9346071213839383
1140.0 1.0149862424106646
1150.0 0.9524869503127305
1160.0 0.9705978134208537
1170.0 0.9723935831154861
1180.0 0.9765813073751077
1190.0 0.9825251526728573
1200.0 1.4815024199471576
1210.0 1.3186203534428307
1220.0 8.389615272929493
1230.0 1.2135572223636961
1240.0 4.947028190823774
1250.0 1.7230666592727888
1260.0 2.397803336410268
1270.0 2.463451043421044
1280.0 2.543385359119868
1290.0 2.7450052607276567
1300.0 2.956067542765838
1310.0 3.250860377872997
1320.0 3.3956313297131975
1330.0 3.452953450606707
1340.0 3.853807036449337
1350.0 3.7089677442752467
1360.0 3.7974112076507285
1370.0 3.8536508744842193
1380.0 3.9353582740998814
1390.0 9.010214874070767
1400.0 10.02005071312268
1410.0 7.4074942735626115
1420.0 4.178514948687138
1430.0 4.103177898997855
1440.0 4.124225778500739
1450.0 4.1516660733935575
1460.0 4.184338301517671
1470.0 4.216770902538051
1480.0 4.23662895930476
1490.0 6.649374256388955
1500.0 4.194726832674308
1510.0 4.187818738910996
1520.0 4.192416156425857
1530.0 4.380754166883269
1540.0 4.162974819280732
1550.0 59.110890490628094
1560.0 4.164647763897931
1570.0 4.146776422125676
1580.0 4.344924270587402
1590.0 4.142844678968623
1600.0 4.542334785533335
1610.0 4.134776283137897
1620.0 4.1344479310881965
1630.0 4.109978132407366
1640.0 37.59090198558649
1650.0 4.075561537771121
1660.0 5.271864439502367
1670.0 7.178989361213018
1680.0 4.049450764954299
1690.0 4.037218296845489
1700.0 4.0207183326379505
1710.0 4.000397086944927
1720.0 4.294524873725696
1730.0 4.0204923410130595
1740.0 4.096607633513251
1750.0 6.078091558029101
1760.0 3.9847145339615344
1770.0 3.9834606187576282
1780.0 3.9954635963262097
1790.0 4.272999166452249
1800.0 3.968687906678254
1810.0 4.894995912497141
1820.0 4.979078998436672
1830.0 3.8954273403150323
1840.0 3.870579558728396
1850.0 4.178894306575217
1860.0 4.020022374367708
1870.0 3.825219174511959
1880.0 6.271635405641171
1890.0 7.848799222542029
1900.0 3.787156415672357
1910.0 25.445301810597645
1920.0 3.7609647161460233
1930.0 3.777682339185354
1940.0 3.709139811440682
1950.0 3.7071167180181805
1960.0 3.6694052657126273
1970.0 3.6478062670262443
1980.0 3.628286635984062
1990.0 3.6123611799510895
2000.0 3.587928325699455
2010.0 3.55666090350328
2020.0 3.409320009790964
2030.0 3.2156530255152718
2040.0 3.121149266423118
2050.0 2.979186657225155
2060.0 2.929579758966924
2070.0 2.9517271640325875
2080.0 2.886822036054538
2090.0 2.9766204715393534
2100.0 2.91239108587407
2110.0 2.912835285181107
2120.0 2.99691896856678
2130.0 2.992769480817854
2140.0 3.1477526259143147
2150.0 2.8796172405602354
2160.0 2.901794663693585
2170.0 2.831934519900981
2180.0 2.9433960408249575
2190.0 2.8791787355706644
2200.0 2.90808296634186
2210.0 2.943206256113179
2220.0 3.0880843079225673
2230.0 3.0214931086765824
2240.0 3.070254044113645
2250.0 3.260970570901857
2260.0 3.181863911616032
2270.0 3.2453033399675926
2280.0 3.3114584783138894
2290.0 3.38058696859955
2300.0 3.5353267561313726
2310.0 3.7194253304153686
2320.0 3.904381684950115
2330.0 6.996551511082806
2340.0 4.435611244773498
2350.0 3.9553129226670354
2360.0 3.8611952019913587
2370.0 3.936820200400371
2380.0 4.011464690684843
2390.0 4.385078646138385
2400.0 4.1630937709693
2410.0 4.249457695183063
2420.0 4.308246433316057
2430.0 9.328401114011559
2440.0 4.450771358817205
2450.0 4.535553679036593
2460.0 4.59138176024139
2470.0 4.661837357098146
2480.0 4.732872782034286
2490.0 4.80541415837062
2500.0 4.870903768073287
2510.0 5.436175590013729
2520.0 5.017210423493002
2530.0 5.0845560734992805
2540.0 5.141350810159977
2550.0 5.209171626770892
2560.0 6.034447237751237
2570.0 5.3370131996727
2580.0 5.405482244803036
2590.0 5.605037651924163
2600.0 5.537550250420452
2610.0 5.595725760788399
2620.0 5.652568035748653
2630.0 5.71425439008368
2640.0 5.778735114864121
2650.0 5.829799610998348
2660.0 5.8693439578619415
2670.0 6.5891121471235135
2680.0 5.969729924999593
2690.0 6.029580587225404
2700.0 6.086473265323383
2710.0 6.1311960919120985
2720.0 6.208564885397598
2730.0 6.653549618875538
2740.0 6.7109191094883895
2750.0 6.363145135245191
2760.0 6.446105560967358
2770.0 6.482824733662482
2780.0 6.5417071620258405
2790.0 26.097623699892907
2800.0 16.482602213513136
2810.0 6.727010203705646
2820.0 6.781989569627671
2830.0 10.568987487944986
2840.0 6.890960400609326
2850.0 7.351693509719664
2860.0 7.140432069965682
2870.0 7.067991438718203
2880.0 7.129990102824811
2890.0 7.182954553601768
2900.0 7.237398983451083
2910.0 7.287310040141578
2920.0 7.341041033358806
2930.0 8.556162234627818
2940.0 7.448728445235078
2950.0 7.665742823631378
2960.0 7.560076214443626
2970.0 7.616622970866226
2980.0 7.695182857587916
2990.0 7.7282724900626265
3000.0 7.775363714428189
3010.0 7.83093375749889
3020.0 7.890402153210888
3030.0 7.941446136479432
3040.0 8.000264785286726
3050.0 8.048142706795616
3060.0 8.099467789211081
3070.0 8.152695198122215
3080.0 8.199780867540817
3090.0 8.244770739903553
3100.0 8.331287779041869
3110.0 8.378913038840643
3120.0 8.432106321805595
3130.0 8.454052062931748
3140.0 8.495561695374766
3150.0 8.547097867537314
3160.0 8.593353476079027
3170.0 8.641466789570567
3180.0 8.699606257452738
3190.0 9.016858738918785
3200.0 8.799936951364405
3210.0 10.335679761705208
3220.0 8.890152166950305
3230.0 8.949813999742766
3240.0 9.017150843117774
3250.0 9.03375079397674
3260.0 9.120786345625458
3270.0 9.115280291101415
3280.0 9.150539480707971
3290.0 9.19699814050916
3300.0 9.224690515953114
3310.0 9.2649716709495
3320.0 9.307486905203712
3330.0 9.362542759082714
3340.0 10.409864858353519
3350.0 9.476931478635818
3360.0 9.578432881240325
3370.0 9.526112448172642
3380.0 9.585934865067834
3390.0 9.622080318619913
3400.0 9.664363143610164
3410.0 9.68424225894523
3420.0 10.98624342657144
3430.0 11.02226112760967
3440.0 9.814317276638299
3450.0 9.832960317424728
3460.0 9.893777141138587
3470.0 9.952513269778136
3480.0 10.033832972752974
3490.0 10.077906742307558
3500.0 10.024328448384908
3510.0 9.97092992193313
3520.0 9.955020640380049
3530.0 10.013060641856068
3540.0 10.050774508360277
3550.0 10.094148720847157
3560.0 10.102503561561269
3570.0 10.110762871448019
3580.0 10.427188526467978
3590.0 10.128100468464941
3600.0 10.119289206806782
3610.0 10.137538027759124
3620.0 10.24435492522486
3630.0 10.291508567050943
3640.0 10.333115096483239
3650.0 10.323280225201133
3660.0 10.575208985688953
3670.0 10.602776125689209
3680.0 10.48962064349085
3690.0 10.676130676552509
3700.0 10.695575829907904
3710.0 10.500337097495267
3720.0 9.13467233601679
3730.0 15.173563643170791
3740.0 7.982697521496953
3750.0 8.522551029621273
3760.0 8.493269989334728
3770.0 9.576579262266565
3780.0 8.600841692085256
3790.0 8.81433844493091
3800.0 9.183019288940882
3810.0 8.86005729961137
3820.0 8.711899860829524
3830.0 8.775767614856631
3840.0 9.872224686022522
3850.0 8.76597941094906
3860.0 16.29712089147862
3870.0 8.700831731953125
3880.0 10.299417153204114
3890.0 8.736541342057729
3900.0 10.201067681329844
3910.0 8.955706826876384
3920.0 9.038796958810886
3930.0 8.735554075366473
3940.0 9.561562714181287
3950.0 9.98568651656347
3960.0 12.114511962074936
3970.0 9.590198873384356
3980.0 10.95900466348434
3990.0 8.898140177235929
4000.0 8.659745727829481
4010.0 8.296475028431564
4020.0 8.42668821820643
4030.0 8.171481296205041
4040.0 8.183493062589074
4050.0 8.21696361041509
4060.0 8.53349187162606
4070.0 9.259310188728936
4080.0 10.796360751310882
4090.0 10.514225971863468
4100.0 13.519703002619991
4110.0 11.415827647564612
4120.0 11.700702105498522
4130.0 11.904936958841587
4140.0 12.60441909414925
4150.0 11.990140595769057
4160.0 12.178332989900944
4170.0 9.643754262302497
4180.0 11.495648903781936
4190.0 10.161660924157307
4200.0 11.050436773771677
4210.0 10.625388776721366
4220.0 10.156111318502541
4230.0 9.491179494516885
4240.0 9.799946499698637
4250.0 8.815043452705613
4260.0 8.922050498902607
4270.0 8.93222957296052
4280.0 8.931596421865331
4290.0 8.785490068684698
4300.0 10.125706988561666
4310.0 11.3427476197699
4320.0 12.51121447537432
4330.0 18.259135657033323
4340.0 13.753119841887568
4350.0 15.884176405204915
4360.0 16.91014145875259
4370.0 18.434341651562832
4380.0 17.75307276929251
4390.0 20.300560000256972
4400.0 21.94102649908505
4410.0 22.015646944300613
4420.0 23.786391266194045
4430.0 23.998243235618105
4440.0 26.657647619921466
4450.0 31.136309126131284
4460.0 29.81323403489077
4470.0 34.099849546336515
4480.0 31.32797483198513
4490.0 33.8377183796574
4500.0 27.637181466064973
4510.0 37.45430590205585
4520.0 37.641931918219086
4530.0 40.9809720521172
4540.0 38.94171023763908
4550.0 34.93389010871256
4560.0 46.63548781030093
4570.0 39.52312673564057
4580.0 35.63915505031881
4590.0 31.367860541048543
4600.0 24.7005397832707
4610.0 13.715314598395782
4620.0 36.21079674522507
4630.0 25.705530632889214
4640.0 39.98487488745057
4650.0 28.524153932518555
4660.0 51.28324703781706
4670.0 57.81254917833852
4680.0 54.67232325659008
4690.0 61.70938761916216
4700.0 76.14494097329123
4710.0 69.10581892211043
4720.0 52.69809879979362
4730.0 55.75742581199789
4740.0 60.97747657535132
4750.0 60.189861681519645
4760.0 52.80967382360721
4770.0 50.6863845419001
4780.0 44.21542205154341
4790.0 43.50642575702537
4800.0 40.43360160975885
4810.0 28.736507906199336
4820.0 40.748478977404645
4830.0 39.91360206338712
4840.0 36.463931065480054
4850.0 33.01235092477511
4860.0 45.52505909724719
4870.0 37.602038564444904
4880.0 35.46888645151462
4890.0 37.61646024495172
4900.0 31.507376758548837
4910.0 31.05470421576632
4920.0 26.18784208156856
4930.0 27.63944184622136
4940.0 26.50344530513705
4950.0 20.54397423092092
4960.0 46.60477066234573
4970.0 21.24973342033998
4980.0 19.03721680810957
4990.0 17.40034334341035
5000.0 15.481397372805699
5010.0 87.17927848884283
5020.0 12.342892342653615
5030.0 11.430753977262507
5040.0 10.95541914901891
5050.0 10.760531336771653
5060.0 10.640610422209514
5070.0 10.69406083423672
5080.0 10.839812007158002
5090.0 10.740785659257709
5100.0 10.47655322078839
5110.0 10.301914292943444
5120.0 10.041612940598407
5130.0 9.819634633271516
5140.0 9.736150729034872
5150.0 9.647895732011296
5160.0 9.719010662436192
5170.0 9.527442963862049
5180.0 9.385672380675986
5190.0 9.777649577927384
5200.0 9.379805129739609
5210.0 9.353986850881267
5220.0 9.387552586993749
5230.0 9.286451210042845
5240.0 9.269531771134517
5250.0 9.225147326617963
5260.0 9.363238157755408
5270.0 9.282953665599386
5280.0 9.01840271124816
5290.0 8.964100726876657
5300.0 8.903553442626691
5310.0 8.874855881038538
5320.0 8.98958439660735
5330.0 8.78364733612813
5340.0 8.730210994825962
5350.0 8.699293264410436
5360.0 8.656264250906261
5370.0 8.625397480216167
5380.0 8.588141470469306
5390.0 8.548855148647508
5400.0 8.523975805963987
5410.0 8.508364096348988
5420.0 8.604803178560726
5430.0 8.56926659571712
5440.0 8.429716383162868
5450.0 8.408843258179038
5460.0 8.385410617110944
5470.0 8.363944491367912
5480.0 8.33988196060452
5490.0 8.317149038657742
5500.0 8.300858893068016
5510.0 8.314040461361895
5520.0 8.267925833527352
5530.0 8.274432954861963
5540.0 8.258135205778068
5550.0 8.215683745087775
5560.0 8.198762179892004
5570.0 8.184449200980445
5580.0 8.170905517358504
5590.0 8.169780462484828
5600.0 8.143271429821658
5610.0 8.128742622628321
5620.0 8.125251468188
5630.0 8.102776370683493
5640.0 8.091247488459187
5650.0 8.08045421086884
5660.0 8.069059848260286
5670.0 8.05900022690606
5680.0 8.040241947282343
5690.0 8.014434283780238
5700.0 7.993571021546781
5710.0 7.974185771739663
5720.0 7.963915672858841
5730.0 8.296179276455776
5740.0 7.9421069483772255
5750.0 7.930197726905222
5760.0 8.011850271795215
5770.0 7.907998700326894
5780.0 7.898023624458169
5790.0 7.888353401549638
5800.0 7.877302690001052
5810.0 7.866601459106508
5820.0 8.00482712949253
5830.0 7.843195020583275
5840.0 7.830435982194507
5850.0 7.819275953307623
5860.0 7.8080103354997545
5870.0 7.796132344098233
5880.0 8.774927105944005
5890.0 7.7737079563881215
5900.0 7.763529681859081
5910.0 7.75491480883355
5920.0 7.7474832412682435
5930.0 7.740250975963891
5940.0 7.73074907768588
5950.0 7.719481695911282
5960.0 7.708286644377431
5970.0 7.716301800569723
5980.0 7.690883394043874
5990.0 7.683861188630304
6000.0 7.687211092785161
6010.0 7.67148142555462
6020.0 7.666714455672447
6030.0 7.666557831305205
6040.0 7.660125703045392
6050.0 7.6593037795917995
6060.0 7.661694257978797
6070.0 7.668188174151097
6080.0 7.676749628771797
6090.0 8.230119136082674
6100.0 7.709952945659395
6110.0 7.738549475369187
6120.0 7.780147051355121
6130.0 7.82440867018886
6140.0 7.8812264417198445
6150.0 7.951426648408206
6160.0 8.04359081731561
6170.0 8.150813503865303
6180.0 8.277001542384294
6190.0 8.415718929640313
6200.0 8.600739363843324
6210.0 8.801917356381743
6220.0 9.017711350417406
6230.0 9.27217086804501
6240.0 9.563980224634001
6250.0 9.894324090550075
6260.0 10.240068980052607
6270.0 10.674500824734281
6280.0 11.151808696412274
6290.0 11.693562556815346
6300.0 13.04791269031843
6310.0 12.9291130452853
6320.0 13.83115802911415
6330.0 14.689449074165427
6340.0 15.684538131682093
6350.0 16.768916129227847
6360.0 17.93777705509352
6370.0 19.378922643023703
6380.0 20.633662702443615
6390.0 22.186722147631027
6400.0 23.947608007032855
6410.0 25.85233170369292
6420.0 27.854414165074346
6430.0 29.954169566096876
6440.0 32.33692936810613
6450.0 34.896272339893514
6460.0 37.48800101957247
6470.0 40.58314102096603
6480.0 43.850986534328136
6490.0 47.2890235379048
6500.0 50.95807493754419
6510.0 54.67707070725522
6520.0 59.02727810185775
6530.0 63.48419881591341
6540.0 68.32774139098292
6550.0 73.45098004116517
6560.0 104.70507907794556
6570.0 84.77191442122673
6580.0 89.84963467347364
6590.0 100.76342971399515
6600.0 104.01419712392614
6610.0 111.09112331103127
6620.0 118.97964017115751
6630.0 126.63749949099659
6640.0 135.46199018427566
6650.0 144.16817068059223
6660.0 153.11933110903445
6670.0 162.28023323656848
6680.0 171.90692925411017
6690.0 182.11682574471922
6700.0 191.37277309419528
6710.0 193.8112147269356
6720.0 214.20200209877692
6730.0 226.83299055582816
6740.0 238.30303019474925
6750.0 250.31008740920458
6760.0 262.38247192015484
6770.0 273.4375619825621
6780.0 282.3684246980218
6790.0 295.3295984392469
6800.0 304.6115604490748
6810.0 312.77122625413875
6820.0 319.7871434855323
6830.0 325.9737865732766
6840.0 330.15364941185135
6850.0 334.39060098980804
6860.0 334.51600117386033
6870.0 335.3689680770227
6880.0 332.0465695961807
6890.0 309.9676538043011
6900.0 318.1373329297248
6910.0 314.5602778110174
6920.0 304.4619547313318
6930.0 306.3904776313622
6940.0 302.3936957413668
6950.0 304.025142175533
6960.0 304.3956425231987
6970.0 307.8280963411292
6980.0 312.27140830465953
6990.0 315.2041189402854
7000.0 331.3761301819099
7010.0 344.3960071192477
7020.0 356.9223012365868
7030.0 368.2538132360505
7040.0 379.11985692883695
7050.0 386.4183017176446
7060.0 392.52815160239317
7070.0 399.84444415635375
7080.0 405.2175516118437
7090.0 407.044726804313
7100.0 416.3813245314511
7110.0 424.1776627132122
7120.0 431.6079524626901
7130.0 431.6257694243777
7140.0 437.6157283870474
7150.0 440.99987928667747
7160.0 441.69188270183713
7170.0 440.8306393066049
7180.0 442.7801864346385
7190.0 441.23405454183757
7200.0 433.85017800129015
7210.0 431.9780079803031
7220.0 426.3570417543335
7230.0 421.9365675425549
7240.0 415.3980493047258
7250.0 409.8446283682045
7260.0 402.22965269214603
7270.0 395.02472423315794
7280.0 387.688569092672
7290.0 381.5684876280345
7300.0 371.1646010750507
7310.0 359.0020210138845
7320.0 346.449599958888
7330.0 333.1559373318505
7340.0 322.26756819129577
7350.0 311.9108177311866
7360.0 301.94277403676347
7370.0 294.05134448163454
7380.0 285.1430807914828
7390.0 269.9317329489227
7400.0 245.32363633941023
7410.0 231.44032194128343
7420.0 223.61420216161
7430.0 223.8760894540045
7440.0 215.59194589685112
7450.0 196.1323758008956
7460.0 184.4237550881755
7470.0 187.45276679356138
7480.0 176.97155606663821
7490.0 147.64301021519498
7500.0 132.07174779862157
7510.0 131.51714346631698
7520.0 120.80153727059613
7530.0 97.26950750197012
7540.0 93.27389006144747
7550.0 88.42875423745437
7560.0 62.96252003592795
7570.0 64.48825270840781
7580.0 50.77688801495422
7590.0 43.97357606018555
7600.0 33.566291588007
7610.0 27.596251424965835
7620.0 20.50181621696223
7630.0 12.974180327416395
7640.0 7.584969008341545
7650.0 5.997181104360343
7660.0 5.832275845313005
7670.0 5.810330630957244
7680.0 5.860756966689621
7690.0 5.796964634914737
7700.0 5.812781094109237
7710.0 5.8682353125337485
7720.0 6.676452450688594
7730.0 9.581522788952002
7740.0 17.858863814032095
7750.0 29.804671724787312
7760.0 46.86006488225617
7770.0 63.10636118724365
7780.0 76.46919214029411
7790.0 73.79277477358801
7800.0 28.98530810872068
7810.0 98.63391505299879
7820.0 140.793974819501
7830.0 173.45799223536457
7840.0 202.47286694263263
7850.0 231.77508102713404
7860.0 262.1977344557986
7870.0 291.37892818139574
7880.0 323.73451905963543
7890.0 358.8982158951917
7900.0 394.1984796086459
7910.0 423.5052707658549
7920.0 453.23505789451207
7930.0 461.30931129943366
7940.0 357.656748913949
7950.0 159.068576924516
7960.0 516.0908090772281
7970.0 635.7093835967032
7980.0 709.3572523970262
7990.0 770.7728798612847
8000.0 828.8802884012665
8010.0 878.8471088461919
8020.0 928.9411867745561
8030.0 978.969170064542
8040.0 1030.246357327386
8050.0 1077.8404771265534
8060.0 1134.8654890152388
8070.0 1190.8690456934107
8080.0 1245.063198966749
8090.0 1299.9406730057635
8100.0 1356.5164440037358
8110.0 1412.5928952334095
8120.0 1473.7775690991327
8130.0 1536.3576091554196
8140.0 1602.3888545918198
8150.0 1667.4914164902984
8160.0 1728.8849944644865
8170.0 1786.4357177412899
8180.0 1764.859477650412
8190.0 1779.540973528721
8200.0 1874.0324792833312
8210.0 2037.5773548008567
8220.0 2109.0687206109606
8230.0 2163.5960063884704
8240.0 2245.606345554562
8250.0 2319.641307082149
8260.0 2383.009277140562
8270.0 2458.0444687002714
8280.0 2525.2289517608997
8290.0 2589.225048085148
8300.0 2659.7724688419858
8310.0 2731.539127896691
8320.0 2798.3229267918305
8330.0 2873.3307766543717
8340.0 2947.1018114321537
8350.0 3017.5664006043876
8360.0 3084.8292751046456
8370.0 3158.5490795266724
8380.0 3231.0586077026564
8390.0 3303.915853727096
8400.0 3377.4410458562284
8410.0 3449.412483265683
8420.0 3527.1629626341223
8430.0 3602.4301446260697
8440.0 3673.4851675598657
8450.0 3739.6226400556566
8460.0 3813.061342943722
8470.0 3879.034007577003
8480.0 3945.1840695039396
8490.0 3981.3284922945627
8500.0 3952.5647585602765
8510.0 3689.9311701672486
8520.0 1845.40138324629
8530.0 3450.6867111093165
8540.0 3943.3884731876765
8550.0 4183.286581632309
8560.0 4350.535139647158
8570.0 4489.29061604073
8580.0 4445.2729663032305
8590.0 4373.538281011926
8600.0 4310.6985917775655
8610.0 4032.833866277507
8620.0 3567.909785445373
8630.0 3647.8842824889907
8640.0 3801.3406782935135
8650.0 3925.1746654881076
8660.0 4093.2903041446502
8670.0 4203.919720311769
8680.0 4176.747066652329
8690.0 4397.734981789381
8700.0 4296.502009341879
8710.0 4331.8953655216765
8720.0 4413.3624960255875
8730.0 4533.331569464959
8740.0 4698.490279856937
8750.0 4697.455293012941
8760.0 5015.63337536435
8770.0 4857.949215977967
8780.0 5165.125459810727
8790.0 5164.179035227117
8800.0 5427.421179724451
8810.0 5324.75608068933
8820.0 5631.992338417514
8830.0 5576.642508799854
8840.0 6081.480543059645
8850.0 5900.7939355700855
8860.0 6177.9713785645245
8870.0 6038.616422272036
8880.0 6488.56264481355
8890.0 6797.313129675149
8900.0 6624.221192493225
8910.0 6690.257843451447
8920.0 6490.522704543125
8930.0 6907.766704432484
8940.0 4329.482421330555
8950.0 5201.605302871964
8960.0 7401.0736925071
8970.0 7097.12378172836
8980.0 7391.787280079401
8990.0 8014.636489455023
9000.0 7592.657817942855
9010.0 7853.287214411476
9020.0 8525.558452803481
9030.0 7862.75022777582
9040.0 8395.602249748474
9050.0 8664.004491225032
9060.0 8423.607661764789
9070.0 8703.522276535934
9080.0 8733.360507212037
9090.0 9059.746832936675
9100.0 9068.913808766934
9110.0 9114.889646047697
9120.0 9475.777318440316
9130.0 9356.310982319708
9140.0 9447.139238806658
9150.0 9599.048540213913
9160.0 9966.522835976577
9170.0 9791.66640903621
9180.0 10021.785820259573
9190.0 10282.82648800535
9200.0 10446.979189823465
9210.0 10182.8948240047
9220.0 10586.807815614213
9230.0 10712.202638798806
9240.0 10690.523985901056
9250.0 10655.921444350959
9260.0 10919.653952769599
9270.0 10552.634905887364
9280.0 9846.281737622672
9290.0 9972.733154763679
9300.0 10304.197164891375
9310.0 10753.88458895056
9320.0 10432.546175035215
9330.0 10694.694086735513
9340.0 10765.826132411617
9350.0 11202.792597795878
9360.0 11666.870805170158
9370.0 11582.652631748571
9380.0 11845.44199363674
9390.0 12120.612774108096
9400.0 12136.700599511789
9410.0 12448.281840230426
9420.0 12444.065476209042
9430.0 12456.216677197282
9440.0 12126.106603473783
9450.0 12964.927082007333
9460.0 12387.747823399193
9470.0 12654.522496968713
9480.0 12934.711184040372
9490.0 12779.694115672964
9500.0 12860.580602902524
9510.0 13414.670822553813
9520.0 13025.689990000641
9530.0 13584.482218998388
9540.0 13353.207574130176
9550.0 13290.409774753492
9560.0 13426.477001402889
9570.0 13447.732430387992
9580.0 13878.098488751406
9590.0 13539.495488830533
9600.0 13923.236033391599
9610.0 13762.548908388424
9620.0 13936.379743829519
9630.0 14453.690862105628
9640.0 13768.243702143558
9650.0 14513.412880706368
9660.0 14618.475252803017
9670.0 14417.372635557751
9680.0 14860.724085969556
9690.0 14608.264558293591
9700.0 15243.302990651919
9710.0 15111.917294668357
9720.0 14930.2926165654
9730.0 15310.753533676156
9740.0 15399.97204639983
9750.0 15334.161448205834
9760.0 15511.713477591624
9770.0 15795.558906345685
9780.0 15608.038885966493
9790.0 15873.428804384166
9800.0 16097.276335011626
9810.0 16056.192150279727
9820.0 16183.097362718006
9830.0 16235.249893891578
9840.0 16244.761236465423
9850.0 16432.240378872833
9860.0 16631.8187442556
9870.0 16572.643963549235
9880.0 16780.06144533405
9890.0 16433.266994646452
9900.0 14802.486074795768
9910.0 13772.975541484955
9920.0 13957.116873144301
9930.0 14613.253329235444
9940.0 15310.288631313295
9950.0 15677.086487867457
9960.0 15527.444088289722
9970.0 13485.46329267461
9980.0 12548.523135862399
9990.0 12424.918636387883
10010.0 12745.47707651875
10020.0 12496.548732670737
10030.0 12775.308451063598
10040.0 13606.906310706101
10050.0 13255.668232720338
10060.0 13118.81267130896
10070.0 13561.103626768767
10080.0 13748.722183362079
10090.0 14084.323081516675
10100.0 14877.792080953353
10110.0 14509.084096844324
10120.0 14559.27262938565
10130.0 15076.108693288748
10140.0 14854.86301543234
10150.0 15460.439869022217
10160.0 14986.662239138324
10170.0 15541.580125751185
10180.0 15262.408028660171
10190.0 15790.607717806732
10200.0 15934.666883893293
10210.0 16008.48883573308
10220.0 15723.166804043853
10230.0 15929.142788415427
10240.0 16619.214925605746
10250.0 16502.37980595246
10260.0 15835.716838996903
10270.0 16117.690888108527
10280.0 16533.92695336325
10290.0 16768.748396599014
10300.0 16447.80552824582
10310.0 17055.103537554834
10320.0 16776.5265622362
10330.0 17367.59910219746
10340.0 17134.28105094758
10350.0 17147.746088343512
10360.0 17626.688534569446
10370.0 18036.230496703163
10380.0 17254.65847440509
10390.0 17721.19679613847
10400.0 18130.976963419398
10410.0 17948.50447453513
10420.0 17832.844500996158
10430.0 17792.589043124517
10440.0 18560.196826170464
10450.0 18580.576432113212
10460.0 18630.111278987737
10470.0 17944.423141398333
10480.0 18334.88851923785
10490.0 18682.029912311085
10500.0 18740.599513740315
10510.0 18615.066268739396
10520.0 18319.67573156538
10530.0 18794.72520947269
10540.0 18717.715702164332
10550.0 18927.00159436051
10560.0 18878.709865217377
10570.0 18526.54653525342
10580.0 19249.35722043727
10590.0 19061.184420388974
10600.0 19340.729089187214
10610.0 19140.227709570885
10620.0 19148.232799082543
10630.0 19544.434403226674
10640.0 19870.58402251392
10650.0 19489.81838071683
10660.0 19663.751856584353
10670.0 19712.846071031174
10680.0 20027.315300083465
10690.0 20017.669043576076
10700.0 20110.12780157563
10710.0 20184.72207287381
10720.0 20545.979310813065
10730.0 20286.489062068642
10740.0 20308.452827958492
10750.0 20635.44760838204
10760.0 20531.934673164764
10770.0 20843.479212592407
10780.0 20844.695536363866
10790.0 20778.909374634466
10800.0 20807.922227135812
10810.0 20893.36809418307
10820.0 21071.779669027863
10830.0 21445.20787109518
10840.0 21422.151280823982
10850.0 21049.731704864258
10860.0 21046.746642818296
10870.0 21370.632962138057
10880.0 21627.382495719205
10890.0 21427.423909806097
10900.0 21526.63133738152
10910.0 21103.428278632455
10920.0 21215.422775027404
10930.0 21273.818565269852
10940.0 21353.010911081663
10950.0 21093.441270561052
10960.0 21007.56464391644
10970.0 20894.156031030976
10980.0 20986.454798516894
10990.0 21010.26639485966
11000.0 20905.232371215443
11010.0 20601.20486059157
11020.0 20443.976363276663
11030.0 20699.7882073775
11040.0 20459.28156448113
11050.0 19546.232263330436
11060.0 20375.95097573583
11070.0 20668.88620153433
11080.0 19571.530441025578
11090.0 19995.4068316117
11100.0 19082.12595165664
11110.0 18319.75412251904
11120.0 19059.873506735818
11130.0 18601.84190373987
11140.0 19497.085984106223
11150.0 18313.839427771953
11160.0 18794.721854800897
11170.0 18169.67399482295
11180.0 20473.70854816049
11190.0 18230.692914271633
11200.0 18515.77077892535
11210.0 19306.24688195023
11220.0 17196.242183135426
11230.0 17974.905797463904
11240.0 19435.18352443557
11250.0 18346.51416426718
11260.0 19450.93215295327
11270.0 19742.73330539427
11280.0 18626.245006452962
11290.0 18954.185620407556
11300.0 19589.974847165864
11310.0 18989.659100758057
11320.0 20037.70002993366
11330.0 17295.336785749896
11340.0 14459.60875404924
11350.0 14916.212834708434
11360.0 17116.42432786817
11370.0 18232.619337151034
11380.0 17902.09284414251
11390.0 18963.224267221576
11400.0 17362.10520244667
11410.0 17650.822550363308
11420.0 19888.98961047872
11430.0 19385.684985887714
11440.0 18721.5443844439
11450.0 19924.042998247216
11460.0 19624.828924554855
11470.0 19987.53196284373
11480.0 20367.41357737455
11490.0 19691.80844872336
11500.0 19494.494795864306
11510.0 18950.873755063833
11520.0 16741.395826128544
11530.0 17493.12700894221
11540.0 17108.951621195407
11550.0 16423.960750895694
11560.0 17091.028209858807
11570.0 17315.566730785176
11580.0 19490.781613521856
11590.0 18488.73805805448
11600.0 17318.704431600538
11610.0 18121.42666111291
11620.0 14575.052069807583
11630.0 16903.54748991878
11640.0 16859.15332194151
11650.0 16437.5366655764
11660.0 17235.737078413444
11670.0 16650.1972969254
11680.0 14860.938484721722
11690.0 10977.0113841639
11700.0 14492.187195017104
11710.0 17525.46231750743
11720.0 18457.06659026639
11730.0 17905.84469691582
11740.0 17959.93945375159
11750.0 16729.745022111598
11760.0 15356.164601781753
11770.0 10342.776590889167
11780.0 13292.457622299493
11790.0 17414.293162919632
11800.0 18356.904664579524
11810.0 19030.418177244213
11820.0 19509.38220091379
11830.0 20005.99868749971
11840.0 20679.835404562968
11850.0 20875.617084752088
11860.0 21721.090776038945
11870.0 21372.199478370127
11880.0 21627.109691638092
11890.0 21814.14294137177
11900.0 22784.83974366358
11910.0 22569.610582048248
11920.0 22844.896931342
11930.0 23367.085791282414
11940.0 23143.460161954277
11950.0 23088.5593035335
11960.0 23527.976843577206
11970.0 23329.578654608857
11980.0 23469.656976402337
11990.0 23455.023308846183
12000.0 23726.08765202818
12010.0 23754.796700185125
12020.0 23872.993964064088
12030.0 23710.200932628068
12040.0 24397.028911788508
12050.0 24415.73840122935
12060.0 24759.464901151714
12070.0 24445.969892085806
12080.0 24632.904838772545
12090.0 24563.600776597323
12100.0 25050.212724837835
12110.0 24563.22768350099
12120.0 25096.895152473968
12130.0 24852.4838236744
12140.0 25440.560201763798
12150.0 25579.596281916245
12160.0 25367.45387209726
12170.0 25582.13297247443
12180.0 25664.527582829105
12190.0 25684.817854561694
12200.0 25522.98725384686
12210.0 25655.73981455185
12220.0 25517.90588536736
12230.0 25759.983466253983
12240.0 25931.947557025524
12250.0 25986.70441030827
12260.0 26191.048769026926
12270.0 25862.527389985054
12280.0 26338.73302065537
12290.0 26083.888161645307
12300.0 26197.864812151816
12310.0 26201.068472639956
12320.0 26196.496648661254
12330.0 26274.094823264626
12340.0 26078.176013188146
12350.0 26316.41771279745
12360.0 26411.632922317964
12370.0 26308.09514142273
12380.0 26503.382267883775
12390.0 26143.950288925644
12400.0 26060.170716894445
12410.0 25602.74215438291
12420.0 24933.88660108136
12430.0 21572.589556936095
12440.0 23809.747045105152
12450.0 25805.405817574236
12460.0 26254.40662219341
12470.0 26402.966936351026
12480.0 26129.819760019553
12490.0 26221.532092815465
12500.0 25834.357496063534
12510.0 24189.969286960066
12520.0 19314.21364799108
12530.0 22662.514518372263
12540.0 25441.932398064066
12550.0 26321.170286849127
12560.0 26710.245185084084
12570.0 26860.94247732614
12580.0 27110.85750896409
12590.0 27106.8624346501
12600.0 27189.374369468787
12610.0 27329.70681343204
12620.0 27281.856766450277
12630.0 27323.762133192628
12640.0 27107.379436725543
12650.0 27367.338653521496
12660.0 27525.738378995957
12670.0 27655.315113491557
12680.0 27815.247356678305
12690.0 27696.317275228426
12700.0 27464.550632577317
12710.0 27812.194165812245
12720.0 27946.142207797893
12730.0 27692.033758624584
12740.0 27384.455818143557
12750.0 27606.685537615816
12760.0 27885.04196366318
12770.0 27768.99504953931
12780.0 27742.66414408743
12790.0 27824.14424749732
12800.0 27593.582859311973
12810.0 27910.251479920127
12820.0 28224.026032385926
12830.0 27625.517171190055
12840.0 27905.132241726045
12850.0 27884.18882071862
12860.0 27306.130908030584
12870.0 27939.913503625674
12880.0 27493.21902525031
12890.0 27676.359295991788
12900.0 27833.9459928678
12910.0 27702.189198124117
12920.0 27398.799911699647
12930.0 27942.287133576723
12940.0 27819.81386403413
12950.0 27611.40073825529
12960.0 27875.321349614696
12970.0 27787.755104833886
12980.0 28278.597868391607
12990.0 27547.95614000767
13000.0 27916.98941994047
13010.0 27580.59258045221
13020.0 27929.96700440564
13030.0 28049.36230876032
13040.0 27855.33612128042
13050.0 28162.28494200895
13060.0 27731.765770614067
13070.0 27182.63610736814
13080.0 27544.54135232611
13090.0 27317.359006342205
13100.0 27439.336068455425
13110.0 27420.93713809229
13120.0 26726.353715648755
13130.0 27300.65830093236
13140.0 26500.414280691915
13150.0 27540.74479367505
13160.0 27489.427701365898
13170.0 27862.55361693928
13180.0 26036.90904026187
13190.0 27758.17647135629
13200.0 27367.265410265783
13210.0 27503.870100842327
13220.0 27577.536311359687
13230.0 26913.268273415964
13240.0 26089.53574325306
13250.0 25245.718720781806
13260.0 26936.045205856983
13270.0 25965.07219864867
13280.0 26068.46959011647
13290.0 23465.511635954226
13300.0 20933.245580242172
13310.0 13613.538481968773
13320.0 16063.879941064979
13330.0 21926.30845760998
13340.0 17541.288832873313
13350.0 14964.408181678811
13360.0 13062.769339359538
13370.0 9562.206504475755
13380.0 11182.587676878702
13390.0 12254.476156736268
13400.0 9096.981124003994
13410.0 11281.692713641589
13420.0 9583.169949582927
13430.0 8769.384419949323
13440.0 7128.863272250485
13450.0 11418.844790111529
13460.0 7176.511839606499
13470.0 8149.715471800813
13480.0 5211.687033598599
13490.0 11353.730072983064
13500.0 3738.600207915699
13510.0 8401.200457032215
13520.0 6930.137738347289
13530.0 8227.604376700605
13540.0 4056.9583273147787
13550.0 5698.2366405883295
13560.0 8868.09058618673
13570.0 4121.474998849958
13580.0 7983.764052350359
13590.0 6278.980828991643
13600.0 9618.398336499708
13610.0 5428.68620291813
13620.0 4637.446176384072
13630.0 13051.705883669274
13640.0 6999.139230564717
13650.0 9691.240840349423
13660.0 11119.714678795828
13670.0 10888.080575102089
13680.0 8394.1296253404
13690.0 11577.883874960982
13700.0 10212.551760587823
13710.0 7523.627261081655
13720.0 10451.605162252663
13730.0 10458.94743803737
13740.0 10594.905670631004
13750.0 11585.443779155268
13760.0 12020.862584765438
13770.0 12355.092536395456
13780.0 10774.967604686492
13790.0 14529.206979601875
13800.0 8317.54967098531
13810.0 12635.87997895128
13820.0 5164.174407486552
13830.0 8565.709452373938
13840.0 11904.418535746145
13850.0 7051.726693703408
13860.0 8220.862293119933
13870.0 11961.171448928155
13880.0 7170.798383262976
13890.0 11196.206700544277
13900.0 8142.19932656122
13910.0 7775.7566584862725
13920.0 5907.2047437366155
13930.0 11571.872689316093
13940.0 9961.451476135826
13950.0 5593.118438246768
13960.0 9049.152763854956
13970.0 8549.612605341203
13980.0 7764.764788401129
13990.0 10066.86206264026
14000.0 6099.678256141773
14010.0 7238.662225056807
14020.0 11876.40779300435
14030.0 10876.061863866755
14040.0 8280.883764154061
14050.0 8086.795801279434
14060.0 13148.933176461429
14070.0 6649.648962744846
14080.0 9883.016553011379
14090.0 4459.547688406909
14100.0 9816.500019205738
14110.0 9513.858580230104
14120.0 6962.63285965379
14130.0 10410.23585117534
14140.0 4561.575630696789
14150.0 10533.056346062727
14160.0 12699.041202444456
14170.0 6471.227373500167
14180.0 8982.351488435288
14190.0 6506.79214198918
14200.0 7515.629848502651
14210.0 12285.576798875092
14220.0 9455.345412143575
14230.0 6146.837038212371
14240.0 9161.750943801235
14250.0 9169.814632324718
14260.0 9442.199294244647
14270.0 10809.26194189138
14280.0 6089.135815247142
14290.0 8637.109287362466
14300.0 16387.271649119743
14310.0 9943.628474194684
14320.0 9105.548676091237
14330.0 9980.566908244762
14340.0 6653.228748044594
14350.0 12151.714409485032
14360.0 12641.568318631585
14370.0 12589.852893337553
14380.0 12450.47547643761
14390.0 6087.607356167346
14400.0 12876.35531306579
14410.0 10352.46791436169
14420.0 11048.710600144517
14430.0 17181.388930326233
14440.0 10653.801794814344
14450.0 6942.617393814593
14460.0 13967.503124516534
14470.0 11736.47169086979
14480.0 13981.796762609813
14490.0 16283.528039849518
14500.0 8509.685642518349
14510.0 13316.559640769328
14520.0 17529.73040437922
14530.0 15182.514400914582
14540.0 13968.485871001261
14550.0 14726.22764408443
14560.0 11231.61832246345
14570.0 12553.599206152036
14580.0 19465.319095106308
14590.0 19129.78718941154
14600.0 17302.755251236726
14610.0 14658.669630542543
14620.0 12011.61557752037
14630.0 12706.229729757468
14640.0 18440.13858716618
14650.0 17871.89954985141
14660.0 17525.694517740507
14670.0 15984.230956874808
14680.0 13246.44706923677
14690.0 13478.728352764114
14700.0 15744.866241474603
14710.0 15899.506535301749
14720.0 18461.06993425418
14730.0 18078.571638325986
14740.0 15330.896751966115
14750.0 15355.902561898914
14760.0 15890.823481322652
14770.0 17702.749605818244
14780.0 19909.37473535915
14790.0 16612.67716991655
14800.0 15607.148909467925
14810.0 16738.18775412715
14820.0 16631.17970380678
14830.0 18231.3944584155
14840.0 18868.34541796569
14850.0 16930.698682524206
14860.0 18790.632252004543
14870.0 17560.6764264528
14880.0 17067.64580587566
14890.0 16625.31273337779
14900.0 18024.24317926977
14910.0 19234.770873341167
14920.0 18609.76727226352
14930.0 20049.493276046334
14940.0 18233.736784641973
14950.0 18144.538298059342
14960.0 17078.471916290106
14970.0 20153.681593258938
14980.0 19603.366867243403
14990.0 20000.752399845933
15000.0 20380.234437229756
15010.0 18684.20247935895
15020.0 19417.018526262254
15030.0 19149.991077826126
15040.0 21307.23661979306
15050.0 21058.33742461989
15060.0 20580.74472066596
15070.0 19563.676522220278
15080.0 19594.195829394666
15090.0 22121.15714200592
15100.0 20061.814960154337
15110.0 20358.91978381488
15120.0 20731.951897440675
15130.0 19963.005214573608
15140.0 22416.569320750423
15150.0 22599.41893153933
15160.0 21058.51754687553
15170.0 19905.72316679108
15180.0 21170.011791158726
15190.0 22399.095730562647
15200.0 22288.002537518187
15210.0 22377.610658633694
15220.0 21719.799283219672
15230.0 24293.78341145103
15240.0 21816.66404323541
15250.0 22689.047678531308
15260.0 22111.2203173521
15270.0 22300.45211294449
15280.0 22752.85362527626
15290.0 23982.615295100488
15300.0 23134.36596929163
15310.0 23191.707147969744
15320.0 21472.462830872744
15330.0 24014.407518193773
15340.0 24463.39120991514
15350.0 23399.869238501367
15360.0 23473.019068113947
15370.0 23528.784234545306
15380.0 24024.2919052129
15390.0 24169.387580070135
15400.0 23957.381759099022
15410.0 24476.068442308442
15420.0 23587.941766944976
15430.0 23835.66635959576
15440.0 23661.98559379959
15450.0 25164.545332132577
15460.0 25086.597074750818
15470.0 24263.03382153274
15480.0 24991.644072479234
15490.0 24927.437327634932
15500.0 24170.44694285234
15510.0 24672.916181258468
15520.0 25176.90477968991
15530.0 25060.32938222625
15540.0 25333.701488904375
15550.0 25112.869099584368
15560.0 25155.127214352633
15570.0 24415.831333189246
15580.0 24463.5890242613
15590.0 25253.596252214327
15600.0 24930.646052358436
15610.0 24986.32135652996
15620.0 25316.480164855755
15630.0 25216.000477074853
15640.0 24975.38429331668
15650.0 24656.10211362732
15660.0 25212.67707325692
15670.0 25925.51376605149
15680.0 25608.698598198996
15690.0 25109.69693432631
15700.0 25614.41527440458
15710.0 25343.782118363055
15720.0 25136.811966257064
15730.0 25411.656473664953
15740.0 25868.353523635335
15750.0 25233.617232980443
15760.0 25385.4554461687
15770.0 25624.968163212492
15780.0 24873.259884142302
15790.0 25211.058608827618
15800.0 25005.953337351984
15810.0 25151.59620878138
15820.0 25349.956456135693
15830.0 24968.551846405226
15840.0 25093.31524043819
15850.0 25268.085138332757
15860.0 25077.011039920282
15870.0 24994.372445241985
15880.0 25332.076854382194
15890.0 25143.850282033425
15900.0 25080.323011939356
15910.0 24826.99676021599
15920.0 24934.15301213029
15930.0 24849.639267688544
15940.0 24748.184526799258
15950.0 25081.572289473563
15960.0 24714.574055802994
15970.0 24415.349010718244
15980.0 25098.666079084047
15990.0 24490.53233614791
16000.0 24529.905596900764
16010.0 24732.176861166114
16020.0 24426.383629008713
16030.0 24016.173900499398
16040.0 24643.37067551992
16050.0 24366.521670205428
16060.0 23649.351928663713
16070.0 24534.67440674714
16080.0 23720.63938844685
16090.0 23903.320373637423
16100.0 23723.041862403104
16110.0 23856.94885467279
16120.0 23572.781350527046
16130.0 23554.37463014622
16140.0 23924.10085263182
16150.0 22966.4768589681
16160.0 23411.812868808578
16170.0 22666.055882059114
16180.0 22545.95389881564
16190.0 22304.918919020372
16200.0 22878.025442690287
16210.0 22668.321607393198
16220.0 23877.677868388353
16230.0 23966.533770442642
16240.0 23927.6631758832
16250.0 24105.77158471043
16260.0 23420.51649684495
16270.0 23830.79691241448
16280.0 23456.326331334887
16290.0 23858.695753587992
16300.0 22941.505814433516
16310.0 23308.7297400784
16320.0 22909.431304299877
16330.0 22669.022871866964
16340.0 23063.767942780214
16350.0 22182.09801700865
16360.0 22656.91009451779
16370.0 22471.28967530374
16380.0 22448.867421706767
16390.0 23111.811346759234
16400.0 22128.170437369758
16410.0 22569.1780312955
16420.0 21756.40562844142
16430.0 22452.814728813093
16440.0 22958.077832425475
16450.0 21149.33843928601
16460.0 21759.200926224497
16470.0 22460.654662648136
16480.0 21933.04677911235
16490.0 22275.178898803762
16500.0 22284.711021655585
16510.0 23035.183647699218
16520.0 22569.043276886674
16530.0 22665.895909222418
16540.0 22822.825504031312
16550.0 22194.542857536628
16560.0 21070.916173396523
16570.0 21633.531992343767
16580.0 20606.355314372457
16590.0 21651.280139435603
16600.0 21983.556467583443
16610.0 22129.936798838986
16620.0 21669.99171610751
16630.0 21802.26879642264
16640.0 22289.14046277653
16650.0 20121.934132231603
16660.0 19486.621304744844
16670.0 19701.535980269495
16680.0 18771.968158863303
16690.0 20276.981840458782
16700.0 19470.852025119726
16710.0 18549.35621937935
16720.0 19623.80290338174
16730.0 20018.61309704819
16740.0 20498.508793698835
16750.0 21643.492993272605
16760.0 21416.426195864104
16770.0 21223.14140143111
16780.0 21635.996109929503
16790.0 21682.48595092347
16800.0 21258.507035806113
16810.0 21091.233253145965
16820.0 21181.72597338632
16830.0 19915.33469654074
16840.0 18774.12742267432
16850.0 19663.077151634632
16860.0 19406.534883519405
16870.0 17915.724618276403
16880.0 18802.289794840617
16890.0 18094.72610727194
16900.0 17846.888361353464
16910.0 19037.121118283667
16920.0 18333.04487798763
16930.0 19442.667140459635
16940.0 17721.325405720658
16950.0 18237.478173711173
16960.0 17369.26589707066
16970.0 17365.660707554915
16980.0 18437.474473346916
16990.0 18965.87274198509
17000.0 18042.28851337172
17010.0 19086.853787573298
17020.0 19334.185564547304
17030.0 18340.298344323626
17040.0 18081.68412681763
17050.0 19169.820156382473
17060.0 19625.68770005541
17070.0 18308.350490872683
17080.0 18438.11978431832
17090.0 19554.325080502855
17100.0 18805.672879455386
17110.0 17454.457181121583
17120.0 18691.41648544779
17130.0 18809.430570634828
17140.0 18379.48310226572
17150.0 18930.573414690138
17160.0 19433.63122977827
17170.0 18818.454047568543
17180.0 18554.448368031368
17190.0 18547.273691123683
17200.0 17800.260516868555
17210.0 17920.675345241416
17220.0 18189.504634942925
17230.0 17486.58717926105
17240.0 16746.930184825764
17250.0 18056.070192959964
17260.0 16144.666203683539
17270.0 17159.274217000067
17280.0 16979.59723285886
17290.0 17995.89425119733
17300.0 18660.43306478078
17310.0 16940.729115351485
17320.0 16577.177961157886
17330.0 17822.021809452264
17340.0 18055.866160338777
17350.0 16672.138513779933
17360.0 16326.951369715924
17370.0 16620.104728257444
17380.0 16697.689089292526
17390.0 16802.788860216133
17400.0 14663.222330028668
17410.0 14897.814909694378
17420.0 16121.072591888278
17430.0 16528.11097656743
17440.0 15169.180863744727
17450.0 15775.598253432923
17460.0 14535.03694555537
17470.0 14478.39394015735
17480.0 15431.734869049162
17490.0 15335.987797889957
17500.0 12995.932360996112
17510.0 14598.583726447081
17520.0 16347.735594378197
17530.0 14946.448264706334
17540.0 12244.041737430098
17550.0 13669.733812551469
17560.0 12726.426411802246
17570.0 13252.441434951159
17580.0 12429.276582278699
17590.0 16252.578331993902
17600.0 13606.556684079489
17610.0 15446.404238557261
17620.0 10675.559395385153
17630.0 13827.517554541702
17640.0 12174.969516115592
17650.0 15113.872647156439
17660.0 13444.979620290527
17670.0 10372.628862848915
17680.0 8666.333517786119
17690.0 12038.638025055778
17700.0 13293.54230462259
17710.0 11150.622356543088
17720.0 9217.664560805533
17730.0 11673.286617365247
17740.0 11922.695376202788
17750.0 9312.133867344004
17760.0 8152.075550806969
17770.0 11162.336216511905
17780.0 11990.102084525846
17790.0 8435.774544827891
17800.0 12881.155427412801
17810.0 5820.471532197097
17820.0 11544.711879276265
17830.0 10896.575925276788
17840.0 6388.239510233303
17850.0 6785.142804035648
17860.0 8842.984410080466
17870.0 6068.202958390336
17880.0 9628.230118956291
17890.0 13529.326681692597
17900.0 9192.657566598426
17910.0 5129.193233790257
17920.0 7012.494243036277
17930.0 9367.030983767427
17940.0 9201.203966506182
17950.0 8155.431951503985
17960.0 4613.897438611452
17970.0 8341.932907902325
17980.0 13702.462129358652
17990.0 7518.868672989152
18000.0 5120.625553747503
18010.0 4675.735676252338
18020.0 4943.048051720129
18030.0 8140.083838861026
18040.0 8515.583718119915
18050.0 6126.396559470352
18060.0 5663.842960963241
18070.0 6180.799168508086
18080.0 6624.649206172155
18090.0 10939.813735877948
18100.0 5617.225682757175
18110.0 6610.9162077992605
18120.0 2876.114816996629
18130.0 11495.832884296498
18140.0 11827.047035650989
18150.0 4674.550706080828
18160.0 6738.9785205581675
18170.0 7624.432003083549
18180.0 5005.321036681581
18190.0 8833.505072375696
18200.0 3535.6735399858503
18210.0 4751.335843652627
18220.0 3163.125184359316
18230.0 13787.520420090757
18240.0 12994.410736832073
18250.0 9838.02480563531
18260.0 3397.6557084548244
18270.0 6939.308209297263
18280.0 6778.155075783539
18290.0 10203.741880978494
18300.0 5346.548269825908
18310.0 5973.908338629566
18320.0 5286.65973347491
18330.0 9988.93077828885
18340.0 7490.446465089419
18350.0 6663.953710879266
18360.0 5481.833293593618
18370.0 3892.919493319799
18380.0 9001.11453199814
18390.0 4717.452819573349
18400.0 7500.51473217336
18410.0 7778.380762707302
18420.0 5020.943068184641
18430.0 7262.888254527904
18440.0 7001.32612087628
18450.0 8993.154549148368
18460.0 6734.060712539909
18470.0 4625.867719132215
18480.0 4135.437466872357
18490.0 6697.3262385037215
18500.0 5226.867591969102
18510.0 9714.59571733896
18520.0 7826.563334509564
18530.0 3295.6272685988492
18540.0 3479.0509495121514
18550.0 8316.617212262052
18560.0 4131.0374580312155
18570.0 3489.792946507643
18580.0 6049.966142997046
18590.0 4040.134504316444
18600.0 1960.6242675519902
18610.0 4802.3246786061145
18620.0 6475.607502486804
18630.0 6337.856163189532
18640.0 2119.7139017712107
18650.0 3056.3605496902833
18660.0 7155.36401705159
18670.0 2859.6005127873013
18680.0 3983.908561334526
18690.0 7137.411428706053
18700.0 3727.3197188604786
18710.0 3761.0720958605516
18720.0 6261.0994666082925
18730.0 2810.2442031299715
18740.0 8459.115446020493
18750.0 6956.180501098984
18760.0 5291.65515652776
18770.0 6288.158273733049
18780.0 7306.666572721501
18790.0 9327.856813506234
18800.0 7311.999465980912
18810.0 5539.037030262589
18820.0 11061.118386276508
18830.0 11509.2250640845
18840.0 5228.733340025163
18850.0 5496.625730742494
18860.0 8920.708459602645
18870.0 10605.289540209516
18880.0 6903.663792491589
18890.0 9698.803846547562
18900.0 6953.223752261345
18910.0 7911.76636969902
18920.0 6435.687928806262
18930.0 10162.613543540267
18940.0 9366.230818995977
18950.0 12502.75076004086
18960.0 9574.235102792323
18970.0 8975.504087216192
18980.0 7972.179663352128
18990.0 7549.335628146421
19000.0 8445.423250632786
19010.0 8712.627591728637
19020.0 9925.631751070156
19030.0 7281.591900913868
19040.0 10680.57536255392
19050.0 4635.391376703175
19060.0 4697.6981345554705
19070.0 10532.8183630567
19080.0 11433.476783184511
19090.0 10755.923804989581
19100.0 9050.385738396391
19110.0 4806.3005934524035
19120.0 10409.454508661262
19130.0 4859.07893541133
19140.0 7976.391968383473
19150.0 11317.256969943985
19160.0 4863.485833107473
19170.0 10613.426487908719
19180.0 12001.083424280516
19190.0 6379.878936268481
19200.0 3366.5577608556464
19210.0 6650.756068063377
19220.0 10208.958863272688
19230.0 7593.5562101985315
19240.0 4138.867686127026
19250.0 9862.734683694682
19260.0 5790.912132791929
19270.0 7726.724443454693
19280.0 5654.558864694862
19290.0 9094.204579510482
19300.0 6005.363304872404
19310.0 5039.785331813462
19320.0 7149.188790310974
19330.0 6387.581889334724
19340.0 6815.693060936177
19350.0 6390.804325022665
19360.0 4527.784479698705
19370.0 7994.038000912926
19380.0 5664.263468610647
19390.0 2482.8765628457777
19400.0 3315.524133627067
19410.0 3436.2672682762486
19420.0 8582.957821784512
19430.0 7093.326199112674
19440.0 5266.3425979586
19450.0 5397.020198277777
19460.0 9385.48929006486
19470.0 5240.051243294534
19480.0 3771.3633480454964
19490.0 5539.435864238973
19500.0 7805.808121919885
19510.0 8621.997685601864
19520.0 8226.370201463835
19530.0 5062.379673396944
19540.0 5029.357461787533
19550.0 2771.376686667334
19560.0 4838.77265797178
19570.0 8236.014050744012
19580.0 5951.363739982883
19590.0 6379.784585679628
19600.0 5455.370787786881
19610.0 5532.158171606431
19620.0 6182.815659566159
19630.0 4764.84869924117
19640.0 6877.422685346922
19650.0 7509.227562882477
19660.0 8771.203421834363
19670.0 5627.474592247322
19680.0 6514.824344040156
19690.0 8949.571707271018
19700.0 6534.518158597124
19710.0 4297.001823262233
19720.0 9120.890075995141
19730.0 5683.67236011166
19740.0 5454.32054564927
19750.0 4431.606002565329
19760.0 6722.8236408543435
19770.0 8011.527610536412
19780.0 8577.021521619023
19790.0 7691.244234049779
19800.0 5380.776107885474
19810.0 6534.53687903786
19820.0 5802.325301597809
19830.0 7995.78511552996
19840.0 8301.630590796276
19850.0 8808.122367447651
19860.0 10119.21709545092
19870.0 9635.868174817759
19880.0 6803.358325515096
19890.0 4609.845667571626
19900.0 4822.862494947466
19910.0 6666.0832085422935
19920.0 8441.435997435789
19930.0 8692.187387688067
19940.0 8247.160379260273
19950.0 7844.806072151153
19960.0 10220.77526639025
19970.0 6252.632711933826
19980.0 8174.34930881968
19990.0 7473.969737002785
20010.0 9123.102713342427
20020.0 8704.287721452756
20030.0 9696.882530885912
20040.0 10051.839791644128
20050.0 9706.213253687658
20060.0 7873.397467061406
20070.0 9213.882431682003
20080.0 7923.769197631153
20090.0 6151.73166487673
20100.0 7781.494283988592
20110.0 10304.717139079754
20120.0 9867.714746024856
20130.0 9490.829804264178
20140.0 10604.09701375254
20150.0 9793.555274518776
20160.0 7890.2588365411575
20170.0 8621.942599807193
20180.0 10378.993964349569
20190.0 7681.034080112214
20200.0 8638.024031616229
20210.0 11206.249479581578
20220.0 10453.46696327033
20230.0 11237.152448192763
20240.0 11139.691934381006
20250.0 8747.192321789404
20260.0 9397.827810432831
20270.0 10023.595050329974
20280.0 10433.389041456005
20290.0 8808.528333814023
20300.0 8289.750941572214
20310.0 11232.328822167992
20320.0 11353.224118200886
20330.0 10493.68546545111
20340.0 10743.54736390421
20350.0 9795.813463576093
20360.0 11274.335864461833
20370.0 11063.909166564814
20380.0 11290.079169840632
20390.0 9757.157874327206
20400.0 10564.068980040418
20410.0 9975.386142313771
20420.0 11480.315567500069
20430.0 10817.573899293642
20440.0 10864.72498226225
20450.0 10233.761616399988
20460.0 11543.257501730717
20470.0 12030.870088246082
20480.0 11419.727725915636
20490.0 10128.570514750307
20500.0 11616.164254783393
20510.0 11624.532053080966
20520.0 10248.66387514942
20530.0 11097.48090547786
20540.0 10628.366236947866
20550.0 11187.030769607543
20560.0 11708.537403358912
20570.0 11812.267138249446
20580.0 11865.460974278785
20590.0 11722.87941145464
20600.0 11184.40804974072
20610.0 11621.88559090862
20620.0 11339.36156245701
20630.0 10380.055236878146
20640.0 11323.924012412177
20650.0 11596.184789077512
20660.0 11605.603066854967
20670.0 11586.624745773624
20680.0 11490.583325789803
20690.0 11429.843906945214
20700.0 11731.57148921398
20710.0 10977.719401775923
20720.0 11595.804315053736
20730.0 11382.339258655844
20740.0 11611.385803403593
20750.0 11004.344649201827
20760.0 11066.420396128795
20770.0 11521.09674413776
20780.0 11580.06979327963
20790.0 11500.371343464712
20800.0 11525.077094760898
20810.0 11176.977247162913
20820.0 11489.203836207456
20830.0 11344.041248587242
20840.0 11537.152997604575
20850.0 11390.355847696963
20860.0 11291.672598879508
20870.0 11115.02825109735
20880.0 11405.463004406867
20890.0 11364.021108755418
20900.0 11403.445564176125
20910.0 11367.688670658707
20920.0 11443.34399979038
20930.0 11214.930742180697
20940.0 11101.111357218031
20950.0 11416.969573323435
20960.0 11189.1074904593
20970.0 11216.742708676527
20980.0 11366.902027894064
20990.0 11101.453298180615
21000.0 11262.847519487988
21010.0 11190.284291862066
21020.0 11036.893315226238
21030.0 11070.33100909824
21040.0 11150.141416345907
21050.0 11036.651394055794
21060.0 11163.805572809217
21070.0 11058.486852577336
21080.0 10934.480833361082
21090.0 10998.440215178887
21100.0 11057.863797997967
21110.0 10871.21998184088
21120.0 10922.653566731155
21130.0 11079.495419090857
21140.0 11063.001139463062
21150.0 10915.65692733227
21160.0 10932.098916240537
21170.0 10589.333306113891
21180.0 10815.784397015237
21190.0 10786.823088899278
21200.0 10827.992281779014
21210.0 10823.82237564712
21220.0 10849.267070499165
21230.0 10691.355166374029
21240.0 10786.244819614209
21250.0 10769.638361002431
21260.0 10805.03095981128
21270.0 10603.723559598142
21280.0 10610.962560345255
21290.0 10452.936162086953
21300.0 10622.174064785633
21310.0 10674.168468462065
21320.0 10493.383973093474
21330.0 10644.018978692913
21340.0 10532.838385272871
21350.0 10663.403992789908
21360.0 10393.961501291296
21370.0 10292.781160717917
21380.0 10475.036071117665
21390.0 10431.976632480177
21400.0 10312.478344780693
21410.0 10241.893358008594
21420.0 9977.258272201474
21430.0 10312.708187357097
21440.0 10291.671703429805
21450.0 10247.770843490327
21460.0 10064.451138406735
21470.0 9964.695857293726
21480.0 10133.289177113436
21490.0 10073.007097866703
21500.0 10117.05051956457
21510.0 9899.98074216393
21520.0 9864.916765688322
21530.0 10102.152190131765
21540.0 9989.226615522964
21550.0 9805.70424182305
21560.0 9953.337760192133
21570.0 9918.251658434785
21580.0 10012.336998754976
21590.0 9803.359839956727
21600.0 9535.420432061848
21610.0 9750.600425046296
21620.0 9714.463768927537
21630.0 9859.92006366925
21640.0 9783.341809306818
21650.0 9568.085905838301
21660.0 9505.53705324004
21670.0 9351.1312758761
21680.0 9633.261597208484
21690.0 9576.340143782902
21700.0 9494.184891258004
21710.0 9555.067139597593
21720.0 9089.73273883062
21730.0 9373.201938939355
21740.0 9310.503789930473
21750.0 9331.778041787418
21760.0 9281.192444509894
21770.0 9132.190148109903
21780.0 8903.715236788392
21790.0 9124.989400190338
21800.0 8915.00889863899
21810.0 9224.664098008434
21820.0 9115.081898203121
21830.0 8562.435849257827
21840.0 8849.47785117423
21850.0 8854.294903962818
21860.0 8768.48525759019
21870.0 8832.999362076145
21880.0 8663.601217420255
21890.0 8152.282406210059
21900.0 8505.72778058207
21910.0 8386.939338399961
21920.0 8363.098747058113
21930.0 8159.665206540391
21940.0 8127.031316861919
21950.0 7643.12747801112
21960.0 7904.494040002121
21970.0 7696.356102830546
21980.0 7182.518416477535
21990.0 7641.784480935369
22000.0 7122.252359323017
22010.0 6663.790564067846
22020.0 6765.38083269815
22030.0 6962.808252176449
22040.0 6506.68592246569
22050.0 6109.986943572576
22060.0 6359.894365494205
22070.0 6681.24968822165
22080.0 6211.85881177475
22090.0 6631.024136128371
22100.0 6757.027311299298
22110.0 6972.491450935812
22120.0 6691.628566363118
22130.0 6813.451796252783
22140.0 7027.529176949167
22150.0 7587.7219084505405
22160.0 7273.823690738863
22170.0 7490.687923833936
22180.0 6962.261707713533
22190.0 7401.141392406875
22200.0 6853.53077787051
22210.0 7205.180014114155
22220.0 7000.001826932095
22230.0 7156.174485089835
22240.0 7220.5843198042185
22250.0 7294.94750528261
22260.0 6925.325841566716
22270.0 6430.0294786419145
22280.0 7024.279616467022
22290.0 7142.773855084352
22300.0 6780.820744444631
22310.0 6523.984234636696
22320.0 6857.77242557511
22330.0 6520.795259807552
22340.0 6880.59356809954
22350.0 6893.331519697094
22360.0 6644.902222041104
22370.0 6561.731975127333
22380.0 6506.813228990119
22390.0 6699.106283611786
22400.0 6134.98553898459
22410.0 6051.091595096032
22420.0 6360.050001987281
22430.0 6136.680159609189
22440.0 6526.085570772629
22450.0 6125.242636884378
22460.0 5763.459606527783
22470.0 6078.157826856589
22480.0 6235.743797876216
22490.0 6211.76091959639
22500.0 5959.871892007381
22510.0 6152.35061513062
22520.0 6098.790138916913
22530.0 5916.902463410351
22540.0 6311.740488588825
22550.0 5782.804890590537
22560.0 5817.022530591893
22570.0 5777.558747470881
22580.0 6315.796865070785
22590.0 6077.6201833995965
22600.0 5792.968002460856
22610.0 5570.149522233465
22620.0 6388.587192727738
22630.0 6048.602413935714
22640.0 5128.311335864806
22650.0 6082.257758516381
22660.0 6269.82506852683
22670.0 6100.209198480143
22680.0 5208.11856581246
22690.0 6011.1990838613465
22700.0 5851.351902600896
22710.0 5888.802422060028
22720.0 5248.287292220616
22730.0 6217.509113090089
22740.0 5875.388484670624
22750.0 5427.985156936045
22760.0 5606.047729925209
22770.0 5783.477403600272
22780.0 5516.295645690529
22790.0 5821.2481030453155
22800.0 4992.801078800468
22810.0 5886.380855279418
22820.0 5247.342832420146
22830.0 5352.771760270274
22840.0 5353.281688800209
22850.0 5292.251918020139
22860.0 5216.948847916082
22870.0 5432.332928505422
22880.0 5454.468009774976
22890.0 4953.986927158302
22900.0 4913.614833184048
22910.0 4911.581575301361
22920.0 4836.717318110165
22930.0 4664.799411570865
22940.0 4617.878505693872
22950.0 4371.206600512212
22960.0 4436.091245988518
22970.0 4675.567992117276
22980.0 4092.026488915986
22990.0 4597.5094863723325
23000.0 4444.1985845036825
23010.0 4667.641704124727
23020.0 4264.4502239350595
23030.0 4464.17366524835
23040.0 4534.692957214392
23050.0 4499.311749837453
23060.0 4587.872583108056
23070.0 4554.62488705747
23080.0 4893.22274163931
23090.0 4509.918586896283
23100.0 5317.852522785329
23110.0 4717.387229334395
23120.0 4650.774617689912
23130.0 4748.187759264306
23140.0 4399.225882628473
23150.0 5248.564166662461
23160.0 3322.5542213103586
23170.0 3100.365906598193
23180.0 3661.5610675317425
23190.0 3677.465144099265
23200.0 3549.5693562877273
23210.0 3807.3302441129863
23220.0 3877.9043225915043
23230.0 3347.4359016811627
23240.0 3651.1052155648804
23250.0 3462.963768290514
23260.0 3463.7412158068123
23270.0 3900.2275439584178
23280.0 3054.2798227399735
23290.0 3839.7889421452555
23300.0 3213.065302183817
23310.0 3308.569452818031
23320.0 4039.095094089991
23330.0 3464.051735959697
23340.0 3512.523898479599
23350.0 3550.0810402769885
23360.0 3937.075963907179
23370.0 3756.8343668378757
23380.0 3848.046890386308
23390.0 3359.078204533141
23400.0 3954.8852192877694
23410.0 3326.7115846613697
23420.0 4314.191750647443
23430.0 3415.9893172237194
23440.0 3732.2378844156715
23450.0 3734.2194522048526
23460.0 3930.0974206087235
23470.0 4204.9843516325245
23480.0 4010.982159195758
23490.0 4204.469479405
23500.0 3776.5864001877667
23510.0 3528.1675715776846
23520.0 3920.183293562663
23530.0 4076.0626161509445
23540.0 4446.254589306558
23550.0 3895.1881930708514
23560.0 4216.977687423628
23570.0 4688.06286236109
23580.0 3197.8266978885945
23590.0 4567.784523441526
23600.0 4523.8408006910895
23610.0 4343.925117972033
23620.0 4449.136585828223
23630.0 4123.286574261683
23640.0 4841.814603293297
23650.0 4456.180902903035
23660.0 4698.768763073961
23670.0 3734.3126638179874
23680.0 4649.946825145076
23690.0 4315.771407051046
23700.0 2222.519909512085
23710.0 3080.4703225606963
23720.0 3000.0063461915533
23730.0 4006.4111903644935
23740.0 4113.212375110983
23750.0 3540.343440429648
23760.0 3965.85604631502
23770.0 3887.534082755075
23780.0 3311.971569754827
23790.0 4178.380457329151
23800.0 2895.2824254606808
23810.0 4012.809734150179
23820.0 3721.4568233963982
23830.0 2788.6077971528334
23840.0 3927.588153551898
23850.0 4209.43154446457
23860.0 3262.0229159211513
23870.0 4081.7695279472155
23880.0 4189.510020523645
23890.0 3867.5622736368196
23900.0 4564.639407297682
23910.0 3493.6794615171334
23920.0 3934.733296269657
23930.0 4500.03939158378
23940.0 3637.1102674290228
23950.0 4086.6460212026213
23960.0 3992.763330753323
23970.0 4029.83874822949
23980.0 4703.553276236675
23990.0 4802.794824792117
24000.0 3770.918553874036
24010.0 4445.412623502963
24020.0 4460.468523652053
24030.0 4092.6755043498965
24040.0 3985.511595578537
24050.0 4456.512177329179
24060.0 4717.6046796135415
24070.0 3226.8711384300204
24080.0 4205.048613918932
24090.0 4248.014595927062
24100.0 4014.5823284692756
24110.0 4775.97926155701
24120.0 4757.5497951598545
24130.0 3723.0939293012807
24140.0 4179.6440139883025
24150.0 4430.183449176683
24160.0 3660.903134904828
24170.0 4467.470671158202
24180.0 3808.102907932992
24190.0 2803.915046475806
24200.0 5062.560904876183
24210.0 5038.71456503537
24220.0 4177.220625708473
24230.0 3830.581236889814
24240.0 4830.193248567625
24250.0 4448.86756077147
24260.0 4085.973023486656
24270.0 3488.7510367053437
24280.0 4204.142450420986
24290.0 4867.894264651824
24300.0 3926.6796793816497
24310.0 4087.925376384874
24320.0 5060.459571569061
24330.0 3680.382449008661
24340.0 3845.588176919192
24350.0 3359.114955291514
24360.0 2379.4421241587556
24370.0 3791.7364135086295
24380.0 5240.499843315931
24390.0 4478.744873603701
24400.0 4160.357604361607
24410.0 3817.9436356072088
24420.0 3592.021317305972
24430.0 3767.151319058861
24440.0 3338.021771028553
24450.0 3939.59902307987
24460.0 3080.1524155959837
24470.0 2968.232588611856
24480.0 3429.368312108019
24490.0 4758.074786094995
24500.0 4595.617860569852
24510.0 2312.1724155230095
24520.0 2406.594590962181
24530.0 1972.9848918810067
24540.0 2331.3730682740097
24550.0 4387.098568341336
24560.0 4046.8580584401634
24570.0 5005.007807212051
24580.0 4332.552366470485
24590.0 2347.812886191212
24600.0 2620.9810263930844
24610.0 1894.1907770496098
24620.0 3928.600208171529
24630.0 4280.109019770724
24640.0 4991.559131834254
24650.0 3440.253864374735
24660.0 2788.9528173785616
24670.0 1979.9506758307436
24680.0 1831.4320307229505
24690.0 3252.5528082022215
24700.0 2622.7719321092723
24710.0 3284.542906498436
24720.0 2483.5822713384296
24730.0 1768.4312866451176
24740.0 1571.60840242129
24750.0 2210.496058651233
24760.0 3773.724525329105
24770.0 1923.9463724779887
24780.0 1687.718280067689
24790.0 3164.5512481135356
24800.0 3418.8068064356867
24810.0 1725.5618956023438
24820.0 1554.034435010639
24830.0 2952.6452548760535
24840.0 3500.9848852013483
24850.0 4765.296965947716
24860.0 2668.573427168751
24870.0 2213.541828834081
24880.0 1369.048830947531
24890.0 846.4041585107259
24900.0 828.9398015185348
24910.0 2345.1148399553317
24920.0 3378.1188710927217
24930.0 3194.141313683333
24940.0 3032.5022739342567
24950.0 3104.8648196367994
24960.0 1305.3142857683624
24970.0 1033.4160273424702
24980.0 1739.866484323795
24990.0 2182.7418498082234
