#lam[Angstrom] flux[erg/cm2/s/A]
1010.0 0.47527989192973075
1020.0 0.4921308940811043
1030.0 1.6978245363086713
1040.0 0.6692555731840676
1050.0 0.5039485758416342
1060.0 0.5085043111924561
1070.0 0.5369647585029873
1080.0 1.625014939330628
1090.0 1.6555226249226587
1100.0 0.5307161657350641
1110.0 0.5349704193289017
1120.0 0.5557689435854359
1130.0 0.5405930390501842
1140.0 0.5870857227862952
1150.0 0.5509350435536386
1160.0 0.5614106822508321
1170.0 0.5624493867229509
1180.0 0.5648716393812236
1190.0 0.5683096630380483
1200.0 0.8569268061787316
1210.0 0.7627129816489525
1220.0 4.852699613650451
1230.0 0.701942636524581
1240.0 2.8614472784931198
1250.0 0.9966517700432463
1260.0 1.38693121742457
1270.0 1.4249029946854588
1280.0 1.4711383952717896
1290.0 1.5877588584047457
1300.0 1.7098409588566803
1310.0 1.8803542697169906
1320.0 1.964092310045202
1330.0 1.9972484232714074
1340.0 2.229109119842979
1350.0 2.145331550275217
1360.0 2.1964887900996657
1370.0 2.22901879304215
1380.0 2.2762797762515565
1390.0 5.211665233254875
1400.0 5.795771873022929
1410.0 4.284623719924576
1420.0 2.416925832410231
1430.0 2.3733495705641867
1440.0 2.385524030704376
1450.0 2.4013959752564107
1460.0 2.420294161125143
1470.0 2.4390537425029817
1480.0 2.450539988446892
1490.0 3.8461138962011976
1500.0 2.426303068505303
1510.0 2.4223073067396292
1520.0 2.4249665331132317
1530.0 2.5339045190458385
1540.0 2.4079371508660525
1550.0 34.19076871998724
1560.0 2.4089048111738767
1570.0 2.398567715789602
1580.0 2.513179882902736
1590.0 2.396293527060023
1600.0 2.627365563466626
1610.0 2.391626626367106
1620.0 2.3914367018219527
1630.0 2.3772829440223893
1640.0 21.74323250922218
1650.0 2.357375786177693
1660.0 3.0493382230932333
1670.0 4.152452498265099
1680.0 2.3422728603535323
1690.0 2.3351973877204606
1700.0 2.325653521007821
1710.0 2.313899358520582
1720.0 2.4840279938443466
1730.0 2.325522803515406
1740.0 2.3695492145595902
1750.0 3.5156740322230196
1760.0 2.304828296698571
1770.0 2.3041030103025197
1780.0 2.311045741609605
1790.0 2.47157714979831
1800.0 2.2955582163080024
1810.0 2.831350902351999
1820.0 2.8799860239135238
1830.0 2.253183028588315
1840.0 2.238810638891898
1850.0 2.417145259620767
1860.0 2.325250966621261
1870.0 2.2125734025226587
1880.0 3.627623165046931
1890.0 4.539882189561745
1900.0 2.1905572397895012
1910.0 14.718005802235886
1920.0 2.1754075045466896
1930.0 2.1850772689193394
1940.0 2.145431076920813
1950.0 2.144260884444479
1960.0 2.1224479235306455
1970.0 2.109954686454415
1980.0 2.098664191844472
1990.0 2.089452630667781
2000.0 2.0753202421697594
2010.0 2.0572346205198784
2020.0 1.97201008104674
2030.0 1.859989723831525
2040.0 1.8053271033990836
2050.0 1.7232134573728684
2060.0 1.6945199633116586
2070.0 1.7073304081915275
2080.0 1.6697881515767798
2090.0 1.721729130872806
2100.0 1.6845777353839781
2110.0 1.6848346680004929
2120.0 1.7334701351349076
2130.0 1.7310699991415543
2140.0 1.8207149499368802
2150.0 1.665620772361795
2160.0 1.678448580212531
2170.0 1.6380402561420362
2180.0 1.7025115414071468
2190.0 1.6653671334352118
2200.0 1.6820858440013926
2210.0 1.7024017666239033
2220.0 1.786201755439545
2230.0 1.7476842458341595
2240.0 1.7758884202582377
2250.0 1.8862021814671752
2260.0 1.8404455117678153
2270.0 1.8771399821843366
2280.0 1.9154052665704142
2290.0 1.9553903895143037
2300.0 2.0448945780550005
2310.0 2.1513804002596277
2320.0 2.2583623775000685
2330.0 4.046927267831924
2340.0 2.565634808451271
2350.0 2.287821892568346
2360.0 2.2333825634796587
2370.0 2.2771253798841653
2380.0 2.3203010533061654
2390.0 2.536405873173141
2400.0 2.4080059545936705
2410.0 2.457960352744305
2420.0 2.491964782929011
2430.0 5.395709696963685
2440.0 2.5744036824893897
2450.0 2.62344325330126
2460.0 2.655735187938689
2470.0 2.6964879324377655
2480.0 2.7375760595596192
2490.0 2.7795352552330734
2500.0 2.8174155863015256
2510.0 3.144378654667459
2520.0 2.902041904380535
2530.0 2.940995801446462
2540.0 2.9738468664050504
2550.0 3.0130756080066807
2560.0 3.490429396934155
2570.0 3.087021400694655
2580.0 3.1266250888812483
2590.0 3.242051412494058
2600.0 3.2030155237131175
2610.0 3.236665252262418
2620.0 3.269543814240864
2630.0 3.305224276245915
2640.0 3.342521050446344
2650.0 3.3720576448035366
2660.0 3.394930783658936
2670.0 3.8112572419348436
2680.0 3.4529957758695384
2690.0 3.487614441196859
2700.0 3.5205221569608796
2710.0 3.54639061910686
2720.0 3.5911420767955704
2730.0 3.8485289976501575
2740.0 3.8817125103421506
2750.0 3.6805539858005942
2760.0 3.7285397411803656
2770.0 3.7497787501683497
2780.0 3.783837372465253
2790.0 15.095320145161491
2800.0 9.533824232198059
2810.0 3.8910198795355946
2820.0 3.922820902255067
2830.0 6.113286464367899
2840.0 3.9858515288670437
2850.0 4.252347585739448
2860.0 4.130148812274226
2870.0 4.088242626490035
2880.0 4.124085215093695
2890.0 4.15469116757932
2900.0 4.186103050441265
2910.0 4.214927997619739
2920.0 4.245815155016743
2930.0 4.948701727480831
2940.0 4.308373780644876
2950.0 4.433755975347
2960.0 4.372308607119952
2970.0 4.405390050675135
2980.0 4.450612310044386
2990.0 4.470124776671444
3000.0 4.497185680458313
3010.0 4.529328291093482
3020.0 4.563845070248096
3030.0 4.592959371244293
3040.0 4.6274282331415275
3050.0 4.655137689385477
3060.0 4.684771970088782
3070.0 4.714915582241286
3080.0 4.742727966295071
3090.0 4.768237379866138
3100.0 4.818173903164985
3110.0 4.84189634788223
3120.0 4.872165899126369
3130.0 4.886120328795623
3140.0 4.911501483085848
3150.0 4.938516437829909
3160.0 4.9639633518473705
3170.0 4.986363112481118
3180.0 5.017496418354746
3190.0 5.206306801278342
3200.0 5.079818971884349
3210.0 5.962539114776451
3220.0 5.139415808979288
3230.0 5.172301429097241
3240.0 5.212477086859075
3250.0 5.223227148370297
3260.0 5.264719125984678
3270.0 5.268853117602142
3280.0 5.291351598675345
3290.0 5.319246390986952
3300.0 5.3357212559841924
3310.0 5.358978625626924
3320.0 5.381334695083178
3330.0 5.40562539429167
3340.0 5.996222695797639
3350.0 5.45696492541367
3360.0 5.516176457213487
3370.0 5.504932171384396
3380.0 5.530557095196495
3390.0 5.5594782964623395
3400.0 5.58026217521702
3410.0 5.601284729011264
3420.0 6.3493140706637545
3430.0 6.371272648371217
3440.0 5.675105464070977
3450.0 5.687463266267267
3460.0 5.722195871435969
3470.0 5.756347302374771
3480.0 5.79506059335537
3490.0 5.819992886698031
3500.0 5.795562169992065
3510.0 5.766970212996504
3520.0 5.75768800944357
3530.0 5.791484095552013
3540.0 5.792461164467466
3550.0 5.822558399207319
3560.0 5.826485679582946
3570.0 5.843219015083106
3580.0 6.030063525485389
3590.0 5.855719472697899
3600.0 5.85138464754725
3610.0 5.855689112047478
3620.0 5.900055729279099
3630.0 5.925206054837284
3640.0 5.902416892852303
3650.0 5.91761708137126
3660.0 5.997425369036816
3670.0 6.0123195711952375
3680.0 5.962252863771623
3690.0 5.993116614371912
3700.0 5.991195213122495
3710.0 5.949541839811676
3720.0 5.237169995941356
3730.0 8.73131335967549
3740.0 4.557013060704764
3750.0 4.794483490505146
3760.0 4.580030282934018
3770.0 5.0956710805121554
3780.0 4.602275307942657
3790.0 4.613161475376996
3800.0 4.97670028555072
3810.0 4.634561016267155
3820.0 4.699970070753887
3830.0 4.655443896655245
3840.0 5.139420406957899
3850.0 4.698221679623742
3860.0 9.368904451896958
3870.0 4.756796160441875
3880.0 5.717445998366649
3890.0 4.775968918486985
3900.0 5.652487796665302
3910.0 4.794339667906516
3920.0 4.793485291091135
3930.0 4.731210338546134
3940.0 4.705624444927642
3950.0 4.666927034274647
3960.0 6.125381067351684
3970.0 4.680904795125246
3980.0 5.698283189088621
3990.0 4.694538107024581
4000.0 4.7028024480276756
4010.0 4.709732862681887
4020.0 4.858859247622373
4030.0 4.724385647464543
4040.0 4.7315276155974075
4050.0 4.738537561800344
4060.0 4.748657879593252
4070.0 4.752347834253301
4080.0 5.349017748633628
4090.0 4.765089099433228
4100.0 6.377245987948227
4110.0 4.776946963930208
4120.0 4.796914553275803
4130.0 4.787969770622804
4140.0 4.8096202085244135
4150.0 4.7952076736808955
4160.0 4.797035594212011
4170.0 4.794676833087794
4180.0 4.7960729566374996
4190.0 4.796779279020919
4200.0 4.837318270172733
4210.0 4.80740355926932
4220.0 4.814466738224998
4230.0 4.816532040548642
4240.0 4.82007591039372
4250.0 4.820689736775571
4260.0 4.823008727763377
4270.0 4.83539475885993
4280.0 4.833086387531767
4290.0 4.8387027433093355
4300.0 4.84261167094212
4310.0 4.846237143063665
4320.0 4.849916665446781
4330.0 7.668913776653914
4340.0 4.853096138415518
4350.0 5.400739354966734
4360.0 4.86033454993495
4370.0 4.871503677796027
4380.0 4.880193687132739
4390.0 4.882643548751657
4400.0 4.901895000165684
4410.0 4.877614394918612
4420.0 4.8719165156336794
4430.0 4.872645119497382
4440.0 4.886176677960373
4450.0 4.885056210070262
4460.0 5.112173531148797
4470.0 4.900075960300625
4480.0 4.883242167903123
4490.0 4.907881784909439
4500.0 4.88384845362462
4510.0 4.897185154301474
4520.0 4.894615786019861
4530.0 4.958549220182963
4540.0 4.901180688906105
4550.0 4.8985862294113955
4560.0 4.907606444653099
4570.0 4.913857060644236
4580.0 4.921607128984493
4590.0 4.904583020044117
4600.0 4.9312649885308675
4610.0 4.903649461102165
4620.0 4.915570721700255
4630.0 4.919991728945481
4640.0 4.944055639624233
4650.0 5.295870251582739
4660.0 4.9618518596338
4670.0 4.9884779664634245
4680.0 4.971838826530853
4690.0 6.756426394387028
4700.0 5.045782178538547
4710.0 5.062946115047441
4720.0 5.249676829991413
4730.0 4.986300549791064
4740.0 5.199425807200566
4750.0 4.9338789921945745
4760.0 5.018408091638253
4770.0 4.921006257092817
4780.0 4.9094008028372516
4790.0 4.934084946677285
4800.0 4.919292366166753
4810.0 4.910777946100327
4820.0 4.909308304572953
4830.0 4.91094949530805
4840.0 4.907826425997071
4850.0 4.906965678990412
4860.0 10.5505479783045
4870.0 4.907606572607145
4880.0 5.0137441147923685
4890.0 5.013790761172689
4900.0 4.907233783129885
4910.0 4.90730280791177
4920.0 4.907423489386905
4930.0 5.025956706493954
4940.0 4.904378761552779
4950.0 4.898152140055733
4960.0 19.014993619129655
4970.0 4.892225729599586
4980.0 5.030935961129338
4990.0 4.890999738153469
5000.0 4.890282612731248
5010.0 47.41147497369001
5020.0 4.887215003556696
5030.0 4.885427208845742
5040.0 4.883020626088949
5050.0 4.880826693655965
5060.0 4.888627963892949
5070.0 4.877469317594807
5080.0 4.885680765702398
5090.0 4.874879256914299
5100.0 4.8734334463879545
5110.0 4.872295353305881
5120.0 4.870406772571774
5130.0 4.86876409489735
5140.0 4.865757711149698
5150.0 4.861384070685563
5160.0 4.951282983636251
5170.0 4.854708416561021
5180.0 4.852708222490384
5190.0 4.990960414696733
5200.0 4.847037448963812
5210.0 4.8615488538517075
5220.0 4.84128640828487
5230.0 4.8388734120642765
5240.0 4.836682199393481
5250.0 4.833353986501745
5260.0 4.941680383959833
5270.0 4.938157056166031
5280.0 4.82283936533263
5290.0 4.819523083338753
5300.0 4.8155116641075555
5310.0 4.812072699490781
5320.0 4.898331847016776
5330.0 4.805539914197443
5340.0 4.802617382222526
5350.0 4.798920029449818
5360.0 4.79430784883124
5370.0 4.790366574241995
5380.0 4.785860027378696
5390.0 4.78187730425856
5400.0 4.778304078975042
5410.0 4.774310749257485
5420.0 4.841808706946442
5430.0 4.838098322523745
5440.0 4.763175541020379
5450.0 4.759443424537629
5460.0 4.754203341179366
5470.0 4.7486353194476765
5480.0 4.743595999296666
5490.0 4.738813984818046
5500.0 4.7346592003025885
5510.0 4.746971226963523
5520.0 4.726217950140818
5530.0 4.735784517616994
5540.0 4.730695297918917
5550.0 4.710673623490581
5560.0 4.70516090490174
5570.0 4.699837310111639
5580.0 4.695235151994325
5590.0 4.697243103434508
5600.0 4.684888442839696
5610.0 4.678979463194472
5620.0 4.679861114522535
5630.0 4.668203375648616
5640.0 4.663260104970922
5650.0 4.658771789173529
5660.0 4.653457652232989
5670.0 4.648660881865163
5680.0 4.63919300595381
5690.0 4.625192708616863
5700.0 4.613850868813447
5710.0 4.603422701767902
5720.0 4.598134452349121
5730.0 4.790875229780777
5740.0 4.586673431843161
5750.0 4.580174272884419
5760.0 4.627835783038161
5770.0 4.568115357702546
5780.0 4.562774216237688
5790.0 4.557561382067763
5800.0 4.551467984822928
5810.0 4.54565827225967
5820.0 4.625824742401738
5830.0 4.532699071206223
5840.0 4.525800791652106
5850.0 4.519671768152411
5860.0 4.513429333806288
5870.0 4.5075138073395795
5880.0 5.074865176887889
5890.0 4.49574930857813
5900.0 4.489929898613937
5910.0 4.484510785949129
5920.0 4.4785445993187745
5930.0 4.472800208032586
5940.0 4.466345283471788
5950.0 4.458906412365117
5960.0 4.451322088328799
5970.0 4.4546085637151105
5980.0 4.438379544706131
5990.0 4.432584039496173
6000.0 4.432496120378553
6010.0 4.420713241325453
6020.0 4.414796987717642
6030.0 4.411242773157981
6040.0 4.402319275087806
6050.0 4.395701291335293
6060.0 4.389393612941251
6070.0 4.383212321796283
6080.0 4.376922161721699
6090.0 4.68226734273263
6100.0 4.362965277890653
6110.0 4.35546609711929
6120.0 4.3511990044412325
6130.0 4.342319671823267
6140.0 4.33643609973
6150.0 4.330723799239913
6160.0 4.323280457014867
6170.0 4.316495219105843
6180.0 4.312956234891172
6190.0 4.303042622723546
6200.0 4.297793091566838
6210.0 4.2919260319539605
6220.0 4.283959754492155
6230.0 4.277084077510156
6240.0 4.273639666129447
6250.0 4.264872394943562
6260.0 4.258104083160948
6270.0 4.253370908625489
6280.0 4.247246446931441
6290.0 4.240663756615244
6300.0 4.694298197460537
6310.0 4.226776958100789
6320.0 4.223979276517675
6330.0 4.217301595725182
6340.0 4.211476195754732
6350.0 4.204411601490497
6360.0 4.1969761862777135
6370.0 4.285185985865281
6380.0 4.184704391498063
6390.0 4.1788194220564225
6400.0 4.178465097510682
6410.0 4.168221659437929
6420.0 4.161710462371657
6430.0 4.1958356398657415
6440.0 4.151235532736667
6450.0 4.1466172481560175
6460.0 4.1392621521234805
6470.0 4.135244092297737
6480.0 4.130974546984489
6490.0 4.1263094419831345
6500.0 4.120709222682927
6510.0 4.110142488116699
6520.0 4.106281391010885
6530.0 4.111724057882148
6540.0 4.094840402853573
6550.0 4.089000763646225
6560.0 18.97721780835758
6570.0 4.080183204057735
6580.0 4.067684358839629
6590.0 6.053937441046144
6600.0 4.0674052742897615
6610.0 4.062619671671348
6620.0 4.062404194396173
6630.0 4.055619802014779
6640.0 4.0546939581401835
6650.0 4.050568339674048
6660.0 4.047908904343352
6670.0 4.044612540157108
6680.0 4.042883684170292
6690.0 4.179755280935177
6700.0 4.034935478596609
6710.0 4.03532726443111
6720.0 4.0330650189936215
6730.0 5.010099641168562
6740.0 4.030231780072579
6750.0 4.028692005408755
6760.0 4.028403698645092
6770.0 4.022563076650041
6780.0 4.001800194412302
6790.0 4.078975519434578
6800.0 4.020135826055938
6810.0 4.021360351215016
6820.0 4.012454266808395
6830.0 4.0061068078602045
6840.0 3.998662788790734
6850.0 3.998282052168209
6860.0 3.9771370572206726
6870.0 3.989769569840266
6880.0 3.984182647692604
6890.0 3.9718292424815504
6900.0 3.9770320434133457
6910.0 3.950960697451249
6920.0 3.902483263041675
6930.0 3.923164630543674
6940.0 3.904597949459744
6950.0 3.9170802018384814
6960.0 3.904983699528364
6970.0 3.9100941487732164
6980.0 3.8961673509822323
6990.0 3.8568724856322323
7000.0 3.968424331832595
7010.0 3.891713134886965
7020.0 3.8894692426659376
7030.0 3.884220259946707
7040.0 3.8884301904407574
7050.0 3.875199317147963
7060.0 3.8824098140498178
7070.0 4.267070466295745
7080.0 3.870703058525158
7090.0 3.8371833353214835
7100.0 3.8357777844717296
7110.0 3.8464763958385
7120.0 3.8466620494625667
7130.0 3.8277028311669024
7140.0 4.351885200949547
7150.0 3.8300323913439986
7160.0 3.802068216980697
7170.0 3.76322592041747
7180.0 3.807864539419407
7190.0 3.77679340442352
7200.0 3.75366569055026
7210.0 3.7748544909722788
7220.0 3.7644596114587134
7230.0 3.7574917249833724
7240.0 3.7495203305963978
7250.0 3.861960716798644
7260.0 3.729086386034148
7270.0 3.727102146126866
7280.0 3.71375856082472
7290.0 3.8459452232197027
7300.0 3.6891266999835626
7310.0 3.69092871809693
7320.0 4.3485234254457295
7330.0 3.6600050666819213
7340.0 3.668347923944191
7350.0 3.658960828741434
7360.0 3.651547293749233
7370.0 3.6395302366530946
7380.0 3.635189138172636
7390.0 3.627610844002513
7400.0 3.58694865574726
7410.0 3.6026615711451657
7420.0 3.598131140898306
7430.0 3.599161261990958
7440.0 3.576138833658973
7450.0 3.570293186829198
7460.0 3.557760866136782
7470.0 3.567337156551718
7480.0 3.5512106341945042
7490.0 3.5279722984980326
7500.0 3.5196498598473447
7510.0 3.5231462243699188
7520.0 3.49899330489392
7530.0 3.483622726021982
7540.0 3.480727594595126
7550.0 3.4721500107068035
7560.0 3.443354810257809
7570.0 3.4319462556928726
7580.0 3.438763220637107
7590.0 3.4055772060734504
7600.0 3.391471332894127
7610.0 3.3770767135744326
7620.0 3.4007856826167675
7630.0 3.3393188779424268
7640.0 3.303820784962172
7650.0 3.2863852583353563
7660.0 3.2869573977853688
7670.0 3.271516879565386
7680.0 3.262328202141024
7690.0 3.2539976117457265
7700.0 3.2716117385050785
7710.0 3.238816816587491
7720.0 3.234401012864073
7730.0 3.240441535085569
7740.0 3.3903335371883525
7750.0 3.293262581747406
7760.0 3.316440492384203
7770.0 3.332064653537561
7780.0 3.3474960534018106
7790.0 3.354933348307715
7800.0 3.2756996697013054
7810.0 3.3834063217071293
7820.0 3.4128141679352426
7830.0 3.4314043522459823
7840.0 3.4402666901501804
7850.0 3.4679329435963857
7860.0 3.484435067042647
7870.0 3.498026674162516
7880.0 3.531093398934997
7890.0 3.5523644918601915
7900.0 3.580599916558221
7910.0 3.613800224982581
7920.0 3.6365256266448904
7930.0 3.6624037057483037
7940.0 3.642520515131654
7950.0 3.4421107128865
7960.0 3.7363094827429313
7970.0 3.929924351303714
7980.0 3.829933538612349
7990.0 3.876525853034322
8000.0 3.917211938098313
8010.0 3.961153803239166
8020.0 4.002741386632076
8030.0 4.034855605238697
8040.0 4.077963286695574
8050.0 4.179047246344082
8060.0 4.196972238160008
8070.0 4.232664260976547
8080.0 4.278753497931224
8090.0 4.263357282544886
8100.0 4.285246819288282
8110.0 4.269555647078794
8120.0 4.373530808794
8130.0 4.317871523710008
8140.0 4.408229719318084
8150.0 4.420545527214617
8160.0 4.5022032660789915
8170.0 4.633979664460318
8180.0 4.6900312596034395
8190.0 4.869291241466152
8200.0 4.91935872986123
8210.0 5.116195202508695
8220.0 5.160107456667193
8230.0 4.727799411180449
8240.0 5.20280473214172
8250.0 5.611136126521304
8260.0 5.625164256870015
8270.0 5.832555027597685
8280.0 5.877823879682053
8290.0 5.856376345190396
8300.0 6.021071294839941
8310.0 6.374452001623869
8320.0 6.4670344120784025
8330.0 6.511520348206151
8340.0 6.833473793062664
8350.0 7.024950220741174
8360.0 7.244198853122706
8370.0 7.4545522945405605
8380.0 7.817653700811641
8390.0 8.074460240523775
8400.0 8.284406066595308
8410.0 8.434497880914819
8420.0 8.987972746778162
8430.0 9.366687220603302
8440.0 9.820374696298671
8450.0 10.119243654845338
8460.0 10.746995131021247
8470.0 11.051998441097933
8480.0 11.63306826597991
8490.0 12.030841975419849
8500.0 12.198670496166125
8510.0 12.251232003541414
8520.0 7.90083179691567
8530.0 12.987671754493949
8540.0 14.390610446621551
8550.0 15.185733313656964
8560.0 15.688377431977035
8570.0 16.39446554246109
8580.0 17.269286247231847
8590.0 17.943353134843395
8600.0 18.725272052069236
8610.0 19.233034786525852
8620.0 20.09434712688302
8630.0 21.05624489776222
8640.0 22.204239542287368
8650.0 22.668497974207575
8660.0 23.833045325665136
8670.0 24.53108753735978
8680.0 25.580888954860043
8690.0 26.65271591279027
8700.0 27.65613591955315
8710.0 28.551011325035823
8720.0 29.72535035789943
8730.0 30.783761497615295
8740.0 31.832021419791957
8750.0 33.07250104961344
8760.0 34.17356853240982
8770.0 35.20333982652679
8780.0 36.6869170447316
8790.0 38.109563782809516
8800.0 39.75006845702225
8810.0 39.97061837681075
8820.0 42.38856119198103
8830.0 44.069346587990445
8840.0 46.09505110362708
8850.0 47.56846439298881
8860.0 48.61538491281092
8870.0 50.128930195177205
8880.0 50.51037931449574
8890.0 52.29094555268014
8900.0 50.35650225098798
8910.0 47.73511276563201
8920.0 36.97074827738913
8930.0 35.07697589770791
8940.0 23.48521546863861
8950.0 30.053420804642748
8960.0 47.48275126972097
8970.0 42.288706816183264
8980.0 56.59307610730977
8990.0 44.104087006942386
9000.0 58.79884555299192
9010.0 57.11584291690583
9020.0 65.09822490039892
9030.0 69.8204024841398
9040.0 75.84258943954374
9050.0 77.45854573259103
9060.0 77.56784374863577
9070.0 75.5138721635961
9080.0 82.2821979571123
9090.0 74.3824000800879
9100.0 81.96033248072754
9110.0 78.69563435076711
9120.0 84.6263713733244
9130.0 65.39622360980569
9140.0 75.83822140889339
9150.0 74.4705379404775
9160.0 75.74913461779026
9170.0 69.80217595035472
9180.0 80.00221351887377
9190.0 87.59414741760052
9200.0 98.7110665664954
9210.0 92.55429450804355
9220.0 106.64482365051796
9230.0 101.41634981922158
9240.0 79.55816626187926
9250.0 87.4323327014261
9260.0 62.56803434006697
9270.0 35.969843280814395
9280.0 13.702561827160674
9290.0 14.915265316029254
9300.0 21.49839137015351
9310.0 32.74560254524899
9320.0 15.13926704771945
9330.0 22.95384667009725
9340.0 18.68575657265622
9350.0 26.27248869548654
9360.0 32.437679297777315
9370.0 31.961249940138476
9380.0 33.17730907001477
9390.0 42.90895170399275
9400.0 50.49545605191731
9410.0 45.893936699581516
9420.0 49.277827528253624
9430.0 50.399494324255855
9440.0 44.45034435822268
9450.0 67.29513030413932
9460.0 50.595906753690066
9470.0 51.827871326881066
9480.0 55.58007196082167
9490.0 57.96010887856219
9500.0 36.74120544400285
9510.0 57.84506352088509
9520.0 36.4964726347555
9530.0 70.96455711120268
9540.0 73.35712060983987
9550.0 56.23388254053897
9560.0 52.09871335630275
9570.0 43.866128677531584
9580.0 55.79908746848192
9590.0 36.53997771858399
9600.0 57.246134172010045
9610.0 52.34792093490076
9620.0 63.05979678576969
9630.0 105.59637630888156
9640.0 48.23315614812474
9650.0 66.58773808538294
9660.0 81.85676543869756
9670.0 108.0062321649433
9680.0 109.3139627547262
9690.0 71.79627889308745
9700.0 136.13242362046785
9710.0 102.29851828321723
9720.0 89.21641567837183
9730.0 127.74898909155348
9740.0 104.82818479531515
9750.0 120.76665838897118
9760.0 90.20751967925443
9770.0 156.73852962479307
9780.0 131.8057834434307
9790.0 122.02659336309121
9800.0 148.22808359084885
9810.0 154.80311350200446
9820.0 142.35359951092454
9830.0 159.44550415484755
9840.0 152.0456820219452
9850.0 153.76545738415533
9860.0 184.58804340587272
9870.0 183.49788473121956
9880.0 211.52804697037882
9890.0 223.95927626219193
9900.0 243.02335408983106
9910.0 222.20939508287492
9920.0 263.9802453412356
9930.0 226.97035474258064
9940.0 268.0633314765126
9950.0 278.771415042636
9960.0 301.61700283870897
9970.0 313.226799874039
9980.0 364.61376859290084
9990.0 309.80242354824117
10010.0 384.3796174439565
10020.0 362.50231142565696
10030.0 382.19343774097695
10040.0 445.19604930128787
10050.0 447.3329622710114
10060.0 445.41839582753335
10070.0 478.5549261431571
10080.0 469.236269164428
10090.0 493.47823712453936
10100.0 571.5304428765869
10110.0 534.25035814633
10120.0 547.5676430468261
10130.0 623.8946100494286
10140.0 555.859358499093
10150.0 630.7315790995889
10160.0 712.9046442596187
10170.0 617.5675839610818
10180.0 671.7500030888234
10190.0 716.8276677810017
10200.0 699.2902549269443
10210.0 737.1656523569873
10220.0 753.5472343137985
10230.0 753.2948705610933
10240.0 792.5429902015712
10250.0 812.7243912784352
10260.0 786.9552906784315
10270.0 829.0392393720768
10280.0 866.5256824034228
10290.0 869.6378748563843
10300.0 903.1740728729935
10310.0 889.9308751267336
10320.0 925.798101272235
10330.0 924.2482262564101
10340.0 975.4365266754724
10350.0 964.8331503990238
10360.0 970.8757095817227
10370.0 1042.4649529656406
10380.0 1008.7624303550339
10390.0 1011.3992806598492
10400.0 1031.7677895748689
10410.0 1066.8736762905025
10420.0 1064.4673918830672
10430.0 1048.7981265374665
10440.0 1064.9813631344139
10450.0 1062.2117421086614
10460.0 1095.493083034139
10470.0 1079.5764729462167
10480.0 1076.2252317810303
10490.0 1087.2819394289468
10500.0 1126.5934575926856
10510.0 1086.7672061658839
10520.0 1141.2016549500129
10530.0 1093.0686224599813
10540.0 1157.7725085180693
10550.0 1116.249745656731
10560.0 1147.4753234044024
10570.0 1183.1723620433395
10580.0 1057.782079444
10590.0 1141.249225386296
10600.0 1083.2075125170238
10610.0 1170.6097524352786
10620.0 1138.6083087057234
10630.0 1128.3819784404536
10640.0 1144.4808119341349
10650.0 1117.68622703754
10660.0 1175.4512349478923
10670.0 1133.6191292748786
10680.0 1088.488002049695
10690.0 1132.3054431767785
10700.0 1118.5070726965087
10710.0 1101.0878791141915
10720.0 1048.223071028133
10730.0 1221.2770368550807
10740.0 1084.5065071458655
10750.0 1128.3718768447823
10760.0 1176.515133018356
10770.0 981.2357513211498
10780.0 1146.2316820902872
10790.0 1157.7535572474144
10800.0 1104.5952642371103
10810.0 1096.988825438676
10820.0 1080.3283053854618
10830.0 1124.6319068084056
10840.0 1070.8967372984293
10850.0 1093.5158620665068
10860.0 834.5751019816354
10870.0 875.8394820776255
10880.0 879.9902487886443
10890.0 713.1429063807132
10900.0 559.3394947770348
10910.0 533.8497240809377
10920.0 451.94059676060334
10930.0 326.78553051933284
10940.0 304.85792348007277
10950.0 264.4310688043805
10960.0 280.7347549652899
10970.0 269.8053721641205
10980.0 293.4903221134086
10990.0 202.88279449181775
11000.0 182.64626790155543
11010.0 240.9310451826585
11020.0 152.4047885539795
11030.0 130.06041282503435
11040.0 163.6919725956041
11050.0 132.861765500305
11060.0 88.28261538305473
11070.0 158.3274029407474
11080.0 104.32444201424978
11090.0 72.30936014907341
11100.0 43.57289348546403
11110.0 48.47338238070608
11120.0 33.24400610687761
11130.0 32.18778441203321
11140.0 33.1310394359497
11150.0 22.929212474541234
11160.0 28.10789789645954
11170.0 11.375657281705244
11180.0 36.07772082762341
11190.0 6.689840218011081
11200.0 10.458506734406122
11210.0 11.280288135406193
11220.0 3.4013191651577097
11230.0 1.795872788246847
11240.0 4.790383384322347
11250.0 4.435989087766581
11260.0 3.89995909512078
11270.0 6.65471074112439
11280.0 4.730167019276596
11290.0 7.290152657972467
11300.0 6.0782332933508565
11310.0 6.50499521299175
11320.0 9.710608144812579
11330.0 3.12456420845342
11340.0 2.676659165006276
11350.0 1.5638377442298956
11360.0 1.8344692317604077
11370.0 3.3163676256755097
11380.0 7.214239153813253
11390.0 10.948319670476131
11400.0 16.449147924882183
11410.0 13.010483277628579
11420.0 16.677866111555222
11430.0 5.566261135682949
11440.0 5.458877347440005
11450.0 5.547981175818387
11460.0 3.523339018417377
11470.0 3.0193467720098983
11480.0 3.305509783185423
11490.0 2.6314424906713567
11500.0 1.9260234728128038
11510.0 1.717385849164538
11520.0 1.5339838113246713
11530.0 1.501174760268019
11540.0 1.5774487217540696
11550.0 1.5288563720757278
11560.0 1.565358324763794
11570.0 1.4400055945191563
11580.0 3.0049531947250996
11590.0 2.5679378435522056
11600.0 1.8037708972435698
11610.0 2.00687394141644
11620.0 1.4132904163969413
11630.0 1.4316246801331418
11640.0 1.3616840310111469
11650.0 1.3900488268165674
11660.0 1.637022256938478
11670.0 1.5787068576926784
11680.0 2.4737546747673003
11690.0 2.3436423776503745
11700.0 1.8235987795188053
11710.0 2.972104989779995
11720.0 2.6197642170632927
11730.0 2.7209105370650937
11740.0 3.689668903859972
11750.0 2.8330805735184956
11760.0 4.807977861236794
11770.0 4.3739505661267035
11780.0 4.267959500155122
11790.0 6.684545235329474
11800.0 6.418104481853736
11810.0 9.785138248784358
11820.0 9.020535836265566
11830.0 14.78645422713135
11840.0 15.038217736546176
11850.0 22.466548051902336
11860.0 16.048513961642996
11870.0 10.207066644481232
11880.0 9.273498423380815
11890.0 17.705353050942612
11900.0 33.34283783231051
11910.0 22.46475089256445
11920.0 38.55805873840346
11930.0 83.54215761255394
11940.0 102.97511425754485
11950.0 86.0536470625923
11960.0 113.32735181363451
11970.0 121.64913112432741
11980.0 121.5213548652101
11990.0 203.65061752584225
12000.0 135.38010217080964
12010.0 181.2712329111507
12020.0 195.17761395597742
12030.0 157.13274004046136
12040.0 293.30419150758536
12050.0 331.5285675014943
12060.0 427.1512400966896
12070.0 313.38864358433284
12080.0 445.0886459485792
12090.0 461.1097089662464
12100.0 595.7420403784369
12110.0 421.5830433285228
12120.0 547.7562800324781
12130.0 513.7116943855542
12140.0 596.7369008937874
12150.0 766.3589595775151
12160.0 777.9187857601528
12170.0 720.2352519420375
12180.0 906.3769062942947
12190.0 911.7669824437843
12200.0 738.9430362666997
12210.0 881.6008854094534
12220.0 966.5941197001564
12230.0 918.7121181175647
12240.0 1010.6873819526579
12250.0 783.1694100259103
12260.0 1272.7306622382612
12270.0 973.464177532524
12280.0 1205.7837884437636
12290.0 892.2921743273162
12300.0 1056.9974817118589
12310.0 1082.836120870277
12320.0 1175.8731932683877
12330.0 1165.281023339224
12340.0 1066.4037825248995
12350.0 1290.2603443129092
12360.0 1278.8475798338181
12370.0 1279.0477348982768
12380.0 1577.3546243757796
12390.0 1602.7048136680826
12400.0 1320.6130741261004
12410.0 1422.7301850887784
12420.0 1579.2854563801154
12430.0 1322.224297967861
12440.0 1441.393852707409
12450.0 1830.9651921756456
12460.0 1686.5731447033963
12470.0 1840.9895227486872
12480.0 1637.6014162947788
12490.0 1990.570255120947
12500.0 1992.9073536968604
12510.0 1706.6935892866845
12520.0 1366.5010544431273
12530.0 1723.4363450084059
12540.0 1595.51039095749
12550.0 2055.5579221692024
12560.0 2136.630498846359
12570.0 2019.4909071653437
12580.0 1809.6886580527762
12590.0 2031.8756506058567
12600.0 1848.6578274430149
12610.0 2234.4946515699767
12620.0 1753.81584993588
12630.0 1981.9032433960558
12640.0 1831.0308010854735
12650.0 2085.291673605944
12660.0 1668.8836011469214
12670.0 1764.5603739041746
12680.0 1797.786835687201
12690.0 1798.992487317757
12700.0 1902.5601839342633
12710.0 1746.4489486974246
12720.0 1665.3168005219839
12730.0 1371.7775963600734
12740.0 1471.4912464234228
12750.0 2023.6180435373929
12760.0 1788.4974596745017
12770.0 1660.5021658850567
12780.0 1645.719811112955
12790.0 1418.8939664657817
12800.0 1116.8981859814053
12810.0 1708.2348109814475
12820.0 1982.214689966
12830.0 922.8120234846133
12840.0 1654.7662392154152
12850.0 1645.4801461355887
12860.0 826.8084473689422
12870.0 1452.1051624919244
12880.0 813.6477036395383
12890.0 1129.883520391876
12900.0 1269.1442276878495
12910.0 1272.1982012496014
12920.0 500.1121914650327
12930.0 1592.0757510514304
12940.0 1163.5685628410768
12950.0 850.4867196929717
12960.0 867.8264978573119
12970.0 910.0283483856667
12980.0 1719.2769346347993
12990.0 884.3223082637516
13000.0 1034.1728013190805
13010.0 733.4965374370727
13020.0 826.0141932633428
13030.0 1072.251331680728
13040.0 729.3600466970029
13050.0 813.1929215251174
13060.0 424.8926057885477
13070.0 439.35332328252883
13080.0 393.8764482422205
13090.0 364.737137111338
13100.0 363.02957468174975
13110.0 341.16605631769465
13120.0 157.19785570530735
13130.0 401.7418864697054
13140.0 180.78766792314448
13150.0 395.471265394851
13160.0 247.6166437513096
13170.0 369.82658642248737
13180.0 115.67039678278717
13190.0 414.8120717119689
13200.0 386.87563613422077
13210.0 576.6314460378278
13220.0 521.5748520485415
13230.0 256.3555021377792
13240.0 218.33899343951938
13250.0 179.39840115076495
13260.0 331.39713329206836
13270.0 440.14435176509346
13280.0 117.7383022737571
13290.0 26.041035283565133
13300.0 5.709800799924744
13310.0 2.118216496827397
13320.0 7.35830777361244
13330.0 10.793134150124516
13340.0 12.829274862998352
13350.0 12.822696738224579
13360.0 12.462846724308697
13370.0 3.8015561904982835
13380.0 4.010655571154571
13390.0 14.903329768218565
13400.0 3.188933241689605
13410.0 3.4471933473557588
13420.0 2.3991923135514175
13430.0 2.644198344122027
13440.0 1.4170649053795832
13450.0 2.089753287708213
13460.0 1.2277081744075327
13470.0 1.2743314506206658
13480.0 1.0424569312742014
13490.0 2.164361403036649
13500.0 0.938733175609416
13510.0 1.1181417929104158
13520.0 1.0427170691855696
13530.0 1.3206837858029004
13540.0 0.9239409249715911
13550.0 1.1010508017366865
13560.0 1.0485115603796202
13570.0 0.8710722456468842
13580.0 1.0094442953407752
13590.0 0.930191032685291
13600.0 1.1476382687614048
13610.0 0.9720473177737847
13620.0 0.8782971412071858
13630.0 1.5157593767167277
13640.0 0.9457978086043195
13650.0 1.0572582874182648
13660.0 1.3958168061065468
13670.0 1.1245674779417527
13680.0 1.0613969460424952
13690.0 1.734278979482176
13700.0 0.9497704474109214
13710.0 0.9033167550131385
13720.0 1.0183552744285667
13730.0 1.1272791212714222
13740.0 1.0109593369649428
13750.0 1.1836906596480108
13760.0 1.5765296741945032
13770.0 1.2290465369690975
13780.0 1.454412710229318
13790.0 1.3836390185064567
13800.0 0.9568088535935416
13810.0 1.3659601458860022
13820.0 0.8337360826938687
13830.0 0.9942151569850192
13840.0 1.1223511541762932
13850.0 0.9655067244929445
13860.0 1.0164075573830793
13870.0 1.2684564250297268
13880.0 1.0054650497696462
13890.0 1.7788567843666865
13900.0 1.0440721862876239
13910.0 1.0391099331138594
13920.0 0.8723398426770764
13930.0 1.912940106065321
13940.0 1.2517623269227025
13950.0 0.9270690691778822
13960.0 1.5391617685558776
13970.0 1.5649106142391425
13980.0 1.0024781583579818
13990.0 1.5106514316523418
14000.0 0.8539151367074439
14010.0 0.8612228483717714
14020.0 1.584778014228636
14030.0 1.4552737601627848
14040.0 1.066574533480414
14050.0 1.084488919040568
14060.0 1.636448403844767
14070.0 0.9158880998127659
14080.0 1.2794366151561003
14090.0 0.821545077866274
14100.0 1.107734156701831
14110.0 1.1750560966611219
14120.0 1.1077479196429834
14130.0 1.8511095948759566
14140.0 1.0002644910902267
14150.0 1.3323057958274243
14160.0 3.046675861968269
14170.0 1.168516662988
14180.0 1.3863692996928287
14190.0 1.0099695052002984
14200.0 1.2528778107131107
14210.0 2.772183369811595
14220.0 1.4300327994947268
14230.0 1.1916434447945046
14240.0 1.918128199336663
14250.0 1.3334155792299405
14260.0 1.8085388397451583
14270.0 1.9104681609126644
14280.0 1.2093037757685043
14290.0 2.396250012454141
14300.0 7.766755859539988
14310.0 2.1412742749341898
14320.0 1.5410423440188343
14330.0 3.096880517385084
14340.0 2.189033269684761
14350.0 5.415360482086854
14360.0 3.7710435850579436
14370.0 3.563709095779468
14380.0 5.0545344481997
14390.0 1.894998361797826
14400.0 7.285289243496081
14410.0 3.0028664677734316
14420.0 4.433996529347444
14430.0 15.53485953748782
14440.0 3.9580633233181826
14450.0 1.1892513079807179
14460.0 4.574655116146834
14470.0 6.830454407082197
14480.0 11.329580355052745
14490.0 24.928496045998948
14500.0 3.429364762811676
14510.0 16.39929146198675
14520.0 20.05798809890617
14530.0 18.085642816545537
14540.0 15.964732675179595
14550.0 18.997121941969414
14560.0 10.083644766216933
14570.0 11.425596063911456
14580.0 45.637437363084196
14590.0 39.89814896971606
14600.0 17.90225945525922
14610.0 16.05794993787201
14620.0 13.046401726320436
14630.0 10.539526607625543
14640.0 57.23238804564048
14650.0 36.638192533038584
14660.0 26.400298843274932
14670.0 28.418303214579097
14680.0 14.47321981258775
14690.0 12.55633656421059
14700.0 14.434371964789365
14710.0 11.470565614631717
14720.0 19.578833885463897
14730.0 25.825450636014146
14740.0 22.349708024096028
14750.0 23.685802441786457
14760.0 19.821714287802806
14770.0 32.65958333072355
14780.0 36.36107699006024
14790.0 14.793336531177944
14800.0 13.888687894667177
14810.0 40.37957026048587
14820.0 25.872013110870412
14830.0 33.917865183025945
14840.0 42.58182387411499
14850.0 22.179430332360702
14860.0 42.36310879238826
14870.0 40.35275041070999
14880.0 37.48072276679824
14890.0 31.6065998201831
14900.0 49.00659924044315
14910.0 83.7488499407966
14920.0 34.0286805206567
14930.0 60.90597680858542
14940.0 43.19931055486849
14950.0 59.413848747373976
14960.0 41.15339680947432
14970.0 83.17219074239614
14980.0 62.88775279300111
14990.0 62.80727096091797
15000.0 95.37845204143552
15010.0 74.40397483508397
15020.0 90.71138552790269
15030.0 59.145314768785674
15040.0 80.00456271789936
15050.0 90.75552890586616
15060.0 108.80876445582317
15070.0 65.29129043435874
15080.0 94.51063994096069
15090.0 145.5563847088884
15100.0 98.10216275160948
15110.0 83.89063049222159
15120.0 106.63250432449587
15130.0 69.09879397009291
15140.0 183.09448542804864
15150.0 193.29039355823178
15160.0 119.12974512464376
15170.0 95.27386628138773
15180.0 108.130957934141
15190.0 117.64683115171059
15200.0 152.8420511067443
15210.0 118.70612662009842
15220.0 149.09419696403958
15230.0 381.8097122947125
15240.0 133.8220458072127
15250.0 186.34964148674968
15260.0 181.50077473340232
15270.0 173.86568747340732
15280.0 270.86181372643546
15290.0 389.6551855195373
15300.0 207.77601854015182
15310.0 238.11070202043848
15320.0 171.06981951449475
15330.0 388.435048229688
15340.0 439.57798728984955
15350.0 303.2042501085211
15360.0 234.48820860007265
15370.0 239.5307278237584
15380.0 383.70471389620394
15390.0 307.23685929595314
15400.0 444.28933250191034
15410.0 444.021404432071
15420.0 333.69946197764125
15430.0 364.0346168212537
15440.0 283.382210753384
15450.0 554.1292345730427
15460.0 563.8964260742143
15470.0 457.1771014817223
15480.0 635.0286367978731
15490.0 421.7893320498489
15500.0 491.0355190700265
15510.0 480.7953684244368
15520.0 546.8152315208679
15530.0 677.5790024943519
15540.0 662.3907273673763
15550.0 634.0167015500614
15560.0 522.2704101005432
15570.0 491.73781800202505
15580.0 486.28503681612085
15590.0 641.7846597056026
15600.0 552.8621004783059
15610.0 589.3796485803268
15620.0 651.9999360886543
15630.0 623.0822278435566
15640.0 481.89113792983267
15650.0 554.6248413671816
15660.0 658.7334930917682
15670.0 914.88738507169
15680.0 638.8693263570236
15690.0 555.3564709437
15700.0 798.0027618156729
15710.0 569.154702934923
15720.0 535.4730033274465
15730.0 638.5505962450584
15740.0 853.8567670533258
15750.0 589.9489763071567
15760.0 612.4451197850855
15770.0 689.8948464932536
15780.0 414.39042444203426
15790.0 406.710909575809
15800.0 531.3640719211858
15810.0 486.5657439276215
15820.0 473.64373116689046
15830.0 292.7136320695623
15840.0 411.07478115028374
15850.0 490.92241146406946
15860.0 387.6823929159716
15870.0 285.6140185271329
15880.0 425.96935934602806
15890.0 423.49112584661276
15900.0 397.01322231120787
15910.0 251.86996787374716
15920.0 362.31009560076353
15930.0 315.5288448179508
15940.0 266.87217064803673
15950.0 359.5059737389111
15960.0 262.0023984474426
15970.0 228.98674297178525
15980.0 474.19754334209387
15990.0 248.06243699818535
16000.0 265.7651415875166
16010.0 255.5820800087991
16020.0 211.34113239881938
16030.0 121.67249049863169
16040.0 257.8705827404962
16050.0 206.11255974885495
16060.0 109.44990940211642
16070.0 202.9946256974102
16080.0 115.57887890744243
16090.0 165.6373991163586
16100.0 115.30071867064541
16110.0 122.6487347752421
16120.0 113.33416996998228
16130.0 105.66344055130735
16140.0 103.83786021499148
16150.0 43.59297715459305
16160.0 85.60441461969934
16170.0 43.280379777551985
16180.0 38.14652661410363
16190.0 33.007741994741274
16200.0 57.92521237925312
16210.0 42.496131790531074
16220.0 100.11167876883292
16230.0 123.73327289038397
16240.0 159.4614480393349
16250.0 143.37395685636633
16260.0 93.89952340891223
16270.0 101.81499714544987
16280.0 111.12364733165477
16290.0 156.96790715537156
16300.0 63.57276932260469
16310.0 75.60089945912628
16320.0 58.46113861961666
16330.0 42.44597073999502
16340.0 71.58510662768006
16350.0 49.32390320810112
16360.0 50.19733304284804
16370.0 56.71522991292601
16380.0 51.82924529715794
16390.0 72.21391056427174
16400.0 59.70804488490269
16410.0 81.64716655112059
16420.0 40.060079766921724
16430.0 42.74510087370668
16440.0 73.89698785175092
16450.0 30.45673459925785
16460.0 28.595244561298312
16470.0 32.46730057946074
16480.0 24.80271457718973
16490.0 41.37069598457401
16500.0 44.07122923921873
16510.0 85.01074543755301
16520.0 75.13912023606157
16530.0 93.6993021909938
16540.0 79.05681646788862
16550.0 35.64296283705637
16560.0 20.310851770989323
16570.0 31.77879330062665
16580.0 19.84011135354708
16590.0 34.6447281561582
16600.0 47.454254310414505
16610.0 53.54199348233727
16620.0 47.02248665894952
16630.0 34.23307822978325
16640.0 62.46211142676164
16650.0 19.958361826004435
16660.0 7.405997920380097
16670.0 8.78999068866952
16680.0 3.5708573506903267
16690.0 11.312269181291299
16700.0 8.204656498632737
16710.0 6.770963977697084
16720.0 12.825113548848249
16730.0 20.124267039596038
16740.0 20.003394426790486
16750.0 38.097792443497035
16760.0 39.70504536966907
16770.0 41.00427926245126
16780.0 37.399307149474055
16790.0 43.893816991018085
16800.0 28.47842816800069
16810.0 20.025434869348512
16820.0 33.231827134113026
16830.0 23.433136353606187
16840.0 8.213859785044532
16850.0 15.875380097115572
16860.0 11.74920355633738
16870.0 4.061227367502433
16880.0 9.893583603788837
16890.0 7.596339477017455
16900.0 5.808064787811887
16910.0 10.049183955262858
16920.0 9.425391663810203
16930.0 12.08565686551731
16940.0 6.073379095936865
16950.0 6.2408528867074695
16960.0 3.884474015528308
16970.0 5.045230101870386
16980.0 6.464546454087008
16990.0 7.946474465847143
17000.0 5.794799071017938
17010.0 7.940211999248986
17020.0 12.244687247758295
17030.0 8.43090416768026
17040.0 4.490059885300186
17050.0 7.240194520936492
17060.0 15.339537193366231
17070.0 7.047196726659325
17080.0 13.1178705118011
17090.0 17.666862026755457
17100.0 9.344448266880562
17110.0 7.704692846955852
17120.0 16.285160139864118
17130.0 19.599940713163605
17140.0 11.167438088752567
17150.0 18.730973478560305
17160.0 46.17903859217718
17170.0 32.02380923556463
17180.0 28.984740978901964
17190.0 31.958853263383443
17200.0 15.230350150589741
17210.0 15.243067822305457
17220.0 15.712319963739258
17230.0 12.174412400956104
17240.0 8.629638567499105
17250.0 15.999356518194489
17260.0 10.590739429264735
17270.0 12.948693971689519
17280.0 13.920433821719497
17290.0 22.33514771554508
17300.0 26.81646873123993
17310.0 14.901933108984563
17320.0 20.477253280126654
17330.0 22.505228907836685
17340.0 38.72864998550599
17350.0 19.982637122894996
17360.0 17.55700606578412
17370.0 21.86465140385785
17380.0 22.0468459699594
17390.0 26.83593469419797
17400.0 20.277357923017995
17410.0 22.02314018135764
17420.0 18.998241621849676
17430.0 20.86310927236325
17440.0 15.5179761794779
17450.0 20.04047026386741
17460.0 15.798893872775384
17470.0 17.678080237514216
17480.0 20.340454923844476
17490.0 23.174754374387447
17500.0 21.690115849721845
17510.0 22.04238268393379
17520.0 35.872756810574884
17530.0 22.394499755885455
17540.0 16.11527886241724
17550.0 20.35458474040051
17560.0 24.904113075184775
17570.0 31.454213114307752
17580.0 25.715272771603402
17590.0 40.768725504758685
17600.0 34.74640497029428
17610.0 37.165777333674846
17620.0 13.199527382068773
17630.0 36.64073549875812
17640.0 19.517840533780998
17650.0 35.750879893948735
17660.0 24.667129804318687
17670.0 18.69951577958549
17680.0 11.907457517528178
17690.0 21.898557355412226
17700.0 15.86546842267856
17710.0 11.079828480790068
17720.0 14.016986137060018
17730.0 17.219877551043776
17740.0 11.230449632427574
17750.0 8.758046933853771
17760.0 12.53281466714619
17770.0 23.166398916360592
17780.0 20.223546557788623
17790.0 15.118010843902226
17800.0 28.513325080711
17810.0 5.272375625979759
17820.0 26.24911149933446
17830.0 20.760371055192
17840.0 7.053326974118447
17850.0 11.324680335707695
17860.0 12.508323481060668
17870.0 8.86150520923014
17880.0 21.497505516415778
17890.0 31.959498810484337
17900.0 10.962391151683068
17910.0 4.918147880999849
17920.0 6.269386122473161
17930.0 13.31085205769076
17940.0 15.001840887329212
17950.0 10.698444744770086
17960.0 7.918893654526689
17970.0 16.725689047206362
17980.0 48.485342713671606
17990.0 15.83524089421576
18000.0 4.622463513684091
18010.0 5.419953255260153
18020.0 5.28928045232153
18030.0 10.29371706325386
18040.0 13.011458106926986
18050.0 10.40931263975386
18060.0 3.7872664091527786
18070.0 7.357005034574079
18080.0 12.121370070153068
18090.0 21.873505627127177
18100.0 6.755824521232214
18110.0 10.856405380366773
18120.0 2.228413771892857
18130.0 26.829823974536875
18140.0 27.937450392734846
18150.0 4.873412178709388
18160.0 8.041151878237873
18170.0 15.920275223246037
18180.0 6.717940902209382
18190.0 17.14991050758842
18200.0 1.4961903128632534
18210.0 3.6556738138819953
18220.0 1.900486039996753
18230.0 61.40480806092068
18240.0 40.45591695250344
18250.0 13.836149692024899
18260.0 1.9534780317902616
18270.0 11.593492679827023
18280.0 6.617144071707079
18290.0 21.570474991544195
18300.0 5.8009869901945255
18310.0 5.618985078641507
18320.0 7.040437932518127
18330.0 16.201032687950164
18340.0 6.605281908871621
18350.0 5.735251774903432
18360.0 3.9212758383570483
18370.0 2.862009762716928
18380.0 7.282336281507071
18390.0 7.832311358771587
18400.0 6.458140856128876
18410.0 8.424082168290958
18420.0 4.329186488980907
18430.0 16.048664578537498
18440.0 19.15935595993327
18450.0 29.654259185549776
18460.0 3.4819373608130935
18470.0 3.499666493965004
18480.0 2.404525078870457
18490.0 9.90109678367942
18500.0 6.2516735684716975
18510.0 31.093689005661318
18520.0 16.105447019548215
18530.0 4.120294838262995
18540.0 3.172913629049762
18550.0 25.300556574561387
18560.0 5.942101568509467
18570.0 3.116213657328881
18580.0 16.178410412875905
18590.0 3.8813148317196076
18600.0 1.032649515899112
18610.0 9.535959466716909
18620.0 12.129365605313948
18630.0 6.259242248002103
18640.0 1.0575057026189087
18650.0 3.5236653455361013
18660.0 13.518757954441542
18670.0 1.4368530657064238
18680.0 2.4036548171156724
18690.0 4.958412440194988
18700.0 1.6524266229696165
18710.0 1.3126522016422464
18720.0 9.368277868361545
18730.0 0.8992007041661181
18740.0 15.041691130799357
18750.0 7.408901554081034
18760.0 8.019950505883248
18770.0 12.443542925752219
18780.0 13.063518157100964
18790.0 35.192903127932894
18800.0 24.071238091739996
18810.0 7.0212502173629
18820.0 45.131187945400825
18830.0 36.06358978370097
18840.0 8.117947914648184
18850.0 10.143612244580659
18860.0 31.544855604517714
18870.0 37.016144842652544
18880.0 25.692213722969875
18890.0 30.470364580323746
18900.0 11.798996560409401
18910.0 24.389117841559237
18920.0 9.271259771657475
18930.0 28.552858622385138
18940.0 30.513261963982224
18950.0 77.79186689372548
18960.0 46.97149253082062
18970.0 29.127986446712406
18980.0 15.785823744997673
18990.0 7.760413607080003
19000.0 9.862444195578666
19010.0 27.364973913093316
19020.0 26.72160822865161
19030.0 10.522576139290198
19040.0 28.838892912376267
19050.0 2.9088983755748674
19060.0 4.493459262137211
19070.0 43.19478629752875
19080.0 36.01837712872632
19090.0 34.1115837234497
19100.0 23.593079543541684
19110.0 3.464561058468852
19120.0 20.83551979249363
19130.0 4.670875070769765
19140.0 7.841138506579452
19150.0 34.50886873324186
19160.0 7.536287790618127
19170.0 33.811610662126846
19180.0 57.982287036618594
19190.0 13.802995221067842
19200.0 1.6219938447169968
19210.0 10.88793136178439
19220.0 34.95221608562131
19230.0 19.902992438650088
19240.0 2.3484923685076775
19250.0 37.72596297969192
19260.0 11.632466259939346
19270.0 9.667559803580707
19280.0 6.831640779146261
19290.0 25.177770521679818
19300.0 5.580549846177754
19310.0 3.8734765789908323
19320.0 14.023771684522043
19330.0 14.965160947138239
19340.0 12.105084921670585
19350.0 11.362934221128764
19360.0 4.858028882782441
19370.0 18.53040772321255
19380.0 11.691531870442425
19390.0 1.9041354355747258
19400.0 5.701451537862163
19410.0 3.241674368693315
19420.0 30.296199636733682
19430.0 18.15793001118062
19440.0 6.169638183558309
19450.0 9.147864250593416
19460.0 31.23503060897677
19470.0 6.369418728282321
19480.0 7.367133670775349
19490.0 10.61301051692489
19500.0 22.873167137403374
19510.0 25.09814853785589
19520.0 22.78766343444039
19530.0 12.382928457308129
19540.0 9.625560273546588
19550.0 3.7943519340284304
19560.0 11.39256722691067
19570.0 29.27354465811443
19580.0 13.679622984261062
19590.0 17.76526739896792
19600.0 24.521245731249756
19610.0 22.244459041423813
19620.0 12.423481140765347
19630.0 10.06311653255449
19640.0 36.75755298431968
19650.0 23.449844198802673
19660.0 29.987745048363767
19670.0 23.05749063438819
19680.0 31.172687844274773
19690.0 37.263007054415176
19700.0 20.269467412126115
19710.0 11.481350112690222
19720.0 54.95006059497467
19730.0 15.86464988418094
19740.0 24.828900649635
19750.0 12.105512700086908
19760.0 53.89554333436143
19770.0 38.82778822470907
19780.0 40.83873391618283
19790.0 35.84562777283885
19800.0 30.71944067703967
19810.0 31.42024441064327
19820.0 28.4549526526217
19830.0 43.595368711275825
19840.0 46.46970453990166
19850.0 43.89546630105242
19860.0 61.86092019123261
19870.0 46.32631849505296
19880.0 40.84497465523581
19890.0 19.34415538807085
19900.0 20.58938509183741
19910.0 48.18737710616937
19920.0 69.9634723999375
19930.0 53.81779967631424
19940.0 54.43265526236169
19950.0 60.80302870812496
19960.0 72.67813359018749
19970.0 26.315648504532096
19980.0 49.11188045019945
19990.0 69.86780259688852
20010.0 57.58156702819676
20020.0 41.55512303752664
20030.0 86.16755584522579
20040.0 61.94170210070024
20050.0 42.115365664299475
20060.0 40.686270771125535
20070.0 69.82366789506982
20080.0 69.45734972875037
20090.0 33.783410727288164
20100.0 68.64297838528688
20110.0 94.59096842230885
20120.0 71.1013995475898
20130.0 47.03221911794571
20140.0 83.87618132938644
20150.0 80.89078408578541
20160.0 44.88363863121
20170.0 35.357422637685204
20180.0 65.86481522159714
20190.0 51.551799966788934
20200.0 52.23140537356985
20210.0 76.40085727743413
20220.0 89.81177532813054
20230.0 94.93923031206694
20240.0 98.2055943171233
20250.0 49.07400434942533
20260.0 80.58859670371453
20270.0 96.68156135115848
20280.0 66.43603056693598
20290.0 64.90817712794292
20300.0 60.17791733528608
20310.0 123.86735551900604
20320.0 109.3348040754679
20330.0 58.01432660641606
20340.0 101.44463358639865
20350.0 98.54045924551194
20360.0 136.75942931048866
20370.0 87.76062687629714
20380.0 116.66670692119118
20390.0 93.32103801753232
20400.0 70.1046561073329
20410.0 90.1886376583988
20420.0 106.63510186483076
20430.0 117.41195861271788
20440.0 116.58741181248111
20450.0 86.41008655537166
20460.0 141.16578951928346
20470.0 152.46197266969077
20480.0 127.87478098664538
20490.0 99.24721857965717
20500.0 125.46188516376873
20510.0 117.43016472824826
20520.0 99.26018578065121
20530.0 104.30285066976745
20540.0 104.4458433675942
20550.0 134.85827559298068
20560.0 123.35824538470574
20570.0 132.09061227040175
20580.0 139.7434845352239
20590.0 150.6171717065041
20600.0 129.93036511670482
20610.0 141.8999556285361
20620.0 110.77759762584786
20630.0 104.08062234092158
20640.0 145.13627413807694
20650.0 129.44162359163275
20660.0 134.67450928898418
20670.0 131.8314780425737
20680.0 110.50153984412135
20690.0 124.0889922342775
20700.0 118.75217172515042
20710.0 120.33532646799264
20720.0 144.21831492201122
20730.0 129.28238109326637
20740.0 140.63496592513064
20750.0 115.1494213649242
20760.0 109.88975005725143
20770.0 124.47104197635225
20780.0 134.27691854893592
20790.0 137.75219652822406
20800.0 129.03527684613147
20810.0 116.44596560883033
20820.0 128.94396354481708
20830.0 133.7381671316549
20840.0 131.8568000914187
20850.0 124.68029817336564
20860.0 127.08229138720347
20870.0 127.45739969664035
20880.0 120.32372924031444
20890.0 136.68390518477733
20900.0 128.09345634930423
20910.0 129.09358612611769
20920.0 119.34398886807621
20930.0 121.79235755470592
20940.0 113.95522020165316
20950.0 129.17934546618093
20960.0 124.79100032794308
20970.0 128.3516428145091
20980.0 116.21899087974987
20990.0 118.27987656379895
21000.0 122.52785183819321
21010.0 111.54031172879077
21020.0 111.41752519242114
21030.0 114.6168515808578
21040.0 116.78016258022792
21050.0 119.39289847921917
21060.0 109.90364498012192
21070.0 115.36561406974303
21080.0 120.99822674596834
21090.0 111.86528402156915
21100.0 107.34944087373937
21110.0 106.68193231991671
21120.0 97.48892607122009
21130.0 112.40527416853968
21140.0 108.48823518119205
21150.0 104.3544459560733
21160.0 110.42162433056623
21170.0 86.42007176630021
21180.0 84.76918199396492
21190.0 97.87884339022277
21200.0 106.53931406419092
21210.0 104.52356380859234
21220.0 98.0598676222558
21230.0 84.01633252674141
21240.0 92.27411011328579
21250.0 96.93648390292982
21260.0 108.52414610440476
21270.0 80.41687227274025
21280.0 83.63525499709608
21290.0 93.43287859508239
21300.0 96.93227584779457
21310.0 95.21938056507156
21320.0 71.63048373552881
21330.0 94.8770515654898
21340.0 88.78496678233745
21350.0 101.84110630171052
21360.0 85.62033869924679
21370.0 61.72700954550143
21380.0 88.83978581135636
21390.0 88.48031292489617
21400.0 91.44771683030473
21410.0 77.93959197313988
21420.0 53.598273775642944
21430.0 68.65444003152876
21440.0 73.22481091977676
21450.0 65.08107679999549
21460.0 68.37084639279547
21470.0 54.1368344483807
21480.0 78.39693734999402
21490.0 66.22863802982843
21500.0 71.28080274176456
21510.0 65.2241359336436
21520.0 51.837699513378446
21530.0 80.26331803281816
21540.0 67.22655982656664
21550.0 49.06829135421039
21560.0 65.53373925511866
21570.0 54.54626836880351
21580.0 75.89588118965646
21590.0 63.1637752871651
21600.0 40.1772012579504
21610.0 51.39093480696084
21620.0 42.51118118499763
21630.0 67.69612323014621
21640.0 57.58748614362386
21650.0 50.825252154454915
21660.0 39.24036970219626
21670.0 36.283192652279375
21680.0 49.930995847214625
21690.0 51.23146055740115
21700.0 50.0228532477639
21710.0 52.86950581882677
21720.0 32.02196153435315
21730.0 50.55611892124098
21740.0 42.6084987852173
21750.0 52.13202075041398
21760.0 55.265662216316585
21770.0 44.36179249020981
21780.0 39.57164240134879
21790.0 40.73254124730987
21800.0 45.952869594109465
21810.0 54.87524105989455
21820.0 51.9864793842244
21830.0 28.47195632676984
21840.0 37.22283950704777
21850.0 41.62458255218257
21860.0 45.40577686387703
21870.0 41.28233506933911
21880.0 36.15289237219439
21890.0 25.217235186788724
21900.0 34.556729568617655
21910.0 31.683147315387938
21920.0 25.094712140261898
21930.0 23.325166804050355
21940.0 20.797541665069478
21950.0 13.211873836890101
21960.0 13.517349287765425
21970.0 13.118101619413553
21980.0 4.013712106407359
21990.0 3.4120423489220233
22000.0 4.174807289653548
22010.0 3.581735729522873
22020.0 2.3268477851540355
22030.0 8.018740100211055
22040.0 4.258108753231475
22050.0 2.85273575995243
22060.0 5.007976324244624
22070.0 7.062284372775472
22080.0 6.114345028469908
22090.0 8.867709132980632
22100.0 10.550220782756693
22110.0 11.075297464120649
22120.0 9.965192158070678
22130.0 10.608731039587918
22140.0 12.87106407538058
22150.0 17.63398457953016
22160.0 11.648304409985426
22170.0 14.74261734917864
22180.0 10.762874563025601
22190.0 18.803102811921768
22200.0 13.461936006618473
22210.0 11.982757036891691
22220.0 10.400634121581096
22230.0 11.927557125937582
22240.0 13.95065880314712
22250.0 13.408271786695119
22260.0 10.323174397680688
22270.0 6.652327843569785
22280.0 10.539398140869153
22290.0 13.385603145947334
22300.0 8.763308961964906
22310.0 4.983015852117379
22320.0 6.882448578324829
22330.0 9.835222384277252
22340.0 11.33959154505747
22350.0 9.545378151506824
22360.0 5.527294798020479
22370.0 6.33131496541469
22380.0 6.8598188502232755
22390.0 7.656196851016358
22400.0 4.350804371894993
22410.0 4.640157343862319
22420.0 5.999772182949346
22430.0 5.003475025236413
22440.0 8.957940086283733
22450.0 3.3119488085274056
22460.0 2.3753057044812533
22470.0 4.745798132658307
22480.0 3.9659148712577066
22490.0 5.484529745613278
22500.0 2.7938802844090045
22510.0 4.80641792731974
22520.0 3.364784267254227
22530.0 2.866740717671662
22540.0 7.403196810954913
22550.0 3.3646196370612635
22560.0 2.3844462921960474
22570.0 3.415836122369198
22580.0 7.3360325843435215
22590.0 4.089299700414618
22600.0 4.357721796575204
22610.0 2.419239066811255
22620.0 5.949855022998016
22630.0 5.891828053397595
22640.0 3.429390800967138
22650.0 6.36232483281438
22660.0 7.012852156678205
22670.0 4.292990521254852
22680.0 2.3760224121101716
22690.0 4.73403796009637
22700.0 7.643256718492384
22710.0 4.670256664491843
22720.0 2.9855589689381814
22730.0 6.730177111100085
22740.0 6.008987604107295
22750.0 3.199395584903957
22760.0 4.878893180402882
22770.0 4.34630861162643
22780.0 4.477093005601985
22790.0 6.6229719810389645
22800.0 3.2946383901008223
22810.0 6.017728030343307
22820.0 3.2054822451509546
22830.0 3.1488554696429807
22840.0 2.970960573004243
22850.0 3.822597548969438
22860.0 2.4889662868241356
22870.0 3.9125958236918104
22880.0 3.024820699178939
22890.0 2.0465895832534984
22900.0 2.1615056943042714
22910.0 2.7314706943158455
22920.0 1.788591883854365
22930.0 2.2705856589948397
22940.0 2.6199436424928733
22950.0 1.6742155913197814
22960.0 2.294569577245602
22970.0 3.2444058529499653
22980.0 2.162142056124764
22990.0 3.803252682983981
23000.0 1.9312584068188614
23010.0 5.616236257466769
23020.0 2.462718944485469
23030.0 2.152533638750446
23040.0 3.2650492538872746
23050.0 4.817188613182262
23060.0 4.731771400092771
23070.0 5.815972412989991
23080.0 7.295973799920897
23090.0 6.4918433476649255
23100.0 11.64540374159013
23110.0 9.414335548034458
23120.0 8.66196150266906
23130.0 11.548316083022623
23140.0 9.81484028922083
23150.0 7.8442037031197405
23160.0 0.7413802912508702
23170.0 0.853951972280959
23180.0 1.3133135637295144
23190.0 0.6520321040477765
23200.0 1.1919296811593594
23210.0 1.6629362749783303
23220.0 1.7630965713019786
23230.0 2.203125919455121
23240.0 1.7479514361567887
23250.0 1.552561241473749
23260.0 1.9128490813209749
23270.0 2.851339344886921
23280.0 1.7539473361429252
23290.0 2.5915415790849265
23300.0 2.1828568983686703
23310.0 2.211469017192589
23320.0 3.7083551863634514
23330.0 2.464083182727533
23340.0 1.2836919650601384
23350.0 2.7219333516184316
23360.0 2.524815218101316
23370.0 3.8004673699379534
23380.0 2.0400254887452913
23390.0 1.7500780243385614
23400.0 2.713994894515236
23410.0 2.5053832537090703
23420.0 4.6145370472934095
23430.0 2.4554385015712445
23440.0 2.434016512978316
23450.0 1.7223051484952807
23460.0 3.0866721729014146
23470.0 2.8989902989282195
23480.0 1.7591511053121174
23490.0 4.2810327581449625
23500.0 1.5919577427548166
23510.0 2.399164477840027
23520.0 3.813645822906801
23530.0 2.4516383232450143
23540.0 2.7263120466469735
23550.0 1.8598858579209008
23560.0 3.816176139686307
23570.0 5.765092975038872
23580.0 1.5061315002292082
23590.0 3.7327358625670795
23600.0 6.758743817706726
23610.0 3.2363937110092103
23620.0 6.4778443161836545
23630.0 3.4934348988213673
23640.0 6.3753350756706
23650.0 5.756988907333498
23660.0 4.503894591735523
23670.0 2.3467912005969156
23680.0 6.619781727919773
23690.0 4.2367693634867525
23700.0 0.43196218002380526
23710.0 0.6832181510730483
23720.0 1.2164013043504727
23730.0 2.865911263473358
23740.0 2.4530745173011312
23750.0 2.560938851751332
23760.0 2.740281595859703
23770.0 3.1037525346705683
23780.0 2.5688920848936125
23790.0 3.305509201592121
23800.0 2.0414557988627213
23810.0 3.1639821139756528
23820.0 2.668166712671645
23830.0 1.6729801659598795
23840.0 3.161209268070428
23850.0 5.09806327692599
23860.0 3.2782471384234544
23870.0 5.336242563782248
23880.0 5.374658178903359
23890.0 4.814845062050104
23900.0 4.730889506490147
23910.0 3.0394030065629614
23920.0 6.01524769850141
23930.0 5.244214998907018
23940.0 4.575724006534277
23950.0 5.6195714076475305
23960.0 4.344804381022524
23970.0 6.27569220394137
23980.0 6.555119890403787
23990.0 8.695886462426522
24000.0 4.166203251957583
24010.0 6.738104375796864
24020.0 10.571628215177736
24030.0 8.302152270009207
24040.0 9.50793149692938
24050.0 7.428174118315056
24060.0 10.432412265548018
24070.0 5.3020882108084155
24080.0 8.32810351384475
24090.0 5.383943547107817
24100.0 9.256652707281226
24110.0 14.221095121633667
24120.0 12.662726577770586
24130.0 7.40508194722766
24140.0 9.215920311704217
24150.0 11.030738434677152
24160.0 7.822278801994574
24170.0 7.999416283399661
24180.0 6.110515904527861
24190.0 4.833421785751505
24200.0 12.064349220328126
24210.0 14.959690093660218
24220.0 5.423688025482445
24230.0 4.437191794449244
24240.0 4.851966075111804
24250.0 7.776569386862505
24260.0 7.6467950485592775
24270.0 6.614588804107281
24280.0 6.9623691306782
24290.0 12.533783291565188
24300.0 13.383505418460828
24310.0 13.04562846274486
24320.0 12.044633580141895
24330.0 8.091832687520728
24340.0 11.182084771732908
24350.0 4.415216306797841
24360.0 4.885148016564931
24370.0 9.561266115322262
24380.0 18.306107198609897
24390.0 17.100172553804992
24400.0 11.323194488684901
24410.0 15.296866392819537
24420.0 12.236127836351569
24430.0 14.913737323871226
24440.0 15.056664242750845
24450.0 9.627043307209176
24460.0 13.763317313225437
24470.0 8.194845642358754
24480.0 12.229082147750303
24490.0 18.648048712215815
24500.0 14.336184850422102
24510.0 7.761190329577643
24520.0 14.175946163835283
24530.0 10.044428484545024
24540.0 11.512505986047117
24550.0 21.012422644678285
24560.0 14.244689968006714
24570.0 19.051122462089197
24580.0 16.859211074797688
24590.0 12.152410381551993
24600.0 23.640597646223316
24610.0 11.94527596311277
24620.0 15.364465273038707
24630.0 21.339028834256112
24640.0 24.223900350320505
24650.0 24.106401743707703
24660.0 27.205149949067913
24670.0 12.55877791042914
24680.0 9.867294529273577
24690.0 16.36173379297148
24700.0 23.137519870102764
24710.0 19.046253136637148
24720.0 9.45952004428073
24730.0 12.10435240964119
24740.0 17.093914699782115
24750.0 9.216859928520577
24760.0 32.34623709884104
24770.0 12.332042874322951
24780.0 8.61174405543715
24790.0 14.434040371442224
24800.0 22.46083650366328
24810.0 14.857005927147098
24820.0 12.681928330192376
24830.0 14.083647594968305
24840.0 20.774634925729078
24850.0 34.200659505102635
24860.0 19.66930066362336
24870.0 12.70620300829128
24880.0 8.003096755103465
24890.0 5.1542334382379345
24900.0 4.051700980480303
24910.0 13.117017921900922
24920.0 23.211680552431698
24930.0 21.853592471654526
24940.0 12.231528390739209
24950.0 26.849551881753207
24960.0 7.653294898377015
24970.0 6.672026853936951
24980.0 14.01574586511896
24990.0 12.009440790195583
