#lam[Angstrom] flux[erg/cm2/s/A]
1010.0 2945.587028543368
1020.0 3050.0225289671503
1030.0 10522.410091005662
1040.0 4147.767596788644
1050.0 3123.2636037366606
1060.0 3151.4981560135775
1070.0 3327.884167389033
1080.0 10071.166501588874
1090.0 10260.240444073384
1100.0 3289.1579891593738
1110.0 3315.5240829388977
1120.0 3444.42468299195
1130.0 3350.37074066346
1140.0 3638.513051038133
1150.0 3414.4661817536035
1160.0 3479.3898319776326
1170.0 3485.8272901396867
1180.0 3500.839404330114
1190.0 3522.1468445549676
1200.0 5310.875817705243
1210.0 4726.977731216432
1220.0 30075.013225048293
1230.0 4350.348415821542
1240.0 17734.05971830219
1250.0 6176.83301074352
1260.0 8595.622648668003
1270.0 8830.95592585817
1280.0 9117.503702313941
1290.0 9840.268812515453
1300.0 10596.882878489265
1310.0 11653.653436622557
1320.0 12172.626971111764
1330.0 12378.114766186562
1340.0 13815.0908971928
1350.0 13295.872376923124
1360.0 13612.923665230637
1370.0 13814.531089262004
1380.0 14107.435000118843
1390.0 32299.732786624358
1400.0 35919.78272057193
1410.0 26554.315185429758
1420.0 14979.100739973086
1430.0 14709.033199086894
1440.0 14784.48543781481
1450.0 14882.853146577767
1460.0 14999.976239944759
1470.0 15116.240320344008
1480.0 15187.427293816983
1490.0 23836.613741331228
1500.0 15037.216947862893
1510.0 15012.452878888016
1520.0 15028.93365757243
1530.0 15704.085970404061
1540.0 14923.392631530422
1550.0 211900.15935370314
1560.0 14929.38978752032
1570.0 14865.324771108395
1580.0 15575.643298136682
1590.0 14851.230295545567
1600.0 16283.318638973786
1610.0 14822.306786729021
1620.0 14821.12971341684
1630.0 14733.410611288902
1640.0 134755.5087544846
1650.0 14610.034329400733
1660.0 18898.52962033769
1670.0 25735.172943821002
1680.0 14516.432678760571
1690.0 14472.581843152591
1700.0 14413.432928022272
1710.0 14340.585519281234
1720.0 15394.972018484434
1730.0 14412.622795389696
1740.0 14685.480173720021
1750.0 21788.68494489971
1760.0 14284.366852151128
1770.0 14279.871828825999
1780.0 14322.899988922949
1790.0 15317.806867298441
1800.0 14226.914750735377
1810.0 17547.534900667873
1820.0 17848.955149316727
1830.0 13964.290967573823
1840.0 13875.21687591165
1850.0 14980.460658530636
1860.0 14410.938063418345
1870.0 13712.609400976684
1880.0 22482.499093366874
1890.0 28136.3009791823
1900.0 13576.162384247693
1910.0 91216.07649141138
1920.0 13482.270628305943
1930.0 13542.199804752905
1940.0 13296.48920166417
1950.0 13289.236835557978
1960.0 13154.04917916243
1970.0 13076.62129361305
1980.0 13006.6475054651
1990.0 12949.558081789852
2000.0 12861.971417702089
2010.0 12749.884259293776
2020.0 12221.698021566757
2030.0 11527.442453955418
2040.0 11188.666275063813
2050.0 10679.760060624281
2060.0 10501.929722447907
2070.0 10581.323529988977
2080.0 10348.652243060224
2090.0 10670.56082253536
2100.0 10440.311930246116
2110.0 10441.904291705712
2120.0 10743.326682071709
2130.0 10728.4516377687
2140.0 11284.03374574505
2150.0 10322.824560536623
2160.0 10402.325976547232
2170.0 10151.891995963813
2180.0 10551.45819856364
2190.0 10321.25261199724
2200.0 10424.868224216221
2210.0 10550.777860129769
2220.0 11070.135325569727
2230.0 10831.419826362897
2240.0 11006.217565011291
2250.0 11689.89636061144
2260.0 11406.315559013683
2270.0 11633.732619810906
2280.0 11870.884932049074
2290.0 12118.696088124816
2300.0 12673.405810210274
2310.0 13333.360632486472
2320.0 13996.390417248684
2330.0 25081.17146969836
2340.0 15900.737102667616
2350.0 14178.968234921083
2360.0 13841.575922882002
2370.0 14112.675699623856
2380.0 14380.260560134318
2390.0 15719.588322604464
2400.0 14923.819048443222
2410.0 15233.41562448303
2420.0 15444.160935120668
2430.0 33440.363800477004
2440.0 15955.082935695167
2450.0 16259.009792572899
2460.0 16459.141768252022
2470.0 16711.710323362408
2480.0 16966.357440403746
2490.0 17226.40307791467
2500.0 17461.169609705234
2510.0 19487.550673486872
2520.0 17985.648320108918
2530.0 18227.06836730449
2540.0 18430.665600206903
2550.0 18673.789019478423
2560.0 21632.22919883937
2570.0 19132.074277211283
2580.0 19377.52145953734
2590.0 20092.885789754586
2600.0 19850.95759232052
2610.0 20059.50460984145
2620.0 20263.27225784834
2630.0 20484.40491657456
2640.0 20715.554805771797
2650.0 20898.610328553936
2660.0 21040.36852711618
2670.0 23620.586701542434
2680.0 21400.231190795843
2690.0 21614.78327550935
2700.0 21818.73160658256
2710.0 21979.053572416873
2720.0 22256.40448753329
2730.0 23851.581537287922
2740.0 24057.23914256938
2750.0 22810.54230049481
2760.0 23107.938048049084
2770.0 23239.568589567763
2780.0 23450.649760534794
2790.0 93554.51380805287
2800.0 59086.676015507226
2810.0 24114.922346149535
2820.0 24312.01185449478
2830.0 37887.60605879716
2840.0 24702.649454000762
2850.0 26354.281136281366
2860.0 25596.944008970488
2870.0 25337.22695630354
2880.0 25559.364493191806
2890.0 25749.04752675309
2900.0 25943.725444891486
2910.0 26122.37048311627
2920.0 26313.796602557857
2930.0 30669.99510119127
2940.0 26701.508560425184
2950.0 27478.575397430057
2960.0 27097.750508145364
2970.0 27302.774864459654
2980.0 27583.044128256544
2990.0 27703.974075182326
3000.0 27871.686141609833
3010.0 28070.892957958207
3020.0 28284.813225634403
3030.0 28465.25253050262
3040.0 28678.875768398302
3050.0 28850.60708536543
3060.0 29034.26876966838
3070.0 29221.09526967417
3080.0 29393.465035470235
3090.0 29551.56805725007
3100.0 29861.041638242597
3110.0 30008.082559933446
3120.0 30195.7064591504
3130.0 30282.170935839666
3140.0 30439.48746325387
3150.0 30606.946188208432
3160.0 30764.68734139633
3170.0 30903.542850003232
3180.0 31096.454681517083
3190.0 32266.589645296408
3200.0 31482.683363145832
3210.0 36953.506648175644
3220.0 31852.04583202387
3230.0 32055.809774122834
3240.0 32304.82066483976
3250.0 32371.49262562385
3260.0 32628.847073895304
3270.0 32654.316118319708
3280.0 32793.80167760802
3290.0 32966.74427755337
3300.0 33068.62874769702
3310.0 33212.85373712229
3320.0 33351.42356066518
3330.0 33502.36865327696
3340.0 37162.678899752966
3350.0 33820.50068707278
3360.0 34187.27998930504
3370.0 34117.292080767256
3380.0 34276.20732943734
3390.0 34455.39225151199
3400.0 34584.32780672324
3410.0 34714.48959957922
3420.0 39350.44728985115
3430.0 39486.56284025024
3440.0 35171.95199583248
3450.0 35248.55548367675
3460.0 35463.80714168058
3470.0 35675.475794653765
3480.0 35915.47138989354
3490.0 36069.94174605535
3500.0 35918.55115076167
3510.0 35741.33555031846
3520.0 35683.782073969676
3530.0 35893.32630435289
3540.0 35899.87233970833
3550.0 36086.095181103825
3560.0 36110.33668964005
3570.0 36213.86472383497
3580.0 37371.82858448041
3590.0 36291.319112605925
3600.0 36264.45424422118
3610.0 36291.13020919821
3620.0 36566.14139059068
3630.0 36722.384433825224
3640.0 36581.607557666306
3650.0 36675.59916277032
3660.0 37170.731681453435
3670.0 37262.38818989605
3680.0 36951.62430448207
3690.0 37143.2821687383
3700.0 37130.90133154486
3710.0 36872.49164102758
3720.0 32457.72323085844
3730.0 54113.040569757715
3740.0 28242.297082124547
3750.0 29713.889384960738
3760.0 28385.072014603338
3770.0 31581.156381724035
3780.0 28523.94575521148
3790.0 28591.81105727424
3800.0 30845.43552841626
3810.0 28724.03212189793
3820.0 29127.062997539695
3830.0 28851.400314590377
3840.0 31852.019068681322
3850.0 29117.493470058194
3860.0 58064.471757194195
3870.0 29481.558819706024
3880.0 35434.30264030641
3890.0 29599.319470145118
3900.0 35032.03645310951
3910.0 29715.22268580296
3920.0 29707.25786345791
3930.0 29321.707722551357
3940.0 29166.40007724449
3950.0 28928.1811167427
3960.0 37965.97357865296
3970.0 29015.340479095034
3980.0 35321.96109705472
3990.0 29100.84560608676
4000.0 29151.229738550985
4010.0 29194.961378206488
4020.0 30117.36993969187
4030.0 29280.143975648083
4040.0 29325.2956369365
4050.0 29371.57123234333
4060.0 29437.317958985892
4070.0 29460.23684112205
4080.0 33158.526234356024
4090.0 29539.863334098845
4100.0 39529.7937563264
4110.0 29607.88885958674
4120.0 29729.257692351814
4130.0 29674.493700514744
4140.0 29805.861100820486
4150.0 29723.26444034978
4160.0 29736.016389687808
4170.0 29723.55039292434
4180.0 29732.73689183137
4190.0 29736.540331898857
4200.0 29986.164611562916
4210.0 29798.6175226721
4220.0 29830.243748742556
4230.0 29846.70395654356
4240.0 29849.21075906411
4250.0 29862.48406360525
4260.0 29884.801572891094
4270.0 29955.472663678076
4280.0 29938.454317332198
4290.0 29973.546044975006
4300.0 29998.16243407149
4310.0 30029.229505209125
4320.0 30058.47379197054
4330.0 47527.86950513708
4340.0 30083.989691010196
4350.0 33438.30993984279
4360.0 30097.384093543173
4370.0 30120.60072935837
4380.0 30146.17919832895
4390.0 30165.936260190047
4400.0 30350.209481546055
4410.0 30191.133155412164
4420.0 30206.63016477077
4430.0 30204.55518611767
4440.0 30258.232241948997
4450.0 30245.190363150516
4460.0 31615.1029436279
4470.0 30273.7730630239
4480.0 30274.952273548806
4490.0 30293.457531264885
4500.0 30305.57562635169
4510.0 30328.822391061694
4520.0 30343.62040026998
4530.0 30737.042095243258
4540.0 30382.035536074127
4550.0 30388.911009869633
4560.0 30419.884934301153
4570.0 30420.269444977523
4580.0 30490.20332973603
4590.0 30433.64794420835
4600.0 30609.38919974703
4610.0 30447.056198685066
4620.0 30532.68346326329
4630.0 30566.49331428589
4640.0 30710.737297987707
4650.0 32903.310541980194
4660.0 30842.06496358728
4670.0 30920.011130905583
4680.0 30854.410302868942
4690.0 41940.73753406966
4700.0 31144.662228942103
4710.0 31495.754075147874
4720.0 32664.671692795877
4730.0 31042.689280376413
4740.0 32254.78973378623
4750.0 30527.528387872477
4760.0 31153.552539377244
4770.0 30470.672999088976
4780.0 30475.79799786461
4790.0 30628.70609984274
4800.0 30454.542374833276
4810.0 30423.213205690245
4820.0 30481.651100685667
4830.0 30491.503992572194
4840.0 30509.538713660924
4850.0 30500.454498891082
4860.0 65480.14593096914
4870.0 30572.004420480796
4880.0 31248.406297121262
4890.0 31323.848160617203
4900.0 30671.08402548742
4910.0 30689.64096522993
4920.0 30734.1529011382
4930.0 31465.502091507125
4940.0 30675.21794382319
4950.0 30670.366059127195
4960.0 117993.36212460812
4970.0 30485.8320582698
4980.0 31350.972309813344
4990.0 30472.310623093857
5000.0 30466.125769467893
5010.0 293962.93699849345
5020.0 30425.173134821795
5030.0 30417.84559710488
5040.0 30388.930335603407
5050.0 30373.047400618707
5060.0 30402.159613758802
5070.0 30330.17403160558
5080.0 30365.308190231277
5090.0 30287.24062164731
5100.0 30282.690130789448
5110.0 30246.715821474154
5120.0 30237.561494446683
5130.0 30220.602974475052
5140.0 30196.475214797563
5150.0 30169.220468954256
5160.0 30718.886894538024
5170.0 30124.512197605083
5180.0 30103.525963077438
5190.0 30990.440927601983
5200.0 30140.154708239203
5210.0 30161.113143743343
5220.0 30274.732711018583
5230.0 30228.435722425966
5240.0 30226.508556995195
5250.0 30184.172761540955
5260.0 30889.502191438653
5270.0 30784.54341877615
5280.0 30168.71837420546
5290.0 30172.673703160588
5300.0 30116.27197966021
5310.0 30156.061853374656
5320.0 30657.001733761605
5330.0 30009.5339804661
5340.0 30062.64964945344
5350.0 30020.60135963099
5360.0 30014.578294748833
5370.0 29938.992356158742
5380.0 29977.67599977965
5390.0 29920.452191019944
5400.0 29850.613041943376
5410.0 29813.35247549907
5420.0 30296.19474936798
5430.0 30187.773290127967
5440.0 29790.54676473532
5450.0 29708.475526097747
5460.0 29676.317805639326
5470.0 29634.03700389449
5480.0 29583.44318306232
5490.0 29560.817276391143
5500.0 29527.158151389194
5510.0 29611.315659930846
5520.0 29481.843787670885
5530.0 29522.974954135338
5540.0 29471.690188722863
5550.0 29389.2817238258
5560.0 29361.786716685714
5570.0 29322.077103484964
5580.0 29290.67110716076
5590.0 29300.47198695162
5600.0 29237.53222290507
5610.0 29200.18867235051
5620.0 29179.50281037205
5630.0 29149.477077187934
5640.0 29114.58185427611
5650.0 29086.819941558617
5660.0 29036.76405919357
5670.0 28999.690636325606
5680.0 28931.7275407291
5690.0 28836.791367979717
5700.0 28756.025131398634
5710.0 28684.21035008264
5720.0 28639.36822965402
5730.0 29825.923511515077
5740.0 28539.640991967804
5750.0 28493.132886052263
5760.0 28780.506442862283
5770.0 28402.494542876244
5780.0 28362.000164045123
5790.0 28320.820594512406
5800.0 28276.07125012516
5810.0 28231.76792572114
5820.0 28722.829854695374
5830.0 28138.39932722455
5840.0 28086.667114117725
5850.0 28042.425596996858
5860.0 27999.14729066103
5870.0 27952.075598379357
5880.0 31457.18596701285
5890.0 27863.27264228862
5900.0 27827.2490217922
5910.0 27799.29266099441
5920.0 27776.81834682178
5930.0 27759.449616894937
5940.0 27731.72844284499
5950.0 27696.264961350815
5960.0 27661.484742447952
5970.0 27697.429376628006
5980.0 27616.269134501792
5990.0 27598.887511066376
6000.0 27618.180388509663
6010.0 27569.676293470624
6020.0 27559.41015560448
6030.0 27569.569705260747
6040.0 27544.54083107823
6050.0 27535.91289041228
6060.0 27536.53297314978
6070.0 27528.72862976817
6080.0 27531.689865979824
6090.0 29409.165405560736
6100.0 27473.034323196916
6110.0 27465.398160530218
6120.0 27494.004566749813
6130.0 27495.813266414803
6140.0 27502.211739688875
6150.0 27486.67638056491
6160.0 27419.451913283145
6170.0 27415.257802558008
6180.0 27441.294690275066
6190.0 27372.529664209174
6200.0 27386.09305521568
6210.0 27380.893055552773
6220.0 27330.645503895375
6230.0 27324.536251962192
6240.0 27337.392555556813
6250.0 27338.69726975826
6260.0 27353.89838701232
6270.0 27361.27933887322
6280.0 27345.619286568624
6290.0 27356.099367479568
6300.0 30195.85748613903
6310.0 27335.485317445375
6320.0 27365.84769943757
6330.0 27366.189067064304
6340.0 27422.667578176264
6350.0 27429.99409027315
6360.0 27234.27205879285
6370.0 27778.63212827341
6380.0 27065.27425172877
6390.0 27093.35940394686
6400.0 27261.64326614706
6410.0 27391.362851154277
6420.0 27398.609042750108
6430.0 27694.08683629574
6440.0 27559.954562841926
6450.0 27592.900766779792
6460.0 27603.295361629695
6470.0 27772.435089391663
6480.0 27579.200067058635
6490.0 27563.84728771732
6500.0 27607.511230166616
6510.0 27677.075503989778
6520.0 27714.168666114303
6530.0 27876.355414720143
6540.0 27864.395704060036
6550.0 27763.095873137805
6560.0 120056.57278973651
6570.0 27774.669345305658
6580.0 27801.011474447732
6590.0 40132.839856524784
6600.0 27797.423873095104
6610.0 27798.19411073941
6620.0 27806.962196674867
6630.0 27743.378029109736
6640.0 27695.568062998485
6650.0 27426.652676812322
6660.0 27177.388991280295
6670.0 27328.450289025328
6680.0 27135.70649862386
6690.0 27855.024268860463
6700.0 27101.760941843575
6710.0 26958.725957145904
6720.0 26719.65239708425
6730.0 32935.192559627
6740.0 26889.39609315091
6750.0 26771.89673652285
6760.0 26824.093156140258
6770.0 26882.38305236807
6780.0 26760.552920707225
6790.0 26965.80053157621
6800.0 26658.921118214006
6810.0 26665.920270956078
6820.0 26545.83642832961
6830.0 26576.193725765894
6840.0 26433.373073501218
6850.0 26276.667077361257
6860.0 26142.867301544145
6870.0 26117.63129536874
6880.0 26024.0635280213
6890.0 25801.406323628427
6900.0 25901.083142278538
6910.0 25950.176337320994
6920.0 25813.615655385714
6930.0 26139.358239308032
6940.0 26188.25056342414
6950.0 26494.722151562433
6960.0 26448.916556886434
6970.0 26319.88298579288
6980.0 26345.7373153697
6990.0 26339.820040555533
7000.0 26898.020507109308
7010.0 26665.239137524957
7020.0 26914.11154748052
7030.0 27395.512318828416
7040.0 28436.664236273544
7050.0 28845.484483859615
7060.0 26199.43664323385
7070.0 28886.951259789785
7080.0 26730.76252833976
7090.0 25998.50109147294
7100.0 26006.85151460075
7110.0 26182.806434020582
7120.0 26454.11780868989
7130.0 25622.154505700917
7140.0 28992.073563758917
7150.0 25993.160083990835
7160.0 26079.027304808253
7170.0 26142.49035626534
7180.0 26540.200834792366
7190.0 26692.887984085683
7200.0 26345.62809220709
7210.0 26404.628043906367
7220.0 26718.46744618374
7230.0 26795.165373154818
7240.0 26969.230030689047
7250.0 28225.72282342429
7260.0 27731.379534607517
7270.0 27594.72738838908
7280.0 27487.23608725085
7290.0 29136.847868102923
7300.0 28490.439126534162
7310.0 28840.46012899569
7320.0 33103.9136693553
7330.0 29494.009730921127
7340.0 27188.670008070687
7350.0 25787.05222969537
7360.0 26446.11033349498
7370.0 27025.514572076776
7380.0 25543.94916658331
7390.0 25191.070200249815
7400.0 24997.11026872304
7410.0 24641.220151435962
7420.0 23999.432369381553
7430.0 24513.822158180803
7440.0 24466.638678519394
7450.0 23476.961535787475
7460.0 23747.803881296484
7470.0 23987.165422683334
7480.0 23775.257390282957
7490.0 24168.167403352338
7500.0 24299.40961282797
7510.0 23793.055161787117
7520.0 24113.620372605576
7530.0 24300.990077958577
7540.0 24205.91473905485
7550.0 24777.197367711393
7560.0 24511.829226359172
7570.0 24569.725919480996
7580.0 24498.282101476943
7590.0 23996.297284321907
7600.0 24075.254774606932
7610.0 23798.63181908449
7620.0 23854.250530648886
7630.0 22722.664901124153
7640.0 21413.794160933918
7650.0 20572.448617757203
7660.0 20416.96149839278
7670.0 20328.92286376976
7680.0 20375.976387014132
7690.0 20282.6233456884
7700.0 20335.402551348427
7710.0 20267.284448299477
7720.0 20673.33025049156
7730.0 21552.4610997364
7740.0 23421.64649862326
7750.0 23525.964526151063
7760.0 24202.341868070307
7770.0 24803.25986972222
7780.0 25215.402808797247
7790.0 25202.56326542868
7800.0 22339.401542582833
7810.0 25877.97712074164
7820.0 26567.461069136763
7830.0 26703.632420853424
7840.0 26974.594009071378
7850.0 27363.2357524709
7860.0 27642.823335919267
7870.0 27713.44489493659
7880.0 28367.83079633413
7890.0 28822.01207225767
7900.0 28880.142715757913
7910.0 27946.59179456776
7920.0 27946.3345661278
7930.0 27583.249114217688
7940.0 27166.400054312253
7950.0 24579.168495211346
7960.0 29264.80226616791
7970.0 28898.040229795773
7980.0 28424.25787443261
7990.0 28397.873656188884
8000.0 29418.293620115808
8010.0 28343.635104506706
8020.0 29158.24811989739
8030.0 30040.953532118278
8040.0 30634.783895452725
8050.0 28736.8844426567
8060.0 30311.079385581164
8070.0 31321.42798423017
8080.0 32076.858126415387
8090.0 33987.94953647492
8100.0 35434.85035835177
8110.0 35711.755774369274
8120.0 36201.66000127903
8130.0 38628.932065285786
8140.0 39666.24718783333
8150.0 41369.22322200617
8160.0 40821.91373100817
8170.0 41567.22774446066
8180.0 33750.09541413249
8190.0 32842.65094091481
8200.0 33587.7345369689
8210.0 36994.184608126285
8220.0 39272.34976472387
8230.0 41232.068608389935
8240.0 42732.86041919802
8250.0 43092.25299202032
8260.0 43504.54408111838
8270.0 41453.679799662365
8280.0 40654.8818070427
8290.0 40614.594479732245
8300.0 40021.826575899424
8310.0 41205.223760327644
8320.0 42391.5031318593
8330.0 41720.991316298285
8340.0 41770.94103213708
8350.0 41881.69202117853
8360.0 42947.834491888076
8370.0 43417.098785925904
8380.0 42658.761949266736
8390.0 41063.27530701588
8400.0 43831.94227768491
8410.0 44865.79604963766
8420.0 43850.928314399964
8430.0 40123.06098073379
8440.0 34245.11033737774
8450.0 31486.452431495734
8460.0 31111.969681046645
8470.0 31134.248124495374
8480.0 32268.77723793232
8490.0 33418.336146525
8500.0 33594.051984386635
8510.0 33326.720749886765
8520.0 29379.11225011731
8530.0 30115.030874734097
8540.0 30129.85428520926
8550.0 32085.961097294043
8560.0 33393.88311724657
8570.0 34578.266308022794
8580.0 32620.730171123345
8590.0 30129.037486881578
8600.0 27948.7060014885
8610.0 29260.53193411661
8620.0 29736.49683169381
8630.0 28120.352341833877
8640.0 30095.14017608558
8650.0 27854.194606545723
8660.0 28360.265917712208
8670.0 27660.894291466655
8680.0 26861.169739706274
8690.0 28029.233957715078
8700.0 26895.89284449265
8710.0 28097.077509613984
8720.0 28501.334347495686
8730.0 30513.359131304354
8740.0 30317.444658675897
8750.0 29885.228917121443
8760.0 33291.21698719662
8770.0 32508.940539285344
8780.0 34557.23634735838
8790.0 37488.18051892858
8800.0 39382.77419840383
8810.0 39305.380557126125
8820.0 39146.086241181445
8830.0 41744.74815126113
8840.0 46939.515601888415
8850.0 48388.73317280247
8860.0 37478.398659965496
8870.0 34710.82551676087
8880.0 36789.28426576074
8890.0 38059.54801707082
8900.0 40500.23986378475
8910.0 43431.14734849294
8920.0 42845.19331469529
8930.0 47677.087543041715
8940.0 36598.51392765075
8950.0 41072.85864986881
8960.0 45952.48013892675
8970.0 45997.05173064898
8980.0 49551.44734829325
8990.0 54535.1379728973
9000.0 52483.090119887915
9010.0 54940.64253852968
9020.0 53297.08759929926
9030.0 51531.019407938016
9040.0 56904.86443323067
9050.0 58784.598106249454
9060.0 54751.42110757033
9070.0 57324.67366735441
9080.0 69375.65809665743
9090.0 63298.90574508781
9100.0 67815.69585721128
9110.0 70349.39266312265
9120.0 69414.28764926826
9130.0 71802.39905482743
9140.0 71369.09046901623
9150.0 72487.50553085911
9160.0 78418.97590041219
9170.0 78871.01196254323
9180.0 77365.89308923837
9190.0 85891.6754814673
9200.0 81266.73244464508
9210.0 65095.52928523155
9220.0 64153.314385027305
9230.0 55492.03213097988
9240.0 58491.583420997405
9250.0 54120.402953520876
9260.0 58084.3226144552
9270.0 61230.958411695494
9280.0 53915.17138778571
9290.0 52851.92952915011
9300.0 50858.82454310294
9310.0 53876.97627461743
9320.0 51884.86689440516
9330.0 55493.186438058365
9340.0 59040.27473900814
9350.0 55441.94988587617
9360.0 59915.5127143756
9370.0 57956.35751573406
9380.0 59331.85510654651
9390.0 58937.37346602029
9400.0 58840.704717020475
9410.0 67546.75254149918
9420.0 64884.806435957056
9430.0 70533.04647865635
9440.0 64315.36613227526
9450.0 69625.46947653417
9460.0 67855.2449416616
9470.0 71639.66875959767
9480.0 76576.39608557458
9490.0 78994.14986029812
9500.0 78702.12911921984
9510.0 77065.02245403342
9520.0 80955.74951874923
9530.0 84184.69747831188
9540.0 88071.5749625243
9550.0 90243.34929958638
9560.0 83188.01345829507
9570.0 88338.69448909092
9580.0 91228.10988450093
9590.0 88139.96823392296
9600.0 76594.08418797034
9610.0 88205.67618896796
9620.0 93584.96917311227
9630.0 90495.2222315372
9640.0 70521.16563158997
9650.0 84305.2343680616
9660.0 96981.33964686256
9670.0 87242.19988574658
9680.0 83138.82292310672
9690.0 93169.39857928787
9700.0 97244.18847004446
9710.0 87387.55071758405
9720.0 95200.53371292619
9730.0 76932.7968084728
9740.0 78025.30662620855
9750.0 84808.42442074149
9760.0 88019.76731090655
9770.0 85330.93924173513
9780.0 82575.90449393619
9790.0 84517.96034414001
9800.0 96736.51479709118
9810.0 90838.52484546576
9820.0 90310.52095571751
9830.0 86436.54573358275
9840.0 86536.52027030359
9850.0 93919.53566464853
9860.0 94797.46855701541
9870.0 95807.84335828655
9880.0 104224.35529091631
9890.0 100558.74018397216
9900.0 51697.824459204916
9910.0 38517.530727900616
9920.0 40599.947486894445
9930.0 45374.61863947738
9940.0 57786.4239273945
9950.0 63921.36643068133
9960.0 63069.684010098135
9970.0 54228.00973309975
9980.0 53544.16014943148
9990.0 54422.46250590558
10010.0 52617.012234201546
10020.0 57490.834183050945
10030.0 60567.31628361864
10040.0 59212.94356513906
10050.0 50277.26046968762
10060.0 47640.34028900922
10070.0 61446.93208878974
10080.0 65226.16982473304
10090.0 59439.35880219374
10100.0 76414.81274870329
10110.0 60408.73167955033
10120.0 62976.85130180182
10130.0 71558.58347381747
10140.0 63841.35262989063
10150.0 66752.87214323736
10160.0 59000.180397041855
10170.0 72198.21828889418
10180.0 62485.216601461856
10190.0 66885.17201165631
10200.0 69443.93086401839
10210.0 75272.41508216999
10220.0 65855.29784614865
10230.0 68196.56568027366
10240.0 88107.83584308083
10250.0 62735.8777725296
10260.0 53698.36708999264
10270.0 59528.6745083886
10280.0 54491.65579410193
10290.0 67581.49966744502
10300.0 62001.07266681848
10310.0 74755.61060611853
10320.0 61789.059656223144
10330.0 73402.70997887259
10340.0 65948.66440414674
10350.0 69432.74525027968
10360.0 77247.44734244331
10370.0 91036.66746170145
10380.0 70551.08388852257
10390.0 67594.60113066099
10400.0 85247.72773170509
10410.0 79631.37194097851
10420.0 77256.85415859846
10430.0 67609.00104244292
10440.0 88789.10275976895
10450.0 93512.66070879907
10460.0 91974.93704254432
10470.0 65835.67957115412
10480.0 78903.35040526281
10490.0 89721.8173582425
10500.0 85649.24571717728
10510.0 75018.77929594697
10520.0 70625.37789505291
10530.0 107810.80006995692
10540.0 83634.39172416473
10550.0 88184.44702097513
10560.0 81948.27896281859
10570.0 75084.17986885094
10580.0 99033.22657610371
10590.0 83249.36522164613
10600.0 96135.49358217092
10610.0 93396.01598998842
10620.0 78065.98212722888
10630.0 102007.60572118926
10640.0 95747.14310613417
10650.0 85298.75072556501
10660.0 89908.8017901748
10670.0 87025.97990056041
10680.0 89215.60386515263
10690.0 91479.30759987996
10700.0 94284.2023403811
10710.0 98063.46614372935
10720.0 105687.07645738791
10730.0 87041.24191587119
10740.0 94587.09383102642
10750.0 109896.87785445282
10760.0 92655.38923273652
10770.0 111124.84533466738
10780.0 112033.40624018178
10790.0 103903.94563102743
10800.0 102413.94803367226
10810.0 95203.60207534852
10820.0 140062.14387239362
10830.0 119317.97365523297
10840.0 120131.01070155534
10850.0 98150.83955687343
10860.0 99449.97028651311
10870.0 111722.8587367511
10880.0 123223.20798077303
10890.0 111380.80186086352
10900.0 124444.41109861174
10910.0 98921.4518500173
10920.0 109186.74910673045
10930.0 113131.62400834702
10940.0 124733.04293194876
10950.0 109014.34284861937
10960.0 106292.14750640505
10970.0 111016.69498519035
10980.0 95852.66170563891
10990.0 117963.5238553997
11000.0 111341.43695572032
11010.0 110737.03123310608
11020.0 101190.8667124448
11030.0 100560.54017221804
11040.0 105895.68050716874
11050.0 88539.9669908557
11060.0 105983.07307809895
11070.0 101389.94616446049
11080.0 98210.89883612734
11090.0 103238.44005913344
11100.0 100453.48175770057
11110.0 98998.43600343473
11120.0 99062.93212524934
11130.0 102327.2970736693
11140.0 112293.88219921259
11150.0 100474.6625385579
11160.0 109702.88506530186
11170.0 106184.36217685614
11180.0 118346.93700065548
11190.0 100247.55664075754
11200.0 101882.65144956212
11210.0 102879.98598932695
11220.0 101937.04283494451
11230.0 118977.1488187318
11240.0 116566.46411682709
11250.0 114198.50652838584
11260.0 121899.20686891432
11270.0 119565.61261402884
11280.0 109792.46394783515
11290.0 112323.75201809967
11300.0 103235.25148667835
11310.0 114206.7491109395
11320.0 120175.9398706987
11330.0 109149.796599489
11340.0 103145.99656859168
11350.0 106818.44784773525
11360.0 100081.92243895182
11370.0 90130.47673098379
11380.0 62070.17144677064
11390.0 84272.08526085732
11400.0 62034.805085651584
11410.0 74861.12542958761
11420.0 98532.53950964169
11430.0 107858.78231869465
11440.0 107957.95822316711
11450.0 106807.92521312054
11460.0 112768.24003570886
11470.0 121532.44079508282
11480.0 118392.73998862582
11490.0 125610.45024371163
11500.0 130026.0013240565
11510.0 123772.54412815851
11520.0 119489.01997961578
11530.0 124719.89693790847
11540.0 111732.67533982215
11550.0 119373.02043440062
11560.0 121287.2178270713
11570.0 122891.06159507623
11580.0 123994.96822600602
11590.0 114863.14162769476
11600.0 117275.46370801615
11610.0 107875.86561282183
11620.0 114513.8697905884
11630.0 119202.56687624572
11640.0 112087.84318344167
11650.0 110865.17209534533
11660.0 108161.15085484216
11670.0 104592.42993854865
11680.0 77546.80862611913
11690.0 41669.95087200958
11700.0 76354.39741547858
11710.0 98515.63948658698
11720.0 106005.4507116319
11730.0 104341.79702856866
11740.0 96740.83422273512
11750.0 86639.01422437675
11760.0 69916.54326498079
11770.0 35977.30238077811
11780.0 56108.89754570721
11790.0 83569.77596606115
11800.0 94253.14796203849
11810.0 98178.08141074583
11820.0 103213.8913120835
11830.0 104691.92266495642
11840.0 110343.51234728133
11850.0 107713.95071896381
11860.0 118364.65889168797
11870.0 122318.03766056355
11880.0 96346.20411572207
11890.0 110259.711755332
11900.0 123931.43600760904
11910.0 118558.68809169697
11920.0 124461.66428005039
11930.0 124993.36514018265
11940.0 113780.75896918951
11950.0 109094.08773576877
11960.0 108956.34442921726
11970.0 90954.71784716396
11980.0 103598.59286720552
11990.0 101044.57203853803
12000.0 107654.59071977415
12010.0 110131.3671943924
12020.0 112560.87318895456
12030.0 106038.12295213864
12040.0 122109.69768215447
12050.0 115986.29227221955
12060.0 128910.25542944937
12070.0 115136.8296970374
12080.0 126831.87209982587
12090.0 113924.22605364457
12100.0 123915.6703491227
12110.0 107075.53849660877
12120.0 124336.78510660699
12130.0 115238.51415197144
12140.0 130971.30558340275
12150.0 134646.71835577308
12160.0 119403.1840762259
12170.0 138277.4593493533
12180.0 129016.04938604754
12190.0 129402.41031307867
12200.0 117526.91374020456
12210.0 123745.85019086748
12220.0 123530.8078867685
12230.0 127994.82268445917
12240.0 128419.23591779933
12250.0 136469.76319495525
12260.0 134109.7315813301
12270.0 129600.39002775332
12280.0 141573.74128478268
12290.0 129267.56654530492
12300.0 135790.8729196241
12310.0 132217.8370677718
12320.0 129115.6502813869
12330.0 126709.96466088302
12340.0 129942.95934750012
12350.0 134756.2427320176
12360.0 126429.26265467066
12370.0 128088.95494726347
12380.0 142012.9781200412
12390.0 116308.75199566755
12400.0 115770.84021435649
12410.0 107535.93956726366
12420.0 94971.35843747293
12430.0 61151.59463025963
12440.0 90401.14492245909
12450.0 119371.5037419632
12460.0 120738.82157679788
12470.0 121645.95860733166
12480.0 120181.14072090556
12490.0 122862.51756484564
12500.0 114850.0004203111
12510.0 98884.02160423901
12520.0 53460.351562230506
12530.0 86248.96723962727
12540.0 111217.11219296206
12550.0 118793.05574343947
12560.0 125255.82517200205
12570.0 131608.83005082278
12580.0 131528.96328164445
12590.0 119364.63111644916
12600.0 134678.72369186734
12610.0 133544.95504888034
12620.0 127140.79585952984
12630.0 127009.31439192864
12640.0 117370.26493080008
12650.0 131435.80554152827
12660.0 134992.21926353156
12670.0 129717.00032646662
12680.0 138099.43654168793
12690.0 136966.13916112317
12700.0 127096.51125617925
12710.0 136515.5386307912
12720.0 143419.47037284725
12730.0 136973.48581027653
12740.0 123944.44641017311
12750.0 127822.70459142662
12760.0 140934.290532105
12770.0 136349.39961348497
12780.0 128806.59578568513
12790.0 141435.7217147073
12800.0 134344.07978144384
12810.0 136109.28636933677
12820.0 140237.31584417543
12830.0 134132.0430997823
12840.0 132098.5628016946
12850.0 135031.36980529482
12860.0 117487.59363926211
12870.0 133161.73017030378
12880.0 129687.89691976266
12890.0 128748.6773120379
12900.0 121417.38130192751
12910.0 120510.03233731604
12920.0 130867.66519277208
12930.0 128633.35480684764
12940.0 132373.6706837651
12950.0 128307.70524930609
12960.0 134760.29135256424
12970.0 132272.15449288915
12980.0 137311.81252500493
12990.0 127480.24744468955
13000.0 138259.19518446564
13010.0 128765.16490297636
13020.0 138383.98283306984
13030.0 137840.23211679034
13040.0 140486.64566724165
13050.0 135824.61464834938
13060.0 134962.72486120058
13070.0 131709.6262792764
13080.0 130376.39664149139
13090.0 125082.78259967896
13100.0 138162.568092105
13110.0 135381.97356605993
13120.0 126671.67042545341
13130.0 121562.29999394676
13140.0 129180.7768547768
13150.0 127651.01544093234
13160.0 134314.67415973378
13170.0 135706.95214098415
13180.0 129727.20889280738
13190.0 136302.3065074778
13200.0 129463.97463867444
13210.0 126596.15281904634
13220.0 128489.98483579248
13230.0 125911.03945082545
13240.0 127380.55395939352
13250.0 115301.11402340117
13260.0 125968.05815089178
13270.0 112941.23493628345
13280.0 124321.16144204416
13290.0 107366.1475461366
13300.0 113869.27408159945
13310.0 98919.50363996543
13320.0 71194.56684693057
13330.0 100001.86815878582
13340.0 68017.99513053017
13350.0 54325.78032299591
13360.0 60635.86324914802
13370.0 53581.736318740666
13380.0 59217.70541929779
13390.0 66789.03594519074
13400.0 58797.05952225329
13410.0 65075.70535921259
13420.0 55158.46431528058
13430.0 54482.41276573446
13440.0 49505.91205957391
13450.0 64546.9123748119
13460.0 57090.609747269446
13470.0 56032.57599321324
13480.0 52740.81943139612
13490.0 64652.52385062467
13500.0 41417.29827758052
13510.0 58307.78574618355
13520.0 51365.41232804603
13530.0 57828.81573915173
13540.0 42538.7319011645
13550.0 49691.75969496646
13560.0 59023.705775356335
13570.0 48804.04446694634
13580.0 53317.90997048163
13590.0 50120.43057211343
13600.0 63760.85930859119
13610.0 49462.71431856751
13620.0 47768.4189237009
13630.0 64771.29629488068
13640.0 52786.199978618475
13650.0 61446.08484849389
13660.0 58605.480905170036
13670.0 62123.47915569544
13680.0 54863.02313328221
13690.0 59972.62485065745
13700.0 59888.75486151668
13710.0 49504.87229701152
13720.0 63037.81476028087
13730.0 59153.97404637713
13740.0 59416.262231697336
13750.0 62303.948692258586
13760.0 59993.48333118549
13770.0 65301.03258354162
13780.0 60621.999692010446
13790.0 68719.07455404226
13800.0 63208.391095827275
13810.0 71431.72083748567
13820.0 49247.98683993101
13830.0 59299.79916321674
13840.0 67706.43526033673
13850.0 59812.56385734354
13860.0 57693.34950336491
13870.0 70108.95761268426
13880.0 54005.89722713544
13890.0 66743.14623365788
13900.0 52333.03789674057
13910.0 53532.91280839988
13920.0 48720.656797653515
13930.0 61731.86677476873
13940.0 56488.13733230457
13950.0 48115.78433425819
13960.0 58642.70865537905
13970.0 51338.502464467805
13980.0 46558.40725919608
13990.0 55286.563308906756
14000.0 49940.58760054122
14010.0 50864.013497675696
14020.0 58038.61470671618
14030.0 59114.52920445078
14040.0 52491.14386609135
14050.0 51621.026570413145
14060.0 61792.55516862372
14070.0 46962.77143492393
14080.0 54048.36125934872
14090.0 44808.336444094384
14100.0 50173.870225489794
14110.0 50441.23672074041
14120.0 43883.7138921389
14130.0 55936.39503158961
14140.0 40939.40878047153
14150.0 54272.20667508402
14160.0 53663.78004062183
14170.0 40756.0386003639
14180.0 49469.23555903224
14190.0 41588.98167747662
14200.0 47582.940701606254
14210.0 53595.344572767775
14220.0 47117.45999464983
14230.0 43806.7604983829
14240.0 46277.07687111073
14250.0 45119.09637384484
14260.0 45501.096615191476
14270.0 47565.924661704164
14280.0 40240.991082635854
14290.0 44354.73275217984
14300.0 59072.15545013052
14310.0 46664.27132469673
14320.0 45812.80788729901
14330.0 48365.14411126759
14340.0 42453.850673968045
14350.0 50791.761565101195
14360.0 49512.86578970703
14370.0 53651.68076605101
14380.0 52414.63608141028
14390.0 40203.94890425012
14400.0 53837.28429041452
14410.0 43005.74253717439
14420.0 48377.61286219256
14430.0 61928.60035803275
14440.0 47699.88779676717
14450.0 41578.87491028838
14460.0 52268.961504739054
14470.0 46675.72173202572
14480.0 52892.57318593852
14490.0 58759.44695597225
14500.0 42765.87869613752
14510.0 54830.56492910672
14520.0 60270.860086269684
14530.0 51823.211229834065
14540.0 51478.97790491342
14550.0 58127.14981232777
14560.0 48337.54510826585
14570.0 49741.14134395481
14580.0 64187.229845216636
14590.0 60838.856429710795
14600.0 56527.2541487443
14610.0 53626.49493788277
14620.0 48273.494504699454
14630.0 48057.76902680501
14640.0 59672.35518656369
14650.0 61623.299363105936
14660.0 56848.117700256604
14670.0 53650.9423006289
14680.0 46914.62438430585
14690.0 49100.61398524279
14700.0 54255.81304431893
14710.0 56006.064256584985
14720.0 59617.46155276656
14730.0 58262.34409189297
14740.0 49144.67164756061
14750.0 51463.58597561364
14760.0 54313.42254354153
14770.0 56308.42228021355
14780.0 64013.772634357796
14790.0 55400.30945226908
14800.0 52493.12317249886
14810.0 55132.69120492294
14820.0 53806.115731854516
14830.0 60285.481445861486
14840.0 58273.740857270706
14850.0 54859.876722155364
14860.0 62440.54723319045
14870.0 57093.6955542835
14880.0 53819.28821617732
14890.0 56417.71859285189
14900.0 54963.90866876121
14910.0 63469.33184882106
14920.0 56894.74238809791
14930.0 62222.15736851461
14940.0 55367.06811586662
14950.0 55545.787119932305
14960.0 56725.28890121215
14970.0 62958.548192781476
14980.0 63861.50039783395
14990.0 59312.55218278128
15000.0 59487.40861174051
15010.0 58057.78506168263
15020.0 57490.4496146396
15030.0 61175.32787093798
15040.0 66362.60193567279
15050.0 63190.621854392375
15060.0 62383.55949184155
15070.0 60857.82936586838
15080.0 58338.224896633845
15090.0 68616.7274180486
15100.0 60640.896778542156
15110.0 62382.59239610276
15120.0 66338.7294767191
15130.0 58472.61587790761
15140.0 72682.75542196707
15150.0 68017.05599516242
15160.0 60017.36336182455
15170.0 53022.52715511619
15180.0 65943.17541394968
15190.0 66351.63271988119
15200.0 65951.84254605389
15210.0 72452.68378360865
15220.0 64374.68998203326
15230.0 75625.60373572567
15240.0 64815.82670650775
15250.0 66435.23180214272
15260.0 63201.56302262927
15270.0 67401.8395729494
15280.0 68066.0918540417
15290.0 71659.07154734373
15300.0 70998.73690896676
15310.0 71424.4468591004
15320.0 58789.919934475045
15330.0 72327.79286263525
15340.0 74083.95056164067
15350.0 69574.16705146013
15360.0 72092.91257272728
15370.0 72102.66122086186
15380.0 72393.2205454644
15390.0 73316.06991332582
15400.0 69128.44519123071
15410.0 73884.47100213508
15420.0 69271.56441793613
15430.0 72235.75383825807
15440.0 70782.9183246028
15450.0 78183.6621082805
15460.0 77248.39477335944
15470.0 70204.13684848345
15480.0 75971.68885415053
15490.0 76761.89995431801
15500.0 71014.4043129734
15510.0 75330.24447139855
15520.0 79903.33322439146
15530.0 75029.25071320139
15540.0 77352.83857106202
15550.0 77569.8077446097
15560.0 78248.55159251316
15570.0 73395.9240122784
15580.0 73268.17930127963
15590.0 79069.71498077615
15600.0 76021.93984504818
15610.0 76308.23564798215
15620.0 80039.8583609418
15630.0 79433.3085001891
15640.0 79597.42458834854
15650.0 73203.10974838289
15660.0 78901.68735885953
15670.0 85157.67739040709
15680.0 84483.22199537014
15690.0 78483.40035453772
15700.0 80957.515885933
15710.0 82240.81533335985
15720.0 80067.95788127182
15730.0 81873.65358971068
15740.0 86074.08528535905
15750.0 82904.46215987734
15760.0 82722.56982746729
15770.0 84245.70030862407
15780.0 81150.7861750879
15790.0 85770.71058864587
15800.0 80581.57470307902
15810.0 84669.43411823481
15820.0 86236.42275310641
15830.0 85609.62669897158
15840.0 82285.73114073278
15850.0 85267.83992678775
15860.0 86359.55546280902
15870.0 88816.23238198821
15880.0 88707.43048151562
15890.0 86864.33893939706
15900.0 85172.30613628875
15910.0 87249.08066890258
15920.0 87800.93674652537
15930.0 86528.69339989316
15940.0 87241.3622805944
15950.0 90637.06192961354
15960.0 90779.20170560357
15970.0 87221.82848859412
15980.0 89065.52798643461
15990.0 86889.77993188822
16000.0 88955.1255965403
16010.0 91897.41885531263
16020.0 88709.34293365882
16030.0 92040.29758773894
16040.0 87007.7253974282
16050.0 90181.79855380657
16060.0 90037.99159807593
16070.0 93264.78533536091
16080.0 91664.58105615007
16090.0 91086.58728907772
16100.0 90285.17682107566
16110.0 91119.06093694155
16120.0 91634.35938260723
16130.0 90023.07835134183
16140.0 92957.49255416216
16150.0 91236.01358747203
16160.0 93394.38717392187
16170.0 95787.97898557395
16180.0 92954.33887083775
16190.0 89273.18811452134
16200.0 91975.17877814164
16210.0 90899.32152016682
16220.0 94516.5140456051
16230.0 94628.49075195644
16240.0 94254.7005913047
16250.0 92474.3865636061
16260.0 93274.2754024409
16270.0 95051.45354850081
16280.0 94452.81870454381
16290.0 93991.4108193778
16300.0 94384.47174082365
16310.0 95042.74551936304
16320.0 91219.91105329483
16330.0 97682.89457675084
16340.0 93598.05511017858
16350.0 94828.28401018702
16360.0 93984.5051845089
16370.0 98007.56159212945
16380.0 95726.88113880383
16390.0 95001.91035336627
16400.0 96177.7754917603
16410.0 93300.96300692589
16420.0 94101.122070975
16430.0 95890.43969413535
16440.0 96916.1849379236
16450.0 97284.47482279154
16460.0 98936.94913768696
16470.0 97919.2501572142
16480.0 97953.06348378156
16490.0 93632.1408592394
16500.0 94862.17756834444
16510.0 95668.64672385233
16520.0 96148.56965157585
16530.0 96906.65735148876
16540.0 95487.72504336447
16550.0 96587.63070702848
16560.0 98032.61041176916
16570.0 96576.586694008
16580.0 96876.8145230032
16590.0 94964.34522453835
16600.0 95154.0054728371
16610.0 95598.9473908504
16620.0 94076.28613260061
16630.0 97779.25634069002
16640.0 96529.03050574569
16650.0 98937.16577904449
16660.0 97257.64901710089
16670.0 94274.32005598317
16680.0 96590.86508011169
16690.0 96585.00087433196
16700.0 96276.64267429139
16710.0 95667.78776661634
16720.0 95756.95078727372
16730.0 97095.87786669574
16740.0 95605.43911372314
16750.0 97948.71936439302
16760.0 96486.70042611548
16770.0 95282.02115546155
16780.0 97277.45488841059
16790.0 96586.72939009764
16800.0 97415.87820340027
16810.0 96428.71463171564
16820.0 96144.18096120254
16830.0 96385.03173285018
16840.0 95622.53969255785
16850.0 95473.66778701486
16860.0 95142.79035435418
16870.0 94864.96023063443
16880.0 92039.50497907947
16890.0 92727.04590738751
16900.0 95946.0821442645
16910.0 95767.76810807666
16920.0 87598.90501192247
16930.0 95269.4373557932
16940.0 90616.8421601895
16950.0 91682.50327139425
16960.0 89989.71202198027
16970.0 85336.09772039375
16980.0 91810.21735323842
16990.0 87187.69667204225
17000.0 87486.02184887741
17010.0 89799.89211947817
17020.0 89960.70434034445
17030.0 88020.82158321976
17040.0 85103.27108166004
17050.0 85301.85776990396
17060.0 86481.4361526779
17070.0 85798.3964711964
17080.0 77084.00272762837
17090.0 86709.45081134423
17100.0 85175.3883145996
17110.0 76700.53252219477
17120.0 79276.6942906572
17130.0 78600.90622999924
17140.0 74331.35159429484
17150.0 77793.3558732954
17160.0 74753.27871316245
17170.0 75189.04724710314
17180.0 68686.41684193828
17190.0 69346.37086441217
17200.0 77992.8469170135
17210.0 71393.43288700705
17220.0 75110.43020904488
17230.0 67092.00488995791
17240.0 75994.96115647134
17250.0 79056.6336354269
17260.0 62420.911388338245
17270.0 67460.6649459178
17280.0 69133.78709299794
17290.0 65706.88917585091
17300.0 77481.79938841658
17310.0 62447.11818691497
17320.0 61343.819156130405
17330.0 70590.010540609
17340.0 62890.71220927685
17350.0 62729.603039178444
17360.0 62598.57529461082
17370.0 63179.46641619657
17380.0 62270.39797356237
17390.0 63982.23740510892
17400.0 55694.948483662614
17410.0 57773.98432365965
17420.0 63297.312701908006
17430.0 61698.87702617673
17440.0 57136.37078623893
17450.0 58939.389543542726
17460.0 55766.63703168835
17470.0 55053.63192485464
17480.0 62119.28405259877
17490.0 57195.245013708605
17500.0 47838.81171716456
17510.0 56214.2828337936
17520.0 60204.1136451844
17530.0 56662.864554197746
17540.0 50455.72106080557
17550.0 50838.30533430371
17560.0 43972.068189821635
17570.0 52571.61656467601
17580.0 45112.23837527959
17590.0 55988.013832262885
17600.0 51155.504294621416
17610.0 57242.891854576155
17620.0 40461.80311745504
17630.0 53701.18123200806
17640.0 46243.59711589771
17650.0 52640.48456539526
17660.0 56417.47284764012
17670.0 43081.447031539195
17680.0 36333.43065156553
17690.0 51557.26483350137
17700.0 49591.62825438431
17710.0 44304.52679867254
17720.0 38933.65625611884
17730.0 47400.45174228332
17740.0 47473.79180271655
17750.0 42002.42394820813
17760.0 37186.841181954085
17770.0 45116.96120993112
17780.0 46605.585947377986
17790.0 37784.263493010614
17800.0 51560.47062636621
17810.0 33026.548440018436
17820.0 40799.73430284311
17830.0 45804.24680095717
17840.0 39166.17774572857
17850.0 35269.24059007551
17860.0 38911.90027866541
17870.0 33538.765672989066
17880.0 40161.870162807216
17890.0 48434.56564067961
17900.0 39800.97159636466
17910.0 32564.98522952295
17920.0 37550.46718501518
17930.0 38605.343185455386
17940.0 38967.021334022844
17950.0 42048.04956783808
17960.0 30280.84547450929
17970.0 42345.862410245114
17980.0 48785.74590329203
17990.0 33202.90258439378
18000.0 32605.741210094606
18010.0 31623.8570291902
18020.0 32895.67864998002
18030.0 37438.71879772716
18040.0 41471.084669556
18050.0 33361.85272203091
18060.0 36053.583049846784
18070.0 31966.04664558529
18080.0 34002.57842443191
18090.0 42381.21623020708
18100.0 33886.172843501394
18110.0 35208.65194740272
18120.0 25590.80398711371
18130.0 43638.363348444254
18140.0 45588.35220842628
18150.0 32977.033597808724
18160.0 40437.173274369605
18170.0 32133.67573810317
18180.0 30890.027591487742
18190.0 36134.672839436724
18200.0 31916.09401610908
18210.0 31251.543104136093
18220.0 26904.31989858855
18230.0 49060.80174823847
18240.0 43090.71121209687
18250.0 39009.73708484125
18260.0 28778.166961557075
18270.0 30341.18269348056
18280.0 36824.87807556294
18290.0 42940.21795644493
18300.0 33463.10761824948
18310.0 36018.46988930479
18320.0 28718.758687284113
18330.0 37943.58592527445
18340.0 35674.12070573315
18350.0 33823.72840815911
18360.0 36107.762407128204
18370.0 29074.830863847656
18380.0 39382.45933246829
18390.0 27430.581748955887
18400.0 36743.47891039752
18410.0 40505.697119591
18420.0 28470.53378682201
18430.0 30920.021945628105
18440.0 28812.168598136366
18450.0 34109.408826695406
18460.0 32698.641013564968
18470.0 28708.286803408275
18480.0 24838.52462331787
18490.0 32742.902427029443
18500.0 29579.11609935949
18510.0 37037.54529648969
18520.0 35830.640769994905
18530.0 24965.10380931003
18540.0 28163.74333649418
18550.0 35805.77710277187
18560.0 25689.140602461408
18570.0 25817.805691397993
18580.0 26409.387653470334
18590.0 25398.27757391164
18600.0 23130.380260158057
18610.0 27001.011824011774
18620.0 30875.611475746453
18630.0 31242.864715355907
18640.0 26296.461437536145
18650.0 24616.044292408245
18660.0 33823.283388654505
18670.0 27925.826350804513
18680.0 28111.982504715485
18690.0 35847.26228933991
18700.0 31087.372776551896
18710.0 28483.21038259217
18720.0 31467.835754941432
18730.0 24395.88917459133
18740.0 39018.53475611414
18750.0 33386.190704555134
18760.0 28411.699541120237
18770.0 29349.710254660255
18780.0 28687.518150312768
18790.0 31196.19478035706
18800.0 33344.176674828035
18810.0 28333.7486538801
18820.0 37364.02183469509
18830.0 40460.249955008316
18840.0 30695.794298427725
18850.0 27785.44249115743
18860.0 34839.55675415157
18870.0 37729.01938446858
18880.0 32107.25470544094
18890.0 35090.529488053966
18900.0 33554.06582646342
18910.0 30597.735636909456
18920.0 27246.619336991764
18930.0 35346.09972027881
18940.0 31720.138894070842
18950.0 39110.98500348733
18960.0 33619.226461370425
18970.0 34618.33970171862
18980.0 29573.017579275936
18990.0 38510.32039008362
19000.0 38577.747881736184
19010.0 33015.78463963928
19020.0 37463.1366035985
19030.0 34175.52048932132
19040.0 38603.97361035245
19050.0 32615.569994121386
19060.0 28091.831873078787
19070.0 37060.65217198824
19080.0 40534.87097710293
19090.0 37755.718796446126
19100.0 35006.34940968595
19110.0 27205.64638755797
19120.0 38727.158711466036
19130.0 34664.0251332122
19140.0 37701.9731510308
19150.0 40248.774652101456
19160.0 29067.817505049105
19170.0 36914.64912569298
19180.0 38777.69718038484
19190.0 34142.731322842126
19200.0 29570.790203858116
19210.0 34938.68759723914
19220.0 35907.82519900385
19230.0 35204.00989023602
19240.0 29518.412501130282
19250.0 38649.510183807666
19260.0 31196.11756219174
19270.0 37717.62584184464
19280.0 35684.42408319667
19290.0 35313.62166987483
19300.0 30992.99739325877
19310.0 26288.67323346705
19320.0 33030.667308543256
19330.0 31910.669990387854
19340.0 35382.746179857044
19350.0 34239.62130823298
19360.0 32259.727327022596
19370.0 35916.22125791602
19380.0 29713.95460314176
19390.0 25849.3157717299
19400.0 26570.21577293112
19410.0 27876.272053180197
19420.0 36791.495182196115
19430.0 30083.2970273489
19440.0 29312.932194424924
19450.0 27202.108151229222
19460.0 34548.206672149216
19470.0 32007.363962903604
19480.0 26642.603910429167
19490.0 30757.207625737734
19500.0 31115.55116870344
19510.0 30950.41134451767
19520.0 32722.02250408355
19530.0 30549.578159847442
19540.0 29496.40792132767
19550.0 23835.60522275286
19560.0 29333.323536627286
19570.0 36272.75110847585
19580.0 32845.565436231554
19590.0 31601.64919634464
19600.0 26508.82701151766
19610.0 28948.61609372098
19620.0 32575.413912430922
19630.0 25752.7424248078
19640.0 32736.97275783482
19650.0 31421.16352176539
19660.0 34033.166443838985
19670.0 28274.326326940052
19680.0 29872.893749329425
19690.0 33276.48643130024
19700.0 32789.00968843472
19710.0 27029.437268201476
19720.0 36245.281731926436
19730.0 26761.899954400273
19740.0 29892.39357907092
19750.0 23295.026736867447
19760.0 27385.348119586557
19770.0 28636.024089750434
19780.0 27614.71979242563
19790.0 28742.963114476872
19800.0 26566.194750961084
19810.0 28283.877017785457
19820.0 26679.797098020383
19830.0 30371.712805219748
19840.0 30220.279379546868
19850.0 30797.87612490039
19860.0 29301.761021403407
19870.0 32622.24520798648
19880.0 28620.155702458036
19890.0 25028.25602267242
19900.0 23684.9767761474
19910.0 27776.875000827808
19920.0 31262.675033960943
19930.0 34184.65123259093
19940.0 28573.71347680634
19950.0 27703.829338942265
19960.0 34620.11531739018
19970.0 23529.978798397005
19980.0 31283.10408544431
19990.0 27480.145819718764
20010.0 31608.581661313234
20020.0 30224.4950364427
20030.0 32115.113135650055
20040.0 31267.208494790153
20050.0 31435.25705504271
20060.0 28857.768377282093
20070.0 31509.29607663774
20080.0 28677.048536951326
20090.0 26923.357240387264
20100.0 27386.561526040678
20110.0 31432.654486306423
20120.0 30892.688816479433
20130.0 29053.055737527124
20140.0 35430.82327358369
20150.0 30231.425669763124
20160.0 28419.42726560371
20170.0 29515.08614879022
20180.0 31944.9721839045
20190.0 26202.721395699595
20200.0 29083.743848864793
20210.0 37532.76072701975
20220.0 31221.230866619535
20230.0 33597.464439256546
20240.0 34825.114555615524
20250.0 29956.93254967781
20260.0 28725.436355281567
20270.0 29243.155373857004
20280.0 33688.07918243489
20290.0 29629.31382405711
20300.0 28286.55543166219
20310.0 33670.35141542924
20320.0 34985.228330153266
20330.0 32936.75710413858
20340.0 32986.63066054065
20350.0 29719.49900592611
20360.0 34586.291926963655
20370.0 34819.58358985117
20380.0 33944.42096238675
20390.0 29812.84147267025
20400.0 32784.17576374216
20410.0 33072.79591135538
20420.0 37055.365070200234
20430.0 32197.602924957086
20440.0 30471.335505763254
20450.0 31078.209258305975
20460.0 34706.77229325747
20470.0 37192.2540829443
20480.0 32295.799504411712
20490.0 29605.882615033122
20500.0 36310.06700908885
20510.0 36824.25452954608
20520.0 32788.88381726795
20530.0 33999.664209875715
20540.0 30498.33118404464
20550.0 33156.186920124834
20560.0 36646.30059942349
20570.0 36690.79583261344
20580.0 38711.708649424974
20590.0 36260.865597987446
20600.0 34256.411505149736
20610.0 35835.06688565222
20620.0 34365.49387271326
20630.0 31005.523808518617
20640.0 33194.12322341195
20650.0 35547.21070654025
20660.0 37897.21068002083
20670.0 35219.7102196975
20680.0 37495.94521386257
20690.0 34766.29078958393
20700.0 40210.586836199975
20710.0 33523.1399438531
20720.0 36010.50472798984
20730.0 34244.41016744718
20740.0 37052.258700764454
20750.0 35990.798502068945
20760.0 34487.12884701975
20770.0 38011.68007677374
20780.0 37805.84185632145
20790.0 37230.88239668602
20800.0 38262.72089461438
20810.0 34915.67038904189
20820.0 37513.28666633343
20830.0 36143.4742450724
20840.0 38065.88110564642
20850.0 36683.778321307596
20860.0 37448.747454569384
20870.0 36442.52177793954
20880.0 38346.41003222804
20890.0 36025.835510439676
20900.0 38910.9998314498
20910.0 38432.225947091545
20920.0 41542.89098512586
20930.0 36400.009120943694
20940.0 36780.774649440296
20950.0 39348.42100536001
20960.0 37525.56806368472
20970.0 37099.195492469276
20980.0 40520.38750888337
20990.0 36549.349359900734
21000.0 39340.08987028048
21010.0 40030.69619885069
21020.0 38286.701079200015
21030.0 39066.16519532671
21040.0 40059.99531914204
21050.0 37715.40502296592
21060.0 40937.99895687395
21070.0 39214.02203989554
21080.0 36978.96475768508
21090.0 39917.56519119858
21100.0 41558.365696986024
21110.0 37480.59038466423
21120.0 39061.14882291487
21130.0 41727.97766284124
21140.0 41917.38477991921
21150.0 40072.605400114706
21160.0 39761.48123603857
21170.0 37329.116050962504
21180.0 40845.67003345207
21190.0 39916.34504004329
21200.0 40228.67912812101
21210.0 40646.149750536824
21220.0 41203.3059011445
21230.0 39861.99721317532
21240.0 42024.829174103324
21250.0 41003.04767076397
21260.0 40689.74349975927
21270.0 39345.91884259387
21280.0 39202.14213164036
21290.0 39326.95547554334
21300.0 40785.505757454666
21310.0 42028.05653785399
21320.0 40654.70824703627
21330.0 41873.69292397345
21340.0 40670.445113721864
21350.0 42881.40366565742
21360.0 40699.51723965193
21370.0 40992.7651522581
21380.0 40479.30903260854
21390.0 41619.80986941601
21400.0 38790.00856431518
21410.0 40970.75258963589
21420.0 39359.566578597
21430.0 42640.29200865281
21440.0 42979.24573223299
21450.0 42827.178234751605
21460.0 42250.56782130298
21470.0 41974.35163657228
21480.0 40809.44929251007
21490.0 40406.913290148674
21500.0 40363.39017866312
21510.0 41221.72530844185
21520.0 40637.34973380694
21530.0 41752.20396090066
21540.0 41632.139086046176
21550.0 41049.27847704646
21560.0 41139.863353791676
21570.0 42508.87303758753
21580.0 42346.5072440143
21590.0 40853.60110869592
21600.0 41110.12270951771
21610.0 42574.09597476187
21620.0 40687.07044950639
21630.0 40918.38550463306
21640.0 42249.03827233317
21650.0 40542.89674645992
21660.0 42091.67833683723
21670.0 41537.487851458456
21680.0 43243.24222424965
21690.0 42450.07605100772
21700.0 40578.161601599946
21710.0 41356.67175513158
21720.0 40946.593605874434
21730.0 41379.88860871312
21740.0 41540.25976265848
21750.0 40990.74302259554
21760.0 39992.10538649387
21770.0 40957.498398407835
21780.0 40534.991147236105
21790.0 41058.121307186826
21800.0 40532.17460260834
21810.0 42521.45417619002
21820.0 40375.37321538154
21830.0 41047.98784622209
21840.0 41219.884554387245
21850.0 40443.03089518356
21860.0 40030.57675181563
21870.0 40530.37266833159
21880.0 41648.269167277474
21890.0 40956.199264862524
21900.0 40959.98656420407
21910.0 41422.31695705688
21920.0 40206.41436266947
21930.0 40160.084711346244
21940.0 40650.88157993403
21950.0 40643.397912094944
21960.0 41149.94327032278
21970.0 39981.32161670996
21980.0 40629.465403087845
21990.0 41206.17459564744
22000.0 40629.027945629525
22010.0 39779.08632979423
22020.0 40093.795736114305
22030.0 38880.34566441135
22040.0 40113.477499906076
22050.0 39768.81076310166
22060.0 38344.20545194585
22070.0 40351.241528516824
22080.0 38688.545577871075
22090.0 40510.13298012126
22100.0 39636.30131211473
22110.0 39988.50573419812
22120.0 40382.355913085405
22130.0 39883.494171814054
22140.0 40491.546321347756
22150.0 40001.00434529642
22160.0 39758.225196513165
22170.0 39411.837941607664
22180.0 40407.30550270599
22190.0 37698.7319730509
22200.0 37989.22270713811
22210.0 38357.01022853032
22220.0 40233.90375931637
22230.0 39506.57961929051
22240.0 40667.732899513816
22250.0 40887.379431176596
22260.0 38709.37935057012
22270.0 38422.25559723581
22280.0 38555.143037955546
22290.0 39352.7018172215
22300.0 39328.88026594133
22310.0 40140.492679253824
22320.0 39352.15428559297
22330.0 38521.146824628675
22340.0 38228.165175295704
22350.0 37357.49399144718
22360.0 38342.56851394859
22370.0 39642.12167824243
22380.0 37586.13113906843
22390.0 39889.40130624399
22400.0 39941.35567362326
22410.0 37734.94818177057
22420.0 37774.10949874192
22430.0 38258.505429842546
22440.0 37434.96228439911
22450.0 40242.56507534264
22460.0 38345.45726208921
22470.0 38042.113905140824
22480.0 38976.37603729948
22490.0 36955.00716368806
22500.0 37881.791273032315
22510.0 38265.223942194694
22520.0 38187.73148568662
22530.0 38026.2375551749
22540.0 36758.883094300065
22550.0 38461.8837830289
22560.0 38438.81528510482
22570.0 36802.37013456399
22580.0 38413.71906535297
22590.0 38446.39612768862
22600.0 38037.90829594766
22610.0 38043.92951685072
22620.0 37723.46182933222
22630.0 36075.227705725796
22640.0 34865.75365218048
22650.0 38081.56619328367
22660.0 36774.764356917105
22670.0 38612.00639190769
22680.0 36354.8396047503
22690.0 38313.070397906304
22700.0 34580.935648397906
22710.0 37191.2444863733
22720.0 35588.61784829249
22730.0 37817.084746454995
22740.0 36363.54119520939
22750.0 38257.97959310539
22760.0 37172.127095904856
22770.0 37966.4205437423
22780.0 36062.73580335491
22790.0 36039.273956948055
22800.0 32556.34737005565
22810.0 38065.46337678633
22820.0 37778.10475067946
22830.0 35812.075667993384
22840.0 34917.32453444832
22850.0 36904.94086438576
22860.0 37240.64362195154
22870.0 37255.78886041853
22880.0 37079.997534704344
22890.0 37383.641670146375
22900.0 36595.67838317027
22910.0 33388.44596614613
22920.0 35056.3310351493
22930.0 24016.733434425467
22940.0 23476.06881520608
22950.0 26588.552985094786
22960.0 26478.341308822346
22970.0 26832.35197511557
22980.0 27258.910593412
22990.0 28236.95262169585
23000.0 28978.644511205403
23010.0 26858.67952552509
23020.0 27580.42944047312
23030.0 29191.316379424563
23040.0 29578.23180274345
23050.0 27817.971983998694
23060.0 28933.804680154768
23070.0 28046.016610078703
23080.0 29777.51041596142
23090.0 27758.585732045605
23100.0 31241.76632204092
23110.0 28066.45918022012
23120.0 28794.63196397878
23130.0 27890.230424864523
23140.0 27146.775581608563
23150.0 32645.9455280629
23160.0 28403.94497976407
23170.0 26456.845028950356
23180.0 31107.10453278084
23190.0 30962.854271797332
23200.0 27551.316674261405
23210.0 29153.464017028695
23220.0 24268.297398265764
23230.0 21495.93076733552
23240.0 26769.38376123364
23250.0 25202.264065393938
23260.0 25041.117489257424
23270.0 26712.36538088183
23280.0 24361.24734334561
23290.0 28293.144330528015
23300.0 23008.44469571756
23310.0 25937.654789303677
23320.0 28978.611970120102
23330.0 26894.706700851846
23340.0 27190.03535673109
23350.0 25550.767057884234
23360.0 27920.002304642647
23370.0 25648.65048890792
23380.0 28415.663974323044
23390.0 26850.19731272845
23400.0 26680.6036338433
23410.0 24208.62816225274
23420.0 29412.103190789738
23430.0 25527.842242604696
23440.0 25755.98509658662
23450.0 27702.42629127266
23460.0 26659.90968915261
23470.0 31248.082712528434
23480.0 29795.024457803393
23490.0 26484.76202797593
23500.0 28576.477359930817
23510.0 24148.841954105712
23520.0 23261.955889989556
23530.0 24429.24029423714
23540.0 25037.20061620739
23550.0 25099.82083010547
23560.0 25299.88364986015
23570.0 26142.240772385594
23580.0 22701.751207933972
23590.0 24505.967782319596
23600.0 25598.511642278503
23610.0 24736.187458494227
23620.0 24641.911239569334
23630.0 25305.71208857878
23640.0 26627.20258443032
23650.0 25310.095852313334
23660.0 25994.28643279626
23670.0 21447.10396686935
23680.0 25806.941695521036
23690.0 26451.543393132233
23700.0 24644.363685923065
23710.0 26946.15947944036
23720.0 24143.007958316495
23730.0 27714.226183177103
23740.0 26392.43556880358
23750.0 24702.809205969425
23760.0 23595.09446700487
23770.0 28535.471421171573
23780.0 22815.38807973805
23790.0 26090.86390316816
23800.0 24142.188914599836
23810.0 26741.9939324828
23820.0 23163.85943530202
23830.0 21893.353617168206
23840.0 25321.407439787283
23850.0 23677.91702301375
23860.0 20341.70315940173
23870.0 23460.696186057638
23880.0 24260.031334328178
23890.0 24978.47325706976
23900.0 26334.73829936574
23910.0 22184.820744015917
23920.0 21125.763795713236
23930.0 27868.444855914695
23940.0 23278.43982623895
23950.0 23896.545605367435
23960.0 23470.577120232338
23970.0 23113.086239801843
23980.0 25484.901659251598
23990.0 25308.89704313329
24000.0 21479.233613571843
24010.0 23364.158536148763
24020.0 21260.259237082177
24030.0 24649.870906550543
24040.0 22036.604768728124
24050.0 23165.606012331322
24060.0 24782.440261962896
24070.0 20720.085535477756
24080.0 20247.786788069454
24090.0 23108.45000716648
24100.0 20207.071045606426
24110.0 23136.563936183757
24120.0 21469.53238462279
24130.0 19858.275256511686
24140.0 21303.789080536968
24150.0 24738.43140504165
24160.0 18383.55136528796
24170.0 21566.695503893996
24180.0 23558.06432187805
24190.0 16263.811599994115
24200.0 24376.973343766917
24210.0 21026.10267717136
24220.0 19623.6293979451
24230.0 20365.131591738944
24240.0 22143.97041858612
24250.0 18991.076629943447
24260.0 18876.853475592045
24270.0 19176.263123770783
24280.0 20567.02675704926
24290.0 23139.891276676775
24300.0 18416.943049851663
24310.0 17437.093408809185
24320.0 23883.40566284858
24330.0 17051.661194261367
24340.0 18074.3732164996
24350.0 21019.128595755385
24360.0 14750.515590643661
24370.0 16943.147371451574
24380.0 22532.1503428734
24390.0 20316.29018689591
24400.0 18909.816514569942
24410.0 18318.2491914867
24420.0 18057.617294671643
24430.0 18012.838905994508
24440.0 15682.602206128096
24450.0 21972.827312778907
24460.0 16589.05089898126
24470.0 15668.906866193951
24480.0 16975.09625804789
24490.0 19981.25431041728
24500.0 20159.26751509785
24510.0 15746.340427004092
24520.0 15202.55218098078
24530.0 14056.037757550494
24540.0 12994.329131100885
24550.0 19476.788485859273
24560.0 18956.16453399337
24570.0 21583.34855514308
24580.0 20129.117665285146
24590.0 14353.492536535594
24600.0 15477.151430389124
24610.0 13433.14785563228
24620.0 19862.3509481356
24630.0 18536.565052989055
24640.0 20169.38312407648
24650.0 16856.25979521584
24660.0 16117.45738976326
24670.0 13101.504532914916
24680.0 14598.532006721152
24690.0 17931.99858832277
24700.0 14996.041500366893
24710.0 16920.14464422547
24720.0 15768.157797967642
24730.0 12849.829827161657
24740.0 12608.882342059209
24750.0 14275.066631183228
24760.0 19836.768976078827
24770.0 15236.925260778233
24780.0 14139.827473590263
24790.0 15739.515721890322
24800.0 15520.185096949503
24810.0 13600.583830520518
24820.0 13254.51376275756
24830.0 17050.76093561113
24840.0 17276.915855229403
24850.0 19309.979088391385
24860.0 14451.200018537727
24870.0 13983.389843185054
24880.0 12773.534672581738
24890.0 11393.489715952837
24900.0 10814.564452800847
24910.0 14513.71342779476
24920.0 16930.547960066237
24930.0 16004.717290170694
24940.0 16112.637734091584
24950.0 16650.777550180916
24960.0 13188.81100134028
24970.0 12028.248888806485
24980.0 13053.828536533332
24990.0 14449.395847373735
