#lam[Angstrom] flux[erg/cm2/s/A]
1010.0 94361.7676221682
1020.0 97707.35526982669
1030.0 337085.0010277472
1040.0 132873.57772897554
1050.0 100053.63340192485
1060.0 100958.1273914668
1070.0 106608.6484381306
1080.0 322629.43858754006
1090.0 328686.4181220427
1100.0 105368.10018757616
1110.0 106212.82832096853
1120.0 110342.25777201573
1130.0 107329.25548257047
1140.0 116559.87427119822
1150.0 109382.56056092707
1160.0 111462.33441371279
1170.0 111668.55457080853
1180.0 112149.56263645669
1190.0 112832.20341602546
1200.0 170135.3459229542
1210.0 151429.39911633922
1220.0 963452.8996907447
1230.0 139366.30206960803
1240.0 568115.9420503253
1250.0 197884.4891792114
1260.0 275371.0687080747
1270.0 282912.8391044398
1280.0 292095.743363371
1290.0 315253.47561100166
1300.0 339494.00886288466
1310.0 373352.6995530606
1320.0 389982.91990306746
1330.0 396568.8049407507
1340.0 442609.62440237455
1350.0 425986.1918523986
1360.0 436146.8142036179
1370.0 442609.7427198849
1380.0 452005.96574541705
1390.0 1034810.7038564396
1400.0 1150782.5678979983
1410.0 850772.6653593763
1420.0 479976.30193985015
1430.0 471335.91668823385
1440.0 473778.5224245451
1450.0 476949.46757069795
1460.0 480725.7674766451
1470.0 484450.29351415957
1480.0 486768.9256617341
1490.0 763876.930864264
1500.0 482016.3870768576
1510.0 481259.8005562681
1520.0 481893.76725646696
1530.0 504368.44244722626
1540.0 479798.13014502457
1550.0 6789834.365749166
1560.0 479925.8812761291
1570.0 478482.6774099371
1580.0 501938.5045569564
1590.0 478883.91748519265
1600.0 525328.3499997107
1610.0 478527.75454967585
1620.0 478542.2262683014
1630.0 475736.6683746853
1640.0 4322206.363735382
1650.0 472849.8836789471
1660.0 610573.835405546
1670.0 829894.806077524
1680.0 487809.36186816
1690.0 479170.5366940431
1700.0 478641.64565519185
1710.0 496363.13494543877
1720.0 549326.3596849864
1730.0 553563.4464469939
1740.0 544559.9172487943
1750.0 802143.217635391
1760.0 569670.9251638534
1770.0 538581.8419670344
1780.0 604482.6735163204
1790.0 784201.0997441384
1800.0 775854.1183271427
1810.0 680933.0577210607
1820.0 707324.3862711979
1830.0 566324.9527233936
1840.0 528717.8291233712
1850.0 557943.4814250472
1860.0 660687.4897496027
1870.0 683518.6894918359
1880.0 1028622.7851399307
1890.0 1198822.1474411555
1900.0 637862.9396346647
1910.0 3163507.081918898
1920.0 742269.2291335238
1930.0 575891.1605770653
1940.0 681371.9300583883
1950.0 838665.7408184852
1960.0 980292.4630843096
1970.0 942605.4371271012
1980.0 774203.893289288
1990.0 854940.399932438
2000.0 919778.053201432
2010.0 838373.3779528696
2020.0 791661.4455910466
2030.0 887247.2517943911
2040.0 1093408.7469526408
2050.0 1268805.197600501
2060.0 893043.7960437979
2070.0 1876716.0423824512
2080.0 1483585.2746616073
2090.0 1706918.896446385
2100.0 1858447.9868947563
2110.0 2037857.2969219433
2120.0 2183738.1382299433
2130.0 1394614.8467431006
2140.0 2083111.671851882
2150.0 1844557.6470563163
2160.0 1826437.963677355
2170.0 1101674.526997128
2180.0 1838187.4690653745
2190.0 2070868.0252197608
2200.0 2449079.779701795
2210.0 1270131.4435168873
2220.0 1303217.3287170345
2230.0 2141664.619504965
2240.0 3292377.3243438597
2250.0 1983286.122956596
2260.0 1659172.7430998615
2270.0 1719031.1924237194
2280.0 2162756.1221087715
2290.0 1874215.4498833234
2300.0 1650167.2368431129
2310.0 2433943.601352263
2320.0 1990194.201562025
2330.0 1564063.8322502403
2340.0 1278183.2342289784
2350.0 1341995.185672267
2360.0 1009574.6187112947
2370.0 1042823.4529459064
2380.0 948100.8026725187
2390.0 1040756.6888831762
2400.0 931979.4588183891
2410.0 962879.665146268
2420.0 2194978.6712260838
2430.0 2880450.1959878327
2440.0 2080347.3837175635
2450.0 2353056.7073151222
2460.0 2487912.4722302128
2470.0 2197649.471011739
2480.0 1950832.6678615324
2490.0 1408585.964572915
2500.0 1946323.7251996114
2510.0 1774531.9037626116
2520.0 1219990.475707308
2530.0 1492756.3756198152
2540.0 1493271.1411191844
2550.0 2103746.7643432845
2560.0 2143934.1150004882
2570.0 2662057.603802911
2580.0 2047924.9681570083
2590.0 1973735.9929169249
2600.0 1630193.0413804953
2610.0 1363959.1356899294
2620.0 2123458.600189804
2630.0 1745667.1665499131
2640.0 4556293.631537041
2650.0 4788900.973101868
2660.0 3922680.220914554
2670.0 4023946.2780158566
2680.0 4666491.915474676
2690.0 5015807.103364766
2700.0 5126241.5817814935
2710.0 3936146.9440502664
2720.0 2490524.938264112
2730.0 2950251.3530437415
2740.0 2250824.5149346404
2750.0 2239322.472618739
2760.0 3433905.7888035234
2770.0 3942087.6053997995
2780.0 2880817.0200580154
2790.0 4520915.898749323
2800.0 2436316.93861178
2810.0 3160042.5083260704
2820.0 6142583.987694189
2830.0 6160125.345446328
2840.0 4886153.01797627
2850.0 2901134.0587011203
2860.0 5229945.59906522
2870.0 5975658.2298304625
2880.0 4867823.079215627
2890.0 6431786.080207445
2900.0 8894790.71548556
2910.0 8675863.849605395
2920.0 7761052.659921694
2930.0 7814042.275588992
2940.0 6986164.18308833
2950.0 7185468.043344405
2960.0 8888910.532590004
2970.0 7083786.50250998
2980.0 7522252.8573558545
2990.0 7769689.26602654
3000.0 7525478.678103546
3010.0 8617092.816315724
3020.0 7067521.725572369
3030.0 8168615.110933146
3040.0 8154582.0356719075
3050.0 8959096.79883507
3060.0 8833488.418091165
3070.0 9470617.188608177
3080.0 8602277.343774378
3090.0 8779903.60977564
3100.0 8108137.462840077
3110.0 10020342.645430556
3120.0 9060621.520497855
3130.0 8743061.425204648
3140.0 9552847.093166325
3150.0 10136697.17051462
3160.0 7870044.139601763
3170.0 9844267.947414419
3180.0 8383898.481433506
3190.0 8822361.221219316
3200.0 9374205.418707892
3210.0 8403556.05585769
3220.0 9159026.247137388
3230.0 6541590.1276652925
3240.0 8867386.423910664
3250.0 9387382.459337337
3260.0 11451745.559732752
3270.0 11065690.890896313
3280.0 9519049.11101945
3290.0 11526980.56699192
3300.0 12096965.053210903
3310.0 10324153.032692341
3320.0 10826655.052794553
3330.0 11687553.866319966
3340.0 10083492.813136596
3350.0 9821665.641594669
3360.0 9723123.033487974
3370.0 8073918.281712157
3380.0 9991350.086856095
3390.0 9942499.45527026
3400.0 10557359.968083235
3410.0 9188413.168571504
3420.0 9492687.549836626
3430.0 10925862.242478147
3440.0 9270794.662011417
3450.0 10655929.67501969
3460.0 10161837.824797582
3470.0 10475606.133617368
3480.0 10208557.457024893
3490.0 10856669.247744914
3500.0 10940569.671661085
3510.0 10308844.532251451
3520.0 9319443.320895687
3530.0 10180475.28609011
3540.0 11722667.445801875
3550.0 10749242.409553051
3560.0 11525521.65309423
3570.0 8330076.268901335
3580.0 9265696.34391662
3590.0 8279691.788946377
3600.0 11569608.840377893
3610.0 8884879.200392662
3620.0 9604138.926604062
3630.0 10627456.207001759
3640.0 10763523.505066048
3650.0 10305918.884777514
3660.0 12196606.836624295
3670.0 11855591.349915978
3680.0 10895663.77013806
3690.0 10604932.55158642
3700.0 11353814.19832964
3710.0 10389285.792320335
3720.0 10190573.596262962
3730.0 11157595.778499234
3740.0 9628368.053021912
3750.0 8729065.302009532
3760.0 10874691.302725144
3770.0 10503564.212872462
3780.0 14675672.755986717
3790.0 12310736.561064953
3800.0 11707506.01404962
3810.0 13786971.928376513
3820.0 10904663.09781563
3830.0 8094758.110550595
3840.0 9462912.735850854
3850.0 14538516.254763454
3860.0 13065790.598307064
3870.0 13190646.977233782
3880.0 14120192.01934603
3890.0 10236886.679524824
3900.0 12802924.935285253
3910.0 14063517.456538651
3920.0 13635598.491370713
3930.0 7471945.7977677565
3940.0 10280285.656389935
3950.0 14535893.343317047
3960.0 13033768.844539536
3970.0 6768848.681096245
3980.0 15206695.271113899
3990.0 16341149.053402698
4000.0 16168068.510043299
4010.0 16474802.377149075
4020.0 16953794.705897983
4030.0 15628691.792124981
4040.0 17099340.140319783
4050.0 16248412.72573034
4060.0 15799339.220077433
4070.0 15192121.766902387
4080.0 16006045.102755068
4090.0 17925632.480403785
4100.0 13198237.122885548
4110.0 16208334.89036547
4120.0 17603971.882842146
4130.0 16034667.988156864
4140.0 17294577.20521876
4150.0 16681746.930768587
4160.0 17484693.262509145
4170.0 16678683.97606538
4180.0 16404438.381593874
4190.0 16935201.387450013
4200.0 14978929.554493565
4210.0 17472808.444263835
4220.0 16564654.291362315
4230.0 15047685.950669052
4240.0 16051535.941348312
4250.0 15267551.302141327
4260.0 16563472.419936229
4270.0 14610121.549727002
4280.0 16035725.85634568
4290.0 14518522.359348202
4300.0 12658804.05675253
4310.0 12519820.810094949
4320.0 16356952.642370312
4330.0 15708830.75823946
4340.0 12063533.642244698
4350.0 15819028.864922637
4360.0 17672885.959156536
4370.0 17069256.390367866
4380.0 15496060.647649474
4390.0 16322132.777210634
4400.0 15663588.033955421
4410.0 16967399.101962443
4420.0 16638134.581786564
4430.0 16855260.72225742
4440.0 16666364.566638164
4450.0 16763227.729236044
4460.0 15637158.884209573
4470.0 17056422.830216847
4480.0 17128823.230668955
4490.0 17317584.23900026
4500.0 17573390.613756754
4510.0 18571915.228616923
4520.0 17218336.88268744
4530.0 16329968.06616235
4540.0 17534574.16939108
4550.0 17018697.854444984
4560.0 17585439.860985156
4570.0 17753388.906003334
4580.0 16858535.711324718
4590.0 16796876.993031733
4600.0 17123905.464632463
4610.0 17281566.203750353
4620.0 17205785.984239433
4630.0 17287700.80617085
4640.0 17661846.58685153
4650.0 17159450.244070444
4660.0 17898086.92087616
4670.0 17179293.142161664
4680.0 17556294.528659407
4690.0 17891355.65804702
4700.0 17053930.89956551
4710.0 17107061.73328564
4720.0 17613692.257517666
4730.0 16970225.590662144
4740.0 17212686.43154167
4750.0 17600655.326069098
4760.0 17033566.80797065
4770.0 17220082.81659884
4780.0 17568811.304312855
4790.0 16798435.223433867
4800.0 17303596.990913544
4810.0 16946726.610143073
4820.0 17038221.257731237
4830.0 17055709.951010015
4840.0 16314232.873037772
4850.0 16145489.06772105
4860.0 12984884.349942043
4870.0 14733802.261941662
4880.0 15975485.448529117
4890.0 15592286.835206658
4900.0 16612501.299927803
4910.0 16320874.462101595
4920.0 15211987.639064878
4930.0 16674865.283053579
4940.0 16053511.050865551
4950.0 16780381.00144936
4960.0 19025431.27737502
4970.0 16457271.154290456
4980.0 15363470.031767596
4990.0 15860376.753474396
5000.0 15904807.126663193
5010.0 23416907.169115394
5020.0 15237523.584624337
5030.0 16596275.943778228
5040.0 15053440.097653361
5050.0 15910395.856350696
5060.0 16637813.977101466
5070.0 15795115.983950833
5080.0 15033488.008835146
5090.0 16380305.269627739
5100.0 15859560.483607097
5110.0 15570598.4686004
5120.0 15825136.660370233
5130.0 15096641.626653852
5140.0 14940540.523262072
5150.0 15177124.261578394
5160.0 15644776.670708198
5170.0 12819245.089827832
5180.0 14151520.206003547
5190.0 14616587.039528213
5200.0 14939134.506116036
5210.0 15083054.386764154
5220.0 15185945.607772132
5230.0 14221389.7184091
5240.0 15369881.322618704
5250.0 15429420.721878676
5260.0 14530760.633896414
5270.0 12956642.318578137
5280.0 14525086.391910149
5290.0 15728308.942998394
5300.0 14941761.182704983
5310.0 15634132.758228248
5320.0 15000903.750550691
5330.0 13807434.560734104
5340.0 14531037.378356867
5350.0 15076880.386771299
5360.0 15357556.056335911
5370.0 14221228.492871266
5380.0 15020609.027579226
5390.0 15085284.029078905
5400.0 14083178.13698802
5410.0 14011851.756765338
5420.0 14528467.49753794
5430.0 14330692.492204277
5440.0 15262717.423316225
5450.0 14697881.427516099
5460.0 14480835.569519239
5470.0 15186187.368282726
5480.0 14561761.379782345
5490.0 14379975.138447272
5500.0 14733329.497192644
5510.0 14413442.221198404
5520.0 15077309.521876207
5530.0 14230000.220640572
5540.0 15058821.367974522
5550.0 14700813.480929201
5560.0 14566573.394451013
5570.0 14114443.153345965
5580.0 14485163.711302912
5590.0 13548674.36328105
5600.0 13929764.017326526
5610.0 14768608.99493731
5620.0 13934963.8618289
5630.0 14637063.467904443
5640.0 14397614.854379611
5650.0 14401389.496259138
5660.0 13770750.787443634
5670.0 14412299.074744541
5680.0 14254873.003470056
5690.0 14282104.536204722
5700.0 14258803.458996324
5710.0 13632166.92149716
5720.0 14342746.199496644
5730.0 14433355.251988214
5740.0 14425313.521877397
5750.0 13770281.284161035
5760.0 14102218.735400537
5770.0 14282510.676037263
5780.0 14049821.609268278
5790.0 13960037.07975211
5800.0 14130898.08328207
5810.0 14031697.764786974
5820.0 14070912.178330835
5830.0 14078715.83799679
5840.0 14053516.366020655
5850.0 13867008.085905246
5860.0 13420069.019912116
5870.0 13827193.81448196
5880.0 13954575.507155221
5890.0 13466657.803220488
5900.0 13520103.64291714
5910.0 13649391.000603065
5920.0 13695212.428614391
5930.0 13348999.358912334
5940.0 13654303.366299737
5950.0 13466457.297454644
5960.0 13603908.94957529
5970.0 13604891.743503593
5980.0 13179411.256458756
5990.0 13349793.372757342
6000.0 13324544.299550526
6010.0 13164762.717921829
6020.0 12913155.143033855
6030.0 13117346.684768032
6040.0 13371685.918525474
6050.0 13273911.974648157
6060.0 13108628.858459849
6070.0 13116817.49361539
6080.0 13011900.614473207
6090.0 13069238.868665596
6100.0 12770085.069869304
6110.0 12947734.143750034
6120.0 12726565.294853717
6130.0 12770265.226893403
6140.0 12259174.797921244
6150.0 12705383.365116192
6160.0 12011917.669394098
6170.0 12318609.81516658
6180.0 12725135.480479408
6190.0 12506811.179228568
6200.0 12703915.01454867
6210.0 12669109.106272154
6220.0 12445502.139886668
6230.0 12355685.551587814
6240.0 12113285.579883937
6250.0 11937005.80998053
6260.0 12352688.583409674
6270.0 12342029.094198367
6280.0 12096284.982968317
6290.0 12229218.968496079
6300.0 12162988.141159374
6310.0 12287215.412070418
6320.0 11912728.361759782
6330.0 12334701.744821291
6340.0 11932404.024046123
6350.0 12229617.212695442
6360.0 11951224.087023852
6370.0 12165814.441469349
6380.0 12088098.29238142
6390.0 11961556.055003783
6400.0 11845057.582403384
6410.0 11808842.050422374
6420.0 11742901.937644752
6430.0 11882460.856378837
6440.0 11693946.934717894
6450.0 11850892.755910767
6460.0 11448721.553197745
6470.0 11733613.8393385
6480.0 11749174.913750216
6490.0 11453163.663064407
6500.0 11232765.651066983
6510.0 11744585.772372523
6520.0 11617061.737939991
6530.0 11552237.252216741
6540.0 11411625.110105649
6550.0 10872582.883170526
6560.0 11471042.670477225
6570.0 10196687.533082098
6580.0 11156720.27725933
6590.0 11535247.802837003
6600.0 11378689.28217978
6610.0 11345942.269012913
6620.0 11410253.241248375
6630.0 11201062.794282429
6640.0 11260690.83109325
6650.0 11346814.131690688
6660.0 11192223.808540687
6670.0 11264858.15917107
6680.0 11148036.08452669
6690.0 11259097.369115377
6700.0 11087815.230370294
6710.0 10950929.698416162
6720.0 10983211.184024189
6730.0 11235048.410864946
6740.0 11050277.683371216
6750.0 10924223.054590233
6760.0 10992569.8134645
6770.0 10847157.281578414
6780.0 10921606.588563865
6790.0 10862923.250791196
6800.0 10819606.515162017
6810.0 10786594.36643356
6820.0 10791895.55783871
6830.0 10740801.497733574
6840.0 10589470.72582866
6850.0 10741582.176683076
6860.0 10532539.586060524
6870.0 10688964.441512035
6880.0 10628201.344816132
6890.0 10594677.5670567
6900.0 10620535.557629464
6910.0 10491529.32331279
6920.0 10433109.459847085
6930.0 10478198.461445179
6940.0 10484323.431111084
6950.0 10365291.826839982
6960.0 10412718.614659071
6970.0 10382166.556183035
6980.0 10187594.707751373
6990.0 10331485.284403177
7000.0 10197939.880234623
7010.0 10192572.177362926
7020.0 10019160.861378878
7030.0 10139853.438518979
7040.0 10135327.881920695
7050.0 10160840.416408977
7060.0 10101749.882088158
7070.0 10088711.471480845
7080.0 10041407.610483548
7090.0 9985896.639692241
7100.0 10035721.907664584
7110.0 9862364.343035713
7120.0 9862531.012253925
7130.0 9751071.06007453
7140.0 10019239.362851456
7150.0 9700810.738804288
7160.0 9702403.032581342
7170.0 9787159.521196334
7180.0 9670023.271832313
7190.0 9445563.987669101
7200.0 9702339.49233255
7210.0 9483896.587380935
7220.0 9578212.414422175
7230.0 9666962.382688003
7240.0 9582515.57767024
7250.0 9595140.301695753
7260.0 9552841.716106959
7270.0 9592935.736217987
7280.0 9406313.9328482
7290.0 9251114.280343331
7300.0 9446218.213829445
7310.0 9318155.682433644
7320.0 9561142.688254047
7330.0 9239826.727642804
7340.0 9409206.354643915
7350.0 9362471.770961583
7360.0 9233766.516650733
7370.0 9328024.224423045
7380.0 9293235.634427449
7390.0 8968053.047510121
7400.0 9177362.887461513
7410.0 8890026.930786064
7420.0 8827799.10148481
7430.0 9176189.326718006
7440.0 9075171.263635473
7450.0 8944987.245726075
7460.0 9042067.098748334
7470.0 9062798.94907138
7480.0 8960639.568715489
7490.0 8954696.145606264
7500.0 8902789.690341977
7510.0 8779227.442050407
7520.0 8899149.519618383
7530.0 8867347.329138875
7540.0 8933951.175607055
7550.0 8870926.431194453
7560.0 8757495.346554548
7570.0 8759744.743129935
7580.0 8763589.595037565
7590.0 8711751.65089661
7600.0 8717728.64591514
7610.0 8737201.451420764
7620.0 8524815.795743128
7630.0 8732847.955913953
7640.0 8702877.724668492
7650.0 8659056.234743644
7660.0 8200842.67572817
7670.0 8582572.751649765
7680.0 8555196.869200693
7690.0 8456779.57375215
7700.0 8504620.642895194
7710.0 8372742.2295122845
7720.0 8415492.509583415
7730.0 8440691.30029343
7740.0 8444780.342604741
7750.0 8223458.504521911
7760.0 8409041.99412729
7770.0 8288989.567314818
7780.0 8235741.192397971
7790.0 8332084.741410697
7800.0 8241426.135314457
7810.0 8232764.308170123
7820.0 8287007.8610175
7830.0 8102901.67654327
7840.0 8137076.968150811
7850.0 8144460.769802114
7860.0 8167085.463761368
7870.0 8186960.591971616
7880.0 8109386.713779012
7890.0 8142052.039038917
7900.0 8058899.414965559
7910.0 8046161.0391652435
7920.0 7971378.9493312
7930.0 7884555.47294246
7940.0 7774152.96042322
7950.0 7858046.313898864
7960.0 7968402.488432896
7970.0 7970060.841672632
7980.0 7949264.752681007
7990.0 7920940.1945732925
8000.0 7759533.7173735
8010.0 7873030.9714959
8020.0 7857312.216071032
8030.0 7742479.749812818
8040.0 7800109.787437846
8050.0 7628226.170102954
8060.0 7775778.775368628
8070.0 7717929.5289093405
8080.0 7701448.3505344605
8090.0 7580148.94423436
8100.0 7612943.471163837
8110.0 7680694.272211039
8120.0 7667239.840773222
8130.0 7642966.662864038
8140.0 7609988.906359891
8150.0 7559952.490217559
8160.0 7527148.424203733
8170.0 7525955.398787509
8180.0 7424518.099982187
8190.0 7400876.105422518
8200.0 7332230.167846076
8210.0 7240992.451238769
8220.0 7249812.0903012715
8230.0 7263826.338435676
8240.0 7360891.435482571
8250.0 7251461.210399283
8260.0 7350855.3535735635
8270.0 7328709.650768431
8280.0 7312076.2089254875
8290.0 7229945.743774906
8300.0 7259030.808082248
8310.0 7138116.370307089
8320.0 7191920.051800339
8330.0 6974130.584773955
8340.0 7088655.313387
8350.0 7079219.2713760305
8360.0 7138267.760045009
8370.0 7091400.555734505
8380.0 7101857.985114464
8390.0 6908953.640937403
8400.0 7002057.516545423
8410.0 7038172.367030521
8420.0 6943153.980068737
8430.0 6952116.895435788
8440.0 6875140.857866824
8450.0 6917243.214162925
8460.0 6943411.315310078
8470.0 6778414.331108286
8480.0 6920740.377946069
8490.0 6901796.440339079
8500.0 6418770.952496583
8510.0 6736313.080354418
8520.0 6831846.704847683
8530.0 6754701.130105702
8540.0 5793468.653363314
8550.0 6646399.231564419
8560.0 6727629.153013648
8570.0 6783699.156155723
8580.0 6707602.441031026
8590.0 6669869.167894596
8600.0 6467322.43078081
8610.0 6587506.371343465
8620.0 6648851.452855665
8630.0 6677463.105102988
8640.0 6665152.23607916
8650.0 6548832.787107435
8660.0 5672836.260013939
8670.0 6256281.3099351125
8680.0 6493413.716775415
8690.0 6333056.732516014
8700.0 6504153.8304060865
8710.0 6466862.961116228
8720.0 6505606.0482516615
8730.0 6472632.1341580115
8740.0 6199543.11248508
8750.0 6030227.451830856
8760.0 6258146.610405813
8770.0 6387333.524896596
8780.0 6451908.096941861
8790.0 6312196.558162439
8800.0 6426499.200274724
8810.0 6150818.582264849
8820.0 6290459.844894531
8830.0 6392563.380306004
8840.0 6249731.35355857
8850.0 6240641.460125542
8860.0 5850209.266254986
8870.0 5989929.782789405
8880.0 6196342.209542831
8890.0 6249233.264629668
8900.0 6299625.16071684
8910.0 6206813.507905023
8920.0 6197706.810218071
8930.0 6120426.674631642
8940.0 6242745.795157491
8950.0 6141994.526611611
8960.0 6188995.89964111
8970.0 6136444.90855281
8980.0 6094985.021305844
8990.0 6097562.788614376
9000.0 5902241.879855708
9010.0 5543691.663199774
9020.0 5602120.739468462
9030.0 6020034.587493297
9040.0 6032313.956251123
9050.0 6028861.20330446
9060.0 5844907.491516655
9070.0 6017862.040753646
9080.0 6163660.033796947
9090.0 5721417.293857138
9100.0 5879298.913887805
9110.0 5845594.4029232785
9120.0 5918889.797015965
9130.0 5945021.73947533
9140.0 5929875.147667666
9150.0 5884886.562252051
9160.0 5884229.918113703
9170.0 5861871.049125781
9180.0 5842365.584876412
9190.0 5835842.755736315
9200.0 5795749.053892388
9210.0 5570921.138847937
9220.0 5536048.984360757
9230.0 5015656.046405286
9240.0 5460007.470974137
9250.0 5637733.179329461
9260.0 5452296.275493655
9270.0 5698919.640476985
9280.0 5708318.079049215
9290.0 5649981.609581654
9300.0 5680931.515965406
9310.0 5672423.678757127
9320.0 5636183.283549879
9330.0 5634308.3547020145
9340.0 5638169.195570612
9350.0 5602607.194842598
9360.0 5581906.708293763
9370.0 5591083.299020783
9380.0 5574634.6081448635
9390.0 5545786.183601248
9400.0 5491254.4973411625
9410.0 5171378.497958653
9420.0 5389290.602338789
9430.0 5431360.408062002
9440.0 5374338.355084115
9450.0 5450194.384670883
9460.0 5442682.247003074
9470.0 5464081.150795558
9480.0 5437798.245110245
9490.0 5416455.117618177
9500.0 5408716.584457183
9510.0 5352268.913999827
9520.0 5349639.286369385
9530.0 5249801.983833183
9540.0 5280152.9143819325
9550.0 5040717.526319387
9560.0 5178667.34775387
9570.0 5236924.115077704
9580.0 5277979.140370475
9590.0 5275026.85729485
9600.0 5207310.509780899
9610.0 5225038.277738305
9620.0 5192100.136837121
9630.0 5175585.604829587
9640.0 5194340.2507338505
9650.0 5166151.773236084
9660.0 5079062.592931831
9670.0 5188657.041509072
9680.0 5146303.007063318
9690.0 5127506.598156402
9700.0 5160510.087331237
9710.0 5149387.293742369
9720.0 5142548.633933659
9730.0 5108727.196812235
9740.0 5039261.0064186165
9750.0 5056163.479095699
9760.0 5059793.0301993005
9770.0 5066385.865847315
9780.0 5057084.42056127
9790.0 5031358.213897757
9800.0 5017293.219096801
9810.0 5027406.102489518
9820.0 5006852.126392647
9830.0 4994606.646594617
9840.0 4975075.8734128885
9850.0 4948217.914956138
9860.0 4937259.757298838
9870.0 4958858.55381908
9880.0 4945004.846347373
9890.0 4849414.748670422
9900.0 4870472.136145601
9910.0 4870728.005090989
9920.0 4894319.027827991
9930.0 4856881.623545011
9940.0 4827442.240443296
9950.0 4850519.80340165
9960.0 4845013.993681935
9970.0 4807807.8079764685
9980.0 4823163.86156121
9990.0 4791749.291225401
10010.0 4746112.294275031
10020.0 4757165.917582523
10030.0 4725510.016916591
10040.0 4506290.749665149
10050.0 3986968.073540218
10060.0 4515066.650763576
10070.0 4624572.815475551
10080.0 4675458.563485627
10090.0 4672289.678038048
10100.0 4637845.442958429
10110.0 4658906.59743888
10120.0 4602661.864131088
10130.0 4723289.4104605485
10140.0 4656034.956418121
10150.0 4567917.74186115
10160.0 4551338.725071802
10170.0 4613171.202766877
10180.0 4523350.551966934
10190.0 4544817.722165599
10200.0 4567754.924957698
10210.0 4545376.243269469
10220.0 4491833.553111155
10230.0 4552364.257211221
10240.0 4524685.610981095
10250.0 4530611.469093924
10260.0 4530302.162760294
10270.0 4501810.351670173
10280.0 4499343.944357851
10290.0 4444191.874556476
10300.0 4472020.353074603
10310.0 4463025.582336556
10320.0 4467644.027070249
10330.0 4357398.626443342
10340.0 4409300.547511289
10350.0 4415395.244795443
10360.0 4417220.368371781
10370.0 4299164.468807833
10380.0 4392954.157038427
10390.0 4395159.973773476
10400.0 4355967.243376486
10410.0 4350794.168832788
10420.0 4351718.756478463
10430.0 4319779.593408018
10440.0 4344955.071813377
10450.0 4299886.962215421
10460.0 4137200.445734391
10470.0 4248180.813437069
10480.0 4272253.152848893
10490.0 4287127.991975119
10500.0 4262686.758201573
10510.0 4250727.321383039
10520.0 4229160.951261815
10530.0 4216837.613456925
10540.0 4234317.922841865
10550.0 4229885.160858809
10560.0 4221738.145647348
10570.0 4177107.5713159805
10580.0 4117949.4865228096
10590.0 4028600.747606514
10600.0 4097193.0755257146
10610.0 4157703.664076122
10620.0 4147356.208286711
10630.0 4030507.6426012474
10640.0 4151124.6121037873
10650.0 4139623.3516175807
10660.0 4034945.905285985
10670.0 4104488.2675876357
10680.0 4000202.337882219
10690.0 3734165.6185599687
10700.0 4022387.480099853
10710.0 3983323.1946026324
10720.0 4031393.103728216
10730.0 3887230.25535082
10740.0 4031063.6082107183
10750.0 3905828.268650878
10760.0 4034012.851211782
10770.0 4002545.6349672507
10780.0 3968572.3398723654
10790.0 3907820.030954119
10800.0 3966574.058835401
10810.0 3798066.4856682764
10820.0 4944084.310190097
10830.0 3770708.3046879517
10840.0 3887932.290464063
10850.0 3938526.952343313
10860.0 3905938.43465549
10870.0 3677341.8228517314
10880.0 3859514.8931040713
10890.0 3813194.438636179
10900.0 3878606.4589934037
10910.0 3780239.432486736
10920.0 3826688.404888104
10930.0 3597322.4963200917
10940.0 3220372.794893101
10950.0 3642977.1690558065
10960.0 3699736.898512841
10970.0 3737111.1757935327
10980.0 3634825.897307853
10990.0 3807029.0769365393
11000.0 3814577.546046658
11010.0 3780256.9410823835
11020.0 3667693.4647894725
11030.0 3777249.0796815637
11040.0 3781270.334296039
11050.0 3752008.971282206
11060.0 3761141.0725283097
11070.0 3762579.155123654
11080.0 3749821.76874524
11090.0 3744309.3114783727
11100.0 3728917.9635497043
11110.0 3729584.267067854
11120.0 3690802.86645178
11130.0 3649569.0309358025
11140.0 3703105.842023179
11150.0 3686887.070475743
11160.0 3678686.5411183448
11170.0 3682759.8793959557
11180.0 3662350.9177363156
11190.0 3557061.5914648995
11200.0 3590381.9090528185
11210.0 3642687.635955766
11220.0 3643190.480297598
11230.0 3632939.1284322552
11240.0 3623698.9763544844
11250.0 3449883.6909280126
11260.0 3580400.428531853
11270.0 3602779.6077368124
11280.0 3592487.846004517
11290.0 3457802.798854987
11300.0 3547142.8885439383
11310.0 3549953.5720545975
11320.0 3557726.0289298655
11330.0 3496959.1523164078
11340.0 3526444.949035028
11350.0 3525103.59566891
11360.0 3513390.6464368785
11370.0 3486242.354809473
11380.0 3484946.163046327
11390.0 3448430.313296688
11400.0 3397399.9634993915
11410.0 3455554.1932077673
11420.0 3448739.843897014
11430.0 3472044.8420539396
11440.0 3410598.502487591
11450.0 3425971.0313665885
11460.0 3453833.6115974733
11470.0 3442240.711783251
11480.0 3425579.629083423
11490.0 3430636.924873433
11500.0 3416291.805908194
11510.0 3420923.9120199475
11520.0 3383454.5770163927
11530.0 3404232.100789649
11540.0 3395396.240297546
11550.0 3395410.0309119564
11560.0 3385616.116567753
11570.0 3374458.234463219
11580.0 3368540.3034847653
11590.0 3276997.279718456
11600.0 3338450.9299844466
11610.0 3184760.1051084595
11620.0 3321009.494501286
11630.0 3305178.8434042884
11640.0 3258646.846910365
11650.0 3287825.2370645646
11660.0 3254196.195027452
11670.0 3247273.5412552366
11680.0 3296194.730855217
11690.0 3229968.836515183
11700.0 3268066.1849316885
11710.0 3277680.894481111
11720.0 3270433.3137398055
11730.0 3257516.675197926
11740.0 3245415.497904431
11750.0 3076641.0140315043
11760.0 3207027.869272817
11770.0 3211458.2336709667
11780.0 3139162.6681354865
11790.0 3217181.1549950507
11800.0 3195002.8653169135
11810.0 3174273.3273979356
11820.0 3179666.030793157
11830.0 3048611.515729295
11840.0 3128764.601711884
11850.0 3157535.872513566
11860.0 3156729.0470679235
11870.0 3159978.9490535893
11880.0 3006484.5000815857
11890.0 3094951.110160949
11900.0 3113277.853850492
11910.0 3141147.3942099577
11920.0 3137950.734181923
11930.0 3129729.7880163873
11940.0 3122303.6337403613
11950.0 3072544.1573697887
11960.0 3088673.480320003
11970.0 3019858.970877647
11980.0 2966906.3495385624
11990.0 2974372.1095058196
12000.0 3076440.0619249484
12010.0 3061092.260010625
12020.0 3065360.584443734
12030.0 2897217.8520171205
12040.0 3020289.8324463344
12050.0 3043908.582737068
12060.0 3037498.063072342
12070.0 3025872.704791561
12080.0 2783121.971416932
12090.0 2990430.0768332295
12100.0 2934992.655453033
12110.0 2975108.8000022946
12120.0 2997072.7808614112
12130.0 2997430.1683618343
12140.0 2997039.494981396
12150.0 2979710.221961964
12160.0 2985627.777019004
12170.0 2967217.467940065
12180.0 2961524.550914341
12190.0 2950703.617890725
12200.0 2927705.2167757233
12210.0 2921695.159697011
12220.0 2940658.2812494896
12230.0 2922363.3005819824
12240.0 2920671.957524995
12250.0 2900079.4472438404
12260.0 2906234.9971614145
12270.0 2847325.9288135525
12280.0 2902365.778643939
12290.0 2904050.01223735
12300.0 2893585.3986109872
12310.0 2867914.1208802997
12320.0 2879377.316152398
12330.0 2864618.747874653
12340.0 2822912.7893248973
12350.0 2843505.604257485
12360.0 2793562.4127067165
12370.0 2839213.127724125
12380.0 2853068.207716452
12390.0 2834604.702956268
12400.0 2799025.206125992
12410.0 2815848.17327663
12420.0 2786273.7456674376
12430.0 2777890.146832336
12440.0 2817507.080088994
12450.0 2810777.7226906912
12460.0 2793558.290497521
12470.0 2777005.8929926823
12480.0 2791646.749935694
12490.0 2784402.081071163
12500.0 2780011.501623425
12510.0 2720314.587614325
12520.0 2682647.716291019
12530.0 2729347.2372363172
12540.0 2754544.594172909
12550.0 2742022.0747903404
12560.0 2714061.554709171
12570.0 2885746.34608722
12580.0 2696293.0489056045
12590.0 2723500.535452145
12600.0 2712395.449310704
12610.0 2673379.374799959
12620.0 2706809.0040156483
12630.0 2707085.256027091
12640.0 2647831.2320941905
12650.0 2677112.083283416
12660.0 2684909.86383543
12670.0 2680474.770447891
12680.0 2657017.3621982746
12690.0 2675927.044399796
12700.0 2659701.3159481646
12710.0 2639648.459200729
12720.0 2656745.308129479
12730.0 2649134.0226498405
12740.0 2630744.706061588
12750.0 2634375.567834073
12760.0 2624631.4439822133
12770.0 2609333.403610782
12780.0 2592040.1956815664
12790.0 2558044.4623874244
12800.0 2502030.529439848
12810.0 2351066.6826065634
12820.0 2171828.913291036
12830.0 2416249.925218642
12840.0 2505931.8024238427
12850.0 2544208.9000785267
12860.0 2557369.160887125
12870.0 2555973.019257425
12880.0 2555089.4447509
12890.0 2564328.255264217
12900.0 2514469.1796733164
12910.0 2548048.339476369
12920.0 2539964.7006413834
12930.0 2540285.7627233
12940.0 2534157.6503828466
12950.0 2550934.080347972
12960.0 2522597.42998995
12970.0 2499760.1691532275
12980.0 2508015.469195353
12990.0 2516422.100118934
13000.0 2509642.8127364996
13010.0 2514720.9850288485
13020.0 2505879.1236419086
13030.0 2471687.4400436115
13040.0 2482777.0310958177
13050.0 2483749.873841817
13060.0 2463418.2418360617
13070.0 2478406.751095433
13080.0 2478524.594662575
13090.0 2468192.167820241
13100.0 2446915.7182008494
13110.0 2464542.563313565
13120.0 2343547.7795260577
13130.0 2439965.5135233714
13140.0 2441249.2493449254
13150.0 2341153.3863075185
13160.0 2432845.3825202673
13170.0 2435768.5165912528
13180.0 2377955.789020466
13190.0 2424129.825844307
13200.0 2414340.349664326
13210.0 2441272.2785578235
13220.0 2410105.1428049593
13230.0 2409442.763199526
13240.0 2406537.107022779
13250.0 2392196.9499128805
13260.0 2385976.429853105
13270.0 2381374.9924866706
13280.0 2384949.113313559
13290.0 2334143.438686586
13300.0 2367025.4039683607
13310.0 2366720.467363631
13320.0 2318917.8333930774
13330.0 2354809.4544495023
13340.0 2354546.328846237
13350.0 2330738.8042535805
13360.0 2349371.495085402
13370.0 2336748.381597858
13380.0 2335289.5166995483
13390.0 2296759.6266089464
13400.0 2322496.766330911
13410.0 2321559.3014030983
13420.0 2314644.8560328614
13430.0 2309490.966990521
13440.0 2314700.005106156
13450.0 2300706.8311029067
13460.0 2293100.0413954323
13470.0 2298997.7540946496
13480.0 2292131.5918403114
13490.0 2283730.538054346
13500.0 2257969.9016087363
13510.0 2285173.4705913323
13520.0 2274188.1444767737
13530.0 2273843.9804365514
13540.0 2270623.325836403
13550.0 2239302.0079795546
13560.0 2230592.2330751615
13570.0 2235125.8714412902
13580.0 2251370.370825458
13590.0 2240442.5343503626
13600.0 2230295.2645659307
13610.0 2241722.701465267
13620.0 2232787.4613105403
13630.0 2214030.557037142
13640.0 2214496.5553432326
13650.0 2219386.0654398073
13660.0 2217236.1926401365
13670.0 2199133.5088759055
13680.0 2184960.5468158685
13690.0 2194614.668016768
13700.0 2170221.5154355336
13710.0 2176962.9304936025
13720.0 2171587.6926217787
13730.0 2159043.318355584
13740.0 2151956.986640022
13750.0 2194330.238762434
13760.0 2140550.464095495
13770.0 2161416.1784346704
13780.0 2152516.050624441
13790.0 2164207.343171069
13800.0 2147256.9066732177
13810.0 2153926.350882713
13820.0 2137647.567320826
13830.0 2123732.708607244
13840.0 2145499.344312315
13850.0 2127073.4407691117
13860.0 2122663.676437792
13870.0 2126692.1410046797
13880.0 2128817.9604170755
13890.0 2120873.5394601007
13900.0 2089393.441902508
13910.0 2115339.6672995244
13920.0 2106577.5114434604
13930.0 2104846.6018444286
13940.0 2081777.92636052
13950.0 2077315.694115785
13960.0 2091799.2661042474
13970.0 2091620.191574062
13980.0 2085321.0774096376
13990.0 2075152.608611999
14000.0 2037202.8091647893
14010.0 2045538.231799881
14020.0 2072991.1182067795
14030.0 2042832.493847963
14040.0 2060601.8073124692
14050.0 2063966.4458448873
14060.0 2054251.1258920224
14070.0 2046528.91815842
14080.0 2030890.2509656397
14090.0 2044749.976232153
14100.0 2040164.5440590056
14110.0 2000904.9039555045
14120.0 2001393.4416927288
14130.0 1990562.1253544344
14140.0 2025297.386271747
14150.0 2022461.094377487
14160.0 1997471.7703162145
14170.0 2014455.9456699598
14180.0 1999982.1736749574
14190.0 2007692.825499221
14200.0 1988002.1550231306
14210.0 1982154.0572868548
14220.0 1963827.4928314656
14230.0 1993415.9744519452
14240.0 1923106.2086796341
14250.0 1963561.105707577
14260.0 1949432.3661070645
14270.0 1943209.710587498
14280.0 1963661.0668107267
14290.0 1880505.4892342803
14300.0 1959837.8092146742
14310.0 1934730.1684357042
14320.0 1954261.4844917902
14330.0 1956869.5119983365
14340.0 1952100.690043244
14350.0 1945199.3900781865
14360.0 1942156.986937193
14370.0 1945352.2158450154
14380.0 1937603.4721342532
14390.0 1933145.7407893166
14400.0 1785310.7429476592
14410.0 1923191.6268903369
14420.0 1867434.096005241
14430.0 1886679.3756673995
14440.0 1875239.100347375
14450.0 1909103.8042754945
14460.0 1891212.6967234896
14470.0 1894474.944956836
14480.0 1869325.1934339632
14490.0 1882524.6782898703
14500.0 1848147.50398632
14510.0 1827507.6061182932
14520.0 1865384.6554277665
14530.0 1872819.3552572136
14540.0 1801139.655574854
14550.0 1842109.9696683974
14560.0 1847816.4492912085
14570.0 1829870.6188717717
14580.0 1866669.451326252
14590.0 1843122.2190089824
14600.0 1845304.741055003
14610.0 1854250.0886795865
14620.0 1833336.9747479314
14630.0 1827664.290081057
14640.0 1812971.8651200265
14650.0 1750724.4472996916
14660.0 1838781.64445657
14670.0 1828439.0049704907
14680.0 1827970.4384216443
14690.0 1811974.7061744009
14700.0 1781181.7267349046
14710.0 1803381.1622559915
14720.0 1771515.784761722
14730.0 1816386.241620903
14740.0 1801962.9053852959
14750.0 1751253.0133011872
14760.0 1797206.6763112268
14770.0 1789585.722781863
14780.0 1753601.5467082013
14790.0 1794184.9483000268
14800.0 1790064.715064354
14810.0 1764384.3863476194
14820.0 1780915.1068174927
14830.0 1720561.0716378703
14840.0 1769671.0909788385
14850.0 1757350.3201733483
14860.0 1750592.6377705846
14870.0 1713760.2910143419
14880.0 1518651.2921129756
14890.0 1755701.2515924976
14900.0 1734132.7733198148
14910.0 1737780.226212289
14920.0 1750979.234735319
14930.0 1749856.619439477
14940.0 1739750.3790916225
14950.0 1741216.2488393153
14960.0 1700828.885510286
14970.0 1719026.4911999232
14980.0 1715406.540292099
14990.0 1709256.2117834026
15000.0 1725518.8989252239
15010.0 1699609.7166522727
15020.0 1620796.0196245785
15030.0 1633573.8003133042
15040.0 1585004.4174280232
15050.0 1579714.127905447
15060.0 1702048.6651374034
15070.0 1706230.0262689416
15080.0 1682383.6402713237
15090.0 1692358.217469095
15100.0 1680885.6562504892
15110.0 1698329.5615962239
15120.0 1662020.247865916
15130.0 1690544.6360210916
15140.0 1659074.5920816837
15150.0 1684380.746079577
15160.0 1662348.133987759
15170.0 1673457.9838222663
15180.0 1661044.32466773
15190.0 1666564.3164036246
15200.0 1645379.0693798808
15210.0 1621445.9488123625
15220.0 1609617.1164296432
15230.0 1635389.4494910096
15240.0 1626603.555432486
15250.0 1644772.461715675
15260.0 1632002.1590113305
15270.0 1639860.557470426
15280.0 1633216.8430635575
15290.0 1561412.4476615745
15300.0 1610099.155815373
15310.0 1623929.0341324867
15320.0 1611069.5787589345
15330.0 1613621.3363576108
15340.0 1576816.0155909415
15350.0 1627832.6298429528
15360.0 1607456.6278852548
15370.0 1607685.092107041
15380.0 1559999.3446151447
15390.0 1576485.8994419
15400.0 1543660.8614505737
15410.0 1592186.4377487819
15420.0 1556344.078415295
15430.0 1581688.5196854402
15440.0 1578279.3240155173
15450.0 1576598.5248291993
15460.0 1578629.9397314754
15470.0 1563515.3103767608
15480.0 1549008.4513518712
15490.0 1562936.9434111018
15500.0 1548939.1505917227
15510.0 1563334.4314321466
15520.0 1555988.9572065016
15530.0 1535322.9107389278
15540.0 1530802.9026260574
15550.0 1536822.4862188096
15560.0 1501325.2157553167
15570.0 1532308.2053924154
15580.0 1542959.5505441385
15590.0 1498299.2093243687
15600.0 1538100.2913177777
15610.0 1541926.3444759818
15620.0 1495907.203481902
15630.0 1501542.7683344227
15640.0 1526795.292004207
15650.0 1512398.8593718745
15660.0 1493737.2418051912
15670.0 1495542.0295536171
15680.0 1495867.2349858314
15690.0 1458548.8140472427
15700.0 1483518.3203603742
15710.0 1490205.7768962763
15720.0 1469917.4083362333
15730.0 1495802.4832661746
15740.0 1426157.1582905054
15750.0 1408468.1681580143
15760.0 1470829.0535834688
15770.0 1326562.428286394
15780.0 1492038.1942830752
15790.0 1481629.1210220046
15800.0 1483657.6866668896
15810.0 1484806.7499224227
15820.0 1411521.0228859435
15830.0 1457341.530497311
15840.0 1455416.5058920048
15850.0 1450686.1222568399
15860.0 1438277.4213112427
15870.0 1406409.1123140722
15880.0 1369982.2335479439
15890.0 1338913.0062206131
15900.0 1398621.7857737362
15910.0 1397056.2746693797
15920.0 1441965.5349993187
15930.0 1439148.434834346
15940.0 1440877.1383560365
15950.0 1427661.906724327
15960.0 1366783.0356151308
15970.0 1454426.3597694288
15980.0 1426075.462549764
15990.0 1442057.8517629183
16000.0 1426682.125313335
16010.0 1394225.5960576867
16020.0 1418486.777476188
16030.0 1431249.477775701
16040.0 1392906.043496876
16050.0 1414385.3345069003
16060.0 1374798.9466717155
16070.0 1392006.5590385587
16080.0 1394849.1846284298
16090.0 1342928.745221331
16100.0 1315461.6651987995
16110.0 1330452.127475688
16120.0 1347801.2059480227
16130.0 1361467.5202898749
16140.0 1366459.824121965
16150.0 1355936.1139899257
16160.0 1333985.8959967156
16170.0 1377076.6945025239
16180.0 1375225.9971022797
16190.0 1371500.2548058915
16200.0 1329657.176239743
16210.0 1370330.2750158496
16220.0 1374264.9756426837
16230.0 1365016.764219132
16240.0 1356149.4472343607
16250.0 1376581.9368778006
16260.0 1374029.271572503
16270.0 1372704.593338189
16280.0 1369085.9374508164
16290.0 1358142.5805646451
16300.0 1358801.4933287122
16310.0 1352114.784240887
16320.0 1327622.4715093884
16330.0 1333864.1500646528
16340.0 1344334.3370427575
16350.0 1334094.7514776513
16360.0 1303639.7397566296
16370.0 1306217.82518816
16380.0 1240570.486189779
16390.0 1262667.3736609675
16400.0 1225707.170224912
16410.0 1212405.492591784
16420.0 1257422.5004737102
16430.0 1281355.8238422158
16440.0 1260066.5001466793
16450.0 1293922.24976078
16460.0 1431956.7315219156
16470.0 1291466.3087131917
16480.0 1304867.9372560447
16490.0 1268326.9841005055
16500.0 1308689.9051955685
16510.0 1300598.2104172125
16520.0 1291283.282027708
16530.0 1303369.034004436
16540.0 1276217.035864635
16550.0 1286130.3699328064
16560.0 1270809.1854141797
16570.0 1287809.1157626817
16580.0 1286924.9769554583
16590.0 1270969.872525774
16600.0 1286332.6232439617
16610.0 1280050.6431762138
16620.0 1281199.2967039535
16630.0 1263819.6627966585
16640.0 1268733.89542154
16650.0 1237636.9037195798
16660.0 1265944.3321589201
16670.0 1248933.9199912283
16680.0 1240522.297896133
16690.0 1258800.4998975762
16700.0 1257424.8373673689
16710.0 1246273.5865179505
16720.0 1205128.0480676005
16730.0 1239824.3505352044
16740.0 1234143.3409762708
16750.0 1177240.558391097
16760.0 1203673.7987983075
16770.0 1210438.8418948287
16780.0 1189101.5984905022
16790.0 1180661.5462044952
16800.0 1112128.0259633553
16810.0 1088255.3319584306
16820.0 1126717.72406067
16830.0 1167771.6347789976
16840.0 1187876.870648998
16850.0 1197005.5215643283
16860.0 1187822.3265615425
16870.0 1194454.1756913832
16880.0 1199875.4310951077
16890.0 1165994.7389478837
16900.0 1182056.5811402272
16910.0 1202660.4224605002
16920.0 1201976.7639366004
16930.0 1196369.8114583213
16940.0 1199617.064140858
16950.0 1195554.714122572
16960.0 1190036.7053028701
16970.0 1176309.7003428608
16980.0 1183070.3333229786
16990.0 1173127.0820354037
17000.0 1161046.9321334194
17010.0 1147962.8203877604
17020.0 1173284.8513527613
17030.0 1171473.5801168778
17040.0 1174149.5891023371
17050.0 1172868.2024000383
17060.0 1163572.0926355221
17070.0 1162052.1226602898
17080.0 1163337.4670055658
17090.0 1138608.2705257921
17100.0 1155941.2616248694
17110.0 1067440.1046919941
17120.0 1151358.640619033
17130.0 1155192.161595703
17140.0 1151320.5267445447
17150.0 1148191.3468351208
17160.0 1134068.3332079486
17170.0 1144243.9101302857
17180.0 1140153.036896507
17190.0 1136399.6927796612
17200.0 1128346.7072980958
17210.0 1129284.3240576873
17220.0 1122781.9194873392
17230.0 1063028.5859104285
17240.0 1121257.324477236
17250.0 1115383.6008311966
17260.0 1117899.1742755251
17270.0 1096729.9900989204
17280.0 1092190.968496035
17290.0 1102193.5174542153
17300.0 1087409.188892161
17310.0 1089695.3584381554
17320.0 1060777.297420936
17330.0 1005232.1259375943
17340.0 1005189.0511669094
17350.0 1006193.3820275359
17360.0 928168.365844129
17370.0 976410.8356514889
17380.0 1025320.5007644262
17390.0 1044568.6159605288
17400.0 1055927.9099572538
17410.0 1037170.6503870892
17420.0 1064328.5520178922
17430.0 1058762.2709937883
17440.0 1073545.7604837092
17450.0 1047255.393309308
17460.0 1047565.5516993357
17470.0 1024121.3997437458
17480.0 1064861.236411325
17490.0 1068877.7481123738
17500.0 1058355.7958618621
17510.0 1036442.5579366322
17520.0 1058031.8049555353
17530.0 1058675.5960061038
17540.0 1056977.2468332823
17550.0 1038205.9818673865
17560.0 1050903.4585081374
17570.0 1055174.6636311014
17580.0 1047854.3790167896
17590.0 1051451.874767465
17600.0 1039633.640596111
17610.0 1025719.2000498977
17620.0 1000877.1754873967
17630.0 1041765.5754098395
17640.0 998975.0314833118
17650.0 1038917.9309614302
17660.0 1024635.8824295431
17670.0 1021556.4419906657
17680.0 1007393.5222384336
17690.0 1028133.7547293984
17700.0 1022926.450576046
17710.0 1015982.0240365501
17720.0 993864.4975235881
17730.0 1017973.1058555616
17740.0 1014581.3747475845
17750.0 1009771.6491032748
17760.0 1003183.3629262929
17770.0 983300.8779453856
17780.0 1006774.635460995
17790.0 998571.0476317322
17800.0 1005272.9977711522
17810.0 992373.4205303458
17820.0 998135.9425461891
17830.0 994706.9016511304
17840.0 987299.8395438083
17850.0 982403.5009025441
17860.0 986206.3024819292
17870.0 990137.1225432632
17880.0 992087.4244444325
17890.0 989120.933783011
17900.0 989139.9467438515
17910.0 984612.5793100477
17920.0 981187.8527985361
17930.0 966809.8562605267
17940.0 964552.5943228882
17950.0 978313.7300802508
17960.0 974952.1783738044
17970.0 969125.4824630185
17980.0 967163.6736533369
17990.0 967601.5142681091
18000.0 962574.1865549566
18010.0 976293.1233410287
18020.0 950489.616035735
18030.0 948085.28905271
18040.0 956969.4261688949
18050.0 949569.5081156846
18060.0 946480.8745119703
18070.0 946687.1524069362
18080.0 935431.4100939024
18090.0 938159.0100393503
18100.0 951555.7613286598
18110.0 927773.0433113682
18120.0 925030.1759247918
18130.0 919559.3545062135
18140.0 905297.3940546832
18150.0 884667.1385024955
18160.0 845522.4946725047
18170.0 770387.0826539351
18180.0 798474.712066051
18190.0 866109.2121297868
18200.0 884997.345668149
18210.0 898504.3834087083
18220.0 873763.7590949594
18230.0 904495.6817834545
18240.0 907232.932737192
18250.0 911390.5325142686
18260.0 913692.0518450546
18270.0 912443.9999755655
18280.0 897426.278331781
18290.0 911059.1468215843
18300.0 906658.816735918
18310.0 909128.5317673824
18320.0 886465.2971577107
18330.0 907882.941618317
18340.0 902575.817799182
18350.0 900701.4456766259
18360.0 897533.8108479247
18370.0 872099.0929142113
18380.0 892397.4907482408
18390.0 893532.8406291116
18400.0 889832.8801484106
18410.0 877556.4915900276
18420.0 853210.6612560271
18430.0 879088.198330227
18440.0 884444.7337024584
18450.0 881444.598187941
18460.0 882924.5299434356
18470.0 857648.8462934814
18480.0 881141.300786078
18490.0 878439.005008858
18500.0 876599.8589012866
18510.0 875047.712937308
18520.0 862180.304941684
18530.0 863746.1743850827
18540.0 870608.4450484646
18550.0 834772.7356145913
18560.0 861509.3697293581
18570.0 865940.1476685706
18580.0 847786.0310498944
18590.0 859632.0425364117
18600.0 859388.519226014
18610.0 852459.0701231535
18620.0 850882.4483328355
18630.0 848928.2312244588
18640.0 848794.3539065702
18650.0 860839.1449958025
18660.0 835155.4300610687
18670.0 842357.2568110672
18680.0 833145.9200800557
18690.0 832294.6307120388
18700.0 827179.8133546886
18710.0 817885.7264912247
18720.0 786854.757540073
18730.0 785646.6167290497
18740.0 892647.3541616077
18750.0 613387.4285988149
18760.0 727017.7490644384
18770.0 764191.5136252296
18780.0 795449.3210548852
18790.0 803624.331144406
18800.0 811598.3559572467
18810.0 815430.9221520531
18820.0 808909.2494930907
18830.0 817464.744578872
18840.0 802361.9793295639
18850.0 805944.7918691138
18860.0 792738.5087595267
18870.0 811819.5651631496
18880.0 799961.8531350086
18890.0 803619.867996603
18900.0 783377.1365048852
18910.0 790029.5607261935
18920.0 791148.7214607262
18930.0 769696.0197428323
18940.0 789994.1871394359
18950.0 796056.62032562
18960.0 781890.0476929238
18970.0 792498.7127135141
18980.0 800310.6688686685
18990.0 784339.4244761198
19000.0 795224.8728160444
19010.0 795506.9887711174
19020.0 795425.5893509737
19030.0 777834.3588912969
19040.0 790838.5523782886
19050.0 784728.0997460176
19060.0 788847.9088479313
19070.0 789267.8371661343
19080.0 779999.0954152901
19090.0 785974.0121413029
19100.0 781889.2791514447
19110.0 769079.642380762
19120.0 772020.1358643062
19130.0 778967.5447437906
19140.0 773770.2079784871
19150.0 774530.0756728242
19160.0 770274.6269230872
19170.0 772334.2524826045
19180.0 771411.549288117
19190.0 747111.2662826771
19200.0 761117.8261629938
19210.0 761476.2977796609
19220.0 763468.5539200804
19230.0 764539.4254014126
19240.0 763069.5047801181
19250.0 758160.7563246716
19260.0 754648.0039240007
19270.0 749727.0109593562
19280.0 746732.802280746
19290.0 754425.3365598865
19300.0 751296.6152470681
19310.0 735484.3634077826
19320.0 749523.8504792007
19330.0 747352.0523579682
19340.0 731465.7354783088
19350.0 742946.7096307286
19360.0 741257.6460752052
19370.0 738411.7990996861
19380.0 733591.3623684454
19390.0 712362.3734645003
19400.0 719318.2600247766
19410.0 721252.9967949903
19420.0 699241.9691531761
19430.0 655753.4331566328
19440.0 616054.709755621
19450.0 592437.7047339937
19460.0 667851.2216892997
19470.0 687639.467703984
19480.0 697412.9874448997
19490.0 691009.4032762803
19500.0 712347.3297787319
19510.0 680732.1455661849
19520.0 718154.3445692474
19530.0 714714.2568253474
19540.0 711425.9009371966
19550.0 718469.6793376582
19560.0 717711.9376691815
19570.0 715803.444439443
19580.0 711456.8177879245
19590.0 710369.5623442559
19600.0 708491.8583200328
19610.0 704083.6272897911
19620.0 705601.9209438255
19630.0 692836.6888257969
19640.0 703727.5914989248
19650.0 708944.703549152
19660.0 707200.1340469872
19670.0 706177.9330820504
19680.0 704216.1403464576
19690.0 702637.0428981554
19700.0 702211.8214791911
19710.0 700191.4963540134
19720.0 666041.3864409145
19730.0 687131.5623248817
19740.0 695189.5912033874
19750.0 695083.4744569836
19760.0 693379.2954803241
19770.0 693570.4051764419
19780.0 664443.2982882193
19790.0 682375.9211184026
19800.0 689402.8634907603
19810.0 687481.7498141534
19820.0 685888.9047198567
19830.0 686588.994353925
19840.0 685414.7467023006
19850.0 659332.4782976499
19860.0 664563.5152991918
19870.0 679435.0519862884
19880.0 678720.5450283918
19890.0 678789.9772964274
19900.0 677822.0230014147
19910.0 675143.5594995109
19920.0 671971.1070381295
19930.0 650179.1904424602
19940.0 671788.675871816
19950.0 669846.1324396959
19960.0 663148.8532975533
19970.0 651854.7836429144
19980.0 666312.722832874
19990.0 666930.587391512
20010.0 662678.6199385343
20020.0 655129.7466963046
20030.0 658421.7247896249
20040.0 655826.5353674623
20050.0 646555.1733414911
20060.0 657040.1238657049
20070.0 653267.1378139637
20080.0 654596.464279575
20090.0 649899.1994873695
20100.0 653288.793293228
20110.0 651479.7645299947
20120.0 651559.5939709421
20130.0 648972.9504798396
20140.0 642753.6916274364
20150.0 646724.0588581157
20160.0 646713.4102351085
20170.0 644365.4253644309
20180.0 644385.5263142488
20190.0 640631.8674710277
20200.0 638227.9788301109
20210.0 623180.794413626
20220.0 638187.5576389064
20230.0 632770.762876657
20240.0 632806.7936723038
20250.0 635335.6647076972
20260.0 629743.2570662157
20270.0 630146.1539977589
20280.0 630029.1515630409
20290.0 628660.6911407511
20300.0 602556.8424919466
20310.0 629111.8870106349
20320.0 627898.2285880264
20330.0 625800.8586304142
20340.0 609704.858227382
20350.0 621097.1172413554
20360.0 622062.4764294492
20370.0 619488.9747083853
20380.0 598565.6378434094
20390.0 620025.749937843
20400.0 615059.1123705874
20410.0 609049.0230279576
20420.0 615927.1862120759
20430.0 615883.2020853856
20440.0 615107.4533399802
20450.0 612561.3982359883
20460.0 613159.5403188358
20470.0 610235.2287021368
20480.0 610626.2394465811
20490.0 609872.0743905212
20500.0 609156.6465541049
20510.0 605874.3677983141
20520.0 599023.9615090778
20530.0 603872.203611075
20540.0 599913.6964656662
20550.0 602753.6458505169
20560.0 602306.8715562227
20570.0 600076.0771281766
20580.0 599745.7435183731
20590.0 593722.6222697003
20600.0 573767.3878343212
20610.0 602679.1316379764
20620.0 594084.0037300818
20630.0 549840.213273331
20640.0 592311.8302864339
20650.0 592414.5076253497
20660.0 590592.7727951993
20670.0 580014.9782252252
20680.0 585600.2903372168
20690.0 586632.383201786
20700.0 568832.9719385486
20710.0 580943.5746949784
20720.0 580664.4046559194
20730.0 583182.5889865648
20740.0 580146.5644637845
20750.0 580976.620648316
20760.0 573596.4463707728
20770.0 568936.7165430287
20780.0 577843.746962934
20790.0 578194.8968347735
20800.0 572910.7639998677
20810.0 575827.1191928453
20820.0 572936.0490943613
20830.0 563367.6963703253
20840.0 563280.6383220081
20850.0 569778.7637713583
20860.0 570406.5947208982
20870.0 568292.6838828437
20880.0 565724.938971699
20890.0 564056.1333563026
20900.0 567367.670844662
20910.0 564120.7698938524
20920.0 536971.9960978802
20930.0 561049.5334945325
20940.0 563076.497093997
20950.0 562415.8433047987
20960.0 557920.3881219317
20970.0 558451.7169291804
20980.0 557240.1006660841
20990.0 556266.4672441336
21000.0 558055.651049745
21010.0 551963.117171267
21020.0 544257.6770734518
21030.0 554518.7978901279
21040.0 554507.3630305183
21050.0 553347.6240956113
21060.0 549455.7446534048
21070.0 546133.3716822902
21080.0 549184.6360073707
21090.0 539342.4789372724
21100.0 546755.5063045132
21110.0 545862.8816215133
21120.0 545347.557087766
21130.0 545340.3983730664
21140.0 540167.6169658992
21150.0 542713.6846277447
21160.0 523474.67132270685
21170.0 539387.6266827573
21180.0 538255.7151026654
21190.0 517252.9836320926
21200.0 535626.5968942122
21210.0 526939.393378966
21220.0 532778.2928893322
21230.0 525259.9196929763
21240.0 531099.9844509879
21250.0 533547.1343344272
21260.0 514676.97804836615
21270.0 530195.4343283966
21280.0 528963.6410078929
21290.0 528272.1515665285
21300.0 524630.782261985
21310.0 529133.5150311025
21320.0 525865.3576415702
21330.0 526926.2113408694
21340.0 525593.9775733997
21350.0 508275.4615135097
21360.0 521916.68828229845
21370.0 522664.792003615
21380.0 522549.75681375246
21390.0 519097.4423515981
21400.0 520731.48546572495
21410.0 519335.70526976895
21420.0 519139.51603128697
21430.0 514080.0470281095
21440.0 514834.1362786682
21450.0 514292.3632982851
21460.0 512164.62143839605
21470.0 513575.11123019777
21480.0 513095.44804018247
21490.0 511407.47190118174
21500.0 511000.6843889397
21510.0 509403.5807105912
21520.0 506425.602606019
21530.0 506033.0791329463
21540.0 504576.82679488976
21550.0 504353.2679393651
21560.0 503584.29789162363
21570.0 501626.0272981175
21580.0 499725.04669419944
21590.0 495705.84726513026
21600.0 493635.19150584756
21610.0 487550.8571183818
21620.0 482932.5055471644
21630.0 474197.83265591663
21640.0 457407.9826793984
21650.0 412963.2354206434
21660.0 409168.34799081436
21670.0 462808.9993409629
21680.0 468953.16697171674
21690.0 472594.39433444163
21700.0 480331.1649730119
21710.0 482358.8750137417
21720.0 485467.867476795
21730.0 485914.7209177367
21740.0 484808.735303758
21750.0 484847.70919043105
21760.0 482398.2025121114
21770.0 485589.5366803662
21780.0 463485.1274868057
21790.0 484210.2789603413
21800.0 485752.675610529
21810.0 484692.46369959373
21820.0 468022.05858034844
21830.0 482897.4025021408
21840.0 482745.1250054262
21850.0 482153.72786289436
21860.0 481098.737332173
21870.0 475960.724824844
21880.0 458623.8610631658
21890.0 478539.88047258725
21900.0 476098.7140862902
21910.0 477246.9907069886
21920.0 477045.17384101223
21930.0 476049.62125609483
21940.0 473065.8354143092
21950.0 474383.5545101254
21960.0 474052.18054603983
21970.0 472973.4123074307
21980.0 472363.8682513869
21990.0 470458.97729460703
22000.0 470443.43192058394
22010.0 468860.18134474545
22020.0 468891.5320183933
22030.0 466109.69950084697
22040.0 464517.2801153797
22050.0 466096.19451855426
22060.0 433516.84264473635
22070.0 460621.923279242
22080.0 457393.5891468264
22090.0 463995.43640660285
22100.0 462090.55752069264
22110.0 460223.736130509
22120.0 461113.562324536
22130.0 461157.9356859957
22140.0 460366.8016543041
22150.0 459315.99970421864
22160.0 445430.87832567794
22170.0 449927.24025694956
22180.0 456882.6111896209
22190.0 456824.1559245506
22200.0 455714.56919570215
22210.0 454856.651758096
22220.0 454764.21687911893
22230.0 453368.7195140375
22240.0 452419.67501612887
22250.0 452198.63207822
22260.0 445810.9216487141
22270.0 450526.7017906625
22280.0 447734.7482365876
22290.0 449426.38561512675
22300.0 446906.40850973845
22310.0 447502.42637479416
22320.0 446645.3505109521
22330.0 446551.7081854863
22340.0 444856.0296540754
22350.0 445019.5009014152
22360.0 444251.5712516687
22370.0 443372.546231648
22380.0 436530.8107983348
22390.0 439674.8020628782
22400.0 441599.63982830534
22410.0 440282.00219064
22420.0 436743.2745336224
22430.0 438745.55061994016
22440.0 438105.6349668869
22450.0 437383.3931033486
22460.0 436993.4386140658
22470.0 428522.34281268786
22480.0 434516.4867497295
22490.0 433954.0305892982
22500.0 433765.633970302
22510.0 429508.39935479884
22520.0 428243.7808010422
22530.0 428380.64316744695
22540.0 416310.1958856788
22550.0 423859.24040568783
22560.0 424734.5506941022
22570.0 427101.90159436926
22580.0 426265.4951875133
22590.0 426679.8530820967
22600.0 425829.1744574431
22610.0 423309.1476064935
22620.0 416706.9137767014
22630.0 422483.5620817627
22640.0 420272.6127185698
22650.0 419044.3564750552
22660.0 421279.52882726956
22670.0 420717.9783740083
22680.0 420476.8281625966
22690.0 419401.2264340281
22700.0 419122.03050056275
22710.0 409560.63102975255
22720.0 417582.0610068157
22730.0 417115.99223236414
22740.0 413077.6551659859
22750.0 414787.21655769413
22760.0 414306.54709354765
22770.0 414516.3851036514
22780.0 413322.5807878979
22790.0 411166.07412553916
22800.0 409089.23403647274
22810.0 388176.7955152247
22820.0 408397.8324461664
22830.0 409148.23439968686
22840.0 409590.45455813356
22850.0 408531.3646469475
22860.0 406040.63250451494
22870.0 407422.7298378603
22880.0 407164.04520255444
22890.0 404882.8278503638
22900.0 406116.56206813734
22910.0 400603.37802769995
22920.0 404410.6549370343
22930.0 402000.446496467
22940.0 402891.87434739154
22950.0 401491.5819367108
22960.0 397020.7449311847
22970.0 398452.5029697058
22980.0 400585.8979562589
22990.0 399188.9485449352
23000.0 399117.99637710233
23010.0 399162.6362296622
23020.0 397842.23172654357
23030.0 397375.22081953584
23040.0 396612.34469395725
23050.0 396021.50410483294
23060.0 395911.9976734075
23070.0 395205.2092076841
23080.0 394831.1936522078
23090.0 393629.47530739906
23100.0 393306.3698071772
23110.0 392818.660171697
23120.0 392301.4839229097
23130.0 390256.80588820163
23140.0 387284.84028817934
23150.0 389475.1312423082
23160.0 388183.33284154325
23170.0 388531.1880404176
23180.0 385226.2170687026
23190.0 387694.8193026887
23200.0 387304.4324444287
23210.0 386768.1789560014
23220.0 384984.6403803073
23230.0 384516.0918916782
23240.0 384544.23430361046
23250.0 381834.08495485806
23260.0 383271.9663425418
23270.0 382860.9138287264
23280.0 382144.28715925256
23290.0 381612.81520952226
23300.0 380850.94623569516
23310.0 379437.6254449353
23320.0 380033.4979255053
23330.0 378375.5092785273
23340.0 378868.16511752177
23350.0 373069.36359449284
23360.0 377129.1696543912
23370.0 376557.72130674694
23380.0 367866.0834729166
23390.0 375838.17461004446
23400.0 374593.97567007865
23410.0 374514.6074409081
23420.0 374018.9996927309
23430.0 373556.1599634811
23440.0 372444.71078088146
23450.0 371810.40017527324
23460.0 370969.5501491528
23470.0 370853.6911722274
23480.0 368959.6342521485
23490.0 369646.9615655572
23500.0 368439.0549282309
23510.0 368519.1475572736
23520.0 367280.51879613695
23530.0 367280.35949834343
23540.0 366633.34483822493
23550.0 366279.13039648085
23560.0 365780.2234155865
23570.0 359942.003797066
23580.0 364097.4818691834
23590.0 364364.33124035504
23600.0 363035.3886561132
23610.0 362389.08792900917
23620.0 362440.95334962825
23630.0 361985.94501648535
23640.0 361467.19742203737
23650.0 360886.0422756576
23660.0 360046.25356754754
23670.0 359375.89064607746
23680.0 358219.67482435575
23690.0 357226.92528168997
23700.0 357639.0596544932
23710.0 356657.06132400717
23720.0 355229.8297978212
23730.0 351523.6606113673
23740.0 345978.8574413525
23750.0 353675.0599923243
23760.0 353271.8273779303
23770.0 354018.95861335046
23780.0 353418.3140596833
23790.0 353129.8556537582
23800.0 352353.72093350504
23810.0 351962.7304898235
23820.0 351249.1636333272
23830.0 349649.5621716759
23840.0 342119.6420934937
23850.0 347179.04681924224
23860.0 338693.5141145381
23870.0 348132.5067697075
23880.0 348039.7625853074
23890.0 347127.50005126523
23900.0 347062.86061198916
23910.0 346750.7853179752
23920.0 344677.97111623985
23930.0 345589.6612567427
23940.0 345018.9925880043
23950.0 343733.0482682086
23960.0 344008.62276215426
23970.0 343497.62147372897
23980.0 342360.5010477927
23990.0 340745.3235525079
24000.0 339377.12649294
24010.0 340828.0124738493
24020.0 340512.6376203195
24030.0 339884.3863325105
24040.0 339267.59567740327
24050.0 337713.66529388336
24060.0 338847.03596982727
24070.0 338631.9634082847
24080.0 337013.0683071828
24090.0 337366.3281302466
24100.0 336949.39943953056
24110.0 335990.2532855164
24120.0 335338.2005721112
24130.0 334739.8879572423
24140.0 332969.84914489905
24150.0 327195.3043398858
24160.0 327308.18154631904
24170.0 332351.0089258753
24180.0 332477.5865113643
24190.0 332200.48026238044
24200.0 331555.73989717924
24210.0 331305.61504095705
24220.0 330214.1190447401
24230.0 329277.12144893635
24240.0 326500.93097326276
24250.0 328946.90086768084
24260.0 327634.7195236132
24270.0 326793.9959234085
24280.0 326903.1795089958
24290.0 325241.6619217606
24300.0 325944.08211121755
24310.0 325858.67468423315
24320.0 325497.86435332656
24330.0 322295.75453481445
24340.0 322362.69888193085
24350.0 318843.52631138754
24360.0 322677.74030291743
24370.0 318703.45433775015
24380.0 321975.5420631931
24390.0 321401.5294051831
24400.0 320734.43068302603
24410.0 320174.6479976915
24420.0 318935.1374098695
24430.0 319377.38891858223
24440.0 318520.52424826776
24450.0 318287.4248259618
24460.0 316834.23920818657
24470.0 316441.890644906
24480.0 315997.25733058114
24490.0 315066.96041417704
24500.0 313458.0196330966
24510.0 311445.3735428989
24520.0 312067.82325972995
24530.0 313085.9281598684
24540.0 313863.3874226208
24550.0 308046.68100859626
24560.0 307424.4408593377
24570.0 299622.9947706753
24580.0 312348.70439058397
24590.0 311942.48722412216
24600.0 311720.2852409662
24610.0 311171.7155194554
24620.0 310182.0992085566
24630.0 309263.0777526837
24640.0 309531.74967459677
24650.0 306809.13605760015
24660.0 307629.4760481954
24670.0 307577.7672499396
24680.0 306155.0721324578
24690.0 300460.0222966568
24700.0 301521.20453307446
24710.0 305186.1222482507
24720.0 304671.55153568316
24730.0 298720.5344963573
24740.0 304304.25825953373
24750.0 303497.96045255405
24760.0 301049.4108875346
24770.0 302364.36545533064
24780.0 300913.9305777299
24790.0 302080.4780930935
24800.0 292410.742979103
24810.0 300846.46368391876
24820.0 287138.59765592805
24830.0 300407.7541850298
24840.0 300258.20346819086
24850.0 298967.5512378103
24860.0 280195.0833700484
24870.0 294458.2065821312
24880.0 295398.41120233684
24890.0 296331.2575261184
24900.0 295974.3348969157
24910.0 296462.32154204254
24920.0 294534.313332577
24930.0 295124.5006349388
24940.0 293981.0884868398
24950.0 291507.7883049197
24960.0 293686.12729886064
24970.0 293172.767110021
24980.0 290942.2237006123
24990.0 291938.39045289153
