#lam[Angstrom] flux[erg/cm2/s/A]
1010.0 41.872990987980494
1020.0 43.357593794040774
1030.0 149.5813155893751
1040.0 58.96258827784667
1050.0 44.39875225721147
1060.0 44.80012052152841
1070.0 47.30753578142745
1080.0 143.16666256098472
1090.0 145.85444309946396
1100.0 46.75702381342378
1110.0 47.131831006869454
1120.0 48.96421742494647
1130.0 47.627193652998216
1140.0 51.72328052758672
1150.0 48.53834236499722
1160.0 49.461264483540745
1170.0 49.55277616694819
1180.0 49.76618086900419
1190.0 50.0690767752757
1200.0 75.49675263304857
1210.0 67.19634966531291
1220.0 427.5313360402043
1230.0 61.84237581340525
1240.0 252.09851739875097
1250.0 87.80676669432037
1260.0 122.19106962924933
1270.0 125.53644971799478
1280.0 129.60986949642577
1290.0 139.88433657298023
1300.0 150.6399834640407
1310.0 165.6625048250751
1320.0 173.03997285507697
1330.0 175.96108450716142
1340.0 196.3884180065633
1350.0 189.00746738131684
1360.0 193.51450981780985
1370.0 196.38046005719218
1380.0 200.54423546114546
1390.0 459.1568358981136
1400.0 510.61765399357694
1410.0 377.48285475080576
1420.0 212.93539936693486
1430.0 209.09625436931927
1440.0 210.1688456326775
1450.0 211.5671917493008
1460.0 213.23215502674498
1470.0 214.88490700575915
1480.0 215.89686539293658
1490.0 338.8493711789305
1500.0 213.76155029224935
1510.0 213.4095166816439
1520.0 213.643799183108
1530.0 223.2414265615438
1540.0 212.14348077815336
1550.0 3012.2666134081283
1560.0 212.22873334624424
1570.0 211.31801713624387
1580.0 221.41554981568382
1590.0 211.11765712565727
1600.0 231.47550828309386
1610.0 210.7064949999825
1620.0 210.68976231487918
1630.0 209.44279146075596
1640.0 1915.6168699071197
1650.0 207.68893598489572
1660.0 268.65203873124386
1670.0 365.8383386090712
1680.0 206.35834176522542
1690.0 205.73498023272424
1700.0 204.89414885812883
1710.0 203.85858655419682
1720.0 218.8472173266567
1730.0 204.8826324180804
1740.0 208.76143634854145
1750.0 309.73704035793065
1760.0 203.0594101186401
1770.0 202.99551111672338
1780.0 203.60717790589393
1790.0 217.75027615707685
1800.0 202.24269979859164
1810.0 249.4469739433588
1820.0 253.73181334310166
1830.0 198.50937153533255
1840.0 197.2431388281429
1850.0 212.9547312885515
1860.0 204.8586831115633
1870.0 194.9315923464093
1880.0 319.5999550518922
1890.0 399.9715730413075
1900.0 192.99192984570618
1910.0 1296.6820915058381
1920.0 191.6572116343069
1930.0 192.50913481334325
1940.0 189.0162358532808
1950.0 188.9131398464109
1960.0 186.99137978204516
1970.0 185.89070371225066
1980.0 184.8959913607659
1990.0 184.08443668594307
2000.0 182.83934850474213
2010.0 181.24597355854047
2020.0 173.73754235005526
2030.0 163.86835266720033
2040.0 159.05248005900737
2050.0 151.81812401671894
2060.0 149.29017693006887
2070.0 150.41879957162405
2080.0 147.11126100355858
2090.0 151.68735227685323
2100.0 148.41424927496493
2110.0 148.43688548931001
2120.0 152.72175537356202
2130.0 152.51029921214203
2140.0 160.4081763698206
2150.0 146.74410765154184
2160.0 147.87426008080277
2170.0 144.31421592612753
2180.0 149.99424911365296
2190.0 146.7217618753408
2200.0 148.19470947619158
2210.0 149.98457836960824
2220.0 157.36750354241437
2230.0 153.97404420163247
2240.0 156.45888148880704
2250.0 166.1777178785223
2260.0 162.14647359203312
2270.0 165.37932154305213
2280.0 168.75056018957798
2290.0 172.27332016986009
2300.0 180.1587952777256
2310.0 189.54038338861778
2320.0 198.96568573794679
2330.0 356.5413870950266
2340.0 226.0369293163324
2350.0 201.561117223718
2360.0 196.7649217783501
2370.0 200.6187363555982
2380.0 204.42259951691975
2390.0 223.46180843093072
2400.0 212.1495619865627
2410.0 216.55063332155393
2420.0 219.54647010938334
2430.0 475.3715169752642
2440.0 226.80951675211423
2450.0 231.13003229965813
2460.0 233.9749528984126
2470.0 237.56536102791983
2480.0 241.1852825742953
2490.0 244.8819350221342
2500.0 248.2193015901516
2510.0 277.0253082140257
2520.0 255.67501233410022
2530.0 259.10698102734943
2540.0 262.001298649855
2550.0 265.45745239177444
2560.0 307.5130957371702
2570.0 271.97215762007596
2580.0 275.46135313951976
2590.0 285.6305677848475
2600.0 282.19161159630363
2610.0 285.1561828140235
2620.0 288.0529336916418
2630.0 291.19664107225105
2640.0 294.48257791243435
2650.0 297.08467541886256
2660.0 299.1000042286416
2670.0 335.7789243995967
2680.0 304.21569747087244
2690.0 307.2656768978989
2700.0 310.1649302076936
2710.0 312.44424553781306
2720.0 316.3863557310682
2730.0 339.06303271647647
2740.0 341.986516108325
2750.0 324.2644339970259
2760.0 328.49209244796907
2770.0 330.3636717942748
2780.0 333.3642481441425
2790.0 1329.9257290759933
2800.0 839.9481507818482
2810.0 342.8076628630099
2820.0 345.6094673544196
2830.0 538.5933244208157
2840.0 351.1621091676121
2850.0 374.6395262866565
2860.0 363.8854668321983
2870.0 360.2563328631625
2880.0 363.6282685115033
2890.0 366.6826065734408
2900.0 369.7867265087911
2910.0 372.45592775098896
2920.0 376.03037701392583
2930.0 437.2586108230482
2940.0 380.118202969265
2950.0 391.34140196154175
2960.0 386.4558557826142
2970.0 388.28048968934957
2980.0 393.0517501067882
2990.0 394.79733346908074
3000.0 396.6188426059733
3010.0 400.00854174604984
3020.0 402.2996655506767
3030.0 406.4034495137974
3040.0 409.0454527994661
3050.0 411.09280040884204
3060.0 414.74158944546633
3070.0 423.7956806078737
3080.0 420.91802740243446
3090.0 422.4129389030823
3100.0 428.4680106294193
3110.0 445.4256905458318
3120.0 468.1281268489329
3130.0 457.4249915042574
3140.0 483.1603431181245
3150.0 504.9150058274025
3160.0 513.2237516122768
3170.0 548.6613468196082
3180.0 519.7763087818573
3190.0 499.350252808887
3200.0 502.5713668077015
3210.0 621.259213377236
3220.0 530.3819237620343
3230.0 497.4153598422163
3240.0 525.6933565354137
3250.0 544.5766902303313
3260.0 671.7379693020962
3270.0 591.6547716076384
3280.0 632.9077316296846
3290.0 694.9062349604089
3300.0 565.8462148755347
3310.0 638.4189436302396
3320.0 614.3243850729905
3330.0 780.5589867447802
3340.0 748.4391801072578
3350.0 694.4925618196758
3360.0 623.8150606472283
3370.0 513.1424871391523
3380.0 587.0399643728965
3390.0 551.1772200673599
3400.0 652.6587974797541
3410.0 569.8638808746829
3420.0 623.1542297621646
3430.0 629.931908224729
3440.0 508.3395574488111
3450.0 537.6945217364282
3460.0 533.447313515212
3470.0 538.3412941339989
3480.0 574.6733525906749
3490.0 549.3838634876721
3500.0 580.8296231199507
3510.0 578.1998394551631
3520.0 553.3651650548179
3530.0 634.2850177203202
3540.0 909.5930279005078
3550.0 749.1664471061727
3560.0 685.1299729194136
3570.0 561.2906817515648
3580.0 550.0597691675724
3590.0 541.2090148598771
3600.0 559.611762359096
3610.0 572.1256093169534
3620.0 627.5566495160055
3630.0 689.8993810671955
3640.0 756.4975276117091
3650.0 656.908325783425
3660.0 905.1583774996292
3670.0 846.7301922374685
3680.0 632.6010933272348
3690.0 746.6541773829748
3700.0 732.9278674175387
3710.0 586.4831744445047
3720.0 477.9388258400626
3730.0 809.5338576041182
3740.0 421.8985421481093
3750.0 473.0232764241375
3760.0 544.1726252002677
3770.0 763.2237751452985
3780.0 801.495310677258
3790.0 737.3532821920368
3800.0 779.3510713787766
3810.0 772.4712003762154
3820.0 508.6684644350188
3830.0 549.207840643297
3840.0 730.1313692873891
3850.0 629.4589046256458
3860.0 858.1240413044035
3870.0 642.4416689181071
3880.0 611.0845566315411
3890.0 558.7176729661971
3900.0 631.39063829936
3910.0 768.8462292014083
3920.0 598.0384939785556
3930.0 528.5591271322364
3940.0 579.1523808853104
3950.0 615.3222175486092
3960.0 610.4846916619189
3970.0 691.1433556783511
3980.0 1051.7256756985355
3990.0 1058.2004085417107
4000.0 1073.0965884944692
4010.0 1106.4185585623704
4020.0 1099.8951623362836
4030.0 658.0171764922368
4040.0 959.4881690941291
4050.0 975.3725897615511
4060.0 1074.0174419009243
4070.0 1107.8245984366988
4080.0 1171.3105239395102
4090.0 1091.599321861382
4100.0 1165.2971210968753
4110.0 998.1005768881487
4120.0 988.7998364909142
4130.0 918.2309031719401
4140.0 908.5213127683926
4150.0 921.4647191096362
4160.0 919.1764487681853
4170.0 822.8581414643178
4180.0 756.3905055566208
4190.0 702.5713219965997
4200.0 673.944571997629
4210.0 592.2017077152395
4220.0 463.8810420775548
4230.0 443.9250479439272
4240.0 581.6277275299433
4250.0 658.1752704919797
4260.0 801.9271371654963
4270.0 793.0426432061022
4280.0 827.5411857169499
4290.0 795.2463378698023
4300.0 992.2095757923676
4310.0 1042.3516666700345
4320.0 1076.594498707097
4330.0 1491.9931107367847
4340.0 1302.6906816849769
4350.0 1307.3286581365642
4360.0 1158.119532641454
4370.0 1430.3245175309812
4380.0 1174.3260618595305
4390.0 1478.2107755638888
4400.0 1212.2576119182481
4410.0 1470.3090005680367
4420.0 1431.0748432059565
4430.0 966.1166625024907
4440.0 1114.2201185173503
4450.0 1289.4439236234193
4460.0 1098.632698624531
4470.0 1025.2187157108162
4480.0 1287.6447246484959
4490.0 1422.7858244724537
4500.0 1442.1478460846033
4510.0 1047.9771831282935
4520.0 1324.7493293439588
4530.0 1347.0318955921025
4540.0 1550.7819570570302
4550.0 1208.319508859192
4560.0 1505.3019236098282
4570.0 1764.6828525259934
4580.0 1566.9620666108344
4590.0 728.185117012826
4600.0 993.9817828991546
4610.0 1286.2935919772308
4620.0 1532.1632007436988
4630.0 882.5148910210609
4640.0 934.5816092251846
4650.0 1249.796970895488
4660.0 1524.198238832829
4670.0 1120.9881720558178
4680.0 997.4430665540699
4690.0 1656.493940397374
4700.0 1730.3877581822626
4710.0 1842.9561387198937
4720.0 1249.3483069172353
4730.0 1712.2526238832677
4740.0 1748.8859935631228
4750.0 2136.050461095619
4760.0 1259.2895657184054
4770.0 703.4685390766512
4780.0 945.8389304574214
4790.0 1100.9168875884325
4800.0 1205.7001724509
4810.0 566.5419170292795
4820.0 826.71101115697
4830.0 1051.6726615355124
4840.0 1466.6766281972468
4850.0 1050.3932737045236
4860.0 1561.390339538017
4870.0 1534.0825024229523
4880.0 1927.7231400499352
4890.0 2706.1403265633685
4900.0 1979.5862089063958
4910.0 2478.3528380014022
4920.0 3787.829056252252
4930.0 4263.6856583418885
4940.0 3907.1121607981377
4950.0 4297.593632318953
4960.0 1951.314433419736
4970.0 1133.3022973951884
4980.0 1495.06644793403
4990.0 1826.2512162676576
5000.0 1238.4333531666425
5010.0 4589.171603712708
5020.0 960.5491545146698
5030.0 1498.9279565479899
5040.0 1657.6403572566537
5050.0 1413.212612205428
5060.0 1374.8314556611062
5070.0 1632.5976119276443
5080.0 1623.5686512766429
5090.0 1857.1800808629278
5100.0 2198.0058150826794
5110.0 1902.5529646913149
5120.0 2238.472834737032
5130.0 2391.5020689285952
5140.0 2485.357191902442
5150.0 2498.3233542267826
5160.0 2713.226488745301
5170.0 905.0373256028652
5180.0 872.7945868632107
5190.0 1126.1602824843922
5200.0 1561.566475186224
5210.0 1499.225426610495
5220.0 3136.4759215294844
5230.0 2480.343006044669
5240.0 1916.1695637192056
5250.0 2027.9376989650855
5260.0 2297.8281265709816
5270.0 1912.5532392209002
5280.0 2235.04338248248
5290.0 2694.1849127593746
5300.0 3257.678482596692
5310.0 2674.835968976886
5320.0 2370.469156591025
5330.0 2303.3266998269996
5340.0 2804.663035194865
5350.0 3192.7412656939878
5360.0 2233.605996161943
5370.0 2306.577355049283
5380.0 2769.310338780306
5390.0 2958.6887107665702
5400.0 2639.558591385002
5410.0 2492.931896613271
5420.0 2986.6298467614142
5430.0 2878.200883372867
5440.0 3264.2784616266317
5450.0 1524.9710301861044
5460.0 1354.5475693114176
5470.0 1544.4141012014572
5480.0 1605.5954735761677
5490.0 1853.287659723133
5500.0 1415.2488117551359
5510.0 1640.13115647343
5520.0 1871.8210880979475
5530.0 1975.779443127075
5540.0 2209.9347981840788
5550.0 2221.7183204102935
5560.0 2242.5870357732642
5570.0 1967.1214452364375
5580.0 2040.1440200380296
5590.0 2014.5759880208088
5600.0 1524.288851798672
5610.0 1460.7288259719903
5620.0 1318.3334214144393
5630.0 1399.9088565032062
5640.0 1292.2043815562197
5650.0 1735.794618624596
5660.0 1508.5947236215661
5670.0 1513.203786755596
5680.0 1712.0357366701785
5690.0 2038.9886484120996
5700.0 2126.285815144463
5710.0 2123.402714524009
5720.0 2284.990431954525
5730.0 2383.011652902707
5740.0 2285.7926800749533
5750.0 2352.6572433431406
5760.0 1949.687043761543
5770.0 2058.3967399819367
5780.0 2580.4275202673703
5790.0 2913.2998105109955
5800.0 3200.515476305207
5810.0 2843.251123098823
5820.0 2921.093440865549
5830.0 3236.3725851559216
5840.0 2761.174397001062
5850.0 1765.2865197679635
5860.0 1691.7631173070813
5870.0 1482.5223790142709
5880.0 1142.3441012907674
5890.0 704.3497162594012
5900.0 842.5090463759523
5910.0 1004.5778661125885
5920.0 1108.9489586717068
5930.0 1236.2096863379957
5940.0 1462.710520070211
5950.0 1332.8747375456162
5960.0 1344.138309382666
5970.0 1534.128004940431
5980.0 1676.4677249733372
5990.0 1973.9432261982822
6000.0 1885.4923341383314
6010.0 2093.861448546741
6020.0 2322.2611560464275
6030.0 2610.0087348371558
6040.0 2646.908931184329
6050.0 2994.248206882527
6060.0 3147.2689728596533
6070.0 3503.8533646151723
6080.0 4253.482172716877
6090.0 3414.1243350759
6100.0 3236.1399360431883
6110.0 3597.6190767562057
6120.0 4073.2257990361777
6130.0 4581.213097350923
6140.0 4612.0974445631655
6150.0 3451.318802947426
6160.0 1790.6276088780214
6170.0 1631.2357106884401
6180.0 1759.303478857293
6190.0 1219.481009238617
6200.0 1377.3126608848193
6210.0 1595.4696243639787
6220.0 1200.3105375611626
6230.0 1126.483795414605
6240.0 1222.1251351589876
6250.0 1487.3552901350126
6260.0 1710.6903421449188
6270.0 1835.7584182282424
6280.0 1841.369290351608
6290.0 2100.5085302121224
6300.0 2271.37355867864
6310.0 2732.1173022327703
6320.0 2837.5613612664365
6330.0 2804.729910362461
6340.0 3577.923188470753
6350.0 2804.8917479572383
6360.0 2428.997799410928
6370.0 2926.658897643125
6380.0 2942.2346829193657
6390.0 2824.4983821513306
6400.0 3613.6867615117467
6410.0 4417.134325473191
6420.0 3428.123752044402
6430.0 3885.6116646216187
6440.0 4958.614434474855
6450.0 4581.456741007624
6460.0 5161.395525969668
6470.0 6280.801795041228
6480.0 3461.819143288103
6490.0 3408.6439295569044
6500.0 3107.658465405526
6510.0 3385.583708065731
6520.0 3653.1557566565193
6530.0 4664.730344008625
6540.0 5233.765506628819
6550.0 4478.20108221213
6560.0 6079.577212579378
6570.0 4965.363564204624
6580.0 4826.830553283063
6590.0 5333.461947705009
6600.0 4858.565640780819
6610.0 4852.147368846879
6620.0 4552.491906316307
6630.0 4347.725556882757
6640.0 4385.814792275897
6650.0 3379.722047414394
6660.0 3139.1272224865843
6670.0 3794.557688295057
6680.0 2872.73265332326
6690.0 2797.4661615958257
6700.0 3262.3655634643737
6710.0 3442.7489568614956
6720.0 1995.8147002738326
6730.0 2646.5455142322967
6740.0 3050.7045682703842
6750.0 2602.5217490209434
6760.0 2963.535316845862
6770.0 3886.3242629839915
6780.0 3309.58664589005
6790.0 2706.4157998531755
6800.0 3396.4924034555497
6810.0 3903.895109312275
6820.0 3549.8162144034955
6830.0 4625.851452893756
6840.0 4983.230817340331
6850.0 4076.4564515138086
6860.0 3986.144811322408
6870.0 4512.586952990257
6880.0 5031.6586068136
6890.0 4877.134778739533
6900.0 5419.290703534391
6910.0 6559.369704995921
6920.0 5498.593033641059
6930.0 6137.048752779551
6940.0 5950.976079817495
6950.0 7215.120768048156
6960.0 7916.724920615281
6970.0 9389.50959093875
6980.0 10295.972833165966
6990.0 10794.434962791147
7000.0 10734.561575637475
7010.0 12084.596407051917
7020.0 13470.191991695172
7030.0 14480.783977550771
7040.0 15800.03262673901
7050.0 16388.05015399867
7060.0 4961.683213455375
7070.0 7733.948469658908
7080.0 9232.848255542227
7090.0 4619.203650200782
7100.0 4059.0507310570765
7110.0 5976.09990066174
7120.0 7301.147838305962
7130.0 2387.161312109183
7140.0 3123.6760283001113
7150.0 4163.036556784271
7160.0 4210.183742855891
7170.0 4690.839231281039
7180.0 5559.808118191936
7190.0 7641.316506057493
7200.0 4747.1270096388735
7210.0 4742.730338975477
7220.0 6653.4292842133855
7230.0 7137.126508207376
7240.0 8397.089835665198
7250.0 11119.285057982821
7260.0 12921.927076050226
7270.0 11814.213417535404
7280.0 12137.21753295738
7290.0 14521.368666970966
7300.0 18707.968538756522
7310.0 20162.67504808089
7320.0 23298.38779393263
7330.0 25104.711000171454
7340.0 17282.021912821234
7350.0 11901.544255717126
7360.0 15298.136778047548
7370.0 18874.28849762811
7380.0 13096.939775281613
7390.0 11772.119779265824
7400.0 11348.613854704787
7410.0 9957.141703582425
7420.0 7659.217426695401
7430.0 9885.888903779674
7440.0 9751.211046674955
7450.0 6273.741527099127
7460.0 7441.473799203962
7470.0 8435.373608047796
7480.0 7607.516453062835
7490.0 9547.178483123516
7500.0 10927.675556859249
7510.0 8564.665946809706
7520.0 9891.920221346183
7530.0 12205.852259183146
7540.0 12201.604663568733
7550.0 14172.034294699817
7560.0 17500.051715144247
7570.0 17068.976845839075
7580.0 16870.266966108713
7590.0 13784.222745986328
7600.0 15565.761385679814
7610.0 18255.518816377862
7620.0 22960.015324974338
7630.0 14346.939591772469
7640.0 15932.922393346676
7650.0 12893.298226032572
7660.0 6161.879136816874
7670.0 4886.199735790718
7680.0 7697.7989153383305
7690.0 7496.640930582626
7700.0 6695.952343136448
7710.0 11170.263654634484
7720.0 14811.809235023826
7730.0 19781.902460825662
7740.0 20985.633719629695
7750.0 14737.768739635016
7760.0 14810.00079237513
7770.0 17582.45407829006
7780.0 17517.427805946027
7790.0 17413.02993486793
7800.0 18881.53305390946
7810.0 24245.148426650878
7820.0 24595.847887889613
7830.0 18928.609858002084
7840.0 18105.07956762932
7850.0 22203.050002546668
7860.0 22788.474824047054
7870.0 21965.256943274355
7880.0 26870.42995858561
7890.0 30037.2108737289
7900.0 26191.093009760818
7910.0 22717.210834156882
7920.0 20335.6566059343
7930.0 20682.14808827089
7940.0 21800.88954668965
7950.0 24529.592502139247
7960.0 28041.153228051386
7970.0 22249.760923971404
7980.0 22733.92303828159
7990.0 21669.5778604262
8000.0 24846.94358673676
8010.0 22215.01095145202
8020.0 24494.607822356305
8030.0 26814.112785134406
8040.0 28627.33758043565
8050.0 22981.67208311262
8060.0 27564.372411617995
8070.0 30328.001393609844
8080.0 32603.027272444946
8090.0 38545.65671877023
8100.0 42388.402184184284
8110.0 44008.661831688136
8120.0 45817.60590728776
8130.0 54183.31452690176
8140.0 58893.73529032366
8150.0 64717.06451870689
8160.0 68691.2348014704
8170.0 75430.57053526456
8180.0 64856.16230390005
8190.0 65755.59214168905
8200.0 49161.687323190214
8210.0 49837.65572181748
8220.0 55801.68923046437
8230.0 64950.41581506099
8240.0 70020.3317874405
8250.0 66926.99263450479
8260.0 66810.92693260622
8270.0 55749.797893476774
8280.0 52064.5197814443
8290.0 54676.34493338707
8300.0 48454.29175959542
8310.0 50670.98355109771
8320.0 59612.466050363524
8330.0 60170.21627008625
8340.0 51514.892175695786
8350.0 49428.363170769095
8360.0 55524.21850787706
8370.0 55042.06609194665
8380.0 54033.40735059165
8390.0 50513.67484936048
8400.0 55888.1508488184
8410.0 61568.41574596912
8420.0 54432.39356889924
8430.0 46901.2720580506
8440.0 26239.048997661157
8450.0 17703.136482595786
8460.0 17687.282711931384
8470.0 18188.865351465967
8480.0 21958.959528031224
8490.0 24245.25656200849
8500.0 24125.501612434702
8510.0 21644.469245339944
8520.0 20791.390655877905
8530.0 18428.019860496726
8540.0 19337.834124306533
8550.0 23025.856172525157
8560.0 25251.673252250115
8570.0 26785.125022231758
8580.0 24863.70391503115
8590.0 20988.44020584585
8600.0 18866.293433222203
8610.0 22367.474958809904
8620.0 26562.944523469567
8630.0 22967.10292550811
8640.0 23604.391602583295
8650.0 22418.57350526518
8660.0 22928.474944439404
8670.0 21158.809999957874
8680.0 19983.189714711272
8690.0 23831.120254433798
8700.0 22304.60889520639
8710.0 25555.696338746133
8720.0 26299.178017018272
8730.0 29750.22727036331
8740.0 29763.540120241698
8750.0 28336.33248643793
8760.0 34137.436830843326
8770.0 32450.117990507915
8780.0 37278.47303139038
8790.0 43982.241854750464
8800.0 50333.95949656348
8810.0 51001.915006808325
8820.0 46012.79658280399
8830.0 53963.557496852714
8840.0 62020.511276928395
8850.0 69843.93233822331
8860.0 44648.89053810785
8870.0 38030.438884303316
8880.0 41482.27734315453
8890.0 49051.22299718364
8900.0 56393.14792036665
8910.0 65379.17445213301
8920.0 67962.02398251434
8930.0 72069.19209145331
8940.0 57691.20263411276
8950.0 54959.46398397912
8960.0 60207.242093799934
8970.0 69242.40510774372
8980.0 76040.93494641717
8990.0 81239.03385092445
9000.0 80813.66076234017
9010.0 82772.73215064192
9020.0 76999.54289671613
9030.0 76024.29709686358
9040.0 86625.03266244306
9050.0 89920.91612083126
9060.0 94136.46997626907
9070.0 96601.16976047333
9080.0 101791.64764787166
9090.0 104142.5249278412
9100.0 107345.54972080777
9110.0 106586.52750412728
9120.0 111405.07773115888
9130.0 114444.9450559484
9140.0 117262.8627518942
9150.0 121440.15277282019
9160.0 124466.12449634905
9170.0 126857.56425581133
9180.0 129098.94438662998
9190.0 132087.35151399425
9200.0 127515.62791326761
9210.0 95578.14930291584
9220.0 79579.13966439757
9230.0 66894.2227461498
9240.0 70091.62513186871
9250.0 65666.19008990416
9260.0 75378.62665940443
9270.0 78900.19843214875
9280.0 65354.10384897474
9290.0 58475.75625004522
9300.0 56001.81144544216
9310.0 61192.19235836468
9320.0 57850.15788507655
9330.0 64803.126005248894
9340.0 73447.45279557326
9350.0 65900.1895401879
9360.0 66698.53779305112
9370.0 64088.134330691064
9380.0 66991.03960984427
9390.0 69271.34728590156
9400.0 73702.53774880274
9410.0 80022.36340004131
9420.0 79894.49190485723
9430.0 81226.83403193434
9440.0 76974.52708259082
9450.0 77253.01984180683
9460.0 79747.82282901481
9470.0 86703.39195928206
9480.0 93485.38689464422
9490.0 98433.25416833704
9500.0 96659.40650222116
9510.0 94962.56212551714
9520.0 95605.90802953632
9530.0 100396.04912203141
9540.0 100635.82695495094
9550.0 103923.59033099943
9560.0 109994.73265334297
9570.0 112432.54375360272
9580.0 115689.5792046798
9590.0 112923.64169256605
9600.0 108761.12835848035
9610.0 113528.78153945725
9620.0 119370.19442333959
9630.0 125448.32888912696
9640.0 112872.51305578386
9650.0 123056.1923672113
9660.0 132705.24532433983
9670.0 124472.34129661757
9680.0 125392.15616867729
9690.0 128782.99338653038
9700.0 138754.741157405
9710.0 132238.35376112466
9720.0 131908.36677602402
9730.0 99467.00238929232
9740.0 104835.39980670271
9750.0 108294.82529021704
9760.0 113965.23195291731
9770.0 116780.63098802847
9780.0 115995.46038893634
9790.0 123766.3115167958
9800.0 128823.82582026513
9810.0 111557.7204517362
9820.0 111202.80928872363
9830.0 106919.7947984925
9840.0 111508.66353696454
9850.0 117640.96589896684
9860.0 125612.35582191597
9870.0 127331.75497436008
9880.0 133380.21022032306
9890.0 134982.3242762364
9900.0 106588.7181900697
9910.0 100422.18954713052
9920.0 100390.6252938285
9930.0 106870.4052870171
9940.0 122470.24514002797
9950.0 125017.43657685509
9960.0 130692.16860933344
9970.0 124070.75166362028
9980.0 124500.13233176303
9990.0 117866.63632633595
10010.0 120082.0409088158
10020.0 118677.43318955773
10030.0 117303.23202263404
10040.0 122363.97827255451
10050.0 116693.97708094394
10060.0 121014.38623446513
10070.0 124919.53024775117
10080.0 128523.37889437126
10090.0 126796.61850740462
10100.0 136945.86176150394
10110.0 129446.9818542604
10120.0 133769.62079552226
10130.0 136390.06400733368
10140.0 125665.95503387575
10150.0 131288.51433567033
10160.0 127147.60047950305
10170.0 130793.93346392828
10180.0 128157.12927891957
10190.0 132546.8056803809
10200.0 136777.86142711394
10210.0 132897.21273541983
10220.0 130594.98788349937
10230.0 131659.90184954944
10240.0 139869.06860343303
10250.0 128314.78326856392
10260.0 121005.72721514937
10270.0 125578.69948080156
10280.0 124548.7820686304
10290.0 134455.79693874865
10300.0 128203.82945038605
10310.0 135225.62572779533
10320.0 130420.09728897494
10330.0 136640.51612817272
10340.0 126981.03716461117
10350.0 137250.6004879341
10360.0 141001.96151035643
10370.0 148586.70034343246
10380.0 135293.7589697758
10390.0 138060.12784490915
10400.0 139443.23593524992
10410.0 137901.60026453383
10420.0 144290.5043755996
10430.0 142299.77228507883
10440.0 152028.3190271334
10450.0 152727.07963315997
10460.0 148516.0000724348
10470.0 140991.8963033881
10480.0 143561.59032049592
10490.0 148794.11311403586
10500.0 148251.64802551328
10510.0 147460.71630304697
10520.0 146827.04867113917
10530.0 156169.73130820354
10540.0 150058.55569821456
10550.0 150318.20744702462
10560.0 150782.11253269532
10570.0 145690.86896048932
10580.0 151453.23616015748
10590.0 152846.18111224595
10600.0 159821.43795655397
10610.0 154884.2248539218
10620.0 155109.0186577217
10630.0 161395.77920746704
10640.0 157009.3255288239
10650.0 156915.50998466255
10660.0 155527.3125580217
10670.0 160078.7042489151
10680.0 159992.74868386518
10690.0 164193.58585499425
10700.0 165793.5817649878
10710.0 167162.92483292433
10720.0 168707.80372067622
10730.0 160039.06776711985
10740.0 168568.60855927147
10750.0 169247.08809200543
10760.0 170644.66911554238
10770.0 170890.1893672075
10780.0 172968.86910895412
10790.0 170773.6055895895
10800.0 169966.96579536577
10810.0 168199.18774259146
10820.0 174110.07878449568
10830.0 173284.43181857793
10840.0 178087.93194058223
10850.0 174485.9547920221
10860.0 170256.03535235097
10870.0 169991.77386726014
10880.0 174121.5853413424
10890.0 165380.07372588984
10900.0 168960.8147977471
10910.0 163044.81556654716
10920.0 166293.1242672295
10930.0 163212.15317859754
10940.0 166024.3420435547
10950.0 162285.14560499406
10960.0 154995.2118735527
10970.0 157074.23384324307
10980.0 157297.44063593989
10990.0 158039.97838903117
11000.0 155579.02194679904
11010.0 158975.82716797426
11020.0 150553.70806750708
11030.0 136976.5056836077
11040.0 138745.59980558482
11050.0 134780.15866142308
11060.0 140449.53920753326
11070.0 143472.4584365106
11080.0 136581.260363186
11090.0 142289.23346921112
11100.0 136887.7843493004
11110.0 137897.95439490423
11120.0 138569.68212097062
11130.0 145565.50749869345
11140.0 149689.37889216508
11150.0 139341.92807174713
11160.0 142595.4772675984
11170.0 138976.13012506615
11180.0 151321.52166136648
11190.0 134936.22084885428
11200.0 138084.66634562568
11210.0 146147.38753006424
11220.0 144921.73550465234
11230.0 148523.0206490614
11240.0 151631.74393769435
11250.0 145703.57988180663
11260.0 152275.06608281742
11270.0 157105.6470937102
11280.0 144762.72834965336
11290.0 151903.17926276656
11300.0 146975.28882835983
11310.0 145408.96445339985
11320.0 151131.88556672062
11330.0 144519.3127293724
11340.0 134281.20602795287
11350.0 144887.49295653758
11360.0 146098.2895221499
11370.0 138472.4942931687
11380.0 124558.62987171963
11390.0 141234.99615403125
11400.0 124834.91955503533
11410.0 135737.74910298968
11420.0 143059.07527263477
11430.0 145382.13360540973
11440.0 140100.35254187824
11450.0 146102.81963935474
11460.0 144524.4503740076
11470.0 153113.65571910946
11480.0 147533.1716767756
11490.0 151547.42099947625
11500.0 154314.36141201103
11510.0 148528.1899389661
11520.0 146030.3435704291
11530.0 146014.79180081288
11540.0 144413.59891505152
11550.0 153686.92034279532
11560.0 149440.67564555065
11570.0 148169.09505787495
11580.0 151378.67257226462
11590.0 146579.32318750088
11600.0 146689.56961718577
11610.0 143816.16713147936
11620.0 145931.14996855272
11630.0 151544.55038733393
11640.0 150131.65641320348
11650.0 148835.53303067916
11660.0 149602.23808294628
11670.0 154499.1017041055
11680.0 147124.6527640945
11690.0 121786.3531175288
11700.0 148235.9586523319
11710.0 149243.50948045266
11720.0 152552.90806185835
11730.0 147841.46189076878
11740.0 147696.57246889206
11750.0 141258.04163422523
11760.0 141084.74937620093
11770.0 106904.54774689877
11780.0 132492.97685367466
11790.0 148161.72757785732
11800.0 141031.28886420865
11810.0 143238.90971184155
11820.0 147084.23012004772
11830.0 140900.4391183315
11840.0 150203.84138188392
11850.0 143654.3132460543
11860.0 146384.41067593763
11870.0 150725.17666844313
11880.0 133125.58021837703
11890.0 144694.78042438545
11900.0 149383.850733355
11910.0 142756.16617924813
11920.0 149455.71668114365
11930.0 151935.55322566378
11940.0 147418.70531694635
11950.0 144604.9442893323
11960.0 146435.10093603862
11970.0 136528.98346798628
11980.0 148249.16754837622
11990.0 145651.78217133143
12000.0 147128.64434161028
12010.0 151001.29495741584
12020.0 149843.78560650157
12030.0 142993.815686582
12040.0 154660.7183064142
12050.0 151783.5404501178
12060.0 159708.77312788204
12070.0 148805.03102457908
12080.0 154704.8637926638
12090.0 147775.20878593717
12100.0 159335.99330993774
12110.0 150104.48236510632
12120.0 153539.99194552194
12130.0 149430.39083139182
12140.0 162042.76730092918
12150.0 161973.77606727395
12160.0 154566.49334467933
12170.0 157691.9661417567
12180.0 161465.65844716792
12190.0 159377.1508552448
12200.0 158423.4740057498
12210.0 158654.2752608709
12220.0 155770.77803127913
12230.0 160610.56531489137
12240.0 163294.26910212854
12250.0 160616.44426690871
12260.0 163726.43722901487
12270.0 158195.19955459354
12280.0 165861.32237516448
12290.0 162193.7457216218
12300.0 163561.1095530336
12310.0 162017.82389305002
12320.0 159573.07190350437
12330.0 162934.01208405718
12340.0 161320.89992418778
12350.0 163536.81625774686
12360.0 162090.65309642896
12370.0 164603.94042363076
12380.0 166961.8030297125
12390.0 160772.36978384145
12400.0 163181.42979509078
12410.0 155904.7792913216
12420.0 149539.43675695252
12430.0 138174.56418920492
12440.0 154215.4871266637
12450.0 158261.91081474774
12460.0 156702.9574995339
12470.0 158045.52667055043
12480.0 155735.45432616337
12490.0 162392.69444701215
12500.0 160612.2613342544
12510.0 159265.8301436445
12520.0 136420.4557033556
12530.0 159683.03573947115
12540.0 161971.51124999355
12550.0 162079.29322385043
12560.0 157003.84367958753
12570.0 156180.07034322046
12580.0 157222.54598740334
12590.0 155297.48084185526
12600.0 157253.06016174567
12610.0 160120.2699475693
12620.0 157779.79619481243
12630.0 158097.24404550315
12640.0 155398.92619523115
12650.0 161054.4369248662
12660.0 159796.8390968783
12670.0 159101.5617284569
12680.0 158926.52780312474
12690.0 162799.4314348556
12700.0 159127.081185995
12710.0 161149.6695211376
12720.0 164114.0083021272
12730.0 161410.42253374238
12740.0 156860.11720823345
12750.0 159400.63647330573
12760.0 164526.94290672409
12770.0 163981.08892432778
12780.0 160049.99038406846
12790.0 165570.2522951175
12800.0 162572.75063456857
12810.0 164352.62242218386
12820.0 160420.41867844306
12830.0 159203.11597221164
12840.0 164522.92472844667
12850.0 161972.70491541695
12860.0 156233.34852647982
12870.0 163518.58155972583
12880.0 161336.0493031053
12890.0 163306.3942616514
12900.0 158637.23493586358
12910.0 160042.92203702475
12920.0 160645.18556207157
12930.0 164847.9885102946
12940.0 166247.90689583868
12950.0 163498.9114190745
12960.0 166761.72992372545
12970.0 162623.709571004
12980.0 163566.09964321574
12990.0 162035.23312610725
13000.0 166510.87603289634
13010.0 162140.19252028535
13020.0 165904.8690998156
13030.0 164131.40625104628
13040.0 166527.82381840833
13050.0 164254.5968040546
13060.0 164149.3601910885
13070.0 159606.86899331844
13080.0 158345.00811779278
13090.0 155205.36712804832
13100.0 159946.79245495217
13110.0 162328.40616527648
13120.0 149066.72927908605
13130.0 157288.53478690493
13140.0 155050.97283629284
13150.0 148695.38669985154
13160.0 159621.5191171041
13170.0 158800.3319360429
13180.0 151221.2061496631
13190.0 157213.32275949448
13200.0 156354.43076770115
13210.0 152152.74701178813
13220.0 154449.6069699211
13230.0 149785.84815764337
13240.0 152919.4277417963
13250.0 140378.43971777445
13260.0 151232.35407848575
13270.0 144670.00583237648
13280.0 144673.27574535145
13290.0 135180.05140005017
13300.0 139361.9102026623
13310.0 127877.0583839935
13320.0 108427.34894088215
13330.0 126153.45287759526
13340.0 101217.51014234175
13350.0 86020.98327096381
13360.0 102202.40173542805
13370.0 93153.28407907927
13380.0 102260.42579405945
13390.0 105167.34088885301
13400.0 99827.9333610932
13410.0 96473.61531657477
13420.0 87767.82275358173
13430.0 88397.22777649322
13440.0 85729.95302830171
13450.0 96279.28068971034
13460.0 97543.53196474216
13470.0 92768.50155651869
13480.0 95212.81396967122
13490.0 99715.898824499
13500.0 78010.50699780107
13510.0 94545.3959371979
13520.0 86331.66464328463
13530.0 91766.169008133
13540.0 84942.8825186369
13550.0 89303.28631716465
13560.0 93672.92106482563
13570.0 85464.56727216195
13580.0 82019.98122820763
13590.0 79314.44584796508
13600.0 91938.94581788029
13610.0 84871.87238834194
13620.0 78153.3356052886
13630.0 83609.29241833814
13640.0 81003.35356844524
13650.0 87105.33856949139
13660.0 82269.96091010972
13670.0 85308.19310016472
13680.0 80008.69111013564
13690.0 83586.54983847124
13700.0 81375.4948902894
13710.0 70833.61129227796
13720.0 87911.48003429244
13730.0 76732.97911354002
13740.0 79031.66653971362
13750.0 82041.97519500146
13760.0 79719.52533816975
13770.0 85347.93471538073
13780.0 82885.65543179716
13790.0 82464.12598588827
13800.0 86151.85936949021
13810.0 89448.22458856019
13820.0 76966.22536109536
13830.0 86458.68544376607
13840.0 85975.29507574014
13850.0 86513.4411432942
13860.0 81034.79133989725
13870.0 87470.90646217992
13880.0 78668.03861721324
13890.0 88227.66596615486
13900.0 75693.43049530375
13910.0 76149.85631626497
13920.0 74193.59655964462
13930.0 77207.00182547039
13940.0 79502.1389094898
13950.0 74991.30031405717
13960.0 85106.7370833637
13970.0 76837.43145247056
13980.0 70161.2201901685
13990.0 77117.47724279597
14000.0 71818.04931455218
14010.0 72703.58831324622
14020.0 78579.80831933518
14030.0 81253.95222319411
14040.0 75878.2398207477
14050.0 72592.04141239004
14060.0 77588.04811267208
14070.0 71863.39972386506
14080.0 71680.33763996682
14090.0 71200.50436837556
14100.0 69123.29911943903
14110.0 70884.7262543346
14120.0 69807.64141163349
14130.0 76608.20937977043
14140.0 63943.054953840285
14150.0 70748.69322535038
14160.0 69926.06360372771
14170.0 62089.101832911416
14180.0 69279.344364759
14190.0 62736.02484483664
14200.0 72972.97672852676
14210.0 68356.96831068245
14220.0 66913.42019350134
14230.0 67648.69937178466
14240.0 68061.98059884687
14250.0 63811.07765927598
14260.0 65985.93276232477
14270.0 66516.4566569192
14280.0 61064.146342639535
14290.0 65750.35032194838
14300.0 74461.51258851249
14310.0 66736.48465935473
14320.0 63463.57966509456
14330.0 67797.48997180755
14340.0 65380.04096630589
14350.0 66796.65844826671
14360.0 66924.51612083035
14370.0 71380.56857687802
14380.0 69543.91297122999
14390.0 64097.53192464653
14400.0 72140.2332540858
14410.0 62801.90730761943
14420.0 69451.13258969641
14430.0 76098.11159599405
14440.0 66167.24432172971
14450.0 67134.93982491834
14460.0 70140.56466387154
14470.0 67153.241838035
14480.0 71896.63078671884
14490.0 75921.27551579136
14500.0 65630.91502157378
14510.0 72208.79981166992
14520.0 74762.01987495966
14530.0 68177.24321353492
14540.0 70745.18076001339
14550.0 75427.35608532991
14560.0 68192.14968044966
14570.0 70150.4835463274
14580.0 77523.87518038388
14590.0 73273.0700871922
14600.0 69425.0721569649
14610.0 70207.54376904324
14620.0 69121.76305197125
14630.0 65582.38460281317
14640.0 73046.34441727193
14650.0 75635.9055006082
14660.0 69603.27584919379
14670.0 68591.68042422457
14680.0 62908.88434697312
14690.0 65826.1009925127
14700.0 66730.28490195873
14710.0 70611.6485723117
14720.0 70399.77350393512
14730.0 70900.62169627883
14740.0 64647.363254799
14750.0 68021.80136726027
14760.0 68496.1498419386
14770.0 67336.70607492504
14780.0 74689.29906539897
14790.0 70058.29481125786
14800.0 66207.3333115794
14810.0 68282.40357233658
14820.0 67196.60858872603
14830.0 73798.38135654
14840.0 70126.26737610498
14850.0 69177.33615071849
14860.0 73364.84167628805
14870.0 69773.98095501726
14880.0 68975.07798735585
14890.0 71220.55565141601
14900.0 68217.23529310843
14910.0 73608.27407197477
14920.0 69233.21259766069
14930.0 72686.18937126751
14940.0 68464.38389025038
14950.0 71206.73065462972
14960.0 70591.42216463957
14970.0 75853.07547563249
14980.0 74643.03592287927
14990.0 71626.39616491424
15000.0 70110.92465088973
15010.0 70421.39187864917
15020.0 70070.73134958746
15030.0 74213.78605800674
15040.0 76163.69983299199
15050.0 72606.81219020706
15060.0 73126.40415536832
15070.0 71847.73440110126
15080.0 70917.29943339476
15090.0 78894.05224274189
15100.0 73209.61083422446
15110.0 73082.27070644984
15120.0 77026.23787036513
15130.0 69317.35061745855
15140.0 82658.82610903287
15150.0 77183.92483559152
15160.0 73979.82529383137
15170.0 66956.04448547971
15180.0 79737.37290411029
15190.0 75529.22591729206
15200.0 73838.75184239981
15210.0 81754.11331740963
15220.0 75409.54996946917
15230.0 82926.76130720992
15240.0 72746.93332573512
15250.0 73915.69752368693
15260.0 71756.27640103974
15270.0 77530.02754505487
15280.0 75781.53047661162
15290.0 80943.4562115675
15300.0 79401.22866907588
15310.0 78099.38885538765
15320.0 69043.99125668938
15330.0 78315.16888329087
15340.0 80302.86673420433
15350.0 76782.59307333075
15360.0 77973.89066973313
15370.0 78222.13275208225
15380.0 77950.13705016518
15390.0 78670.07756204666
15400.0 75117.79978601924
15410.0 80009.55772353457
15420.0 75284.85960527744
15430.0 78991.14167027069
15440.0 77495.86718594242
15450.0 81707.22991206107
15460.0 82333.32135670558
15470.0 77685.72751339017
15480.0 79770.06538226934
15490.0 83043.44846579531
15500.0 76724.7728979901
15510.0 79481.82614806264
15520.0 84097.67274468466
15530.0 80327.61055068667
15540.0 80228.27556801276
15550.0 82624.23028893664
15560.0 82817.8382184281
15570.0 77659.81535501854
15580.0 76934.44886961108
15590.0 82491.10237020851
15600.0 81051.43874615493
15610.0 81138.3703273146
15620.0 84434.77612044303
15630.0 84466.59161154748
15640.0 84436.937808076
15650.0 77106.66571173888
15660.0 81540.1152152622
15670.0 88197.2811206528
15680.0 88695.99862766238
15690.0 82908.99633731513
15700.0 83514.71524841448
15710.0 85613.75985732861
15720.0 83842.47766670922
15730.0 83949.35499843654
15740.0 89000.86423196414
15750.0 85477.89498083814
15760.0 85223.05592579956
15770.0 88604.29006716421
15780.0 84189.01940604748
15790.0 88883.91043722264
15800.0 84237.84266341444
15810.0 87222.09267205752
15820.0 89818.85485800974
15830.0 88564.27582671083
15840.0 85571.28598730516
15850.0 87988.61084461381
15860.0 90748.84539030775
15870.0 91161.51562620654
15880.0 90991.71155666668
15890.0 88420.10006157083
15900.0 87756.21774745722
15910.0 88834.44050042797
15920.0 90170.54443881642
15930.0 89215.22556307276
15940.0 90103.98236828111
15950.0 94261.0493550081
15960.0 93325.5575282544
15970.0 89856.6630832621
15980.0 92570.89187612334
15990.0 89519.01505690116
16000.0 92223.86142561246
16010.0 95045.65347330483
16020.0 92107.39420330247
16030.0 95282.9271191471
16040.0 89977.77021490462
16050.0 93229.42798445735
16060.0 92289.56075644043
16070.0 95752.15420007169
16080.0 94225.21582822304
16090.0 94302.86663423618
16100.0 93135.86262226132
16110.0 95095.42528910613
16120.0 94336.0156383679
16130.0 93122.47753889418
16140.0 96061.84986682476
16150.0 95171.45575039566
16160.0 97248.55181246546
16170.0 100263.29104829632
16180.0 96720.4374628178
16190.0 91819.75205307003
16200.0 94640.74031986638
16210.0 95305.40527372267
16220.0 98499.94665464503
16230.0 97975.60322408384
16240.0 98146.86996601147
16250.0 95975.21088043538
16260.0 96628.90096348684
16270.0 100152.51322157009
16280.0 98946.2961503128
16290.0 98551.32224909609
16300.0 99148.41041022663
16310.0 99176.52768186606
16320.0 95322.12901520118
16330.0 103580.50401896477
16340.0 98703.14069338623
16350.0 98542.65603656511
16360.0 98573.60004708615
16370.0 104142.31272442189
16380.0 101061.4276697504
16390.0 100547.46758297758
16400.0 102032.18276113465
16410.0 98298.58110813194
16420.0 100546.2811193238
16430.0 102225.29279475642
16440.0 103223.45963545216
16450.0 103070.30164157352
16460.0 100675.93882567018
16470.0 105125.60314524318
16480.0 106005.42314103415
16490.0 100246.00480098458
16500.0 102345.6931220561
16510.0 101575.32660577372
16520.0 103867.65824979519
16530.0 104255.07755409963
16540.0 102087.07594620023
16550.0 104684.39854154486
16560.0 107403.16471835642
16570.0 105240.04055267762
16580.0 104659.99704400051
16590.0 103658.22568987514
16600.0 102854.86299286704
16610.0 102859.8059545389
16620.0 103160.60629354118
16630.0 107576.33045244224
16640.0 106742.89349048452
16650.0 108513.82668643237
16660.0 105646.97853825138
16670.0 102058.5720436109
16680.0 107088.71920516358
16690.0 107861.90401976992
16700.0 104946.07899081311
16710.0 105915.29893064893
16720.0 105146.35538806689
16730.0 108300.97281797542
16740.0 107758.43439957841
16750.0 106836.02913050447
16760.0 107255.5140150763
16770.0 106024.90105133243
16780.0 109019.11023687657
16790.0 107848.99626907452
16800.0 109217.06906070594
16810.0 107971.99769683823
16820.0 107688.24848080348
16830.0 108921.9774132606
16840.0 106843.83149758144
16850.0 106480.17472600676
16860.0 106835.76210329545
16870.0 105653.90062713402
16880.0 103556.99518521132
16890.0 103314.56818752018
16900.0 107106.07171614039
16910.0 108881.19389004994
16920.0 98492.97020530261
16930.0 109321.25366179814
16940.0 103381.0492599278
16950.0 104268.91599745718
16960.0 103592.80569794396
16970.0 95995.30784340057
16980.0 105895.75844875927
16990.0 101447.18369900114
17000.0 99176.80508931652
17010.0 103374.82762318646
17020.0 102326.29329845728
17030.0 100980.3191162273
17040.0 99160.90907265662
17050.0 95941.70013477467
17060.0 100678.94390589595
17070.0 97187.94128623109
17080.0 91300.72830078314
17090.0 99248.80595493053
17100.0 95944.02175014753
17110.0 90932.75918330408
17120.0 94676.30025238049
17130.0 92997.47415887144
17140.0 87284.72980654603
17150.0 93049.23178806264
17160.0 89365.34740547667
17170.0 88773.26116062781
17180.0 83075.1050517723
17190.0 84794.97857689302
17200.0 90890.86823751345
17210.0 86584.00653192746
17220.0 90514.41785553882
17230.0 81165.6531744456
17240.0 89496.59301873228
17250.0 93695.46599395869
17260.0 80662.83960100463
17270.0 85575.64984029953
17280.0 88278.44370886323
17290.0 81593.77270438589
17300.0 94233.61320436728
17310.0 80724.06038229451
17320.0 81437.58356523834
17330.0 88047.88937486641
17340.0 77228.20581651929
17350.0 78027.72738843082
17360.0 84420.88658719676
17370.0 82140.6639190751
17380.0 81635.36137795953
17390.0 81960.9870878914
17400.0 78859.74124685026
17410.0 83490.29215510475
17420.0 81103.33269186493
17430.0 79347.39585575624
17440.0 79585.65214677075
17450.0 79767.24756558354
17460.0 79737.67910858807
17470.0 78052.94327816145
17480.0 79684.15859371546
17490.0 77364.95582127401
17500.0 71248.13769351918
17510.0 76833.3806854527
17520.0 80230.33280373855
17530.0 78291.04504428183
17540.0 74969.41240697674
17550.0 73398.03989153856
17560.0 66619.53579795123
17570.0 75848.72813414625
17580.0 68291.16589444254
17590.0 75733.8082762708
17600.0 73451.90027896226
17610.0 75799.26740380876
17620.0 65951.71814816707
17630.0 72752.79601130326
17640.0 72101.84699755996
17650.0 74097.54671555564
17660.0 77546.68509926763
17670.0 65695.94171237017
17680.0 62495.77794682996
17690.0 77003.48580008304
17700.0 71428.79527050194
17710.0 67969.47136063786
17720.0 60518.921570358674
17730.0 68216.80639713208
17740.0 67770.17320353157
17750.0 66417.28240004282
17760.0 60381.65807860283
17770.0 67133.38337140856
17780.0 66278.48278177054
17790.0 57649.19830876772
17800.0 72721.38945209012
17810.0 56932.221707519355
17820.0 60850.190580130395
17830.0 68374.35696453626
17840.0 68323.70217115541
17850.0 60354.86638611798
17860.0 60933.484215451455
17870.0 58164.45215999347
17880.0 61588.8647196828
17890.0 64007.428890010175
17900.0 64041.87917095608
17910.0 58649.485568177486
17920.0 60221.336560506286
17930.0 57443.39057105151
17940.0 60436.45767429986
17950.0 64671.54889254941
17960.0 52636.40771839447
17970.0 63865.26615559626
17980.0 66866.6872030125
17990.0 52807.94586114669
18000.0 53533.09962792697
18010.0 56788.34024159531
18020.0 54547.92705316814
18030.0 54317.38970782502
18040.0 63954.41797076036
18050.0 54391.25034011613
18060.0 61245.64321850658
18070.0 51963.30690169577
18080.0 54009.15929264693
18090.0 56919.79688779963
18100.0 53554.03673674271
18110.0 57292.94830747759
18120.0 49089.84803106853
18130.0 59446.71516156576
18140.0 64621.684497215036
18150.0 56926.47303844116
18160.0 61608.98333402677
18170.0 51324.92248387817
18180.0 53957.628389495905
18190.0 53086.508723219646
18200.0 55691.42027895615
18210.0 51418.10841099736
18220.0 51227.48214683683
18230.0 61953.969985811345
18240.0 59612.06542737687
18250.0 55919.78647418986
18260.0 50186.05492345432
18270.0 50000.448375919135
18280.0 57100.514611435814
18290.0 60350.66368627571
18300.0 53580.89774474272
18310.0 55819.32510285423
18320.0 47040.031165058885
18330.0 52878.912027441474
18340.0 53429.74699128902
18350.0 54456.427556419825
18360.0 57192.119619548044
18370.0 47746.13769575023
18380.0 56395.09885039707
18390.0 48055.00911235836
18400.0 52829.88287726545
18410.0 59164.95154089609
18420.0 46623.55230352282
18430.0 51423.28216122655
18440.0 46030.96212120015
18450.0 51726.65167893539
18460.0 50435.64220466246
18470.0 47438.15785156532
18480.0 42123.01186763229
18490.0 50320.588780038976
18500.0 47047.442285875084
18510.0 53259.09888871009
18520.0 55538.547083543606
18530.0 45468.98237608231
18540.0 48690.40626154681
18550.0 52152.651740573696
18560.0 42928.41694308086
18570.0 43531.27764859295
18580.0 42611.932077271165
18590.0 42242.18509923086
18600.0 42236.10751881083
18610.0 43128.55843111067
18620.0 47629.566236380284
18630.0 48236.68063459569
18640.0 47833.60112853381
18650.0 41591.67685204271
18660.0 52104.53967333968
18670.0 46680.360026109614
18680.0 45221.301371188136
18690.0 49972.034609108276
18700.0 51240.35293800585
18710.0 47398.252460988486
18720.0 48016.52787302552
18730.0 41521.01087541467
18740.0 49699.19692734321
18750.0 49456.76454935003
18760.0 47475.60401994246
18770.0 44929.50208113452
18780.0 42320.80923310662
18790.0 44652.645976560816
18800.0 51484.75430623937
18810.0 47070.443728007675
18820.0 52856.31873801542
18830.0 54101.78533951984
18840.0 49953.860451255154
18850.0 44743.85347065789
18860.0 49149.82400100006
18870.0 53674.63112040233
18880.0 47978.730324933415
18890.0 51356.102619969184
18900.0 50716.87349960855
18910.0 46044.30396699776
18920.0 41720.35801953495
18930.0 47126.26504115932
18940.0 46043.50930197651
18950.0 51993.391029746745
18960.0 49605.234344888675
18970.0 49030.32474510924
18980.0 43023.0207326027
18990.0 54470.87950437264
19000.0 53843.82296260265
19010.0 48138.611202851556
19020.0 50951.971032002104
19030.0 47474.67439078523
19040.0 52000.6218650255
19050.0 50305.117969486535
19060.0 45130.26146058342
19070.0 52377.78863581791
19080.0 52111.83489366029
19090.0 50581.954236976635
19100.0 48056.24366257804
19110.0 42159.99567161604
19120.0 50763.660171854855
19130.0 52734.6097369229
19140.0 53137.53319667088
19150.0 51118.138537266896
19160.0 44968.73445958909
19170.0 47540.04496534488
19180.0 48699.93005120068
19190.0 50588.640919339065
19200.0 47709.615769008764
19210.0 50648.125801367496
19220.0 47227.75964037587
19230.0 49557.52520634711
19240.0 48760.44817915603
19250.0 51079.70593544517
19260.0 43525.575669841026
19270.0 49769.28298389197
19280.0 52096.61687839575
19290.0 47813.16035315486
19300.0 45630.08440664901
19310.0 42372.41754067773
19320.0 48721.85075410885
19330.0 47266.14504511255
19340.0 50412.96191654731
19350.0 49679.28186383662
19360.0 52896.29419205857
19370.0 50164.738498612394
19380.0 44388.27568073419
19390.0 44753.10924133284
19400.0 47362.291280654004
19410.0 49478.77948518258
19420.0 51824.66650741255
19430.0 44062.5453926381
19440.0 44805.564254932906
19450.0 45029.68839240208
19460.0 51246.63000470862
19470.0 50631.49069051718
19480.0 45720.33525386654
19490.0 48728.14729067412
19500.0 46588.79270325712
19510.0 45228.635176171
19520.0 47521.63247192153
19530.0 49239.47123170709
19540.0 48059.37616555966
19550.0 42066.70017532637
19560.0 45681.15635773222
19570.0 52342.65501493134
19580.0 50311.04024679561
19590.0 49322.96255307171
19600.0 44425.678931186005
19610.0 48223.00240928442
19620.0 49744.61777557981
19630.0 42761.846942194476
19640.0 50182.60108157161
19650.0 46476.73479395639
19660.0 50739.82807821805
19670.0 45629.33693720983
19680.0 47642.411366504704
19690.0 48225.831369137384
19700.0 51608.32289826115
19710.0 45411.21544461216
19720.0 51654.73311617923
19730.0 44168.94455828755
19740.0 50399.86657287011
19750.0 40162.00765760093
19760.0 45117.78131235048
19770.0 46543.518038023096
19780.0 44410.66983519909
19790.0 46483.18520088199
19800.0 43740.41011110433
19810.0 45382.74499654814
19820.0 44001.962926503176
19830.0 47336.9994264849
19840.0 44989.57049428511
19850.0 45950.53413269487
19860.0 43485.16634011713
19870.0 47082.74061701097
19880.0 45591.12546153095
19890.0 43516.76837542291
19900.0 41261.73172347107
19910.0 43121.36005267677
19920.0 48014.610314998616
19930.0 48019.43914647505
19940.0 44195.25754542769
19950.0 44755.60601141232
19960.0 48509.704045887505
19970.0 39293.26764724507
19980.0 47068.814816871774
19990.0 43392.229552586105
20010.0 45593.778579950515
20020.0 43791.57786974109
20030.0 45871.91422668843
20040.0 43555.02915126987
20050.0 45040.677641286886
20060.0 43889.738198998464
20070.0 46972.785320348965
20080.0 44116.65350937186
20090.0 44533.85126441044
20100.0 41510.19221068645
20110.0 44297.59565423696
20120.0 45386.56228878467
20130.0 42405.084988713206
20140.0 48335.40125271327
20150.0 43959.83008159537
20160.0 43399.39697444948
20170.0 41898.18943104759
20180.0 44029.52045238868
20190.0 40389.32503595397
20200.0 42734.88908476267
20210.0 48328.789713476384
20220.0 44094.842806333625
20230.0 45418.60746216087
20240.0 46687.94318261644
20250.0 44348.94546528329
20260.0 42451.432310705495
20270.0 42248.07522025452
20280.0 46101.91719220827
20290.0 42696.709727129055
20300.0 43905.07414256556
20310.0 45155.35448200928
20320.0 47002.11470423382
20330.0 43919.901488420845
20340.0 44941.92783351897
20350.0 41595.4872410111
20360.0 45503.07971066887
20370.0 46255.73624203965
20380.0 45059.39683327959
20390.0 40762.9239861728
20400.0 42926.40570136036
20410.0 43923.053334639786
20420.0 46712.14641090489
20430.0 44351.04240732211
20440.0 40933.08946377879
20450.0 42576.35507956136
20460.0 47127.87175620448
20470.0 48087.383993312214
20480.0 42629.46978918651
20490.0 40047.59664459866
20500.0 45363.18356091545
20510.0 46757.3133983794
20520.0 44936.51575541652
20530.0 44551.39203332202
20540.0 40351.05386926424
20550.0 44750.2067657787
20560.0 45882.72621834685
20570.0 45250.19722854476
20580.0 48043.09629681842
20590.0 46151.24892377098
20600.0 44219.0221070242
20610.0 45712.559962020576
20620.0 43156.9369114856
20630.0 41096.09103231793
20640.0 41903.80120971717
20650.0 43728.77544494446
20660.0 48398.532736870206
20670.0 43426.712586625355
20680.0 45613.01649260491
20690.0 42771.48145660948
20700.0 49040.83697706003
20710.0 43296.931329513594
20720.0 45051.49014247047
20730.0 43415.570788774115
20740.0 45176.325493291704
20750.0 45649.09975138017
20760.0 41904.29256698098
20770.0 46992.83993775905
20780.0 45787.627866113944
20790.0 45281.85584794213
20800.0 46514.63138604619
20810.0 41935.18048090857
20820.0 47378.25163456599
20830.0 45479.70690197033
20840.0 45690.796228138184
20850.0 44585.72460908551
20860.0 45922.89404572296
20870.0 45102.5315348277
20880.0 45610.04807980154
20890.0 43563.64867771138
20900.0 47508.38283025516
20910.0 46202.87203676859
20920.0 49283.921041536356
20930.0 44543.01593416293
20940.0 44890.09762466104
20950.0 46572.993369575306
20960.0 44248.0271671167
20970.0 46051.32551966197
20980.0 48765.02992324218
20990.0 44498.84288131815
21000.0 47672.65089141116
21010.0 46471.3084557693
21020.0 46107.28007064213
21030.0 46609.455374541074
21040.0 47009.27357210042
21050.0 46035.90945645898
21060.0 48388.89089386442
21070.0 46203.05888314578
21080.0 43792.23392407964
21090.0 46902.38701783205
21100.0 49056.43066240788
21110.0 45887.51185927933
21120.0 45637.41460947085
21130.0 48089.73621203538
21140.0 49883.395760299136
21150.0 46822.13516234302
21160.0 49217.74511723642
21170.0 44239.43412154837
21180.0 49120.095178018484
21190.0 47185.28878457354
21200.0 46455.32494205891
21210.0 48678.0821497676
21220.0 48629.75690761527
21230.0 46918.72221755649
21240.0 49709.94395087909
21250.0 48446.85598428795
21260.0 47309.93844372524
21270.0 45820.027953098856
21280.0 47799.09751144162
21290.0 46286.97962036785
21300.0 47899.74277812756
21310.0 49625.0249856327
21320.0 48293.658241875586
21330.0 49296.4900474354
21340.0 47211.942902903866
21350.0 50428.01230616411
21360.0 48459.73825952669
21370.0 48027.48176031834
21380.0 47607.90331041686
21390.0 49005.14390964661
21400.0 46618.41455661304
21410.0 49212.46425092976
21420.0 46681.81149448109
21430.0 51083.48678695424
21440.0 50971.74462623282
21450.0 50389.941647492335
21460.0 50355.57194898822
21470.0 49367.79193172508
21480.0 48221.15346194962
21490.0 48463.708539703344
21500.0 47338.37766564629
21510.0 49794.08333764908
21520.0 48377.23155652546
21530.0 49810.531322330244
21540.0 49959.81813643203
21550.0 48616.10899695136
21560.0 48755.17994057805
21570.0 50900.193143986595
21580.0 50620.002931022296
21590.0 49027.1347629359
21600.0 49484.4806408404
21610.0 51677.272063757926
21620.0 48896.64453229357
21630.0 49089.779544608624
21640.0 51405.37360259439
21650.0 48808.19670615728
21660.0 50991.31735402127
21670.0 49644.376723964204
21680.0 52892.75734713272
21690.0 52094.34169280846
21700.0 48010.72708429174
21710.0 50222.30401990547
21720.0 49666.04100098455
21730.0 50657.81902682759
21740.0 51129.515097502175
21750.0 49756.35021229683
21760.0 48976.0168712545
21770.0 49764.71507494181
21780.0 49494.25426568722
21790.0 50644.552769372924
21800.0 48925.06075866972
21810.0 52658.502294582766
21820.0 49153.08787264119
21830.0 50167.31749464746
21840.0 50800.66466041986
21850.0 50499.32487069204
21860.0 50283.99562387829
21870.0 50621.45542053924
21880.0 51479.169261011346
21890.0 50709.29105839872
21900.0 50606.501972217346
21910.0 51533.16834286332
21920.0 49923.82275635383
21930.0 49845.35771168949
21940.0 50658.29170991405
21950.0 51392.60275030138
21960.0 52360.7423336821
21970.0 50432.04445956067
21980.0 51579.829627221785
21990.0 51955.11233621425
22000.0 52042.1658990215
22010.0 51264.73501693633
22020.0 51656.82098675135
22030.0 49123.749999536216
22040.0 51349.69655363256
22050.0 51100.25814937214
22060.0 48240.116286695404
22070.0 51960.71196507409
22080.0 48719.96868568599
22090.0 52228.69444687917
22100.0 51359.91824971689
22110.0 51308.92843385664
22120.0 52413.89359614117
22130.0 51685.70413959242
22140.0 52732.81222412778
22150.0 51224.76134954976
22160.0 51738.00301515439
22170.0 50698.354221879126
22180.0 52919.79346865159
22190.0 49454.53725677578
22200.0 50015.787084206044
22210.0 50242.78695124032
22220.0 52902.99992020732
22230.0 50906.61065663997
22240.0 54382.19049374356
22250.0 54246.39536995693
22260.0 51088.44278722335
22270.0 50979.88124467818
22280.0 50006.405240444496
22290.0 51253.97827655375
22300.0 53475.59585060877
22310.0 52500.75246680233
22320.0 53322.72162127373
22330.0 50539.9700298903
22340.0 50732.93587669664
22350.0 51159.59947810991
22360.0 50846.923117961596
22370.0 52637.86379538039
22380.0 51137.45901256536
22390.0 54082.830268214806
22400.0 53760.15756224637
22410.0 51915.071893823326
22420.0 51050.97876531018
22430.0 52333.9231739995
22440.0 50207.2168109425
22450.0 55097.1848365465
22460.0 52251.74709008131
22470.0 52362.91337850587
22480.0 54396.502702316655
22490.0 51121.18606158365
22500.0 51791.50845615069
22510.0 53332.81438711301
22520.0 52301.97735181651
22530.0 52434.98685243636
22540.0 49547.84888816077
22550.0 52242.3478940938
22560.0 54071.451849360004
22570.0 49108.28477766659
22580.0 53992.795742654554
22590.0 51550.60324505899
22600.0 51194.79428449327
22610.0 51751.585360227895
22620.0 52204.626472802614
22630.0 50856.22462181875
22640.0 50467.032307377354
22650.0 52853.06602980042
22660.0 51749.582595605265
22670.0 53788.68175083181
22680.0 51776.37025018705
22690.0 53015.478286227124
22700.0 49835.26185719657
22710.0 51462.36396496726
22720.0 51806.62660858731
22730.0 51709.661288277486
22740.0 51314.23450421617
22750.0 53726.98625498484
22760.0 52197.86304278951
22770.0 52206.785865330115
22780.0 50374.122586004865
22790.0 52157.78111730693
22800.0 47465.86804597046
22810.0 53750.86301151189
22820.0 53275.65301068312
22830.0 49525.47954603429
22840.0 50263.04811621419
22850.0 51673.36172139477
22860.0 52488.27986110517
22870.0 52776.77803605683
22880.0 51739.89474563504
22890.0 53373.136295575714
22900.0 53508.876622964155
22910.0 49880.81228940655
22920.0 50458.038991178124
22930.0 39545.86772609225
22940.0 39676.967494837925
22950.0 44639.84629898016
22960.0 43151.894636589146
22970.0 45127.514007486614
22980.0 45837.53141253713
22990.0 48038.196351137325
23000.0 46974.42332400934
23010.0 44671.17948808762
23020.0 47698.43301771996
23030.0 46298.472039285174
23040.0 48035.42699401889
23050.0 45992.70948227124
23060.0 47391.1428034459
23070.0 47667.698159203974
23080.0 48743.80214731223
23090.0 45687.540169693755
23100.0 46738.08522440322
23110.0 45529.26021277551
23120.0 46428.42354703755
23130.0 46913.19057010883
23140.0 43857.87523863249
23150.0 48311.37004114768
23160.0 45462.53027500494
23170.0 45184.53064153188
23180.0 48659.17449078791
23190.0 49160.742422558
23200.0 43747.51933577781
23210.0 45888.1993315569
23220.0 38002.593560598034
23230.0 38128.620920720445
23240.0 43470.16221754375
23250.0 40125.45481857232
23260.0 42204.14795619781
23270.0 43839.38682606227
23280.0 41259.56072822361
23290.0 46728.15306199323
23300.0 37821.576728152126
23310.0 42483.437824577944
23320.0 45886.48565350383
23330.0 44343.6104129924
23340.0 40760.235705542895
23350.0 41783.56554770178
23360.0 42131.2288199615
23370.0 42714.47564314861
23380.0 42478.03049764077
23390.0 41761.00438273581
23400.0 42079.33629885071
23410.0 40929.362746330335
23420.0 46434.817725091205
23430.0 41401.89323404694
23440.0 39998.406774283765
23450.0 43556.72734499577
23460.0 44068.83344699506
23470.0 45205.40947480822
23480.0 44804.27374158468
23490.0 40658.39593561408
23500.0 41558.966658927646
23510.0 38226.41841299453
23520.0 33618.279697488666
23530.0 36977.23801281989
23540.0 36970.28235682058
23550.0 38979.51973199704
23560.0 39470.078137114906
23570.0 41062.53957211061
23580.0 37933.225537127306
23590.0 39816.83301308037
23600.0 40454.01905624683
23610.0 38508.620110578086
23620.0 38096.7211942543
23630.0 40569.10830732391
23640.0 40448.484450907265
23650.0 41703.34812394283
23660.0 42251.52482559102
23670.0 34775.04695644288
23680.0 40797.740817072954
23690.0 42498.78510708692
23700.0 41522.95582549755
23710.0 40328.1882737379
23720.0 40612.338451661606
23730.0 41894.1085572085
23740.0 39491.23999207005
23750.0 40165.04675610444
23760.0 35751.16244888373
23770.0 42990.33297001577
23780.0 38095.41351963369
23790.0 38008.1195986148
23800.0 38861.15210584439
23810.0 39670.652841591815
23820.0 33823.49950557727
23830.0 33043.30624360247
23840.0 37850.728418798884
23850.0 35483.46866777385
23860.0 33811.65724452511
23870.0 35773.80525026974
23880.0 36538.67308407819
23890.0 37211.72534522565
23900.0 38205.84683435894
23910.0 33831.228251957175
23920.0 32527.963996656727
23930.0 40045.346669936625
23940.0 36555.46367034687
23950.0 37652.00879801262
23960.0 34895.72525440698
23970.0 36507.85733796939
23980.0 36949.75444855562
23990.0 36150.23108705954
24000.0 34468.29875238236
24010.0 34777.88394545207
24020.0 34207.87566521568
24030.0 36883.57151297325
24040.0 33640.361687648416
24050.0 34265.188489049935
24060.0 35528.04831754882
24070.0 32191.872865362107
24080.0 31066.00113397045
24090.0 34201.07062110751
24100.0 32338.417035509043
24110.0 34247.75217765237
24120.0 30651.09324619867
24130.0 33296.104842117165
24140.0 30909.095465761562
24150.0 34144.36161501402
24160.0 29864.760291777216
24170.0 31403.503995252024
24180.0 35495.55022541611
24190.0 28725.45077385724
24200.0 36281.01118577426
24210.0 31352.651915627506
24220.0 31229.499671619848
24230.0 32574.451953511558
24240.0 33785.12426074508
24250.0 29635.689594775187
24260.0 30625.11145487243
24270.0 29948.51074062808
24280.0 30876.990751719295
24290.0 32422.45118894187
24300.0 29682.391651780756
24310.0 29369.21491067158
24320.0 33760.958246081245
24330.0 28206.125376696225
24340.0 29907.934031346027
24350.0 33695.5432095748
24360.0 26045.386612876584
24370.0 27366.20714086733
24380.0 32027.006892175094
24390.0 32687.534767983543
24400.0 31586.925467704026
24410.0 29402.06179230906
24420.0 27583.763440017327
24430.0 29129.657076821026
24440.0 27804.236422107653
24450.0 31922.286157890096
24460.0 28828.68611752668
24470.0 28139.936202499397
24480.0 28150.46631196838
24490.0 29221.135746477925
24500.0 30635.60370589432
24510.0 26535.697089577585
24520.0 26943.56419804003
24530.0 26404.549880967726
24540.0 22774.011438049492
24550.0 30399.538334173027
24560.0 29423.644556403597
24570.0 30153.449067594323
24580.0 28658.700203498538
24590.0 26829.24666302615
24600.0 25710.665647046546
24610.0 23877.366054247348
24620.0 30278.57698515309
24630.0 27932.653240397845
24640.0 30312.735019334898
24650.0 26691.862822421746
24660.0 28756.835449319384
24670.0 25072.557148922187
24680.0 26793.162358848233
24690.0 28099.681789270355
24700.0 25540.08582928089
24710.0 26902.21349388732
24720.0 26298.870181417416
24730.0 23722.57549274379
24740.0 24201.352428019432
24750.0 24535.616786416016
24760.0 30303.121367608866
24770.0 26308.50107283819
24780.0 24803.218100508366
24790.0 24479.863851420352
24800.0 24033.12890283165
24810.0 24761.051224487255
24820.0 24440.05714482079
24830.0 27143.337688488868
24840.0 27064.35965556411
24850.0 27815.177644134197
24860.0 25250.23985685534
24870.0 23280.1114922347
24880.0 23476.687250413244
24890.0 23985.692831550845
24900.0 21792.33743532534
24910.0 23861.036060983915
24920.0 26588.97383285499
24930.0 24943.792929985953
24940.0 24418.432471298245
24950.0 27640.56143566983
24960.0 25955.89182187011
24970.0 24126.258430609996
24980.0 22013.074560123383
24990.0 23171.314851436102
