#lam[Angstrom] flux[erg/cm2/s/A]
1010.0 186.95026160593147
1020.0 193.57856487315064
1030.0 667.8354094366014
1040.0 263.25015346217805
1050.0 198.22702304321217
1060.0 200.01901115401878
1070.0 211.2138631990371
1080.0 639.1959205089274
1090.0 651.1960490632085
1100.0 208.7559934838065
1110.0 210.42939443303814
1120.0 218.61044651792463
1130.0 212.6410390779158
1140.0 230.92883019808562
1150.0 216.70904296421605
1160.0 220.82961155586833
1170.0 221.23818359119142
1180.0 222.19097115033082
1190.0 223.54330991526587
1200.0 337.0702049728939
1210.0 300.0114119504834
1220.0 1908.7983263577328
1230.0 276.10753528371356
1240.0 1125.543761411561
1250.0 392.0307008636235
1260.0 545.5462314515328
1270.0 560.4823434417596
1280.0 578.6689328217024
1290.0 624.5413260399166
1300.0 672.5620418421857
1310.0 739.6330638103138
1320.0 772.5712310072582
1330.0 785.6131125316537
1340.0 876.8149887654529
1350.0 843.8612728322786
1360.0 863.983856452189
1370.0 876.779458924339
1380.0 895.3694588902083
1390.0 2049.996634201365
1400.0 2279.75364888808
1410.0 1685.3469690682957
1420.0 950.6922643342774
1430.0 933.551641113611
1440.0 938.3404372456719
1450.0 944.5836304389501
1460.0 952.0171887527521
1470.0 959.3962273061505
1480.0 963.9143159535903
1490.0 1512.8601299365087
1500.0 954.380778767313
1510.0 952.809054989194
1520.0 953.8550556188353
1530.0 996.7055639503242
1540.0 947.1565869477299
1550.0 13448.860903323373
1560.0 947.5372139230454
1570.0 943.4711410275792
1580.0 988.5535755863528
1590.0 942.5765940771289
1600.0 1033.468252633592
1610.0 940.7408793325242
1620.0 940.6661729458143
1630.0 935.0988245932637
1640.0 8552.650921656643
1650.0 927.268389453696
1660.0 1199.450235981224
1670.0 1633.3577204474677
1680.0 921.3276880232654
1690.0 918.5445669987935
1700.0 914.7905087923418
1710.0 910.1670357835727
1720.0 977.0867465066602
1730.0 914.7390913648046
1740.0 932.0567797459858
1750.0 1382.8823630149445
1760.0 906.5989543026099
1770.0 906.3136645527522
1780.0 909.0445720793664
1790.0 972.1892353955332
1800.0 902.9525893215704
1810.0 1113.7054204917963
1820.0 1132.8359346447235
1830.0 886.2844058694344
1840.0 880.6310591588508
1850.0 950.778575527134
1860.0 914.6321649424217
1870.0 870.3107020675158
1880.0 1426.917299109152
1890.0 1785.7523059783912
1900.0 861.6506946646967
1910.0 5789.294017623675
1920.0 855.6915808561895
1930.0 859.4951606200941
1940.0 843.9004214113515
1950.0 843.4401288694312
1960.0 834.8600504388374
1970.0 829.9458641259616
1980.0 825.5047738193234
1990.0 821.8814272376087
2000.0 816.3224844510861
2010.0 809.2085464197016
2020.0 775.6856681740896
2030.0 731.6227161279915
2040.0 710.1212990400127
2050.0 677.8220836372968
2060.0 666.5355631843668
2070.0 671.5745224634055
2080.0 656.8073614398086
2090.0 677.2382271935314
2100.0 662.6248105024492
2110.0 662.7258743612156
2120.0 681.8565244444508
2130.0 680.91243642502
2140.0 716.1740733833849
2150.0 655.1681323293801
2160.0 660.2139212934126
2170.0 644.3193991722178
2180.0 669.6790322032847
2190.0 655.0683640360367
2200.0 661.6446307099136
2210.0 669.6358525426391
2220.0 702.5983870358396
2230.0 687.4476124724578
2240.0 698.541660162025
2250.0 741.9333265609778
2260.0 723.9350448836702
2270.0 738.368731139587
2280.0 753.4202934881582
2290.0 769.1483504113211
2300.0 804.3546188578385
2310.0 846.2405741791317
2320.0 888.3216909522713
2330.0 1591.849611708828
2340.0 1009.1866009264364
2350.0 899.9095240214065
2360.0 878.4959380742735
2370.0 895.7020751506802
2380.0 912.6851278282979
2390.0 997.6894658919142
2400.0 947.1836507370805
2410.0 966.8330993276988
2420.0 980.2086643931179
2430.0 2122.3901042844054
2440.0 1012.6358175317503
2450.0 1031.925420874947
2460.0 1044.6273797222218
2470.0 1060.6573788335425
2480.0 1076.8192999346861
2490.0 1093.3238538641135
2500.0 1108.22399570309
2510.0 1236.8341729994752
2520.0 1141.511564927577
2530.0 1156.833991503373
2540.0 1169.7558829873694
2550.0 1185.186419034496
2560.0 1372.9524432949302
2570.0 1214.2728279535565
2580.0 1229.8508483848059
2590.0 1275.253529546028
2600.0 1259.898851716115
2610.0 1273.134895702151
2620.0 1286.0676030762006
2630.0 1300.1024314359306
2640.0 1314.7730325116825
2650.0 1326.3911845433322
2660.0 1335.3882815494849
2670.0 1499.1493444720863
2680.0 1358.2280138172316
2690.0 1371.8451868752234
2700.0 1384.7893618243434
2710.0 1394.964662415956
2720.0 1412.567546241279
2730.0 1513.8101045837734
2740.0 1526.8627636255517
2750.0 1447.7375167428847
2760.0 1466.6126041891105
2770.0 1474.9669199385794
2780.0 1488.3638013477453
2790.0 5937.70975394109
2800.0 3750.1080196717294
2810.0 1530.5237960721645
2820.0 1543.032655836046
2830.0 2404.6472892956967
2840.0 1567.825609071352
2850.0 1672.6512252928997
2860.0 1624.5846164269285
2870.0 1608.1009138167985
2880.0 1622.1995143085437
2890.0 1634.2382960266996
2900.0 1646.5940887382983
2910.0 1657.9323159020241
2920.0 1670.0817088555968
2930.0 1946.5605393178487
2940.0 1694.689001336849
2950.0 1744.0078018529218
2960.0 1719.8376204492931
2970.0 1732.8501308304394
2980.0 1750.6382028350763
2990.0 1758.3133867051213
3000.0 1768.9577316654256
3010.0 1781.6009541492595
3020.0 1795.178050479384
3030.0 1806.6300944010447
3040.0 1820.188342570169
3050.0 1831.0877939917677
3060.0 1842.7443707250563
3070.0 1854.601291822679
3080.0 1865.5412296628901
3090.0 1875.5752993172448
3100.0 1895.21771701892
3110.0 1904.5488886990365
3120.0 1916.4553459702054
3130.0 1921.9442887052594
3140.0 1931.927907608291
3150.0 1942.5541785042103
3160.0 1952.563664127316
3170.0 1961.3745611018355
3180.0 1973.6207784441883
3190.0 2047.888909679519
3200.0 1998.1352090704952
3210.0 2345.351165329938
3220.0 2021.5774846271772
3230.0 2034.5129686826117
3240.0 2050.3159739948
3250.0 2054.5444860446105
3260.0 2070.8652612218157
3270.0 2072.491357894745
3280.0 2081.3410842450726
3290.0 2092.313437222511
3300.0 2098.7937878252283
3310.0 2107.9420211243973
3320.0 2116.735729982303
3330.0 2126.2904209888197
3340.0 2358.600521274527
3350.0 2146.4847055559603
3360.0 2169.775424742061
3370.0 2165.352508751821
3380.0 2175.432016495996
3390.0 2186.808106274385
3400.0 2194.983400658457
3410.0 2203.2525743226715
3420.0 2497.4882099839897
3430.0 2506.125566430623
3440.0 2232.2897921052036
3450.0 2237.1507054191966
3460.0 2250.812696455522
3470.0 2264.2460839321025
3480.0 2279.473868624118
3490.0 2289.280928788605
3500.0 2279.6711626571446
3510.0 2268.424581599
3520.0 2264.773448000146
3530.0 2278.0670613982747
3540.0 2278.451388292655
3550.0 2290.290062872507
3560.0 2291.834816469896
3570.0 2298.4168721868623
3580.0 2371.9117347881675
3590.0 2303.333892550556
3600.0 2301.6288054563247
3610.0 2303.321181210821
3620.0 2320.7699240208854
3630.0 2330.666039874162
3640.0 2321.6970818982713
3650.0 2327.6808488367446
3660.0 2359.0708314602816
3670.0 2364.921126090602
3680.0 2345.228921802719
3690.0 2357.3658151261925
3700.0 2356.5914082202657
3710.0 2340.2169280633966
3720.0 2060.0231489714706
3730.0 3434.4365089362996
3740.0 1792.47804408639
3750.0 1885.8742002091037
3760.0 1801.5126333302812
3770.0 2004.3175640638235
3780.0 1810.2719313932037
3790.0 1814.558480260089
3800.0 1957.5736405626774
3810.0 1822.9580303030332
3820.0 1848.6238517745223
3830.0 1831.1214309243112
3840.0 2021.493271719304
3850.0 1847.979064900186
3860.0 3685.2257778521034
3870.0 1871.0705473102944
3880.0 2248.916580452053
3890.0 1878.576634778015
3900.0 2223.370145976838
3910.0 1885.835341285833
3920.0 1885.407992569336
3930.0 1860.945771333418
3940.0 1850.903308551291
3950.0 1835.6719059419613
3960.0 2409.316161192604
3970.0 1841.1819644826319
3980.0 2241.387823888297
3990.0 1846.562968817449
4000.0 1849.761758246079
4010.0 1852.5515275972948
4020.0 1911.2119271114816
4030.0 1858.3262022431804
4040.0 1861.135587803296
4050.0 1863.8929140191685
4060.0 1867.8687845013828
4070.0 1869.2584395733647
4080.0 2103.9559934626
4090.0 1874.2695192332073
4100.0 2508.3421916072625
4110.0 1878.6437124834472
4120.0 1886.346327442734
4130.0 1882.8825573957536
4140.0 1891.1763009157703
4150.0 1885.9116356104362
4160.0 1886.6951729853738
4170.0 1885.9716774218793
4180.0 1886.4843210752822
4190.0 1886.800776689311
4200.0 1902.6613234875529
4210.0 1890.822577143935
4220.0 1893.0821843996187
4230.0 1894.1790445269287
4240.0 1894.2407546780548
4250.0 1895.2726591822254
4260.0 1896.6683495868904
4270.0 1901.1667785825061
4280.0 1900.09399174144
4290.0 1902.356767141719
4300.0 1903.4386337633007
4310.0 1905.0397504783398
4320.0 1906.5976341545133
4330.0 3015.3333441123905
4340.0 1908.2912657205889
4350.0 2121.234559827947
4360.0 1909.0333343893735
4370.0 1910.6383404787082
4380.0 1913.045228196988
4390.0 1913.6269791810987
4400.0 1924.986808718389
4410.0 1914.9084641215175
4420.0 1915.0524685428386
4430.0 1915.5405902801538
4440.0 1918.545795043156
4450.0 1917.576878756592
4460.0 2005.5749832700044
4470.0 1919.8064112277507
4480.0 1919.149974028963
4490.0 1921.1308832498817
4500.0 1920.4145917643114
4510.0 1922.0298496575022
4520.0 1922.8283220032931
4530.0 1947.7408785113007
4540.0 1924.7197596418484
4550.0 1925.5702086098656
4560.0 1926.6945270038543
4570.0 1927.7973089786417
4580.0 1931.3626891183278
4590.0 1927.6629766715416
4600.0 1937.6344699809256
4610.0 1928.658582682288
4620.0 1931.6457670091547
4630.0 1935.1764618616075
4640.0 1943.578871512822
4650.0 2083.228418579403
4660.0 1950.2745830756114
4670.0 1956.4540549796604
4680.0 1951.4940038331833
4690.0 2653.899461750098
4700.0 1968.7508599702787
4710.0 1989.1938271330673
4720.0 2064.578795777301
4730.0 1961.2152832987435
4740.0 2038.4723855879176
4750.0 1929.0831563369118
4760.0 1970.1951327937718
4770.0 1928.912623107133
4780.0 1928.8678814163152
4790.0 1938.8089154033657
4800.0 1929.4097592239646
4810.0 1929.5138564882045
4820.0 1929.5793672877996
4830.0 1929.7602339439818
4840.0 1929.8439193402685
4850.0 1929.9312348700378
4860.0 4149.642746622336
4870.0 1930.0969873359861
4880.0 1971.9393464279617
4890.0 1971.9613239291589
4900.0 1930.1538962553022
4910.0 1930.2132065099568
4920.0 1930.293168854743
4930.0 1976.888082757631
4940.0 1929.0433794824917
4950.0 1926.647228450362
4960.0 7479.434798304031
4970.0 1924.2545375331028
4980.0 1978.8410015206578
4990.0 1923.781012906538
5000.0 1923.5031810364162
5010.0 18649.13353684908
5020.0 1922.3334193643004
5030.0 1921.6397543165317
5040.0 1920.6902837226696
5050.0 1919.8204266179034
5060.0 1922.8905589818314
5070.0 1918.4933356798442
5080.0 1921.7170080877975
5090.0 1917.4624928043902
5100.0 1916.9050095229163
5110.0 1916.4387679532692
5120.0 1915.707170389798
5130.0 1915.0661447493596
5140.0 1913.8823070120702
5150.0 1912.1536237695427
5160.0 1947.5101215266425
5170.0 1909.5353948159598
5180.0 1908.7520066515833
5190.0 1963.1150707967668
5200.0 1906.5450014227108
5210.0 1912.2094061691637
5220.0 1904.2257640468638
5230.0 1903.3025031103525
5240.0 1902.4202871839404
5250.0 1901.106135826511
5260.0 1943.7152233472439
5270.0 1942.3421826490712
5280.0 1896.987229132269
5290.0 1895.6562647143405
5300.0 1894.0926351402597
5310.0 1892.7149750207625
5320.0 1926.642000540361
5330.0 1890.1589781664477
5340.0 1889.0232508611898
5350.0 1887.551120288255
5360.0 1885.741409917912
5370.0 1884.1894030468557
5380.0 1882.4107964683997
5390.0 1880.8233457595657
5400.0 1879.4430060508562
5410.0 1877.8445861980736
5420.0 1904.3940891050122
5430.0 1902.931948388517
5440.0 1873.458721828822
5450.0 1871.9949234050816
5460.0 1869.9495053607955
5470.0 1867.7314012792635
5480.0 1865.7453856249467
5490.0 1863.8715516302782
5500.0 1862.232376997751
5510.0 1867.0494670974813
5520.0 1858.8837641305693
5530.0 1862.6471204523361
5540.0 1860.6258215271216
5550.0 1852.8190126246166
5560.0 1850.636600928579
5570.0 1848.4909231049646
5580.0 1846.6736925916387
5590.0 1847.4410815861108
5600.0 1842.5830864173151
5610.0 1840.2653854964913
5620.0 1840.70187010296
5630.0 1836.0575272502851
5640.0 1834.124662455333
5650.0 1832.2984050547213
5660.0 1830.2067953748833
5670.0 1828.330379237785
5680.0 1824.614825780979
5690.0 1819.0566374028808
5700.0 1814.6146057529734
5710.0 1810.4961741508782
5720.0 1808.4232799853485
5730.0 1884.228420082146
5740.0 1803.9127804172447
5750.0 1801.3945923552383
5760.0 1820.1034623179921
5770.0 1796.6778345659031
5780.0 1794.520853302938
5790.0 1792.455200728502
5800.0 1790.0667018625875
5810.0 1787.7701899151325
5820.0 1819.3391284970062
5830.0 1782.7526406587044
5840.0 1780.0669984731628
5850.0 1777.6435408180537
5860.0 1775.208889816343
5870.0 1772.9460019595642
5880.0 1996.1703959476083
5890.0 1768.388841463535
5900.0 1766.0972704357741
5910.0 1763.9300477030743
5920.0 1761.4872269662653
5930.0 1759.1680944547954
5940.0 1756.559413984989
5950.0 1753.5321620905372
5960.0 1750.4921078701968
5970.0 1751.7606745407859
5980.0 1745.3602330821752
5990.0 1742.9919356392252
6000.0 1742.8656021841487
6010.0 1738.234055067566
6020.0 1735.8451055997602
6030.0 1734.267605370934
6040.0 1730.688837295416
6050.0 1728.0235731298942
6060.0 1725.5325315856185
6070.0 1723.032602204687
6080.0 1720.604626727638
6090.0 1840.4249777183948
6100.0 1714.8276395277937
6110.0 1711.7352999066925
6120.0 1709.9730794469383
6130.0 1706.372093631825
6140.0 1703.9088262393443
6150.0 1701.556113608189
6160.0 1698.5485623056225
6170.0 1695.7205662660836
6180.0 1694.211442905972
6190.0 1690.4665192585187
6200.0 1687.97267981328
6210.0 1685.5115669053823
6220.0 1682.560297636701
6230.0 1679.6801779257974
6240.0 1678.2343237703717
6250.0 1674.2774779368056
6260.0 1671.7536501131012
6270.0 1669.3444565834093
6280.0 1666.6987502144873
6290.0 1664.1634036273404
6300.0 1842.982271365045
6310.0 1659.079211658719
6320.0 1656.5397761322652
6330.0 1653.9899105339005
6340.0 1651.0985874185635
6350.0 1647.8622182863994
6360.0 1644.6211736772505
6370.0 1679.0667714161095
6380.0 1639.014070213098
6390.0 1636.4446494505357
6400.0 1635.82515448881
6410.0 1631.2984920935537
6420.0 1628.7202605719708
6430.0 1642.332796448808
6440.0 1623.5574488555483
6450.0 1620.9740814824381
6460.0 1618.385020329
6470.0 1615.798223128981
6480.0 1613.2086072414925
6490.0 1610.6186469935858
6500.0 1607.6293919877407
6510.0 1604.2368297523653
6520.0 1600.8504284267608
6530.0 1602.3479162432761
6540.0 1594.6639843402181
6550.0 1591.7679222139504
6560.0 7446.867415756386
6570.0 1586.265091502912
6580.0 1583.6459678071449
6590.0 2360.5256779334914
6600.0 1578.4441476281488
6610.0 1575.8376964280799
6620.0 1573.2348330171103
6630.0 1570.6042637706144
6640.0 1567.6209354865398
6650.0 1564.726389198954
6660.0 1561.966214907261
6670.0 1559.225101806134
6680.0 1556.6194412213665
6690.0 1608.5663812485834
6700.0 1551.118731940088
6710.0 1548.1046833871096
6720.0 1545.0922646476756
6730.0 1932.1536563559227
6740.0 1539.473324031357
6750.0 1536.7510716623683
6760.0 1534.2271391408897
6770.0 1531.4315024696155
6780.0 1528.8072891015272
6790.0 1547.3387367640457
6800.0 1523.6188668353254
6810.0 1520.9675883426835
6820.0 1518.3070572840552
6830.0 1515.5813209694377
6840.0 1512.363175274904
6850.0 1509.2026795577974
6860.0 1506.236459271231
6870.0 1503.2794465617644
6880.0 1500.656553039257
6890.0 1498.0182742729062
6900.0 1501.0147845512154
6910.0 1492.3296455183836
6920.0 1489.3015660289655
6930.0 1486.754015926964
6940.0 1483.754316578684
6950.0 1481.1629819628658
6960.0 1478.5388047606825
6970.0 1475.914759772553
6980.0 1472.870247972532
6990.0 1469.8780393528334
7000.0 1500.4607004758816
7010.0 1464.4948573772272
7020.0 1461.930636462665
7030.0 1459.3575172268042
7040.0 1456.9035858198301
7050.0 1454.1972246944715
7060.0 1451.6200121592317
7070.0 1602.685913881042
7080.0 1446.0677750408347
7090.0 1443.0268447568562
7100.0 1440.0689442241428
7110.0 1437.3954683402246
7120.0 1434.6771615974515
7130.0 1432.0288541448895
7140.0 1635.6170287620384
7150.0 1426.8683694771423
7160.0 1424.2058483511219
7170.0 1421.5115588287301
7180.0 1428.0136821569981
7190.0 1416.347190281825
7200.0 1413.674316438744
7210.0 1411.1366917863363
7220.0 1408.1169443887804
7230.0 1404.832769640634
7240.0 1401.53312529108
7250.0 1447.136653040921
7260.0 1395.4394660339465
7270.0 1392.6571879582998
7280.0 1389.8805821508167
7290.0 1444.3884658281129
7300.0 1384.339500439277
7310.0 1381.5873066559486
7320.0 1640.7032139951343
7330.0 1376.1005803550506
7340.0 1373.5143859445532
7350.0 1370.8975680339452
7360.0 1368.3530902783725
7370.0 1365.3492689871725
7380.0 1362.4488537327256
7390.0 1359.499867859771
7400.0 1356.7247550000184
7410.0 1354.0110457392518
7420.0 1351.4543616998942
7430.0 1349.0360315081543
7440.0 1346.2666205256526
7450.0 1343.6342248632266
7460.0 1341.1029993377647
7470.0 1338.8200062818053
7480.0 1335.9349328530031
7490.0 1333.2590030151835
7500.0 1330.7647705088445
7510.0 1328.2226508697565
7520.0 1325.5345071050972
7530.0 1322.9916309450043
7540.0 1320.4555586512968
7550.0 1322.829338061922
7560.0 1315.2401736604018
7570.0 1312.6750977365916
7580.0 1318.7946350185882
7590.0 1307.5507400350411
7600.0 1304.960049624073
7610.0 1302.383679518607
7620.0 1316.3176392533155
7630.0 1297.0234070679762
7640.0 1294.2041841887997
7650.0 1291.408529890279
7660.0 1291.2832286119283
7670.0 1285.1728176812196
7680.0 1281.8673165362018
7690.0 1278.389457081104
7700.0 1285.0928217085025
7710.0 1272.504317726261
7720.0 1269.9606107095617
7730.0 1267.4466008607533
7740.0 1314.2563439272824
7750.0 1262.7907477209842
7760.0 1260.5305052153171
7770.0 1258.2290990879108
7780.0 1256.2424892772235
7790.0 1253.1609571096426
7800.0 1249.7087570017236
7810.0 1248.2884821890616
7820.0 1246.1814002869392
7830.0 1243.9400940152157
7840.0 1241.728679837076
7850.0 1239.556957540453
7860.0 1237.0385822048645
7870.0 1234.4773194869836
7880.0 1231.9101292429186
7890.0 1229.6546199995475
7900.0 1227.108371410012
7910.0 1224.9964191108359
7920.0 1222.8394528856747
7930.0 1220.6583594641006
7940.0 1217.2149337707672
7950.0 1212.75985873368
7960.0 1213.491147057008
7970.0 1269.2178857009162
7980.0 1210.0178208698444
7990.0 1207.9795258130694
8000.0 1205.9580386890348
8010.0 1204.1320484111804
8020.0 1202.169381670461
8030.0 1200.400680873212
8040.0 1198.6045632935661
8050.0 1206.8149601745245
8060.0 1195.2299581597224
8070.0 1193.6557546906383
8080.0 1192.1401744862205
8090.0 1190.5871317881945
8100.0 1188.9435310706244
8110.0 1187.2573735054598
8120.0 1186.0225444980085
8130.0 1184.128540342367
8140.0 1173.557564360271
8150.0 1156.6864362675474
8160.0 1139.7947571420116
8170.0 1129.6904693946765
8180.0 1115.8879130554608
8190.0 1115.0160428818479
8200.0 1114.0566913724874
8210.0 1116.7446540503327
8220.0 1115.7909311947224
8230.0 1109.5604846591511
8240.0 1110.972659717678
8250.0 1111.3501116272835
8260.0 1122.6368711743348
8270.0 1110.3277968163625
8280.0 1109.7600409577108
8290.0 1108.7599170618505
8300.0 1108.7230539124635
8310.0 1109.122268680471
8320.0 1108.3377009907251
8330.0 1109.033540896662
8340.0 1124.683050795516
8350.0 1109.9716853701234
8360.0 1110.076236565273
8370.0 1110.9952361212713
8380.0 1128.243556735043
8390.0 1113.083712791222
8400.0 1113.4285955728446
8410.0 1114.6338288880424
8420.0 1124.392475142584
8430.0 1127.3154503497346
8440.0 1142.2027437375639
8450.0 1156.8649862247735
8460.0 1172.7278204245667
8470.0 1182.2642350078672
8480.0 1184.8262945849692
8490.0 1185.4416431215493
8500.0 1184.6008409915294
8510.0 1175.9854082297945
8520.0 1130.5792235641495
8530.0 1178.065707291868
8540.0 1196.2283445525013
8550.0 1209.9694827319374
8560.0 1200.6085684260102
8570.0 1194.564968630149
8580.0 1188.2427621091238
8590.0 1203.209847305092
8600.0 1183.4640125214837
8610.0 1188.3206354343663
8620.0 1193.0980757134425
8630.0 1198.8989580504822
8640.0 1314.537592884963
8650.0 1211.3154077882814
8660.0 1218.5520651308736
8670.0 1225.9234411027578
8680.0 1249.866618780307
8690.0 1242.2054836302314
8700.0 1249.2411573453887
8710.0 1257.94538962367
8720.0 1267.561647499475
8730.0 1275.6245081671564
8740.0 1285.8781132236634
8750.0 1297.1589955489953
8760.0 1306.3497527045508
8770.0 1335.0272682748173
8780.0 1327.8175003335655
8790.0 1337.2726614237886
8800.0 1346.7350755247237
8810.0 1355.215400125814
8820.0 1371.4313578965202
8830.0 1384.6155334397497
8840.0 1398.5001374641058
8850.0 1424.7680590433627
8860.0 1441.8615364307402
8870.0 1439.7198368134289
8880.0 1450.5149279067768
8890.0 1461.3798072481209
8900.0 1502.6380531398881
8910.0 1458.8751774987777
8920.0 1415.4189105339426
8930.0 1374.0792403272217
8940.0 1227.5936532521603
8950.0 1236.0213329056694
8960.0 1442.0602057650417
8970.0 1496.7293843453183
8980.0 1578.9536122969869
8990.0 1546.8614314033352
9000.0 1626.9361466803985
9010.0 1651.9456794730872
9020.0 1690.5532560184988
9030.0 1787.9355644583516
9040.0 1773.7117309602909
9050.0 1804.8170837402968
9060.0 1827.81942128626
9070.0 1831.1251717601717
9080.0 2414.464188891872
9090.0 1860.8561027079886
9100.0 1919.21131272478
9110.0 1909.2480332170667
9120.0 1991.4827572503107
9130.0 1919.8174251160376
9140.0 2004.8432381906443
9150.0 2018.1937803752858
9160.0 2025.741215237249
9170.0 2034.501280046013
9180.0 2120.167038474894
9190.0 2166.769585596462
9200.0 2243.805049581762
9210.0 2280.143640733112
9220.0 2377.8461231654514
9230.0 2359.5872095968416
9240.0 2271.24079710163
9250.0 2289.7613257982994
9260.0 2140.147955870907
9270.0 1714.821534096875
9280.0 1184.756934666243
9290.0 1254.2289459137355
9300.0 1327.7111109613816
9310.0 1526.83976452135
9320.0 1252.9869383766709
9330.0 1518.3482705724264
9340.0 1365.989135539543
9350.0 1625.0156310056796
9360.0 1871.9894286256222
9370.0 1887.6171684449023
9380.0 1963.6719137417365
9390.0 2288.01961418702
9400.0 2481.4165435094424
9410.0 2480.668497444355
9420.0 2470.124741050079
9430.0 2212.8332541683276
9440.0 1913.3476957970624
9450.0 2564.591287716911
9460.0 2002.6009399676473
9470.0 2180.4821709737344
9480.0 2144.0718944003343
9490.0 2249.4241880535446
9500.0 1987.5617266508461
9510.0 2644.760833285361
9520.0 2072.500523526811
9530.0 2808.281705057438
9540.0 3113.487842829874
9550.0 2854.926096416617
9560.0 2184.6233369825777
9570.0 2207.365368228091
9580.0 2735.039248162805
9590.0 2003.8468319585638
9600.0 2581.805153817224
9610.0 2249.391301894107
9620.0 2293.4636206021505
9630.0 3130.7176788686847
9640.0 2077.9388658550415
9650.0 2898.1879337224645
9660.0 3105.7235609440454
9670.0 2821.146258905253
9680.0 3363.097945290225
9690.0 2684.3712571985393
9700.0 3670.4022144491
9710.0 3476.188047839748
9720.0 2978.3223428832534
9730.0 3687.771672069846
9740.0 3714.7647912687135
9750.0 3236.333265171923
9760.0 3629.0657635292337
9770.0 4346.216113187824
9780.0 3587.434745330173
9790.0 4056.6920598104107
9800.0 4390.829475856115
9810.0 4326.200369127944
9820.0 4362.934280308463
9830.0 4500.754255292175
9840.0 4484.228049716467
9850.0 4608.657874935893
9860.0 5277.125662758606
9870.0 4929.399739110999
9880.0 5161.6317002698415
9890.0 5498.668535761417
9900.0 5199.992054971617
9910.0 4920.495743581946
9920.0 5104.254375255045
9930.0 5027.403376941162
9940.0 5488.055518743291
9950.0 5609.375478397129
9960.0 5397.590623636138
9970.0 4727.76995791547
9980.0 4686.186965654313
9990.0 4449.617717919039
10010.0 4736.965619115124
10020.0 4656.889993353439
10030.0 4801.005388750276
10040.0 5103.676960260391
10050.0 5183.151732845244
10060.0 5114.650576358881
10070.0 5251.97980843952
10080.0 5318.862409824615
10090.0 5415.729544292382
10100.0 5822.465881885005
10110.0 5669.785363089862
10120.0 5766.163982780294
10130.0 6203.336981577482
10140.0 5893.811147308879
10150.0 6237.202511653971
10160.0 6336.994935875466
10170.0 6206.929463461807
10180.0 6319.04014888557
10190.0 6554.849008592537
10200.0 6485.195262283944
10210.0 6735.040930338111
10220.0 6642.963145903808
10230.0 6681.469115332611
10240.0 7010.671654301012
10250.0 7062.75050624339
10260.0 6865.0242497624695
10270.0 6981.497699090071
10280.0 7301.2125711418585
10290.0 7246.75018153596
10300.0 7315.03884003993
10310.0 7478.8749640512515
10320.0 7412.762635828618
10330.0 7584.841533906178
10340.0 7790.444668730612
10350.0 7598.652913580756
10360.0 7796.378854279508
10370.0 8097.9189643665895
10380.0 7740.794416446415
10390.0 7890.751176554479
10400.0 8099.614817826112
10410.0 8133.192872247268
10420.0 7998.531967931803
10430.0 8059.804528370578
10440.0 8340.669463002272
10450.0 8296.37108151272
10460.0 8454.998727467508
10470.0 8255.094958262453
10480.0 8295.527749176408
10490.0 8465.977756638456
10500.0 8560.500218661413
10510.0 8581.166301256471
10520.0 8636.70241873494
10530.0 8452.179968294444
10540.0 8590.225780337305
10550.0 8706.836187483288
10560.0 8778.757179057722
10570.0 8562.85544094373
10580.0 8576.002999214154
10590.0 8711.491267368487
10600.0 8742.483656994038
10610.0 8712.127621704854
10620.0 8719.342422271657
10630.0 8720.64115215997
10640.0 8902.265727778871
10650.0 8654.246779285328
10660.0 8794.828245099447
10670.0 8784.886861352361
10680.0 8855.857500420207
10690.0 8739.61407522659
10700.0 8752.377750733498
10710.0 8752.018611186206
10720.0 8775.556121649863
10730.0 8965.460322260764
10740.0 8655.575702188067
10750.0 8764.903739318344
10760.0 8933.087422770852
10770.0 8686.447328605973
10780.0 8768.32987751628
10790.0 8846.243875821598
10800.0 8761.431861741286
10810.0 8805.365606818885
10820.0 10665.944716717002
10830.0 8820.069089071225
10840.0 8852.289545036645
10850.0 8765.802257470532
10860.0 8051.245835324327
10870.0 8266.088421586126
10880.0 8162.697987380077
10890.0 7596.180565806261
10900.0 7023.559463402258
10910.0 7005.28772178063
10920.0 6619.480368833038
10930.0 5700.913647918326
10940.0 5276.45386193918
10950.0 4993.042585447055
10960.0 4652.946465920819
10970.0 4417.578076695615
10980.0 4930.8636082759585
10990.0 4032.161665165596
11000.0 3686.2860609140944
11010.0 3202.0580191642985
11020.0 2931.7156749531023
11030.0 3040.235906868522
11040.0 2786.7366530713402
11050.0 2265.86450954581
11060.0 2237.6709507953874
11070.0 2724.4436384429673
11080.0 2135.1539994305676
11090.0 1977.6522277887366
11100.0 1442.5793247524625
11110.0 1245.977204647941
11120.0 1385.9792405394141
11130.0 1209.122296049078
11140.0 1459.5411533493061
11150.0 1210.3477872398917
11160.0 1280.9349307512957
11170.0 1034.0765416991849
11180.0 1729.0293746775656
11190.0 1020.5049495418639
11200.0 1196.7254797179962
11210.0 1356.9171361069953
11220.0 802.6273059759695
11230.0 887.1299632762292
11240.0 1224.6217350317825
11250.0 1021.2243378660063
11260.0 1159.665942938042
11270.0 1306.5208964658418
11280.0 1029.8329153737268
11290.0 1156.8283577253737
11300.0 1236.8825739477093
11310.0 1072.0818952910404
11320.0 1402.5030308169603
11330.0 768.786593888184
11340.0 628.1041445490483
11350.0 612.656553416334
11360.0 832.2467174078981
11370.0 1051.832070513006
11380.0 1605.5093287993823
11390.0 1723.110009715473
11400.0 1859.8054601649892
11410.0 1422.800710718684
11420.0 1656.9564349130453
11430.0 1227.048883730868
11440.0 1042.2229471982994
11450.0 1311.0076846034513
11460.0 1221.9268107194707
11470.0 1142.321662465677
11480.0 1339.2681100541265
11490.0 1134.6264982679177
11500.0 962.4639870770923
11510.0 878.3893779084427
11520.0 671.0891802809838
11530.0 679.8383223865015
11540.0 678.6038264646666
11550.0 636.7876053874799
11560.0 642.4613573606348
11570.0 680.0923290115255
11580.0 1049.9964204110574
11590.0 830.17757756524
11600.0 702.2806707159136
11610.0 743.1938437054566
11620.0 557.4025935139164
11630.0 651.9071952561792
11640.0 634.8370135502919
11650.0 649.3234756046343
11660.0 768.9292682951159
11670.0 735.2221249736027
11680.0 779.0898216480628
11690.0 826.0941986382373
11700.0 773.0428793122369
11710.0 1019.4855163505622
11720.0 1077.1710948796685
11730.0 980.4703103546591
11740.0 1270.2822317601053
11750.0 1065.7330598637088
11760.0 1274.2769648875974
11770.0 1149.6924833517671
11780.0 1220.263236837616
11790.0 1681.8152517328376
11800.0 1646.959113411149
11810.0 1687.8423440691572
11820.0 1815.266493706499
11830.0 2008.3451502690402
11840.0 2504.1591710003827
11850.0 2151.3445704871783
11860.0 2316.690846065084
11870.0 1910.9829547273198
11880.0 2089.4530204604184
11890.0 2270.713529337342
11900.0 3104.1058650826244
11910.0 2795.2003081240814
11920.0 3220.26173302916
11930.0 3694.2155806185046
11940.0 3818.09351974948
11950.0 3846.3269962465956
11960.0 4368.701069544107
11970.0 4376.414648419041
11980.0 4196.009427287533
11990.0 4581.291627540671
12000.0 4928.660671937433
12010.0 5101.015952132889
12020.0 5044.583743555543
12030.0 4452.808005744017
12040.0 5765.325777610678
12050.0 5959.934738909329
12060.0 6688.042434513163
12070.0 5751.598588965871
12080.0 6070.419379464779
12090.0 6354.702956781559
12100.0 7201.123454096897
12110.0 6382.9994720703535
12120.0 6885.421835979279
12130.0 6594.416110018947
12140.0 7377.006487540674
12150.0 7602.906837479093
12160.0 7658.530118963382
12170.0 7390.2451203767105
12180.0 7807.695191627734
12190.0 7982.115537769389
12200.0 7946.820239150507
12210.0 8005.625573884169
12220.0 7893.4945090270285
12230.0 8212.749385474108
12240.0 8429.70041095387
12250.0 7895.357912517906
12260.0 8918.46239239454
12270.0 8368.543485927203
12280.0 8956.995188821385
12290.0 8493.977140246534
12300.0 8809.908056798628
12310.0 8869.948143850865
12320.0 8900.040873192225
12330.0 9043.59731438244
12340.0 8820.161799724825
12350.0 9268.234637290387
12360.0 9180.527130378494
12370.0 9300.51170484596
12380.0 9711.713600373649
12390.0 9622.055651661449
12400.0 9312.956576455677
12410.0 9012.542117665746
12420.0 8925.607954412322
12430.0 8228.40657434269
12440.0 8588.645913039703
12450.0 9545.072811418075
12460.0 9738.12179148829
12470.0 10051.860341890299
12480.0 9597.00450547655
12490.0 10008.484646382543
12500.0 9716.216118995155
12510.0 8625.887274239652
12520.0 7862.388938994973
12530.0 8334.269031154494
12540.0 9102.852291620182
12550.0 10263.10127095276
12560.0 10697.126900456691
12570.0 11069.057179780042
12580.0 10632.278895349946
12590.0 11084.85567049294
12600.0 10944.657923612314
12610.0 11552.503057312155
12620.0 10935.142400786284
12630.0 11379.801615008633
12640.0 10956.48738792209
12650.0 11476.279326882706
12660.0 10876.68029040507
12670.0 11302.508906540663
12680.0 11325.012299838507
12690.0 11166.237433497234
12700.0 11295.172018679992
12710.0 11228.592063229287
12720.0 11129.214098609931
12730.0 10380.78404562949
12740.0 10455.697970455194
12750.0 11486.443466270812
12760.0 11184.15944463826
12770.0 11046.62616601435
12780.0 11101.550360651925
12790.0 10422.291320845186
12800.0 9615.758743807064
12810.0 11204.852317357758
12820.0 11884.098316901582
12830.0 8991.450540923504
12840.0 10697.14516297675
12850.0 10433.917858218796
12860.0 8545.686346729437
12870.0 10510.356820053757
12880.0 8527.295672747125
12890.0 9413.141795113277
12900.0 9918.497970908275
12910.0 9766.797753631823
12920.0 7420.398528976188
12930.0 10247.579843038793
12940.0 9367.367859545335
12950.0 8603.851007904104
12960.0 8662.758004089237
12970.0 8416.825104227042
12980.0 11205.90395153873
12990.0 8030.802332285828
13000.0 8618.56860564465
13010.0 7709.345390577049
13020.0 8583.906198277615
13030.0 8745.427627868405
13040.0 7944.76006496026
13050.0 9701.878169959653
13060.0 7618.727366762786
13070.0 6356.944017165266
13080.0 7544.316083074055
13090.0 6838.696198299275
13100.0 6377.421153025544
13110.0 6572.017970211415
13120.0 4767.818818957982
13130.0 6065.027066346922
13140.0 4397.776192892429
13150.0 5911.101980740781
13160.0 6059.5100210750525
13170.0 6981.810455170646
13180.0 3592.099231808044
13190.0 6358.299166839029
13200.0 6119.505860021893
13210.0 7024.666883692045
13220.0 6397.069591811745
13230.0 4459.0832118058
13240.0 3581.963560144088
13250.0 3006.6925213678714
13260.0 4616.309958254481
13270.0 4017.1134105291953
13280.0 3325.413754950385
13290.0 1634.3582203789208
13300.0 815.3971023751586
13310.0 438.5297447695703
13320.0 577.1665424055273
13330.0 1100.788771642803
13340.0 811.8675590191801
13350.0 681.4038382135309
13360.0 540.9247806685858
13370.0 429.77235621265953
13380.0 425.31599655656464
13390.0 476.83499269260193
13400.0 414.99507593822057
13410.0 437.40453281269953
13420.0 400.98427291557675
13430.0 397.0587281662296
13440.0 377.145548464455
13450.0 406.0669571596442
13460.0 373.96925373824484
13470.0 380.45877704686495
13480.0 361.667501473019
13490.0 410.9729359215652
13500.0 355.860969338417
13510.0 372.91282859380823
13520.0 365.2337610856802
13530.0 372.10972577875907
13540.0 352.8055972626726
13550.0 359.3675844598438
13560.0 367.1090412142061
13570.0 347.7838915344188
13580.0 363.4373358954665
13590.0 354.00540631892875
13600.0 366.8340186534266
13610.0 350.7238259504615
13620.0 346.1514871462831
13630.0 390.8489925968088
13640.0 352.0957796086352
13650.0 364.03407745768675
13660.0 378.5937305937816
13670.0 370.5049832588023
13680.0 356.77084417144863
13690.0 379.56887791220953
13700.0 360.1656671829584
13710.0 348.26353799901557
13720.0 358.883990848694
13730.0 363.7394549925173
13740.0 364.0786536398579
13750.0 417.4732784985921
13760.0 382.34901120410973
13770.0 383.2350941256519
13780.0 370.4305865063659
13790.0 415.044270882895
13800.0 350.43572552075113
13810.0 379.70873629884636
13820.0 333.9293490285153
13830.0 347.2308402087837
13840.0 369.4385198735988
13850.0 341.2864695484706
13860.0 346.4609301837947
13870.0 368.4463804219509
13880.0 343.430460100075
13890.0 370.91062897846473
13900.0 347.9419634399178
13910.0 344.7378857003031
13920.0 333.2273475811037
13930.0 375.7511804484574
13940.0 359.753521679363
13950.0 331.29985841674096
13960.0 353.60139642210476
13970.0 353.6347523477008
13980.0 344.60261718239207
13990.0 360.69825739601174
14000.0 328.4394792532908
14010.0 331.6879671122085
14020.0 373.0805659382888
14030.0 352.3064445497336
14040.0 336.5162243292322
14050.0 337.0761150783795
14060.0 390.21774691395706
14070.0 329.06167431848513
14080.0 346.31540343512836
14090.0 319.6723469922162
14100.0 350.1718170320275
14110.0 355.5048204047132
14120.0 338.28898139225186
14130.0 363.59424782092174
14140.0 321.4694888372287
14150.0 347.06845734209475
14160.0 403.5930209254564
14170.0 332.7183205545617
14180.0 343.20130869852005
14190.0 323.14335993391006
14200.0 332.1300023393343
14210.0 388.1090233571476
14220.0 350.4097144398308
14230.0 326.6494841540772
14240.0 365.15927480303327
14250.0 341.2341548394348
14260.0 359.13661475694374
14270.0 363.319633297409
14280.0 327.64968900429557
14290.0 358.29849009073456
14300.0 593.0260753729642
14310.0 356.73770261027164
14320.0 338.43470777419424
14330.0 380.5631609624347
14340.0 343.2770039615775
14350.0 410.87925377319806
14360.0 423.08501980104074
14370.0 398.8809875250192
14380.0 422.02036543736097
14390.0 326.64146923686076
14400.0 420.44242261861456
14410.0 368.4022230153771
14420.0 377.8930868250126
14430.0 640.9939634959779
14440.0 365.479130516075
14450.0 310.8666294759171
14460.0 446.56435809902507
14470.0 401.1809359541722
14480.0 494.89416083394826
14490.0 660.099375953062
14500.0 334.70668973217323
14510.0 545.8692467510623
14520.0 709.176411120706
14530.0 596.7903356348256
14540.0 499.03463160758304
14550.0 535.6036499340346
14560.0 395.29958152248764
14570.0 440.930604724854
14580.0 994.2271027846298
14590.0 988.6230678638331
14600.0 675.879762112241
14610.0 501.06756626577726
14620.0 431.9364898589498
14630.0 454.36361665916615
14640.0 903.7827092045301
14650.0 771.7398362592312
14660.0 715.8480956634215
14670.0 649.3771046859034
14680.0 473.76901833382306
14690.0 476.42192477035195
14700.0 549.1662759329125
14710.0 546.1791088335436
14720.0 732.5898751534942
14730.0 804.2376657812149
14740.0 616.3205827350782
14750.0 624.6107920406342
14760.0 563.2158239219482
14770.0 765.0427059345332
14780.0 1051.5343038263788
14790.0 600.175710041778
14800.0 526.2328534384148
14810.0 773.3000846018756
14820.0 682.2842910999807
14830.0 804.2525132111912
14840.0 976.2798985361248
14850.0 658.485126334246
14860.0 786.0463779941822
14870.0 741.9034112218119
14880.0 778.1501685682668
14890.0 647.4782226892141
14900.0 898.1551445663766
14910.0 973.0614065319503
14920.0 863.5911331489074
14930.0 1128.0970555195627
14940.0 888.9517287878958
14950.0 932.9215883033825
14960.0 707.5703490663248
14970.0 1064.111834087391
14980.0 971.2015246401616
14990.0 1186.4652775345814
15000.0 1353.9855145218792
15010.0 953.7485017972065
15020.0 1194.5740345640233
15030.0 946.8174874571416
15040.0 1330.9896887683908
15050.0 1463.4534944920526
15060.0 1367.3812483428094
15070.0 1012.3246328338214
15080.0 1194.2256456305631
15090.0 1733.2566584587491
15100.0 1239.3092904298655
15110.0 1269.9929663423948
15120.0 1265.020570758129
15130.0 1165.9414171134667
15140.0 1879.3834612481478
15150.0 1972.0567094526248
15160.0 1542.1679017679555
15170.0 1347.009576648717
15180.0 1406.0482548286175
15190.0 1930.824790536208
15200.0 1932.0812138646338
15210.0 1747.5673557032292
15220.0 1796.5196284087356
15230.0 2979.2811897034767
15240.0 1729.086498126462
15250.0 2198.32325782164
15260.0 2033.9619887892145
15270.0 1991.5018930358094
15280.0 2240.4942751517506
15290.0 2961.025484442919
15300.0 2302.106878168465
15310.0 2311.85660299837
15320.0 1904.0485777964725
15330.0 3097.213448738245
15340.0 3406.186730622213
15350.0 2769.9279987707387
15360.0 2641.817191484969
15370.0 2563.4096100592087
15380.0 3098.2523418543196
15390.0 3159.047178409502
15400.0 3299.918361279299
15410.0 3487.121248257648
15420.0 2896.0998859705696
15430.0 2956.1521532137517
15440.0 2857.137050456835
15450.0 4073.4435368576674
15460.0 4145.952149479589
15470.0 3614.8531584172756
15480.0 4077.230764959676
15490.0 3881.6356295210585
15500.0 3538.145415828324
15510.0 3746.2226097779853
15520.0 4061.9959650737997
15530.0 4380.1537556190415
15540.0 4597.888389866464
15550.0 4242.865582708276
15560.0 4179.608606896602
15570.0 3633.0803559331985
15580.0 4277.930883172386
15590.0 4911.484966330807
15600.0 4496.81776598855
15610.0 4554.335932039207
15620.0 4756.049994394773
15630.0 4640.094140629111
15640.0 4228.09625389824
15650.0 4240.435442017153
15660.0 4766.1023292082355
15670.0 5394.191654339489
15680.0 4930.845036347464
15690.0 4508.560823042132
15700.0 5064.128309216709
15710.0 4545.678728612667
15720.0 4376.190242938878
15730.0 4692.305385991247
15740.0 5114.445879337519
15750.0 4454.833170840411
15760.0 4607.2266877570855
15770.0 4834.884131393197
15780.0 4398.12285630739
15790.0 4388.17909101673
15800.0 4428.092345299006
15810.0 4463.300014238171
15820.0 4542.458703899684
15830.0 4015.987458871244
15840.0 4349.729270400624
15850.0 4552.604210596605
15860.0 4182.651991739705
15870.0 3924.3741722831624
15880.0 4411.098671092214
15890.0 4289.64319399319
15900.0 4231.261992144183
15910.0 3769.32538122108
15920.0 3883.0778482370133
15930.0 3855.537445140092
15940.0 3761.903449822738
15950.0 3977.0496148849666
15960.0 3654.898463084926
15970.0 3435.168609895539
15980.0 4209.342082341644
15990.0 3572.963831357554
16000.0 3571.010919369253
16010.0 3591.961606703622
16020.0 3348.877657669219
16030.0 2935.789188525011
16040.0 3605.9607226049416
16050.0 3299.2387441718893
16060.0 2632.8931505664686
16070.0 3270.4670846921604
16080.0 2665.922042853897
16090.0 2850.7801451348078
16100.0 2685.451309746898
16110.0 2767.048723028547
16120.0 2571.7338005934034
16130.0 2611.1960214260607
16140.0 2758.533271820021
16150.0 2121.4203849933456
16160.0 2359.067544887592
16170.0 1865.6936306907332
16180.0 1761.5112645143483
16190.0 1767.2334327022218
16200.0 2020.995339155527
16210.0 1979.0443336165545
16220.0 2720.9452262618406
16230.0 2882.7341634170325
16240.0 2928.7977706283214
16250.0 3041.3143478945717
16260.0 2542.5807783057203
16270.0 2832.8409398284434
16280.0 2553.707313601964
16290.0 2857.284846373204
16300.0 2129.2612104231966
16310.0 2389.7464651999207
16320.0 2185.7777180048083
16330.0 1899.837071758403
16340.0 2281.3889477619164
16350.0 1706.7028069116484
16360.0 2007.8970133516364
16370.0 1878.645279482957
16380.0 1907.4039984227084
16390.0 2293.734466423312
16400.0 1739.764713574385
16410.0 2055.065594521653
16420.0 1587.0410934518636
16430.0 1908.6011810155255
16440.0 2206.1963211146567
16450.0 1388.6688630500596
16460.0 1834.8433397535655
16470.0 1879.4942666677925
16480.0 1640.1631665445525
16490.0 1887.3353894048382
16500.0 1927.744321589715
16510.0 2358.6915102542325
16520.0 2139.94387434132
16530.0 2152.6511538512136
16540.0 2266.181046417354
16550.0 1823.7816874476325
16560.0 1311.916942917307
16570.0 1602.1697664523676
16580.0 1231.6881061008876
16590.0 1637.2689608078927
16600.0 1842.2284116291057
16610.0 1897.1087913687256
16620.0 1681.4661177393132
16630.0 1716.780283037428
16640.0 2005.1847534199837
16650.0 1025.9543798196837
16660.0 746.8573901304366
16670.0 868.4089419460726
16680.0 732.6291659739202
16690.0 1071.277888555452
16700.0 944.682104649295
16710.0 755.9787934427169
16720.0 1011.0337886382441
16730.0 1142.855203442629
16740.0 1271.9916552973327
16750.0 1695.5572137959603
16760.0 1668.345978449396
16770.0 1568.0176801532275
16780.0 1715.407028501044
16790.0 1857.4264712484241
16800.0 1588.1029765905962
16810.0 1519.0704565763103
16820.0 1591.4358167030273
16830.0 1153.9356895706246
16840.0 866.2056037890719
16850.0 1074.1163152374338
16860.0 994.1706893785831
16870.0 672.431642806415
16880.0 883.4979450613343
16890.0 744.6225863705517
16900.0 686.2421507357443
16910.0 908.3334941842757
16920.0 824.8752635060196
16930.0 989.8127386996596
16940.0 700.0206610676172
16950.0 786.632645852902
16960.0 643.1278454615631
16970.0 636.7136232955372
16980.0 818.2547079448829
16990.0 923.336584076454
17000.0 774.8493158777892
17010.0 960.4595883072693
17020.0 1050.0427772598014
17030.0 838.7243172884008
17040.0 766.9572864827987
17050.0 1004.3894945145622
17060.0 1155.7270518801183
17070.0 828.4940586929695
17080.0 931.2521645093391
17090.0 1180.8406740440453
17100.0 974.7506131509779
17110.0 777.3905581715701
17120.0 1047.72222500054
17130.0 1109.2741722209107
17140.0 974.2886211563614
17150.0 1146.660069223823
17160.0 1373.1934240990877
17170.0 1210.0529442381853
17180.0 1167.6040711859896
17190.0 1182.0406964868916
17200.0 890.7817666451141
17210.0 933.5357745064434
17220.0 978.4139126693942
17230.0 889.7302918481888
17240.0 683.9977294178776
17250.0 921.470686683124
17260.0 747.3290475460685
17270.0 868.0059939581568
17280.0 847.1904872608704
17290.0 1071.3720876984871
17300.0 1165.5656678902085
17310.0 902.3790400905
17320.0 869.8005846450657
17330.0 1039.5290050341996
17340.0 1164.8785896719576
17350.0 853.410325752768
17360.0 798.0105833186084
17370.0 871.9073903353614
17380.0 910.8011244871228
17390.0 940.2021422495179
17400.0 692.4202834994944
17410.0 697.5627362054578
17420.0 807.159272550717
17430.0 863.8113366808487
17440.0 693.1861779464537
17450.0 766.3770002494028
17460.0 633.9630166797316
17470.0 657.7021832937589
17480.0 733.6559230572941
17490.0 754.6806560069748
17500.0 606.3749162530212
17510.0 647.6468154643275
17520.0 876.8916242088216
17530.0 712.9725486260922
17540.0 516.1276927156268
17550.0 595.4542485265733
17560.0 583.8024736655175
17570.0 573.0324254905372
17580.0 546.5226213996999
17590.0 926.2265037293491
17600.0 667.4799898779787
17610.0 743.295473698491
17620.0 421.721154834516
17630.0 662.2367800336397
17640.0 542.1937674578217
17650.0 748.0369617028341
17660.0 613.0952394475664
17670.0 421.0911096071914
17680.0 375.86011263680757
17690.0 483.4520198799927
17700.0 556.1251547320021
17710.0 448.9502179002093
17720.0 397.6712120334107
17730.0 482.21686912536376
17740.0 463.4473114504024
17750.0 348.0904096812373
17760.0 333.64174825111934
17770.0 451.4960309726688
17780.0 450.90040400411357
17790.0 359.4662303930506
17800.0 553.2651752391025
17810.0 269.03211613074
17820.0 514.4879109813993
17830.0 430.42485994558194
17840.0 274.6187287251657
17850.0 312.4531651390489
17860.0 351.84709530452693
17870.0 299.7923100810242
17880.0 392.43366132698736
17890.0 582.9422288820251
17900.0 369.5394548386099
17910.0 260.7708902819802
17920.0 281.5337744775031
17930.0 368.2615866047386
17940.0 379.83770613365664
17950.0 313.2388405778016
17960.0 249.60048686185434
17970.0 338.45877799249786
17980.0 615.7690216600272
17990.0 341.20993749954926
18000.0 248.96372999571815
18010.0 279.0056315127176
18020.0 247.23970398244313
18030.0 299.94855520497856
18040.0 332.4857698524057
18050.0 286.95723133132765
18060.0 252.30306469407054
18070.0 279.7099325680914
18080.0 299.4722654494558
18090.0 402.58515287552757
18100.0 309.28137010630485
18110.0 285.54437101911526
18120.0 209.4639359059612
18130.0 426.33728799282375
18140.0 476.3455999870372
18150.0 238.79939554593443
18160.0 269.30054273592384
18170.0 338.0495749180217
18180.0 254.3156111740904
18190.0 357.6587061395058
18200.0 202.39125548309073
18210.0 241.20034692701688
18220.0 208.79744553592775
18230.0 575.5432879579446
18240.0 540.2221597603635
18250.0 340.83829579057203
18260.0 205.0102726459629
18270.0 313.3069757634321
18280.0 256.12574439659386
18290.0 360.9658140194654
18300.0 247.95455486322084
18310.0 253.02253237678764
18320.0 255.84877349307945
18330.0 369.3846001853789
18340.0 278.90309158448235
18350.0 256.6558057516168
18360.0 236.53752073661917
18370.0 215.8744313331554
18380.0 303.7790400284298
18390.0 252.17707909917195
18400.0 268.32284899577655
18410.0 285.610956619825
18420.0 232.92352197219907
18430.0 326.00786668360666
18440.0 336.7713551601641
18450.0 399.0731908947213
18460.0 258.03474332919546
18470.0 230.86848889870606
18480.0 216.50341163420143
18490.0 289.20330749249547
18500.0 258.06678128708165
18510.0 422.9197200076793
18520.0 333.588537430908
18530.0 223.74575827164915
18540.0 218.2311848114116
18550.0 356.93823081058395
18560.0 240.90915608946835
18570.0 229.18048699559915
18580.0 317.101713321238
18590.0 228.12818612778057
18600.0 184.68296316481707
18610.0 261.12926547458966
18620.0 289.58207058648674
18630.0 271.3568343835909
18640.0 182.15833462810215
18650.0 242.9868712615219
18660.0 300.9494538024031
18670.0 186.36738001016448
18680.0 209.39961613734886
18690.0 260.6529421754566
18700.0 199.73923505557053
18710.0 202.36859709190168
18720.0 281.36852551915877
18730.0 183.76462035250128
18740.0 631.1939248967706
18750.0 282.22687225542086
18760.0 265.0076651163198
18770.0 298.62181979923184
18780.0 324.96179262955195
18790.0 438.049178037103
18800.0 355.4948162221175
18810.0 262.3464772792157
18820.0 506.09590073085724
18830.0 476.7919566929809
18840.0 258.38300948579393
18850.0 272.22729446020253
18860.0 385.975176588022
18870.0 451.5455727999895
18880.0 322.02296564343976
18890.0 402.63462144551295
18900.0 287.2544466618607
18910.0 362.1020215827157
18920.0 277.40339847802795
18930.0 431.1537377244235
18940.0 417.44272631061733
18950.0 702.0289485104248
18960.0 484.16085194033127
18970.0 383.8008770368456
18980.0 339.71630019453175
18990.0 273.65138305857386
19000.0 298.21889497562984
19010.0 394.70668667800913
19020.0 406.0399267184379
19030.0 283.46036671024024
19040.0 411.50782938500583
19050.0 217.38774376448282
19060.0 228.0283573266393
19070.0 456.6356838587283
19080.0 479.42513470866766
19090.0 435.7242572290596
19100.0 364.87555698953275
19110.0 219.77961070009053
19120.0 374.9888151279986
19130.0 220.1243515302395
19140.0 280.49697011820666
19150.0 442.73587295727134
19160.0 230.3995600940383
19170.0 430.37990250282485
19180.0 545.4888855618049
19190.0 283.3392645538978
19200.0 196.08321565112647
19210.0 274.92011786831176
19220.0 425.25104408340104
19230.0 318.8213651396113
19240.0 215.785619710126
19250.0 408.33103467791955
19260.0 268.8507318476196
19270.0 280.8479334424734
19280.0 247.39401012355216
19290.0 366.72552049832854
19300.0 252.8924838927907
19310.0 222.95864632364407
19320.0 295.30516832189164
19330.0 291.8455546603977
19340.0 293.7238379655089
19350.0 277.79301270022347
19360.0 232.34269062984492
19370.0 324.9038647841404
19380.0 274.36365485375217
19390.0 186.09217098642938
19400.0 223.0257469395952
19410.0 229.70141514974222
19420.0 370.00767451381375
19430.0 327.79464636275804
19440.0 249.93665675907323
19450.0 261.6839014057411
19460.0 398.0279075237202
19470.0 247.96649008059828
19480.0 238.21662489007053
19490.0 256.91828353232745
19500.0 349.5634550923679
19510.0 371.4048532207788
19520.0 362.22614093538493
19530.0 268.270445273184
19540.0 270.76143664631695
19550.0 207.50733024459325
19560.0 271.11656329964967
19570.0 375.9927495167885
19580.0 284.30610937599437
19590.0 310.2744320914496
19600.0 319.30964108142103
19610.0 314.2723824411271
19620.0 282.65362585588076
19630.0 266.9593754913129
19640.0 353.08489577379646
19650.0 360.1065582836036
19660.0 404.08412452330964
19670.0 311.3510513899766
19680.0 362.39049900202355
19690.0 431.0634752024745
19700.0 319.74012932879623
19710.0 255.99115567359428
19720.0 453.8474719958285
19730.0 310.31321531900846
19740.0 310.23330966849323
19750.0 282.51958091295006
19760.0 416.86229133203966
19770.0 412.7949258933072
19780.0 436.5451944580973
19790.0 395.39352589864836
19800.0 322.4679752790689
19810.0 353.97598887262234
19820.0 338.8008203410394
19830.0 440.6628585140084
19840.0 446.0632562458434
19850.0 455.99508047924854
19860.0 548.8713226043235
19870.0 476.8020950927876
19880.0 387.6381749047465
19890.0 293.94166841948714
19900.0 311.64641690551343
19910.0 399.24271783100323
19920.0 480.56456552981683
19930.0 456.51523703131323
19940.0 478.8221517255708
19950.0 486.6735588567
19960.0 585.6413936686614
19970.0 367.6621879416761
19980.0 452.4936502449752
19990.0 487.0532904975173
20010.0 507.59926189375136
20020.0 482.20110164713026
20030.0 613.6310012277058
20040.0 578.5993969118638
20050.0 507.2550926184324
20060.0 447.93539455866335
20070.0 541.8325296518623
20080.0 515.0151799133208
20090.0 358.60167686413047
20100.0 509.88986416796416
20110.0 680.8859100309597
20120.0 624.3254424659024
20130.0 515.6170662736246
20140.0 657.2944716404188
20150.0 623.961761428172
20160.0 441.59946779986467
20170.0 441.8922259744429
20180.0 637.6152260499975
20190.0 492.32009790455044
20200.0 494.5841593212127
20210.0 643.3949913378921
20220.0 682.8650428437124
20230.0 730.3286407055225
20240.0 726.7193369477051
20250.0 482.62986103389744
20260.0 610.7082451109058
20270.0 688.5292406169114
20280.0 615.9497047474965
20290.0 525.187340234382
20300.0 507.120065237458
20310.0 769.6859118061041
20320.0 751.3185833615487
20330.0 584.4050415907966
20340.0 716.0396166158042
20350.0 659.2870152003461
20360.0 792.3442514987086
20370.0 684.4522483649389
20380.0 760.8343524090324
20390.0 654.7580967608485
20400.0 614.2738241521122
20410.0 617.5140229872159
20420.0 736.1433285841881
20430.0 759.851419470435
20440.0 768.2051785750749
20450.0 672.3527624510498
20460.0 814.8824131229285
20470.0 846.5879638342118
20480.0 796.7427017801361
20490.0 688.5011256033024
20500.0 792.067846287211
20510.0 769.6384272971164
20520.0 673.7490385486587
20530.0 746.6411087601291
20540.0 734.0632830202351
20550.0 790.154407774905
20560.0 798.1308627971515
20570.0 807.7710301117364
20580.0 821.9688566046034
20590.0 836.117570331884
20600.0 784.1306303029253
20610.0 831.7307708604977
20620.0 771.2397959655801
20630.0 723.5040650960971
20640.0 812.0520617709478
20650.0 809.8048366482449
20660.0 810.5776997849686
20670.0 809.7299709946492
20680.0 748.8022931872923
20690.0 793.7551394279925
20700.0 794.7061426928224
20710.0 764.2633108410204
20720.0 813.0637993788134
20730.0 799.4038287837016
20740.0 813.0170580172457
20750.0 755.7633763969659
20760.0 743.0053264184976
20770.0 775.1436430004914
20780.0 799.8608716146412
20790.0 802.587553919358
20800.0 790.4028624029055
20810.0 760.1380095358146
20820.0 793.7812604122942
20830.0 790.2902555096814
20840.0 797.866134285121
20850.0 788.1577327354263
20860.0 783.515204827153
20870.0 784.592681122857
20880.0 775.1277669054942
20890.0 798.0847690377959
20900.0 785.2876500641911
20910.0 786.5688919280315
20920.0 773.3096805045844
20930.0 776.3447852727013
20940.0 755.4666948676633
20950.0 786.5733773811572
20960.0 772.2150148781808
20970.0 779.3091080257537
20980.0 774.9846388724969
20990.0 767.4968780932018
21000.0 772.3821795660162
21010.0 753.7582483721458
21020.0 749.9025076014027
21030.0 747.581225690016
21040.0 751.9233409860568
21050.0 761.3023152554928
21060.0 756.0621662650624
21070.0 755.495203876092
21080.0 756.2087121787096
21090.0 747.5284363102577
21100.0 745.7396471662679
21110.0 742.9582817050705
21120.0 732.0614042845
21130.0 752.4478207450957
21140.0 748.8079809653201
21150.0 739.6693115052822
21160.0 745.8727928748277
21170.0 708.3308750492788
21180.0 716.793129996837
21190.0 726.7621236114816
21200.0 735.6481645349229
21210.0 732.4493397762392
21220.0 730.5144439449215
21230.0 712.3251654959374
21240.0 721.5875941529071
21250.0 722.9809344450971
21260.0 735.0049984854448
21270.0 704.5309755424621
21280.0 708.6420913234753
21290.0 702.5816877230682
21300.0 715.076557326423
21310.0 719.0627889711496
21320.0 684.6176182343379
21330.0 714.3310825874516
21340.0 702.3890448924618
21350.0 721.5348205885674
21360.0 689.9085998216829
21370.0 653.9851509496631
21380.0 700.3778721680765
21390.0 699.0715127609699
21400.0 697.3505164848373
21410.0 675.8375015836028
21420.0 624.6513815120607
21430.0 670.878094839686
21440.0 677.1208672007168
21450.0 669.4933562400192
21460.0 653.3969356083894
21470.0 624.6229584677582
21480.0 666.7031583525041
21490.0 656.2391053277036
21500.0 667.6356175148028
21510.0 639.5800604184029
21520.0 628.8801024858556
21530.0 675.3300891071061
21540.0 650.769541395675
21550.0 617.7937359615617
21560.0 653.0674002455203
21570.0 638.0128214259637
21580.0 667.2712096656237
21590.0 644.9975983537806
21600.0 588.3217674333665
21610.0 613.4907573512793
21620.0 622.3607709696089
21630.0 654.08012009361
21640.0 640.990433113161
21650.0 618.3405796377567
21660.0 582.9809739443235
21670.0 607.1835816399091
21680.0 623.3647975199376
21690.0 618.8214936750937
21700.0 615.4288094412545
21710.0 626.4374621436934
21720.0 544.4295677660175
21730.0 608.5926984462963
21740.0 598.345284120003
21750.0 607.5502869252682
21760.0 607.1171717316633
21770.0 586.9206363362555
21780.0 544.6713159195056
21790.0 583.0259465780272
21800.0 563.9498657762416
21810.0 596.0985080326815
21820.0 590.7183835104485
21830.0 514.906425208804
21840.0 545.9259872177906
21850.0 570.117503049126
21860.0 561.5818952883563
21870.0 562.9636417325445
21880.0 533.8430038124939
21890.0 478.44363059536863
21900.0 524.5297645279161
21910.0 500.2757978384666
21920.0 510.7988223619585
21930.0 470.37477867601547
21940.0 470.6573516580405
21950.0 416.95510273143753
21960.0 440.0906258630165
21970.0 429.13053364690956
21980.0 345.2828000258931
21990.0 361.4884568539156
22000.0 339.6546330723138
22010.0 318.634589437441
22020.0 315.72054360783625
22030.0 362.37898257657764
22040.0 332.53004005936924
22050.0 306.60820435683956
22060.0 339.596853339117
22070.0 377.7997395996588
22080.0 338.0882485365251
22090.0 379.6750955404967
22100.0 397.71028248944106
22110.0 405.59884149101083
22120.0 382.10215634208237
22130.0 366.187834595602
22140.0 398.247485322478
22150.0 451.9823844821978
22160.0 407.750886082938
22170.0 434.87026635214124
22180.0 383.48398934691977
22190.0 440.9796339858131
22200.0 387.47348603339606
22210.0 389.9281639854403
22220.0 385.5217171948018
22230.0 402.2444816583349
22240.0 412.3491087208885
22250.0 423.53609241151395
22260.0 377.3850993803946
22270.0 334.4433397903256
22280.0 380.07214218646584
22290.0 407.9361457387516
22300.0 374.2055027161931
22310.0 337.6363878498899
22320.0 356.3257429045948
22330.0 363.4237117044181
22340.0 392.2757797827446
22350.0 385.5081486875354
22360.0 361.40228035868085
22370.0 340.58065569892926
22380.0 355.7409175290785
22390.0 371.9618451257272
22400.0 309.6916650984766
22410.0 313.79476467537495
22420.0 347.5782595225666
22430.0 318.33918128275934
22440.0 372.4312550245601
22450.0 314.85179692990084
22460.0 280.502546060626
22470.0 313.7149890885815
22480.0 329.37171709474774
22490.0 334.4790724046377
22500.0 296.34438430260127
22510.0 329.31925266634033
22520.0 310.6827097241942
22530.0 301.5320641018801
22540.0 352.16439122202763
22550.0 286.73163322899376
22560.0 284.927677300038
22570.0 309.3017908104174
22580.0 354.5161301525049
22590.0 321.4249475130617
22600.0 296.46211426658436
22610.0 279.07871503082487
22620.0 349.7691602771842
22630.0 316.57791624962795
22640.0 264.295974338459
22650.0 341.75009810467645
22660.0 370.90304231630614
22670.0 330.5564198908357
22680.0 255.15592502289158
22690.0 340.3044247218091
22700.0 335.5495569828461
22710.0 328.2892944659486
22720.0 274.4054091385723
22730.0 363.192295781305
22740.0 336.69192730468814
22750.0 275.37926486991216
22760.0 309.01941156277485
22770.0 320.25152003742016
22780.0 318.9859819165131
22790.0 350.266486108556
22800.0 282.5149047881082
22810.0 346.3019702798187
22820.0 274.43890741038445
22830.0 299.3808419663459
22840.0 306.2583799640584
22850.0 286.06516731415076
22860.0 294.94420474027766
22870.0 309.5393536245098
22880.0 313.25895410499277
22890.0 251.83902421500056
22900.0 267.62470706074043
22910.0 288.47305174756696
22920.0 258.54216921754664
22930.0 270.22338258495574
22940.0 284.45085410162625
22950.0 254.6781855966043
22960.0 279.0990534849168
22970.0 317.38434905108255
22980.0 243.04223906724673
22990.0 314.40265386685553
23000.0 268.34789870209045
23010.0 360.1315333880276
23020.0 284.63219267132786
23030.0 294.59248192722356
23040.0 316.0228013407143
23050.0 332.78979340758303
23060.0 347.8088733963439
23070.0 346.39944185130145
23080.0 391.1350227564682
23090.0 339.8151746324148
23100.0 418.4904148281614
23110.0 403.43344332782635
23120.0 393.38389402281024
23130.0 437.21414164069336
23140.0 369.5548495670621
23150.0 352.53815316327194
23160.0 194.49203922219715
23170.0 181.89165269712504
23180.0 216.4980722436839
23190.0 208.02460992583173
23200.0 247.71100659097897
23210.0 246.0302801171013
23220.0 260.0701595607443
23230.0 265.4404433616221
23240.0 253.77627911565975
23250.0 259.57943844730374
23260.0 269.74517190694394
23270.0 276.490526296776
23280.0 237.46403081153565
23290.0 271.14640452491795
23300.0 253.56651081854216
23310.0 249.29613419718657
23320.0 281.3671687414286
23330.0 272.9525017363152
23340.0 223.2609693034363
23350.0 279.96616947609033
23360.0 261.0223477388875
23370.0 299.43362546057523
23380.0 230.24108188500696
23390.0 242.88846325503619
23400.0 259.87494255684425
23410.0 233.354767251615
23420.0 288.1162665837743
23430.0 235.67708567547766
23440.0 251.86309033486157
23450.0 234.06724825950016
23460.0 263.0164383167561
23470.0 251.64543031983342
23480.0 239.45697390524228
23490.0 307.89873374512496
23500.0 216.4619437423758
23510.0 256.45709837068586
23520.0 278.11060372935736
23530.0 277.67830750916323
23540.0 301.1138797499185
23550.0 243.01496930771987
23560.0 297.33894671945285
23570.0 330.63717599003314
23580.0 212.26097556988697
23590.0 329.98347471223735
23600.0 383.9177076442831
23610.0 291.99985664470535
23620.0 357.5530286974802
23630.0 300.8190139978334
23640.0 338.1581215536584
23650.0 383.9102696170951
23660.0 327.2764984160933
23670.0 280.52767255206686
23680.0 334.0040986265208
23690.0 277.538880513564
23700.0 125.7562739304498
23710.0 160.11510667621297
23720.0 196.78224097506074
23730.0 259.91489658191153
23740.0 254.28522828104494
23750.0 277.6850334870362
23760.0 240.5918421439861
23770.0 267.68877830051235
23780.0 268.7417446724322
23790.0 299.2635460966899
23800.0 239.4381176954757
23810.0 292.593511639592
23820.0 274.58024656302376
23830.0 234.06716823501935
23840.0 271.1121961448359
23850.0 323.7106216325014
23860.0 271.2345664835016
23870.0 301.41667777594176
23880.0 330.3092828523091
23890.0 321.41808582089595
23900.0 325.15998604316513
23910.0 277.34016925066607
23920.0 349.13679919458247
23930.0 312.32097901390284
23940.0 286.0516650648402
23950.0 318.48666636664404
23960.0 257.75990266621295
23970.0 349.76960195643517
23980.0 351.6152168278335
23990.0 350.73436837797817
24000.0 310.51260366389306
24010.0 351.08690384807426
24020.0 375.5022012476021
24030.0 328.98020058582273
24040.0 328.9850767502378
24050.0 328.0264088249867
24060.0 373.77133677132736
24070.0 265.5610448322692
24080.0 350.49591654430975
24090.0 304.52693082877437
24100.0 360.24246093025494
24110.0 388.97271992989556
24120.0 387.7393288442605
24130.0 349.79482583560485
24140.0 353.8951517253423
24150.0 324.08999978744794
24160.0 336.2921859072086
24170.0 330.7255241423992
24180.0 286.6170565579945
24190.0 280.5376414571285
24200.0 411.02863825948543
24210.0 418.20661104434316
24220.0 343.2441314433436
24230.0 321.69912254566884
24240.0 375.884550814675
24250.0 374.76999868952157
24260.0 344.09826998300736
24270.0 296.0835886792697
24280.0 359.48846567232437
24290.0 406.2904722142845
24300.0 384.04180822380823
24310.0 400.9951646639096
24320.0 411.47914854877223
24330.0 355.929587157059
24340.0 368.28707307867654
24350.0 268.52849156752484
24360.0 255.41745141752256
24370.0 349.8916556426344
24380.0 455.1506140942093
24390.0 410.95196287541205
24400.0 398.6847025146842
24410.0 386.3433211746416
24420.0 356.86028805054787
24430.0 386.61156678563253
24440.0 364.04722467606337
24450.0 315.0520884693879
24460.0 344.04529426045264
24470.0 312.9934698885562
24480.0 359.31683997623554
24490.0 430.7192107998653
24500.0 390.8716478392215
24510.0 264.5167944726265
24520.0 324.7443271914706
24530.0 274.1885594797441
24540.0 319.38860547170293
24550.0 417.31709628357703
24560.0 385.410029201554
24570.0 437.64749041906833
24580.0 385.0381000068964
24590.0 325.8244580220485
24600.0 361.6436843667421
24610.0 274.02154645259833
24620.0 343.70462165592005
24630.0 395.20675533853927
24640.0 457.9480314735738
24650.0 385.8434435074006
24660.0 376.77991974889943
24670.0 289.6836889504728
24680.0 260.4820841885443
24690.0 355.1914010608613
24700.0 341.4123497829735
24710.0 371.3624964199173
24720.0 254.58090949233338
24730.0 270.99024188256726
24740.0 262.2089355208974
24750.0 289.9462350452262
24760.0 411.0717498847593
24770.0 262.8429085726561
24780.0 240.4910470197472
24790.0 337.56497016808
24800.0 370.150660431495
24810.0 281.51689266778806
24820.0 253.42163048931758
24830.0 325.8992194373732
24840.0 355.7605046021365
24850.0 458.23079772860495
24860.0 344.5327014588106
24870.0 286.26409758880345
24880.0 228.7074151689467
24890.0 155.9972102745965
24900.0 147.10864823501223
24910.0 291.2838003080773
24920.0 380.0239168705806
24930.0 348.124394004903
24940.0 299.98767241331376
24950.0 385.8871310974672
24960.0 208.09994179927963
24970.0 181.17127578051725
24980.0 255.83851794153227
24990.0 274.0667463323967
