#lam[Angstrom] flux[erg/cm2/s/A]
1010.0 11743.15738326601
1020.0 12159.519234578871
1030.0 41949.53271568327
1040.0 16535.923329029072
1050.0 12451.58764629997
1060.0 12564.179707301435
1070.0 13267.420620286652
1080.0 40150.77366134108
1090.0 40904.61908043811
1100.0 13113.696144693085
1110.0 13220.104540064709
1120.0 13735.415289859513
1130.0 13360.5694993246
1140.0 14509.321806400658
1150.0 13616.462099241806
1160.0 13874.668738728436
1170.0 13900.557548069248
1180.0 13961.728668321377
1190.0 14047.020533312454
1200.0 21191.57840964919
1210.0 18855.816566523546
1220.0 119912.09157223231
1230.0 17375.774297813867
1240.0 70768.44298420641
1250.0 24756.653568443082
1260.0 34414.81377196476
1270.0 35402.6357856825
1280.0 36597.908288670966
1290.0 39543.31322702943
1300.0 42578.412324701945
1310.0 46890.41807129979
1320.0 49051.049159517504
1330.0 49893.181915296926
1340.0 55759.79008080177
1350.0 53842.446627761405
1360.0 55125.933002484555
1370.0 55969.56402747732
1380.0 57322.51106546455
1390.0 130083.2449264301
1400.0 144542.3527805857
1410.0 107299.92589683789
1420.0 61413.063872610015
1430.0 60370.61776946532
1440.0 61055.34445732057
1450.0 61716.73545756679
1460.0 62503.89090502849
1470.0 62857.46955957627
1480.0 63659.16846861541
1490.0 98527.48386297407
1500.0 63841.641604158045
1510.0 64080.55830597849
1520.0 65190.36982650163
1530.0 72464.96335336436
1540.0 73297.53711436263
1550.0 857441.001649521
1560.0 71273.69424432711
1570.0 75688.52459825273
1580.0 83644.43909253352
1590.0 82274.27168758475
1600.0 91471.78980658602
1610.0 84732.90770051497
1620.0 85652.56216517308
1630.0 84312.98719098583
1640.0 573459.5105343249
1650.0 90568.13500806926
1660.0 108692.76870210268
1670.0 137529.1731697335
1680.0 320503.2728385436
1690.0 178765.4804334861
1700.0 220801.22248701798
1710.0 419341.1666819288
1720.0 541722.6967439018
1730.0 812770.6126181877
1740.0 725466.5108077624
1750.0 925257.017347366
1760.0 951402.1298328324
1770.0 790206.7458813415
1780.0 1153380.2722375025
1790.0 1778692.947590488
1800.0 2003669.6411271058
1810.0 1111748.2080714286
1820.0 1171605.289148704
1830.0 958371.0966524013
1840.0 865676.1406893634
1850.0 739112.0881995739
1860.0 1467588.5820778327
1870.0 1655659.580600688
1880.0 1942643.9057724567
1890.0 1918716.5747622075
1900.0 1394466.111929702
1910.0 1876635.8105966295
1920.0 1927026.674644749
1930.0 1000176.8527884228
1940.0 1575264.1589672696
1950.0 2489744.8294555945
1960.0 3087989.875489583
1970.0 2915865.7321997383
1980.0 2566292.348318947
1990.0 2573308.4583920417
2000.0 2707781.617193571
2010.0 2358845.5535671124
2020.0 2185322.2320436505
2030.0 2648363.8676966857
2040.0 3433575.5275274417
2050.0 4135371.5848949905
2060.0 2904299.554909132
2070.0 4933043.684545746
2080.0 4527789.319477343
2090.0 4813909.379084214
2100.0 4914238.528051665
2110.0 5004504.1415859815
2120.0 5367803.281228574
2130.0 3381578.7487816797
2140.0 4872895.864491725
2150.0 4297477.515850367
2160.0 4776477.472548036
2170.0 2973917.592664529
2180.0 4545499.373276991
2190.0 5175708.311121821
2200.0 6260726.321647772
2210.0 3824795.26388507
2220.0 3051300.6848067376
2230.0 4743056.766690463
2240.0 6521053.663561195
2250.0 4493565.391682435
2260.0 4023158.0405897005
2270.0 4419099.4511779435
2280.0 5158888.567550835
2290.0 4853788.921366946
2300.0 3796615.5294078975
2310.0 5110321.950635502
2320.0 5083459.257792713
2330.0 2677526.5862550247
2340.0 2635018.4918932295
2350.0 2846905.0658299625
2360.0 2074308.9012031886
2370.0 2150315.5694506383
2380.0 1811493.8602383076
2390.0 1950646.6236437084
2400.0 1659253.3209961029
2410.0 1720120.829782424
2420.0 4538601.425933318
2430.0 4547076.857269629
2440.0 4546356.226276299
2450.0 4645356.200640222
2460.0 5278333.214878062
2470.0 4708530.866800576
2480.0 4426100.994774947
2490.0 3457115.1359227714
2500.0 4512676.293757047
2510.0 4018435.953301878
2520.0 2684963.1311359215
2530.0 2739855.2878277525
2540.0 2774699.8588769045
2550.0 3851558.4684936614
2560.0 3918931.322554863
2570.0 4955116.950153532
2580.0 4073331.3374498365
2590.0 3676842.9865201176
2600.0 3213855.694259632
2610.0 2165240.704535677
2620.0 4544359.762243462
2630.0 3041544.1170913954
2640.0 8458265.178150497
2650.0 8648687.133411957
2660.0 7168284.269261646
2670.0 7402535.258316128
2680.0 8091909.782395376
2690.0 8362038.591759013
2700.0 8879154.372514714
2710.0 7050772.823098278
2720.0 5101891.503045966
2730.0 5780468.462801646
2740.0 4353339.55775434
2750.0 4010361.5961774606
2760.0 5845340.44465362
2770.0 7275721.974881142
2780.0 5619081.859897191
2790.0 4401317.318683068
2800.0 1565989.5870427066
2810.0 6108811.780995143
2820.0 10914290.05588826
2830.0 9992803.033464262
2840.0 8426287.906304564
2850.0 5994951.345010859
2860.0 9698290.044099156
2870.0 9867368.3509977
2880.0 8536362.250503697
2890.0 9602302.283090211
2900.0 12907226.943749543
2910.0 13311309.90925092
2920.0 12113262.45515401
2930.0 11883701.089265697
2940.0 11379667.868098881
2950.0 11288492.121375265
2960.0 13313127.586378844
2970.0 11717319.382574486
2980.0 11928044.931454018
2990.0 12353857.820230575
3000.0 12351465.339808531
3010.0 13628155.061965486
3020.0 12150886.048680928
3030.0 12433081.849689625
3040.0 12587480.5409703
3050.0 14030641.892921137
3060.0 13287412.79252036
3070.0 14153790.092550548
3080.0 13418314.020259872
3090.0 13586300.65412389
3100.0 12956251.850310989
3110.0 14400655.750207556
3120.0 13214795.746782845
3130.0 12709974.610758957
3140.0 14274878.009249086
3150.0 14800847.914663956
3160.0 12384754.71146853
3170.0 14525095.355828427
3180.0 12745347.954448989
3190.0 13114853.064979548
3200.0 13665692.276994465
3210.0 12517324.476387866
3220.0 13646403.918514008
3230.0 10086292.80338835
3240.0 13131105.156272128
3250.0 13392745.299659744
3260.0 15851704.129908876
3270.0 15065603.515296856
3280.0 13107045.493081845
3290.0 15855417.70342146
3300.0 16332764.711023144
3310.0 14704489.769995576
3320.0 15342545.953378629
3330.0 16306804.819282133
3340.0 14195335.58904973
3350.0 14090251.086340608
3360.0 14321607.106461765
3370.0 12505977.56630008
3380.0 14210083.801227817
3390.0 14342887.016590776
3400.0 15036765.27609821
3410.0 13699293.211999102
3420.0 13874409.92826556
3430.0 15279395.379034564
3440.0 13883746.571367256
3450.0 14912489.376338644
3460.0 14386896.169400593
3470.0 15000331.640861617
3480.0 14385240.51202164
3490.0 15155402.33206499
3500.0 14432453.815094203
3510.0 14525879.137715576
3520.0 13655101.035667997
3530.0 14283946.47888061
3540.0 15927673.076552605
3550.0 14798433.679006465
3560.0 15999549.779825952
3570.0 12592841.402538415
3580.0 13950153.779617267
3590.0 11900897.9269328
3600.0 15515615.444928993
3610.0 13030685.673046747
3620.0 13725603.890460908
3630.0 14747246.198759247
3640.0 14772348.190587599
3650.0 14528771.356395103
3660.0 16205010.817681385
3670.0 15465565.18439587
3680.0 13717663.022833401
3690.0 13689450.999174558
3700.0 14379880.911932332
3710.0 13774659.772019068
3720.0 14555327.474869952
3730.0 15014914.595568314
3740.0 15253185.956861358
3750.0 12949153.800672662
3760.0 17194925.81781534
3770.0 14308833.65369461
3780.0 21500555.7691143
3790.0 18607844.28325302
3800.0 15780430.83106026
3810.0 21127578.98906001
3820.0 19228124.96495256
3830.0 14567477.42167272
3840.0 15058430.9634632
3850.0 22648278.917731624
3860.0 21076549.25498334
3870.0 21489581.917166144
3880.0 21021391.15380224
3890.0 14261268.809624035
3900.0 20198478.4845476
3910.0 22449425.246443495
3920.0 22583877.000037976
3930.0 13403778.908390362
3940.0 18141614.725377884
3950.0 22654609.250591382
3960.0 20025572.864321545
3970.0 10402478.3142664
3980.0 22115527.113400064
3990.0 24599300.464378797
4000.0 24564628.81372159
4010.0 24933511.853362624
4020.0 25576266.33230873
4030.0 23899322.25706719
4040.0 25810568.484119646
4050.0 24832960.509280283
4060.0 24285247.733010545
4070.0 23271043.303434078
4080.0 23868941.998164207
4090.0 24709748.15330289
4100.0 16041209.513568308
4110.0 22143121.027331952
4120.0 25347997.092840504
4130.0 23764812.066945836
4140.0 25856919.947598357
4150.0 24677444.69909722
4160.0 25550762.89757893
4170.0 24584224.78485343
4180.0 24258929.185497176
4190.0 25347145.355059054
4200.0 23062203.83054562
4210.0 25747846.41493547
4220.0 24739015.636450853
4230.0 23114656.2914131
4240.0 24398151.671459276
4250.0 23581160.104409274
4260.0 25062287.44256203
4270.0 23136893.780391205
4280.0 24820685.114404712
4290.0 22426261.843733966
4300.0 21401391.665229302
4310.0 21290914.31198929
4320.0 23851143.362842143
4330.0 21435686.616973657
4340.0 14869166.37655184
4350.0 21773346.941168398
4360.0 25242601.69924067
4370.0 24493810.384631973
4380.0 23447733.06770313
4390.0 24228600.224630877
4400.0 23349501.542722266
4410.0 24624826.17170529
4420.0 23613186.871011958
4430.0 24081854.043798633
4440.0 23732043.794337433
4450.0 23856760.58461408
4460.0 22676880.398249894
4470.0 24105893.943299495
4480.0 24185663.663448088
4490.0 24338461.920900393
4500.0 24620599.282592576
4510.0 25685788.916117974
4520.0 23929175.03271148
4530.0 23010454.36837957
4540.0 24634856.24179859
4550.0 23544946.275620256
4560.0 24027477.52498014
4570.0 24575524.974693887
4580.0 23336153.631549012
4590.0 23319337.9061924
4600.0 23904386.996076517
4610.0 23956634.48479645
4620.0 23637123.729521167
4630.0 23724781.800834354
4640.0 24254497.445937097
4650.0 23624424.50690983
4660.0 24421600.538579267
4670.0 23582650.439713087
4680.0 24069063.736321192
4690.0 24064768.696388558
4700.0 23466051.58406494
4710.0 23421456.704504874
4720.0 23831293.996138986
4730.0 23202383.65204454
4740.0 23474606.145656675
4750.0 23829316.139417175
4760.0 23209582.26392567
4770.0 23468791.159605104
4780.0 23622704.296357743
4790.0 22893584.773871846
4800.0 23372098.70165449
4810.0 22810375.15635708
4820.0 22747932.89769665
4830.0 22771971.395006355
4840.0 21758721.812577214
4850.0 20558490.135143626
4860.0 14179453.979606798
4870.0 18690400.799760707
4880.0 21072663.27922651
4890.0 21160753.129869793
4900.0 22136129.226530153
4910.0 21967605.494013906
4920.0 20671055.301909808
4930.0 22321771.52679757
4940.0 21533448.864741094
4950.0 22431610.070343398
4960.0 22139424.153135177
4970.0 21963237.1160814
4980.0 20771812.82521448
4990.0 21294511.95017811
5000.0 21370472.21397637
5010.0 21421692.62475751
5020.0 20439800.224702872
5030.0 21966953.52712525
5040.0 20344032.945911024
5050.0 21271872.460845955
5060.0 22023596.144178957
5070.0 21004885.263011705
5080.0 20273540.901400324
5090.0 21691237.079329103
5100.0 21088377.18174326
5110.0 20794457.761787787
5120.0 21005901.179994598
5130.0 20187356.05044618
5140.0 20023278.45326703
5150.0 20186304.022894125
5160.0 20753256.863702398
5170.0 18336950.859511122
5180.0 19579451.120568473
5190.0 19500546.410870697
5200.0 19815007.82746146
5210.0 19985899.20240145
5220.0 20088170.422438372
5230.0 18938415.049883522
5240.0 20150947.959819246
5250.0 20332004.33989031
5260.0 19174467.597263195
5270.0 17856609.29467878
5280.0 19087307.035482895
5290.0 20519102.853958283
5300.0 19673262.65671635
5310.0 20185692.618452895
5320.0 19637243.448151097
5330.0 18490722.492492527
5340.0 19012830.004914165
5350.0 19696596.41977345
5360.0 19863829.422925342
5370.0 18913909.806876507
5380.0 19461463.094939977
5390.0 19605840.137092773
5400.0 18612682.106679957
5410.0 18487947.848470673
5420.0 19029299.532898255
5430.0 18695530.769961763
5440.0 19709666.198400058
5450.0 19114947.12872127
5460.0 18848464.685413722
5470.0 19528958.74803936
5480.0 18787590.26565281
5490.0 18654604.868723616
5500.0 19010677.4049404
5510.0 18659867.8803625
5520.0 19308935.012256436
5530.0 18352359.605333593
5540.0 19247649.853498384
5550.0 18820567.579365153
5560.0 18711394.256361876
5570.0 18182096.004033204
5580.0 18584800.101622827
5590.0 17641261.769561406
5600.0 17918363.156245306
5610.0 18819469.410505824
5620.0 17944935.759788886
5630.0 18632598.36527985
5640.0 18391314.223098863
5650.0 18369595.401739717
5660.0 17650416.063373175
5670.0 18310511.395199142
5680.0 18122864.27164614
5690.0 18140723.880647026
5700.0 18133061.678740796
5710.0 17511188.707240835
5720.0 18161430.97651265
5730.0 18207891.9191379
5740.0 18209736.005885713
5750.0 17528017.552190647
5760.0 17829839.600442994
5770.0 18004557.197404552
5780.0 17807379.71815242
5790.0 17665387.64640934
5800.0 17801752.681402966
5810.0 17691878.077911325
5820.0 17667409.24039064
5830.0 17689311.232426215
5840.0 17641572.053088117
5850.0 17462614.104614448
5860.0 16992142.156853437
5870.0 17385048.539505646
5880.0 17389716.49368121
5890.0 17003285.289676014
5900.0 16999093.946760595
5910.0 17085674.110847875
5920.0 17173374.403672703
5930.0 16790179.371115588
5940.0 17075237.115283165
5950.0 16854276.676630344
5960.0 16979510.669549517
5970.0 16960211.856359057
5980.0 16522752.927043563
5990.0 16653819.677120069
6000.0 16638037.782922383
6010.0 16438228.915475655
6020.0 16178283.088148253
6030.0 16347197.538168615
6040.0 16601258.658478372
6050.0 16468629.34643326
6060.0 16318738.075066997
6070.0 16270714.324651081
6080.0 16169089.184606297
6090.0 16208194.859032849
6100.0 15901410.085863335
6110.0 16095054.287708908
6120.0 15838922.603703069
6130.0 15870494.089943955
6140.0 15313353.764097996
6150.0 15714982.371841755
6160.0 15063243.377296228
6170.0 15336575.742332743
6180.0 15748479.800270576
6190.0 15525778.685955655
6200.0 15700501.391239988
6210.0 15665611.412228499
6220.0 15427521.204950312
6230.0 15307806.750828555
6240.0 14964120.907429025
6250.0 14812186.070004622
6260.0 15300018.982119415
6270.0 15281159.013882836
6280.0 15016007.840523148
6290.0 15107268.228172684
6300.0 14936474.618886877
6310.0 15124064.881224982
6320.0 14770487.518805765
6330.0 15136532.27288093
6340.0 14726560.700823406
6350.0 14953604.45395289
6360.0 14733250.274611048
6370.0 14852304.712522224
6380.0 14808833.012784882
6390.0 14661947.741957497
6400.0 14528778.180105716
6410.0 14474474.744623603
6420.0 14372530.354062049
6430.0 14485664.946980812
6440.0 14338337.076683246
6450.0 14491594.502002282
6460.0 14003752.669486001
6470.0 14330932.015515376
6480.0 14327787.178265901
6490.0 13978121.40640949
6500.0 13806398.861326562
6510.0 14227486.34147781
6520.0 14006674.40647846
6530.0 13903950.03296523
6540.0 13604397.125260558
6550.0 12718871.893872587
6560.0 9908336.710804325
6570.0 11618674.71430981
6580.0 13162585.71785403
6590.0 13421988.829304088
6600.0 13685262.018777195
6610.0 13707351.477886604
6620.0 13769453.35791947
6630.0 13604755.690521307
6640.0 13648142.540349795
6650.0 13705668.450080944
6660.0 13556050.851317551
6670.0 13610314.238282632
6680.0 13478342.754034232
6690.0 13560722.331099352
6700.0 13422294.647192039
6710.0 13297831.69405964
6720.0 13267402.446873253
6730.0 13352198.091496415
6740.0 13318106.75258369
6750.0 13188338.204465548
6760.0 13223798.994559688
6770.0 13116028.511435961
6780.0 13150809.091530269
6790.0 13078938.101877078
6800.0 13037251.494994447
6810.0 12992425.472393027
6820.0 12987441.808856651
6830.0 12919048.992203586
6840.0 12788738.73451873
6850.0 12898916.24198744
6860.0 12689490.540793305
6870.0 12825679.000343528
6880.0 12760773.315279696
6890.0 12707924.813071126
6900.0 12716015.742098559
6910.0 12597564.466495201
6920.0 12523716.057616517
6930.0 12563598.064171782
6940.0 12544590.21577707
6950.0 12416408.365557402
6960.0 12444756.47648152
6970.0 12410715.293323664
6980.0 12245404.85505328
6990.0 12337654.577836322
7000.0 12180673.618535437
7010.0 12197032.98261388
7020.0 12008874.98886371
7030.0 12127879.665278846
7040.0 12104625.194246262
7050.0 12121911.449496565
7060.0 12042028.712878184
7070.0 11972905.791020686
7080.0 11975529.810474476
7090.0 11915629.589063693
7100.0 11935654.818671627
7110.0 11723921.67615479
7120.0 11700392.180987805
7130.0 11632196.772578621
7140.0 11790492.48370075
7150.0 11569186.942622537
7160.0 11552528.30867361
7170.0 11616327.780618861
7180.0 11527508.194479216
7190.0 11299755.174840337
7200.0 11526830.977798827
7210.0 11296094.541430658
7220.0 11375388.87050485
7230.0 11455533.149650533
7240.0 11346937.647035306
7250.0 11346186.28901006
7260.0 11329836.98295041
7270.0 11343680.185473641
7280.0 11163409.380627647
7290.0 10974093.401566949
7300.0 11181707.691840766
7310.0 11035884.257639904
7320.0 11152247.985471148
7330.0 10948444.67513117
7340.0 11102785.378470963
7350.0 11049436.09923556
7360.0 10928118.815853931
7370.0 10997023.69436542
7380.0 10959445.189669441
7390.0 10644838.926816124
7400.0 10835583.051466811
7410.0 10541508.496283384
7420.0 10458018.241326654
7430.0 10790172.04786082
7440.0 10695634.236602532
7450.0 10534100.558722356
7460.0 10625303.745116154
7470.0 10632370.858623574
7480.0 10481189.49804281
7490.0 10538093.079740532
7500.0 10469385.903443066
7510.0 10345659.58950507
7520.0 10435519.11032652
7530.0 10426140.48665816
7540.0 10465424.741943678
7550.0 10392561.64653665
7560.0 10276927.756175788
7570.0 10284226.247750338
7580.0 10269328.407045437
7590.0 10224077.288176326
7600.0 10206497.373818532
7610.0 10217483.92891519
7620.0 10009251.200700045
7630.0 10193724.428424394
7640.0 10158703.19775928
7650.0 10111852.15420537
7660.0 9650594.852880295
7670.0 10022201.15339666
7680.0 9975588.821147762
7690.0 9881418.05105565
7700.0 9889017.779827133
7710.0 9775409.254376229
7720.0 9822317.73503282
7730.0 9841530.637401205
7740.0 9814780.763308141
7750.0 9638565.309016377
7760.0 9782487.450307598
7770.0 9583562.709318155
7780.0 9567975.909751825
7790.0 9697672.055785326
7800.0 9593790.528819276
7810.0 9582778.618965345
7820.0 9620936.54380843
7830.0 9435728.248207347
7840.0 9452076.645337697
7850.0 9438126.121891469
7860.0 9457230.561206192
7870.0 9492699.582778223
7880.0 9389280.473743925
7890.0 9429868.221277712
7900.0 9312629.67697874
7910.0 9343377.993248012
7920.0 9247587.734872162
7930.0 9156064.67160636
7940.0 9051960.267897913
7950.0 9128500.960457506
7960.0 9223040.217248276
7970.0 9189458.67702714
7980.0 9183705.754854469
7990.0 9143093.980681352
8000.0 8985699.720847687
8010.0 9092117.240101324
8020.0 9057969.70919454
8030.0 8960418.616710942
8040.0 9006799.387217613
8050.0 8832731.552080726
8060.0 8960098.926522445
8070.0 8908629.156582778
8080.0 8891275.41678561
8090.0 8774683.941891268
8100.0 8788470.959024446
8110.0 8844800.395818377
8120.0 8821992.27562141
8130.0 8789215.214991521
8140.0 8759005.017623093
8150.0 8713342.084572472
8160.0 8681014.17859556
8170.0 8678651.538229432
8180.0 8545344.875798067
8190.0 8533797.479391044
8200.0 8448582.742703073
8210.0 8390869.044259718
8220.0 8390673.908746505
8230.0 8386516.4916787995
8240.0 8486256.066686518
8250.0 8315972.896238356
8260.0 8451080.77457673
8270.0 8430148.721022425
8280.0 8403686.540261408
8290.0 8329414.522089
8300.0 8338156.680818706
8310.0 8215269.58441403
8320.0 8250057.888441427
8330.0 8017061.4241513945
8340.0 8085922.809076236
8350.0 8088041.186142075
8360.0 8091886.929355769
8370.0 8048647.028983352
8380.0 8102009.690940401
8390.0 7897384.33612471
8400.0 7984157.040877913
8410.0 7964494.258885373
8420.0 7884125.204356328
8430.0 7901105.852504422
8440.0 7797911.240562186
8450.0 7802335.296539414
8460.0 7840743.416556131
8470.0 7652668.094832855
8480.0 7843612.369655996
8490.0 7811571.643487874
8500.0 7278035.0037237145
8510.0 7628613.288401821
8520.0 7774033.035296923
8530.0 7685162.145598526
8540.0 6705062.0095338365
8550.0 7468727.6156684905
8560.0 7649670.66451277
8570.0 7732636.658917867
8580.0 7645484.984648964
8590.0 7492588.548818677
8600.0 7164081.121843591
8610.0 7471260.639530563
8620.0 7601995.746781713
8630.0 7636794.992248805
8640.0 7565845.966855082
8650.0 7440120.83554885
8660.0 6452695.164221124
8670.0 6938903.94294699
8680.0 7355030.204467601
8690.0 7259755.274720163
8700.0 7463995.629842521
8710.0 7419041.026053124
8720.0 7443328.310112168
8730.0 7370447.738237205
8740.0 6988917.288817054
8750.0 6496754.065597498
8760.0 6987349.234606692
8770.0 7247775.751905943
8780.0 7372698.886442409
8790.0 7259926.6092020925
8800.0 7390951.822442448
8810.0 7135267.293921374
8820.0 7207083.631854163
8830.0 7301972.230671638
8840.0 7114825.493886
8850.0 6977393.024357132
8860.0 6236552.907261513
8870.0 6581917.0933632115
8880.0 6981567.077211962
8890.0 7115987.091401261
8900.0 7178051.77603629
8910.0 7079193.674430086
8920.0 7112460.070226542
8930.0 6998089.736857786
8940.0 7157292.880209098
8950.0 7057065.641507585
8960.0 7088923.016013072
8970.0 7016704.276554062
8980.0 6957064.081539896
8990.0 6909790.057268928
9000.0 6624529.35155646
9010.0 5979088.770713216
9020.0 6035379.262255591
9030.0 6702966.493892354
9040.0 6823396.57870286
9050.0 6863467.743797811
9060.0 6641830.799475572
9070.0 6882560.514360525
9080.0 6760533.2970223045
9090.0 6535202.610118354
9100.0 6745219.760743467
9110.0 6681017.846575374
9120.0 6781566.03505112
9130.0 6791998.515400243
9140.0 6785145.2475910215
9150.0 6736963.665228937
9160.0 6727401.98944511
9170.0 6701110.693180523
9180.0 6642392.4932706505
9190.0 6632550.100053097
9200.0 6558744.146791665
9210.0 6252027.951176764
9220.0 6007500.816510129
9230.0 5222037.078298191
9240.0 6009055.659897998
9250.0 6349451.709093981
9260.0 6209443.808080146
9270.0 6460495.06284929
9280.0 6497959.104265705
9290.0 6449709.53451754
9300.0 6474301.129924795
9310.0 6467240.813144202
9320.0 6426326.451548774
9330.0 6423429.606992918
9340.0 6424764.692206579
9350.0 6390204.72993127
9360.0 6367447.85815452
9370.0 6374694.875430234
9380.0 6356854.716300552
9390.0 6314879.009967452
9400.0 6264282.075988958
9410.0 5891723.673303836
9420.0 6146510.431891451
9430.0 6198664.725277103
9440.0 6119325.600089474
9450.0 6210283.688128197
9460.0 6181783.426814741
9470.0 6204599.528622829
9480.0 6168732.2040733285
9490.0 6142850.84154928
9500.0 6114868.946099477
9510.0 6040549.225422582
9520.0 5991408.534741296
9530.0 5806175.517275037
9540.0 5299913.708173788
9550.0 4977489.672643536
9560.0 5711080.459266348
9570.0 5863954.397278069
9580.0 5940107.494298637
9590.0 5954749.196011897
9600.0 5878459.445549113
9610.0 5916887.830518789
9620.0 5867562.113470057
9630.0 5862595.602134541
9640.0 5905027.241032503
9650.0 5854728.631833728
9660.0 5723201.597530768
9670.0 5872849.5634277705
9680.0 5825999.081644351
9690.0 5798163.911230617
9700.0 5840823.07366856
9710.0 5834779.377159029
9720.0 5818822.956582646
9730.0 5790588.360248875
9740.0 5712588.567297684
9750.0 5730507.750936398
9760.0 5732407.755916046
9770.0 5733131.652380502
9780.0 5722147.746876168
9790.0 5696122.805812987
9800.0 5671670.605203811
9810.0 5679857.019163792
9820.0 5656936.269245607
9830.0 5642497.853102989
9840.0 5618442.527182573
9850.0 5574434.297152304
9860.0 5569008.0719021205
9870.0 5595199.48501456
9880.0 5580403.963154779
9890.0 5461332.278190803
9900.0 5493505.952650772
9910.0 5489856.09256235
9920.0 5506860.246911484
9930.0 5464517.647586362
9940.0 5438460.883665962
9950.0 5459865.421954164
9960.0 5446907.793830771
9970.0 5407303.857087198
9980.0 5417489.217264161
9990.0 5379834.245678908
10010.0 5300699.201701449
10020.0 5278449.002130471
10030.0 5149934.268387204
10040.0 4828863.946353955
10050.0 4086836.742027001
10060.0 4867203.874567579
10070.0 5094469.498223942
10080.0 5188013.712914619
10090.0 5201498.571899711
10100.0 5189564.274042967
10110.0 5208250.261337399
10120.0 5136239.886602445
10130.0 5232791.5345515115
10140.0 5219394.974137372
10150.0 5134855.2376327645
10160.0 5113675.937301186
10170.0 5173587.972733737
10180.0 5078701.191070624
10190.0 5106770.05012744
10200.0 5124960.383934205
10210.0 5100119.601556581
10220.0 5048928.054575501
10230.0 5101422.737108026
10240.0 5070214.603656332
10250.0 5072484.099538618
10260.0 5072804.777679581
10270.0 5039295.035457118
10280.0 5035957.1239327425
10290.0 4983139.6185864955
10300.0 5008047.114507705
10310.0 4994452.462031291
10320.0 4996472.579263742
10330.0 4865769.51485769
10340.0 4900286.54647452
10350.0 4941230.4372645775
10360.0 4938293.324651134
10370.0 4817949.889386264
10380.0 4910043.526608082
10390.0 4906876.020329488
10400.0 4875442.68140461
10410.0 4859034.29616025
10420.0 4865312.230216466
10430.0 4827596.338189153
10440.0 4849111.644613272
10450.0 4790155.659174964
10460.0 4580917.672392101
10470.0 4743671.907647069
10480.0 4765860.063387025
10490.0 4778702.636874684
10500.0 4745704.538034435
10510.0 4731150.692500877
10520.0 4703872.567122266
10530.0 4707249.657326686
10540.0 4705919.658742217
10550.0 4709058.369647099
10560.0 4695594.500808183
10570.0 4651699.836760591
10580.0 4603405.689194527
10590.0 4507468.652676185
10600.0 4573716.049499094
10610.0 4622274.362409007
10620.0 4619352.871975083
10630.0 4503366.537201777
10640.0 4614949.149096112
10650.0 4602557.732831191
10660.0 4502428.458420717
10670.0 4563655.457360824
10680.0 4423827.80221575
10690.0 4167939.3724628906
10700.0 4476638.178212313
10710.0 4412965.613445099
10720.0 4485388.43947507
10730.0 4316841.90754532
10740.0 4477412.380736054
10750.0 4355291.970029729
10760.0 4473097.131007602
10770.0 4437731.391419864
10780.0 4416560.96451944
10790.0 4350582.528868276
10800.0 4401042.193102314
10810.0 4234414.433860625
10820.0 4516855.958285169
10830.0 4217762.630219771
10840.0 4305615.153753933
10850.0 4354618.817086498
10860.0 4321587.000735244
10870.0 4108832.3001634753
10880.0 4270626.738935965
10890.0 4203902.058667839
10900.0 4242973.0479800515
10910.0 4110755.420974326
10920.0 4049880.2653187653
10930.0 3767371.6930109053
10940.0 3275023.6489407644
10950.0 3854488.4318725155
10960.0 4016747.8522157376
10970.0 4077344.9799744277
10980.0 4029533.78789979
10990.0 4186548.9065797348
11000.0 4195947.257854839
11010.0 4172609.776930111
11020.0 4043030.543273663
11030.0 4169405.626559423
11040.0 4172381.3451603525
11050.0 4146564.0300150835
11060.0 4151708.0461684642
11070.0 4150663.9004899734
11080.0 4136930.2379216137
11090.0 4131553.97586781
11100.0 4116173.983104212
11110.0 4114211.2279160437
11120.0 4081800.0256806486
11130.0 4030114.6836424847
11140.0 4078380.9887664746
11150.0 4061869.4800206767
11160.0 4055134.0523777227
11170.0 4056608.244187552
11180.0 4032627.878920425
11190.0 3934866.4664818803
11200.0 3970629.5100015146
11210.0 4012550.021321561
11220.0 4009388.302931228
11230.0 4000083.7683143667
11240.0 3991356.985469917
11250.0 3824063.6885633
11260.0 3949513.39203924
11270.0 3958589.7210776997
11280.0 3953931.237615386
11290.0 3812644.566667187
11300.0 3895140.8061503028
11310.0 3905831.2404139754
11320.0 3905683.829526784
11330.0 3827263.2545914743
11340.0 3868015.245342484
11350.0 3868070.7016456244
11360.0 3850488.184391066
11370.0 3826348.1996739255
11380.0 3822559.6838799166
11390.0 3779627.166245386
11400.0 3713819.8236603863
11410.0 3780385.8782305284
11420.0 3794469.0174182947
11430.0 3808753.2362994445
11440.0 3754641.9668576834
11450.0 3731858.5525428075
11460.0 3786765.393369336
11470.0 3776934.240567384
11480.0 3759909.7060313723
11490.0 3760145.7688122345
11500.0 3745690.4965860248
11510.0 3744937.584917018
11520.0 3709844.840292979
11530.0 3728223.8086336143
11540.0 3718246.539888355
11550.0 3715111.581851387
11560.0 3702406.5247025047
11570.0 3692841.3410634403
11580.0 3684197.140957332
11590.0 3602050.0090646693
11600.0 3644683.2530596354
11610.0 3518476.228608783
11620.0 3622189.4680243824
11630.0 3598300.260383295
11640.0 3573265.922396204
11650.0 3573784.1591233998
11660.0 3528089.40125258
11670.0 3530551.3213985367
11680.0 3600141.2132980977
11690.0 3550639.665463379
11700.0 3569557.8065430266
11710.0 3578313.784965044
11720.0 3568314.868714858
11730.0 3552003.003362271
11740.0 3541431.2231440297
11750.0 3311223.387810053
11760.0 3486447.4592533386
11770.0 3507048.6535869436
11780.0 3437777.58388107
11790.0 3507430.718094815
11800.0 3475182.726564942
11810.0 3464992.9646863006
11820.0 3466290.9978310214
11830.0 3370590.3921277015
11840.0 3393335.962475861
11850.0 3435046.16620978
11860.0 3429836.756149199
11870.0 3442048.968271557
11880.0 3290916.73586993
11890.0 3369885.5556370793
11900.0 3382042.9766477533
11910.0 3415463.6834233273
11920.0 3412854.1779332887
11930.0 3402313.6105931927
11940.0 3394703.1342220893
11950.0 3322601.6542250323
11960.0 3361169.752059823
11970.0 3295514.8182331547
11980.0 3274707.840646209
11990.0 3265879.173837378
12000.0 3342468.5481750523
12010.0 3323071.3517162837
12020.0 3329023.702412773
12030.0 3210486.7266994207
12040.0 3288026.048120019
12050.0 3305185.796037817
12060.0 3297552.873470561
12070.0 3285258.8707141425
12080.0 3063883.7051038146
12090.0 3253732.250934435
12100.0 3193044.1647978714
12110.0 3219165.7479054225
12120.0 3252045.1848508236
12130.0 3247771.701940949
12140.0 3245679.35541701
12150.0 3226873.5988876834
12160.0 3231844.397267837
12170.0 3206585.796497914
12180.0 3205008.275506604
12190.0 3195168.2471568496
12200.0 3177644.9278731975
12210.0 3161434.763084666
12220.0 3183031.7240719176
12230.0 3162745.537713892
12240.0 3155297.0973711666
12250.0 3127709.939574451
12260.0 3132958.545814312
12270.0 3094593.3122615754
12280.0 3130453.8257403327
12290.0 3137073.9341598195
12300.0 3127757.2059189244
12310.0 3085841.898204954
12320.0 3110749.5068326006
12330.0 3090355.6653301455
12340.0 3049711.3194048638
12350.0 3067292.547989403
12360.0 3030601.2019090555
12370.0 3065905.797633891
12380.0 3077390.7199858828
12390.0 3060794.185710812
12400.0 3025212.396560316
12410.0 3039003.0746026235
12420.0 3013037.3572268076
12430.0 3003547.315195243
12440.0 3035630.665410098
12450.0 3029151.119087235
12460.0 3004639.3506644424
12470.0 2996944.321176284
12480.0 3006911.3753044643
12490.0 2997408.0526517653
12500.0 2987791.954618975
12510.0 2940396.2337250137
12520.0 2905313.360848803
12530.0 2943928.9567882037
12540.0 2963456.2649129843
12550.0 2944225.1733439183
12560.0 2919547.8344063447
12570.0 2942671.414484612
12580.0 2895778.787417018
12590.0 2927970.4533646214
12600.0 2908822.6895584296
12610.0 2871363.69303424
12620.0 2908444.8146617156
12630.0 2906149.616056958
12640.0 2854273.075802528
12650.0 2878922.50073751
12660.0 2879752.4633342023
12670.0 2875803.019034629
12680.0 2850915.3885945356
12690.0 2862846.9926732746
12700.0 2848823.7518032948
12710.0 2829217.6790684117
12720.0 2840653.255717244
12730.0 2830327.136580186
12740.0 2810242.9542167913
12750.0 2805634.226086577
12760.0 2788958.3313076273
12770.0 2763858.906058727
12780.0 2732819.369478373
12790.0 2678656.5065197153
12800.0 2587813.7217992493
12810.0 2383746.239836284
12820.0 2043614.580724695
12830.0 2471601.0495024477
12840.0 2604318.2856843295
12850.0 2668454.8968706736
12860.0 2698082.6693998007
12870.0 2707196.564496068
12880.0 2713976.653445675
12890.0 2726311.362340137
12900.0 2689380.830237483
12910.0 2717548.476797356
12920.0 2709901.821151938
12930.0 2711646.092485194
12940.0 2704388.1544108638
12950.0 2702837.1688617994
12960.0 2694335.3489074847
12970.0 2671485.294948706
12980.0 2682481.7958146855
12990.0 2685487.4102482363
13000.0 2678776.56631721
13010.0 2678996.3147895974
13020.0 2671582.7676738366
13030.0 2643487.34579937
13040.0 2651451.5480444147
13050.0 2650101.2802377087
13060.0 2631040.026481957
13070.0 2642327.890961709
13080.0 2640443.7677883464
13090.0 2630677.6401086817
13100.0 2613174.5627610665
13110.0 2625946.374200828
13120.0 2521729.06679776
13130.0 2605009.6614997643
13140.0 2601918.502313068
13150.0 2518207.492216049
13160.0 2584733.9226249154
13170.0 2591204.692283755
13180.0 2538789.231400837
13190.0 2579195.2120973174
13200.0 2569587.394392551
13210.0 2562196.424144526
13220.0 2561753.499494059
13230.0 2561797.4580550715
13240.0 2555277.8547835965
13250.0 2543596.8538650097
13260.0 2536450.7842311715
13270.0 2531035.670205129
13280.0 2526371.5290282923
13290.0 2489991.747785282
13300.0 2515571.9011479053
13310.0 2513864.777219953
13320.0 2473536.9461981524
13330.0 2500544.580787913
13340.0 2498937.907566439
13350.0 2478762.024690673
13360.0 2491227.779518658
13370.0 2479391.284635528
13380.0 2477305.955921615
13390.0 2438928.6915846174
13400.0 2463859.5025072508
13410.0 2460253.460640044
13420.0 2454519.6954859
13430.0 2447386.9232406244
13440.0 2450671.680024622
13450.0 2438152.737315612
13460.0 2428339.189534877
13470.0 2433611.2662582276
13480.0 2426781.077087317
13490.0 2419003.6663633925
13500.0 2389666.8259660406
13510.0 2416921.7305239625
13520.0 2405978.33683414
13530.0 2402842.796794099
13540.0 2399136.2759648683
13550.0 2378528.3565963674
13560.0 2360067.438986755
13570.0 2367033.313838798
13580.0 2376650.052816319
13590.0 2369249.2667927775
13600.0 2360135.5416929917
13610.0 2365712.5840053237
13620.0 2356575.1080035483
13630.0 2340804.766046047
13640.0 2344271.00906831
13650.0 2339557.7699545287
13660.0 2339241.251545207
13670.0 2324125.7374046105
13680.0 2308620.796399645
13690.0 2316124.455449301
13700.0 2276305.783151347
13710.0 2293977.926499588
13720.0 2294629.1815648563
13730.0 2280209.6492054113
13740.0 2254516.8116247044
13750.0 2294281.66517462
13760.0 2267833.2651014766
13770.0 2272697.4432572206
13780.0 2264104.0162416147
13790.0 2278907.2777201743
13800.0 2257053.95397705
13810.0 2267022.205362117
13820.0 2254173.582620542
13830.0 2228920.4016579497
13840.0 2256415.942235168
13850.0 2242885.683501021
13860.0 2235898.8101410433
13870.0 2237062.551263931
13880.0 2237178.287602512
13890.0 2229536.2302595307
13900.0 2203565.3198552066
13910.0 2221440.576711056
13920.0 2210669.603461277
13930.0 2207143.420407067
13940.0 2176751.7090615625
13950.0 2183694.876176706
13960.0 2193795.218720679
13970.0 2192790.7042985135
13980.0 2188772.865335763
13990.0 2179476.008509717
14000.0 2149034.152811302
14010.0 2153496.0053648083
14020.0 2173519.3011019346
14030.0 2147631.5989345713
14040.0 2160640.441058449
14050.0 2162026.5324862944
14060.0 2153796.8199561583
14070.0 2145980.847326408
14080.0 2131554.6032365467
14090.0 2142027.2346142335
14100.0 2138021.2560716695
14110.0 2101861.130589504
14120.0 2102199.841150811
14130.0 2096117.0839960629
14140.0 2118402.9055431103
14150.0 2116596.292663222
14160.0 2093608.6815198075
14170.0 2106466.9462691373
14180.0 2093732.0259527552
14190.0 2099363.668143785
14200.0 2081342.7761763474
14210.0 2080531.4648336852
14220.0 2060596.7873134885
14230.0 2083045.7369072905
14240.0 2024127.579938972
14250.0 2057936.6594919236
14260.0 2045046.571846598
14270.0 2034864.3840529306
14280.0 2053718.0207687083
14290.0 1986947.7520570755
14300.0 2047328.9462804922
14310.0 2026970.091710606
14320.0 2040440.4484148603
14330.0 2040703.9274562022
14340.0 2036476.895612815
14350.0 2029489.579698041
14360.0 2025522.4957875602
14370.0 2027079.1305739006
14380.0 2018949.056831409
14390.0 2015591.1665206233
14400.0 1868059.9071618053
14410.0 2005638.2486644057
14420.0 1946533.0945171134
14430.0 1963382.620962719
14440.0 1954303.046446389
14450.0 1988990.1488988693
14460.0 1976575.0895324147
14470.0 1975304.3733949142
14480.0 1957772.1197981695
14490.0 1966003.3452479665
14500.0 1933383.1145519277
14510.0 1917434.607754699
14520.0 1941011.1869339035
14530.0 1948767.3397567447
14540.0 1873542.1331770213
14550.0 1927900.4757115827
14560.0 1929223.799123282
14570.0 1913996.2635867891
14580.0 1941816.1911894479
14590.0 1919015.3117709928
14600.0 1924003.4256024316
14610.0 1928428.5985873877
14620.0 1911566.3900396405
14630.0 1898150.4847144105
14640.0 1885208.1653892635
14650.0 1842825.9159877908
14660.0 1910860.2608537367
14670.0 1899320.8414102402
14680.0 1900604.742458378
14690.0 1889633.419171168
14700.0 1859958.540517605
14710.0 1876453.8932127869
14720.0 1851972.7385269487
14730.0 1884457.2547607427
14740.0 1868646.5972005366
14750.0 1833470.6971655756
14760.0 1863930.1525113573
14770.0 1857701.6512124992
14780.0 1816622.4848347579
14790.0 1860120.7243831174
14800.0 1855751.2844623122
14810.0 1831998.5313771209
14820.0 1847027.7359969825
14830.0 1793623.7502221959
14840.0 1835110.039493612
14850.0 1813946.9285179332
14860.0 1818208.1909454053
14870.0 1797521.5164622748
14880.0 1636954.9795229677
14890.0 1819949.6915971297
14900.0 1801978.4311840234
14910.0 1801370.7236859754
14920.0 1809931.3188392222
14930.0 1807748.3095801093
14940.0 1799055.46754342
14950.0 1798419.9035764944
14960.0 1766499.2660140325
14970.0 1777061.9588027985
14980.0 1774779.155130159
14990.0 1767159.45464225
15000.0 1776922.288071831
15010.0 1758261.5612421795
15020.0 1705732.9761390123
15030.0 1713008.7045456038
15040.0 1671933.327502556
15050.0 1657750.684711682
15060.0 1747145.0844075412
15070.0 1743779.014971511
15080.0 1724114.251283843
15090.0 1726928.1227770871
15100.0 1719856.0615313004
15110.0 1728119.680939854
15120.0 1701279.5721491484
15130.0 1725740.4690449028
15140.0 1710440.4682230072
15150.0 1722167.9261858405
15160.0 1703011.282786938
15170.0 1711023.4365441948
15180.0 1700961.5688383877
15190.0 1703812.937345755
15200.0 1686430.2553222678
15210.0 1666200.2998361972
15220.0 1659319.268889063
15230.0 1676460.555994097
15240.0 1664493.7938459157
15250.0 1675411.5293190556
15260.0 1666127.2471065526
15270.0 1671273.6201159942
15280.0 1666772.7449445254
15290.0 1611442.0395051984
15300.0 1652624.7771034986
15310.0 1658066.5944170025
15320.0 1646565.9178135423
15330.0 1646101.9970099172
15340.0 1614269.398009387
15350.0 1640098.7100883173
15360.0 1640506.6554535124
15370.0 1641154.9158794228
15380.0 1604735.1454176235
15390.0 1617298.0159410313
15400.0 1578695.771222486
15410.0 1623767.9486368939
15420.0 1585422.6710938946
15430.0 1607878.5616018737
15440.0 1601840.688789524
15450.0 1603469.6041600027
15460.0 1608391.760295816
15470.0 1593566.8562314168
15480.0 1580448.2078926445
15490.0 1599032.5408604026
15500.0 1588912.1518070607
15510.0 1596294.6598541376
15520.0 1588478.4836880541
15530.0 1568602.9612057176
15540.0 1561008.7081280116
15550.0 1556140.5095906535
15560.0 1531571.582233894
15570.0 1556323.8800181989
15580.0 1568714.5256701822
15590.0 1543936.4303131832
15600.0 1569854.2627339738
15610.0 1573907.373776481
15620.0 1539464.2343677592
15630.0 1543115.5837863903
15640.0 1560013.8817188903
15650.0 1547372.008229067
15660.0 1529307.304497491
15670.0 1525508.434407174
15680.0 1519744.4590220272
15690.0 1481825.541410517
15700.0 1488842.9588024565
15710.0 1500997.5619572885
15720.0 1500064.7105496672
15730.0 1517633.4079578645
15740.0 1473139.3317832528
15750.0 1462954.9401195736
15760.0 1515890.826662173
15770.0 1388292.4917657133
15780.0 1521611.5902604747
15790.0 1516425.9460943225
15800.0 1517023.0291605121
15810.0 1515435.5546041292
15820.0 1458673.6941942496
15830.0 1487142.9015191472
15840.0 1482865.1550528365
15850.0 1469318.4536527183
15860.0 1454253.6101391653
15870.0 1417517.7809556087
15880.0 1376061.6600147963
15890.0 1372928.458223936
15900.0 1422263.8364842518
15910.0 1429525.9851125032
15920.0 1466012.4137569645
15930.0 1467663.1504049464
15940.0 1470921.9602204126
15950.0 1461406.5856745203
15960.0 1417598.3234617894
15970.0 1475172.9301784665
15980.0 1462495.6168062864
15990.0 1472497.8359056327
16000.0 1454745.8652736456
16010.0 1433825.8212352102
16020.0 1443844.1042536206
16030.0 1458356.6014261257
16040.0 1428015.7490524063
16050.0 1438719.381693285
16060.0 1404565.411529221
16070.0 1412621.3965679058
16080.0 1404741.4979671955
16090.0 1352602.7569406433
16100.0 1318091.1515551559
16110.0 1302545.9040298793
16120.0 1340077.5076528508
16130.0 1365778.2928023513
16140.0 1381669.4344090798
16150.0 1381487.3169957697
16160.0 1369486.5205137345
16170.0 1402575.4920726859
16180.0 1403543.4900626785
16190.0 1400847.1906222655
16200.0 1373654.8366001975
16210.0 1402513.7488596442
16220.0 1406300.4892831906
16230.0 1398201.2550193956
16240.0 1391003.8665352229
16250.0 1405376.7264212598
16260.0 1401779.2984802865
16270.0 1399982.5290047866
16280.0 1396178.535785472
16290.0 1387197.4073456784
16300.0 1385656.5972374142
16310.0 1379070.515266489
16320.0 1357053.0592682408
16330.0 1354281.8524010715
16340.0 1363066.5641660756
16350.0 1351748.431698726
16360.0 1323661.8585005463
16370.0 1317705.5349575304
16380.0 1257082.5308927188
16390.0 1259354.6157568025
16400.0 1203132.4082772185
16410.0 1175401.1860262894
16420.0 1239120.928147341
16430.0 1278548.6637397523
16440.0 1275478.079203228
16450.0 1306967.3667171632
16460.0 1335078.500688563
16470.0 1309219.6209101065
16480.0 1325560.2467221804
16490.0 1299864.0213167279
16500.0 1330597.334864593
16510.0 1324148.245775427
16520.0 1318681.4576587623
16530.0 1327600.0383624493
16540.0 1304065.5975720503
16550.0 1314945.5495881643
16560.0 1300226.4808441976
16570.0 1314659.9651233805
16580.0 1312436.2757209116
16590.0 1296078.3638410731
16600.0 1310743.245367916
16610.0 1306463.2980401176
16620.0 1302140.4893936587
16630.0 1292488.509319184
16640.0 1295582.8282978362
16650.0 1267635.6598760919
16660.0 1290371.0874685647
16670.0 1276900.513278749
16680.0 1267597.2674342345
16690.0 1280811.9648437195
16700.0 1277674.174080471
16710.0 1267717.1188490125
16720.0 1234225.5535155393
16730.0 1257148.4431362648
16740.0 1248967.892058772
16750.0 1202818.2015115921
16760.0 1216141.1582868043
16770.0 1211347.9567929602
16780.0 1183138.1658722074
16790.0 1148295.4493457705
16800.0 1072652.5659245464
16810.0 1039876.8468827406
16820.0 1113834.1320075183
16830.0 1161171.0607013667
16840.0 1187642.178758564
16850.0 1201977.9138430243
16860.0 1201416.284920328
16870.0 1209779.5255009432
16880.0 1215542.2463639688
16890.0 1179749.4017386911
16900.0 1205815.057797439
16910.0 1221712.1137777288
16920.0 1221033.1433079392
16930.0 1217741.7116701114
16940.0 1220340.2197416055
16950.0 1216598.2545809285
16960.0 1211286.9731107722
16970.0 1198584.4751078382
16980.0 1206075.738370631
16990.0 1196970.1374077715
17000.0 1191278.936694393
17010.0 1176459.940966022
17020.0 1197395.0247586572
17030.0 1194629.1203025372
17040.0 1195119.1456472273
17050.0 1194125.6597738902
17060.0 1188390.2638369626
17070.0 1186451.8659804866
17080.0 1185097.5408405936
17090.0 1154030.0674842896
17100.0 1180627.0117492198
17110.0 1118272.3458522162
17120.0 1174657.3569692355
17130.0 1173264.731784104
17140.0 1172169.579020563
17150.0 1168816.325844345
17160.0 1158036.991797012
17170.0 1164468.0432321355
17180.0 1160429.3578117525
17190.0 1156366.2298030434
17200.0 1150313.0377078096
17210.0 1149558.0935464017
17220.0 1144806.2270200101
17230.0 1086060.8307271425
17240.0 1138194.01507877
17250.0 1133145.9145013948
17260.0 1133517.0306430538
17270.0 1110205.1332466262
17280.0 1104992.1333528194
17290.0 1113488.7908552152
17300.0 1099109.0942041813
17310.0 1095097.8527390524
17320.0 1060005.8276301401
17330.0 1022597.0827951966
17340.0 994004.6914923617
17350.0 979227.4415226541
17360.0 876689.4599742199
17370.0 942368.2098362667
17380.0 1007780.4697512287
17390.0 1034764.3058120451
17400.0 1056127.474060395
17410.0 1048422.5913173609
17420.0 1073204.6789743572
17430.0 1065787.6682947392
17440.0 1084507.8073421237
17450.0 1056898.9532433038
17460.0 1058847.320192029
17470.0 1050472.4486359581
17480.0 1074118.3792239733
17490.0 1084622.4052375997
17500.0 1076702.1991035906
17510.0 1049093.3065101511
17520.0 1072713.1093773257
17530.0 1073490.166520365
17540.0 1073985.185363569
17550.0 1050487.0395116005
17560.0 1070054.5523069447
17570.0 1072490.3751668464
17580.0 1066757.3626220718
17590.0 1069060.6626299296
17600.0 1057116.283300201
17610.0 1039588.6187377631
17620.0 1026636.9689612066
17630.0 1059453.5444546666
17640.0 1014093.2147630918
17650.0 1056094.7560640115
17660.0 1045367.373365882
17670.0 1038801.3412187144
17680.0 1029108.2329728678
17690.0 1046259.6368630371
17700.0 1041271.7480710006
17710.0 1036481.2069744837
17720.0 1018475.305556635
17730.0 1036380.1365888529
17740.0 1032501.6242996983
17750.0 1028884.0541856821
17760.0 1023107.3764434789
17770.0 999471.8626114595
17780.0 1023708.166819029
17790.0 1012597.3498425559
17800.0 1022292.5039492554
17810.0 1002832.4375965105
17820.0 1015812.9803754069
17830.0 1008577.3207197507
17840.0 1005142.4175749562
17850.0 998193.2698679991
17860.0 1003750.7075380434
17870.0 1006613.1466808121
17880.0 1007684.8509157599
17890.0 1004467.7955282922
17900.0 1003906.4605449024
17910.0 1000340.9537080986
17920.0 996708.2745678368
17930.0 986194.2829729833
17940.0 983809.6470731349
17950.0 992603.7493493352
17960.0 989801.7509170466
17970.0 983609.0366793079
17980.0 982374.0971540193
17990.0 981786.6084919618
18000.0 977271.3620078512
18010.0 977445.3594186342
18020.0 959591.9161572626
18030.0 963381.874191152
18040.0 969511.2167106163
18050.0 962022.8311696443
18060.0 954972.4084911303
18070.0 957663.8755015963
18080.0 946967.710141763
18090.0 945406.055998535
18100.0 939330.5255468687
18110.0 933170.9643266356
18120.0 926967.4250076872
18130.0 917180.3528251206
18140.0 898176.2079850901
18150.0 873519.2149814495
18160.0 825967.5377647396
18170.0 728652.3173992403
18180.0 762707.0255127358
18190.0 840959.2271413942
18200.0 873093.4121583549
18210.0 892046.9388871818
18220.0 875493.9618333261
18230.0 906938.2358445264
18240.0 908627.481690579
18250.0 917363.8952001183
18260.0 920748.2855204933
18270.0 920959.021213709
18280.0 910148.7630072809
18290.0 921235.8571077768
18300.0 918090.3014556151
18310.0 919575.8245856432
18320.0 893399.9371822133
18330.0 918081.1278448752
18340.0 914797.946982311
18350.0 913029.1059051863
18360.0 910416.2541549286
18370.0 890664.8201147016
18380.0 906290.3908767283
18390.0 906680.0238258844
18400.0 903263.4336482615
18410.0 893371.7103476266
18420.0 874702.6300563858
18430.0 893697.6994031569
18440.0 897356.054627188
18450.0 894573.2422715306
18460.0 894557.3800328774
18470.0 872581.3059791412
18480.0 892691.4814069378
18490.0 890377.0092128566
18500.0 887551.118347831
18510.0 885750.9844068591
18520.0 872693.666110767
18530.0 875133.8858193672
18540.0 881770.7099503884
18550.0 847218.0681909455
18560.0 874375.4778144491
18570.0 875910.8708188816
18580.0 862914.3526085541
18590.0 870089.0403900795
18600.0 869462.5131904286
18610.0 863168.0479947589
18620.0 859919.5309068947
18630.0 858499.0708152833
18640.0 858004.794875999
18650.0 854537.7630638053
18660.0 844595.0989442361
18670.0 847295.9532513649
18680.0 837730.2487566622
18690.0 834359.2876891384
18700.0 826414.7801814553
18710.0 814990.2706430326
18720.0 783218.3035109632
18730.0 772594.5393192489
18740.0 743204.6914286177
18750.0 591847.6476331746
18760.0 707637.486632505
18770.0 753297.6606354802
18780.0 786305.8002257833
18790.0 799347.5229980581
18800.0 809849.5921978109
18810.0 816005.4855520525
18820.0 811039.8865531671
18830.0 821620.5142026424
18840.0 804403.1610494037
18850.0 810036.9336087109
18860.0 807114.8849230061
18870.0 820096.835072507
18880.0 811863.3535526416
18890.0 814515.5993886433
18900.0 800569.2583439985
18910.0 803332.3331764626
18920.0 804482.5882952067
18930.0 776539.1179509204
18940.0 799210.3747048817
18950.0 804716.093673683
18960.0 790508.6880182787
18970.0 804291.0054921517
18980.0 809863.4894283905
18990.0 796911.1783319684
19000.0 805217.5431938437
19010.0 804855.0703523651
19020.0 804416.9140876785
19030.0 792887.4711667607
19040.0 800519.256656134
19050.0 795397.6336828436
19060.0 797956.961194618
19070.0 797871.4370469305
19080.0 790237.8017283367
19090.0 794422.2293220357
19100.0 791355.0471815539
19110.0 781826.8776082682
19120.0 782659.7343656324
19130.0 787489.3912817322
19140.0 783666.9708370746
19150.0 783424.1196223632
19160.0 779666.5852737324
19170.0 780957.7595033542
19180.0 779885.6916371458
19190.0 760362.217347712
19200.0 772387.3786013001
19210.0 771125.7696056181
19220.0 772048.4302134569
19230.0 772088.5938666188
19240.0 770457.0367035782
19250.0 766428.8633716331
19260.0 763721.7119492887
19270.0 756585.782857361
19280.0 756094.6045419922
19290.0 761157.129457972
19300.0 757891.3349379696
19310.0 745439.1510314695
19320.0 754827.2939469082
19330.0 752347.0386167483
19340.0 739832.2458416987
19350.0 746207.0143511478
19360.0 743077.2252900358
19370.0 739275.3787167155
19380.0 733258.2330734977
19390.0 714834.9694502625
19400.0 715468.0678835636
19410.0 705736.0514705746
19420.0 686389.6317251174
19430.0 646641.5408149193
19440.0 586439.895704619
19450.0 567354.5576281023
19460.0 649110.8180999185
19470.0 676425.3638168317
19480.0 691210.3177052133
19490.0 691677.9289873409
19500.0 710686.2215091449
19510.0 689736.3957103135
19520.0 718835.4562878744
19530.0 717468.0365392
19540.0 716381.9618750198
19550.0 721296.9890041309
19560.0 721281.7772664756
19570.0 720520.6014273346
19580.0 717490.7690734667
19590.0 716568.5375793332
19600.0 715741.3746916541
19610.0 711560.2558743219
19620.0 713556.527649756
19630.0 702573.6066981957
19640.0 711851.8140388577
19650.0 714709.9275112348
19660.0 713073.3814051925
19670.0 712006.9462732087
19680.0 710489.3008325066
19690.0 708766.20596141
19700.0 708371.1162750939
19710.0 706727.307387488
19720.0 677439.2371508708
19730.0 695989.152650459
19740.0 701843.70013013
19750.0 701450.220776912
19760.0 699768.4967539745
19770.0 700012.7722909065
19780.0 677074.0437276441
19790.0 691312.4698736802
19800.0 695716.6585348527
19810.0 693891.3182062272
19820.0 692275.1333796493
19830.0 692303.8368864306
19840.0 691362.9893981558
19850.0 671685.7517277615
19860.0 675685.4633973361
19870.0 685909.4352114667
19880.0 684832.6546950577
19890.0 684151.3442659703
19900.0 683639.9193964257
19910.0 681062.9014311263
19920.0 679330.2387271374
19930.0 661959.5754202338
19940.0 677716.711032589
19950.0 675968.4954537366
19960.0 671078.1390758874
19970.0 661522.056886441
19980.0 672322.3829755753
19990.0 672314.1808805644
20010.0 668602.5901742742
20020.0 662981.4367321791
20030.0 664489.1621234441
20040.0 661948.7064910651
20050.0 655247.509201782
20060.0 662570.6908970232
20070.0 659720.870441052
20080.0 660203.3289655158
20090.0 656523.0460006286
20100.0 658497.3388990961
20110.0 656806.6838944805
20120.0 656555.8847042387
20130.0 654335.6438162668
20140.0 648627.8609282566
20150.0 652113.2162199301
20160.0 651622.8294502929
20170.0 649627.420570292
20180.0 649259.6098373153
20190.0 646401.9965527693
20200.0 644471.8177624509
20210.0 631988.7355813568
20220.0 643418.3275758541
20230.0 639350.8972434528
20240.0 638786.7050254061
20250.0 640697.7502598598
20260.0 635683.2530816628
20270.0 635930.5738952295
20280.0 635854.312210344
20290.0 633499.1881985646
20300.0 613558.1733392806
20310.0 633672.8320341848
20320.0 632798.3405393045
20330.0 630437.0814359881
20340.0 617493.769380082
20350.0 627110.6998341964
20360.0 627014.2477326659
20370.0 624897.1229406804
20380.0 608287.4349312575
20390.0 624683.9642149254
20400.0 620206.2609634117
20410.0 615432.5224179092
20420.0 620460.482101821
20430.0 620026.7070473642
20440.0 619183.3788407848
20450.0 616956.5372655644
20460.0 617037.342762939
20470.0 614664.5652225891
20480.0 615040.5241542619
20490.0 613784.98978676
20500.0 612839.1424959254
20510.0 610188.703315968
20520.0 604350.7856219086
20530.0 608120.4159529288
20540.0 604645.482555809
20550.0 606757.1761495599
20560.0 606122.1154636489
20570.0 604348.1009392921
20580.0 603729.962694963
20590.0 599123.1609226532
20600.0 583211.1749319799
20610.0 600556.4208878689
20620.0 598638.0786610913
20630.0 564307.1982828088
20640.0 597182.2837678668
20650.0 596289.1254716584
20660.0 594841.853083713
20670.0 585177.2269063496
20680.0 590592.5364942627
20690.0 590852.6223540272
20700.0 576967.919182973
20710.0 584393.6862033666
20720.0 585639.793691114
20730.0 586939.1820231798
20740.0 584629.0666761626
20750.0 584648.5863508836
20760.0 578746.3421462832
20770.0 572749.5134292265
20780.0 581686.4859855189
20790.0 581768.5832785777
20800.0 577401.20147737
20810.0 579212.7756089302
20820.0 576580.2315699703
20830.0 569117.8262787791
20840.0 569138.2228130113
20850.0 573334.6547162192
20860.0 573756.482237645
20870.0 571636.2644703252
20880.0 569423.9223743007
20890.0 567113.4151243812
20900.0 570509.8031944347
20910.0 568321.966392446
20920.0 546815.7570339221
20930.0 565089.6897616495
20940.0 566098.3298143425
20950.0 565368.6051257438
20960.0 562079.515197413
20970.0 562050.960699377
20980.0 560473.4605040732
20990.0 559577.3555960688
21000.0 560654.9052767591
21010.0 555452.3101793926
21020.0 544926.4092417433
21030.0 556716.3051035085
21040.0 557031.1446856733
21050.0 555907.8004462852
21060.0 552698.3110774871
21070.0 549523.0464832193
21080.0 551875.2959262468
21090.0 544450.8104093071
21100.0 549330.5991338998
21110.0 548557.0525370276
21120.0 548136.9608924541
21130.0 547380.6339293183
21140.0 542929.5997842952
21150.0 544899.4507251726
21160.0 527020.3464794595
21170.0 542489.4863565558
21180.0 541454.4603487318
21190.0 517552.098643497
21200.0 538853.4212165012
21210.0 527471.2178797985
21220.0 536158.2286088502
21230.0 529414.983934791
21240.0 534486.4491163807
21250.0 535848.0457831046
21260.0 513529.41303672316
21270.0 532433.0842989641
21280.0 531460.7593001744
21290.0 529499.2284733492
21300.0 524960.531352814
21310.0 530895.2781795826
21320.0 528076.3086758428
21330.0 528359.1129968599
21340.0 527281.7413223702
21350.0 513403.20305185585
21360.0 524126.99882259103
21370.0 523929.59790331556
21380.0 523983.7208087993
21390.0 519567.9674940648
21400.0 521801.76756699383
21410.0 520227.57091721095
21420.0 520256.0980758309
21430.0 514772.5689529581
21440.0 515636.02623492613
21450.0 515531.82117635506
21460.0 513714.5114076344
21470.0 513662.4556473145
21480.0 513373.1532051691
21490.0 512038.06408526946
21500.0 511119.508483721
21510.0 508778.48580405436
21520.0 506688.0962628147
21530.0 505881.1102642296
21540.0 503419.01705309964
21550.0 503159.7272416559
21560.0 501595.99572175636
21570.0 499010.4403922486
21580.0 496210.78350136045
21590.0 491679.0192014401
21600.0 487985.0878029959
21610.0 480952.98902003083
21620.0 474057.2030323136
21630.0 462607.84932508966
21640.0 442654.8684253632
21650.0 391163.84030862857
21660.0 387092.92461536796
21670.0 439440.8717158189
21680.0 457946.2341549642
21690.0 463407.5995062945
21700.0 473637.3977100663
21710.0 477582.64828420524
21720.0 481601.83160456346
21730.0 482237.2674913774
21740.0 483020.455940586
21750.0 483669.4567724154
21760.0 482413.6699787058
21770.0 485199.25573511125
21780.0 469034.3270619834
21790.0 484619.28864424396
21800.0 485661.1822942786
21810.0 484685.9752097498
21820.0 472287.7968499385
21830.0 483262.43081551936
21840.0 483168.64704936225
21850.0 482512.28577204794
21860.0 481781.5765178465
21870.0 477684.2294624234
21880.0 464634.43469569
21890.0 479056.51397737785
21900.0 477556.31141615676
21910.0 477865.77288296283
21920.0 477749.6963606253
21930.0 476655.07157134655
21940.0 474509.54882152716
21950.0 475370.637886479
21960.0 474615.65901539027
21970.0 473495.79205712216
21980.0 473056.6168196511
21990.0 471401.60316817596
22000.0 471290.4723168195
22010.0 469248.97067196376
22020.0 469753.1112879579
22030.0 466975.08395159297
22040.0 465494.42820529384
22050.0 467170.6841307792
22060.0 441067.5817198957
22070.0 462700.22082141816
22080.0 459321.8417745052
22090.0 464839.29410111246
22100.0 462868.518107681
22110.0 461182.4426193096
22120.0 462050.37364312133
22130.0 461688.1051311224
22140.0 460768.40814383153
22150.0 460068.70261588524
22160.0 442929.5083593687
22170.0 448924.3583601726
22180.0 457500.3141466934
22190.0 457325.0442518448
22200.0 456360.8653751231
22210.0 455440.7376104892
22220.0 454872.00852407253
22230.0 453945.1614860417
22240.0 452816.6001125717
22250.0 452520.3960373106
22260.0 448141.0834745328
22270.0 451088.52218312427
22280.0 448889.8316320722
22290.0 449619.0923973538
22300.0 447394.46380492114
22310.0 448054.547031342
22320.0 446926.64099400083
22330.0 446717.92823167366
22340.0 445390.10227491794
22350.0 445017.0889644176
22360.0 443978.2168230067
22370.0 443646.7952135728
22380.0 438786.24475300097
22390.0 440684.04508176853
22400.0 441648.69617537025
22410.0 440697.63779686124
22420.0 437877.09061624855
22430.0 438899.6538572766
22440.0 438394.2022350972
22450.0 437537.79910733073
22460.0 437080.0210060432
22470.0 430949.05269727483
22480.0 435037.1343117777
22490.0 434644.4458699598
22500.0 434188.0073268905
22510.0 429536.13898894924
22520.0 428358.5401167635
22530.0 429172.05131486914
22540.0 420637.6598844225
22550.0 424251.4917941897
22560.0 425038.2726982358
22570.0 428358.23278259754
22580.0 426771.13315789355
22590.0 427430.824024301
22600.0 426712.22527970874
22610.0 424846.72671164875
22620.0 420022.9384753844
22630.0 424087.2404606278
22640.0 420304.48269183293
22650.0 421013.3552671311
22660.0 421969.7989058267
22670.0 421581.91558544873
22680.0 421071.76987820974
22690.0 420270.32230592775
22700.0 419910.6224282079
22710.0 409835.79403207026
22720.0 418172.88562133507
22730.0 418024.48732180055
22740.0 414758.69919065764
22750.0 415810.84082341753
22760.0 415185.22043603053
22770.0 415194.6736809065
22780.0 414045.72587661183
22790.0 412003.0157017772
22800.0 410432.04963370576
22810.0 394523.48099419766
22820.0 410118.2041968795
22830.0 409986.5945013729
22840.0 410221.22545585403
22850.0 409228.5364846233
22860.0 407111.0771915433
22870.0 408088.50778903946
22880.0 407626.98809734837
22890.0 404942.8945254402
22900.0 406653.39078898577
22910.0 400005.5711714186
22920.0 404937.53728352865
22930.0 403037.53268565575
22940.0 403855.05758208217
22950.0 401853.19240176695
22960.0 398733.2566054527
22970.0 399918.2101481988
22980.0 400951.0532669333
22990.0 399329.04579418484
23000.0 399771.28793421085
23010.0 399473.48637082655
23020.0 397972.70376526826
23030.0 397560.6176523878
23040.0 397278.4408458912
23050.0 396280.15343972517
23060.0 396237.9752623174
23070.0 395547.2467875575
23080.0 394983.46738630877
23090.0 393725.05759375077
23100.0 393608.4568665311
23110.0 393047.4855805043
23120.0 392374.89940300304
23130.0 389704.52013895544
23140.0 388604.18586495385
23150.0 390010.6611179603
23160.0 389004.48516257
23170.0 389006.6583664924
23180.0 386096.1807583064
23190.0 387895.4522604042
23200.0 387465.3125868115
23210.0 386771.7620439166
23220.0 385938.7208237404
23230.0 385370.42832573823
23240.0 384809.85231223586
23250.0 382801.03837870574
23260.0 383690.3809092539
23270.0 383158.0092060718
23280.0 382301.75310509023
23290.0 381713.5125987933
23300.0 381221.8011741803
23310.0 380050.5282347933
23320.0 380110.2144138488
23330.0 378775.3291639206
23340.0 378967.82318360335
23350.0 374166.54312032124
23360.0 377434.5196714899
23370.0 376715.96250736865
23380.0 369354.804118516
23390.0 375754.5543129672
23400.0 374802.02320914547
23410.0 374549.0409051246
23420.0 373998.43737229693
23430.0 373550.8423042671
23440.0 371886.946015602
23450.0 371886.238261189
23460.0 370951.39929022774
23470.0 370575.47571034124
23480.0 369376.896754947
23490.0 369520.30358691304
23500.0 368406.69863855053
23510.0 368377.21231023036
23520.0 368043.7945202423
23530.0 367653.6753748063
23540.0 366745.8242733769
23550.0 366281.9119104657
23560.0 365810.5179428979
23570.0 361447.1123584283
23580.0 364140.1551978881
23590.0 364175.60131385573
23600.0 362945.98584634176
23610.0 362223.3337247829
23620.0 362291.5398351467
23630.0 361660.604189706
23640.0 361103.9259443338
23650.0 360491.68827687576
23660.0 359749.43747430487
23670.0 358943.73485873325
23680.0 358011.58059356775
23690.0 357297.2545766755
23700.0 357249.39651391964
23710.0 356319.2668260779
23720.0 355099.52545187995
23730.0 352200.2318357166
23740.0 347839.0864351443
23750.0 353406.40921339934
23760.0 353002.9000601697
23770.0 353252.6988529071
23780.0 352765.785636542
23790.0 352279.40065210697
23800.0 351682.26359320927
23810.0 351085.4545333804
23820.0 350697.45338682935
23830.0 349497.95444116124
23840.0 343509.25500923494
23850.0 347605.4777046456
23860.0 340755.2881867035
23870.0 347670.18680263555
23880.0 347080.43327873736
23890.0 346317.7474270869
23900.0 346139.50942743267
23910.0 345567.69941050693
23920.0 343933.8369963718
23930.0 344365.26258948457
23940.0 344031.49579764425
23950.0 342411.5129478434
23960.0 342787.32554934575
23970.0 342065.74207654985
23980.0 340526.9461779491
23990.0 339230.87811093207
24000.0 338392.0175649842
24010.0 339131.1583532219
24020.0 338743.48952659173
24030.0 338083.1620995154
24040.0 336930.1822180387
24050.0 336174.16983721755
24060.0 336840.275055108
24070.0 336258.2738225227
24080.0 334971.8942136731
24090.0 335210.3179255693
24100.0 334690.21928928164
24110.0 333874.73843554576
24120.0 332967.34435559134
24130.0 332701.4088298753
24140.0 331740.2512132843
24150.0 327244.1403948706
24160.0 327595.00729363563
24170.0 330973.19168080785
24180.0 330798.4235604677
24190.0 330250.5136616529
24200.0 329590.3432986488
24210.0 329428.0310754643
24220.0 328227.98617726954
24230.0 327492.59854687296
24240.0 325390.7780249403
24250.0 327065.8350159257
24260.0 325766.6593196485
24270.0 324855.68080946116
24280.0 325026.98941591
24290.0 323458.09534326714
24300.0 323912.08846079913
24310.0 323791.4924663665
24320.0 323364.6608354774
24330.0 321141.0398597647
24340.0 320491.86562483286
24350.0 318195.82799587643
24360.0 320509.69740594237
24370.0 317996.3821244511
24380.0 320316.39660776325
24390.0 319664.77634641255
24400.0 319144.84279725334
24410.0 318537.7362217473
24420.0 316847.63612966106
24430.0 317286.1000013173
24440.0 316762.64334726974
24450.0 316469.53104917274
24460.0 315546.40544691763
24470.0 314882.1869449686
24480.0 314319.01531862176
24490.0 313574.71071086265
24500.0 312287.3530890186
24510.0 310692.9222733239
24520.0 311057.9984026886
24530.0 311693.841399484
24540.0 312353.55116158613
24550.0 308003.6910101446
24560.0 308348.584338484
24570.0 301175.32772059564
24580.0 310915.1780355272
24590.0 310329.87497276143
24600.0 310028.418777431
24610.0 309529.68908594054
24620.0 308610.6260412769
24630.0 307130.18982319074
24640.0 307730.42024785304
24650.0 305719.47745006514
24660.0 305835.701323625
24670.0 305593.37157029053
24680.0 304131.99833863013
24690.0 299871.4591743049
24700.0 300696.23633147567
24710.0 303289.60039284977
24720.0 302955.3108722699
24730.0 298708.98803120904
24740.0 302684.0839507965
24750.0 302050.34226503293
24760.0 300271.2490212755
24770.0 301040.51251422067
24780.0 300362.3222985717
24790.0 301017.60860310774
24800.0 293662.2951028867
24810.0 299963.66119350627
24820.0 289654.5169687086
24830.0 299308.3592845153
24840.0 298956.64816544444
24850.0 297974.78308039886
24860.0 283972.8947606568
24870.0 294265.15279768227
24880.0 294454.57723233267
24890.0 294207.2181013752
24900.0 293789.42532309366
24910.0 294486.27867688844
24920.0 292794.1320495149
24930.0 292766.25856642943
24940.0 291880.3045302262
24950.0 289771.69696109055
24960.0 291297.2455117861
24970.0 291087.75038655853
24980.0 288570.46108292765
24990.0 290366.0012808182
