#lam[Angstrom] flux[erg/cm2/s/A]
1010.0 83.59384215657536
1020.0 86.55765366625796
1030.0 298.6191478067655
1040.0 117.71094400818619
1050.0 88.6361876848872
1060.0 89.43746589650578
1070.0 94.4431860638842
1080.0 285.81314851957865
1090.0 291.1789439114016
1100.0 93.34416233826083
1110.0 94.0924149141764
1120.0 97.7505300234255
1130.0 95.08134037361249
1140.0 103.25863154806567
1150.0 96.90032726265211
1160.0 98.74281818770892
1170.0 98.92550905926481
1180.0 99.35154308640799
1190.0 99.95623436785958
1200.0 150.7191980805156
1210.0 134.1485505306419
1220.0 853.5092951013071
1230.0 123.46005576285066
1240.0 503.28106911175865
1250.0 175.29449944073045
1260.0 243.93817462102473
1270.0 250.61677981482632
1280.0 258.7488191547764
1290.0 279.2604224287571
1300.0 300.73263703031887
1310.0 330.7230974635981
1320.0 345.4512284966113
1330.0 351.2828383387688
1340.0 392.06328539875756
1350.0 377.3282018287917
1360.0 386.32591097589636
1370.0 392.04739841414255
1380.0 400.35982071025757
1390.0 916.6453878634363
1400.0 1019.3800481688187
1410.0 753.5941768743122
1420.0 425.09712691259347
1430.0 417.4327859287193
1440.0 419.57407134092324
1450.0 422.36568287369533
1460.0 425.6895600109126
1470.0 428.98905891935317
1480.0 431.0092988805343
1490.0 676.4675792403405
1500.0 426.746427056317
1510.0 426.04363890141565
1520.0 426.5113526706944
1530.0 445.67173575341627
1540.0 423.5161670636683
1550.0 6013.58856564715
1560.0 423.68636244636957
1570.0 421.86823899022625
1580.0 442.0266163371267
1590.0 421.46824695008365
1600.0 462.10998178090887
1610.0 420.64741660057484
1620.0 420.61401202665763
1630.0 418.12460101903764
1640.0 3824.2736063828083
1650.0 414.6232624648324
1660.0 536.3279668157364
1670.0 730.3474533634206
1680.0 411.96690856590436
1690.0 410.72245039869114
1700.0 409.0438427020932
1710.0 406.9764806869232
1720.0 436.89928307058756
1730.0 409.0208516917124
1740.0 416.76436644445664
1750.0 618.3486933305784
1760.0 405.381031555132
1770.0 405.2534657407108
1780.0 406.4745769531933
1790.0 434.7093864576246
1800.0 403.7505784539307
1810.0 497.9876164203028
1820.0 506.5417269060562
1830.0 396.2974864820976
1840.0 393.7696218190682
1850.0 425.13572082445313
1860.0 408.9730402661092
1870.0 389.15492761604776
1880.0 638.0386875313484
1890.0 798.4899046942301
1900.0 385.28265066120315
1910.0 2588.6528665328347
1920.0 382.618064392367
1930.0 384.31881605186095
1940.0 377.34570908467634
1950.0 377.13989205554503
1960.0 373.3033551640922
1970.0 371.1060029146866
1980.0 369.12019343637553
1990.0 367.50003304748685
2000.0 365.014381017377
2010.0 361.8334214686268
2020.0 346.84383972702864
2030.0 327.14132114940355
2040.0 317.52707479399197
2050.0 303.0846490378798
2060.0 298.037941743245
2070.0 300.2911388081391
2080.0 293.6880596605768
2090.0 302.8237084195402
2100.0 296.2894059828352
2110.0 296.3346418419946
2120.0 304.8889320422149
2130.0 304.4669000707302
2140.0 320.23394473373924
2150.0 292.95533860563427
2160.0 295.21178150305724
2170.0 288.10453191878474
2180.0 299.44392796461455
2190.0 292.9114452320457
2200.0 295.8516064522087
2210.0 299.42557934707384
2220.0 314.1641071918475
2230.0 307.3908347434127
2240.0 312.3521863888109
2250.0 331.7568929658758
2260.0 323.704711653723
2270.0 330.1596875737181
2280.0 336.8913142407345
2290.0 343.9241094355389
2300.0 359.6657558059334
2310.0 378.39646629149763
2320.0 397.216859198862
2330.0 711.7997380486565
2340.0 451.2713711241429
2350.0 402.39335550595126
2360.0 392.82600552127127
2370.0 400.5135319202984
2380.0 408.12251241410416
2390.0 446.1296614587921
2400.0 423.55648600541264
2410.0 432.3565080174796
2420.0 438.31535145074525
2430.0 949.0801713017652
2440.0 452.8601561504967
2450.0 461.5243748409893
2460.0 467.14679832757776
2470.0 474.3090731464423
2480.0 481.5233153651318
2490.0 488.88605335820165
2500.0 495.5887487001673
2510.0 553.1057939062729
2520.0 510.4536587126967
2530.0 517.3529361409437
2540.0 523.1781356154667
2550.0 530.1448923509407
2560.0 614.1770327271754
2570.0 543.1718297715609
2580.0 550.1829727573062
2590.0 570.4857817308219
2600.0 564.119435695893
2610.0 569.7778283209892
2620.0 575.8560522160205
2630.0 582.692573861012
2640.0 589.4085403637655
2650.0 593.9296634640327
2660.0 598.4260972098144
2670.0 671.4522983892921
2680.0 609.0646375477544
2690.0 614.876298495592
2700.0 620.469192829188
2710.0 625.07270560619
2720.0 631.9395620797004
2730.0 677.8021638583521
2740.0 683.427404836949
2750.0 648.5009089994409
2760.0 657.4488136773227
2770.0 661.75637500002
2780.0 667.5685979414321
2790.0 2656.753396890053
2800.0 1678.045162911875
2810.0 686.5385445453002
2820.0 691.9985073413113
2830.0 1076.747665450627
2840.0 701.9601971579377
2850.0 748.1438933383293
2860.0 727.1991347697665
2870.0 721.0799216784313
2880.0 729.4718278112708
2890.0 736.9832397838466
2900.0 745.7411304140213
2910.0 750.0165623673779
2920.0 763.7695132148776
2930.0 882.2884229045546
2940.0 764.2226707333655
2950.0 786.8963192892845
2960.0 780.2611964032693
2970.0 777.9580268114963
2980.0 791.244157941478
2990.0 794.9172144773445
3000.0 796.6613039934263
3010.0 805.7917935322045
3020.0 806.3649515879115
3030.0 820.979025765445
3040.0 825.2544099258149
3050.0 827.9424689252223
3060.0 839.6621769466252
3070.0 876.1495236175044
3080.0 852.7209633017421
3090.0 854.2130339550606
3100.0 870.77143156995
3110.0 961.8600800102188
3120.0 1094.698243656504
3130.0 1041.039203541445
3140.0 1159.6127261203694
3150.0 1375.7452589306783
3160.0 1462.07381654132
3170.0 1684.473759572918
3180.0 1308.534078717766
3190.0 1095.4170148774087
3200.0 1110.4722155076277
3210.0 1494.297067441046
3220.0 1284.098126209524
3230.0 1079.4827401041857
3240.0 1247.5557339471852
3250.0 1379.875914524071
3260.0 2194.24764998128
3270.0 1566.608516587923
3280.0 1785.926435482722
3290.0 2169.44230495299
3300.0 1595.5260098924014
3310.0 1847.1769694749605
3320.0 1580.857057951745
3330.0 2638.0314063576857
3340.0 1935.0767004360782
3350.0 1602.9171893876194
3360.0 1419.6494240647064
3370.0 1084.8549924057418
3380.0 1282.1722278996783
3390.0 1198.770281578616
3400.0 1546.021068625401
3410.0 1242.2051751412546
3420.0 1351.519616340935
3430.0 1374.1132089752512
3440.0 1055.9356034147272
3450.0 1151.8659549531174
3460.0 1133.2916801353983
3470.0 1143.2873238240704
3480.0 1256.477013008132
3490.0 1175.2511181170885
3500.0 1281.4476341154264
3510.0 1261.5996913625363
3520.0 1192.103263537987
3530.0 1469.3731330603136
3540.0 2301.4257936472136
3550.0 1797.061878752993
3560.0 1585.0995664122006
3570.0 1199.8793971062737
3580.0 1163.0290556025461
3590.0 1155.6781207567353
3600.0 1216.156004930662
3610.0 1248.7619226497798
3620.0 1409.6242081547755
3630.0 1557.8534480712783
3640.0 1731.2074154438894
3650.0 1443.2152005072946
3660.0 2295.593214138828
3670.0 2168.5215658665293
3680.0 1481.1522628725277
3690.0 1828.7297339587349
3700.0 1813.7602461995507
3710.0 1315.9024892525606
3720.0 1042.8509686745963
3730.0 1735.7727640271796
3740.0 934.9252205416124
3750.0 1042.1160862183547
3760.0 1272.8857544286457
3770.0 1904.5309573956501
3780.0 2265.6902988233396
3790.0 1899.6924401276885
3800.0 2073.5509109136538
3810.0 2055.2872565252287
3820.0 1171.2195030986304
3830.0 1283.0805280056263
3840.0 1777.837859872887
3850.0 1612.0738036943383
3860.0 1842.361250440569
3870.0 1650.556897660471
3880.0 1460.4922008579938
3890.0 1404.4387050414493
3900.0 1524.273536855988
3910.0 2097.926699352573
3920.0 1560.0809815720895
3930.0 1349.7149086030286
3940.0 1486.8626902596573
3950.0 1563.633703220041
3960.0 1392.142162892595
3970.0 1897.1047515931286
3980.0 3138.751111067033
3990.0 3660.11130567859
4000.0 3576.3508897170072
4010.0 4767.642212764538
4020.0 4681.341035775893
4030.0 1918.1277685511996
4040.0 3506.2439130133657
4050.0 4473.750035556183
4060.0 4884.775250283516
4070.0 5012.288368218764
4080.0 6394.390679643769
4090.0 7267.112751673445
4100.0 5844.606641539982
4110.0 4770.769094880916
4120.0 5009.250378129936
4130.0 4485.183464857168
4140.0 4539.738330584389
4150.0 4518.561647877667
4160.0 4318.991254937706
4170.0 3544.9568092118
4180.0 3175.990235379409
4190.0 2642.9421320046813
4200.0 2173.422786574762
4210.0 1691.4914711300426
4220.0 1220.3223530244877
4230.0 1069.492548074409
4240.0 1581.2953034617567
4250.0 1781.1495160467446
4260.0 2375.6811470339676
4270.0 2431.6652958539626
4280.0 2798.0149439061474
4290.0 2514.0209720580206
4300.0 3531.41313936625
4310.0 4520.038283914686
4320.0 5408.826879795138
4330.0 6485.253932725121
4340.0 6327.103832098637
4350.0 7271.119034128503
4360.0 8393.605584334218
4370.0 9127.433219355877
4380.0 4809.434402746697
4390.0 8521.898762489813
4400.0 8610.238762156394
4410.0 8421.442009096663
4420.0 9506.461655007159
4430.0 5825.4758273507905
4440.0 7745.701229571065
4450.0 8960.282940007664
4460.0 6271.614357076538
4470.0 11302.478043232264
4480.0 12247.07741741816
4490.0 13261.056965940557
4500.0 13930.47517561071
4510.0 12074.1686873611
4520.0 12728.497673800875
4530.0 9735.602043005427
4540.0 12599.965054152683
4550.0 10416.543811628362
4560.0 16673.615478278258
4570.0 19299.707561275358
4580.0 10622.898515832423
4590.0 7882.437496307499
4600.0 11225.651186575777
4610.0 11646.287257966538
4620.0 15811.122178105086
4630.0 10390.77901625059
4640.0 11612.688725942735
4650.0 10479.978043964802
4660.0 16391.9210644778
4670.0 11618.195960865472
4680.0 12192.475964376421
4690.0 17099.249789520265
4700.0 21050.103116424
4710.0 22910.296257198177
4720.0 16668.72055514122
4730.0 21047.77792589051
4740.0 20958.738917090748
4750.0 23021.803029295974
4760.0 14695.350019995001
4770.0 8719.766620441986
4780.0 10857.08248863736
4790.0 11474.891091425545
4800.0 9905.76697972806
4810.0 4313.229097541367
4820.0 7880.846764116983
4830.0 10613.822687127438
4840.0 13622.297134973809
4850.0 10932.991341705174
4860.0 11545.187480722136
4870.0 14200.009770635048
4880.0 14368.663673959214
4890.0 25699.851102280365
4900.0 27748.768701178793
4910.0 32020.38752080791
4920.0 32352.72227728373
4930.0 37864.04347991588
4940.0 28130.90420829123
4950.0 40589.701517121204
4960.0 10790.659004578349
4970.0 12578.937732415648
4980.0 12561.967222329273
4990.0 12751.845818646509
5000.0 10147.458389123089
5010.0 14530.128448643354
5020.0 9336.809342405215
5030.0 15310.466749242853
5040.0 11117.695145832406
5050.0 12070.61696165518
5060.0 11579.524630231843
5070.0 13166.204762935571
5080.0 10882.210283181641
5090.0 11937.88447075485
5100.0 13594.862133472368
5110.0 10162.135290015165
5120.0 11748.646075439548
5130.0 11776.569951899073
5140.0 11730.652645888305
5150.0 11478.308416476562
5160.0 11745.638831935
5170.0 5527.617938951352
5180.0 6502.295942041216
5190.0 8794.984963883773
5200.0 12510.525306086183
5210.0 7366.7059119199175
5220.0 26926.75116227197
5230.0 25716.57266764217
5240.0 30083.19900507567
5250.0 23781.521037340626
5260.0 24079.32038593689
5270.0 13132.68058679668
5280.0 28596.378119729863
5290.0 37154.37095839273
5300.0 30307.567244710306
5310.0 36340.80996502937
5320.0 29832.57896472542
5330.0 18882.72256555468
5340.0 30104.932820923113
5350.0 30501.64360074186
5360.0 31507.865456186806
5370.0 21744.793590609097
5380.0 36574.48294394094
5390.0 35175.68289633418
5400.0 23242.842520239086
5410.0 22163.020196077334
5420.0 36128.416539518854
5430.0 20651.51110167489
5440.0 32573.15996852179
5450.0 14517.849708977608
5460.0 15963.815425212952
5470.0 22294.569259980955
5480.0 23272.042218606937
5490.0 25653.424003928492
5500.0 18303.97834866232
5510.0 19777.999522958682
5520.0 25733.406128058505
5530.0 25332.90827386651
5540.0 25709.465129275457
5550.0 30242.28776782459
5560.0 30421.745153553504
5570.0 25972.28155368148
5580.0 25646.677213143306
5590.0 21134.487721730526
5600.0 17655.526706590994
5610.0 20029.766410835506
5620.0 19398.34267285614
5630.0 21351.24834706905
5640.0 20107.939784858787
5650.0 26028.587216994707
5660.0 22919.52373061793
5670.0 22794.19955910155
5680.0 25057.051687692405
5690.0 26705.946806377055
5700.0 27604.09836143498
5710.0 28457.920811541906
5720.0 29989.8891612557
5730.0 29419.71239817368
5740.0 31318.06399672881
5750.0 32083.52094120496
5760.0 26645.899466709252
5770.0 26262.963151347045
5780.0 28665.4455991316
5790.0 29459.512241787797
5800.0 29891.120617819146
5810.0 27027.602880851533
5820.0 26070.41362377561
5830.0 25220.55323326856
5840.0 22994.736347524693
5850.0 18665.486913049685
5860.0 16755.76519086572
5870.0 13442.88110704052
5880.0 8684.037782952857
5890.0 4487.080866288157
5900.0 6324.613567016042
5910.0 9714.584579889262
5920.0 13143.89447158784
5930.0 15661.615954023619
5940.0 18454.16057011949
5950.0 18238.622213346374
5960.0 18720.125768521473
5970.0 20833.092943921045
5980.0 22896.73161474622
5990.0 25976.990079927207
6000.0 25724.399265167303
6010.0 28013.091437598054
6020.0 30478.490708063906
6030.0 33947.24272415428
6040.0 34641.46830877955
6050.0 36868.34624142924
6060.0 39217.37655640867
6070.0 42357.903748676836
6080.0 48204.392953519695
6090.0 45207.45835846012
6100.0 39381.93348752036
6110.0 43775.3852206811
6120.0 38491.57476505611
6130.0 50500.037448944706
6140.0 53329.7973145828
6150.0 45015.12486243362
6160.0 25035.84699675016
6170.0 23624.48590157444
6180.0 27068.361188611278
6190.0 19626.44548341534
6200.0 22211.074703660226
6210.0 23230.93384365241
6220.0 17600.625898073875
6230.0 16312.10753956048
6240.0 17525.333817597202
6250.0 21357.035649808557
6260.0 23275.453175474137
6270.0 25220.83277139412
6280.0 25739.619193723356
6290.0 28287.69757466724
6300.0 29679.79924738568
6310.0 33215.57641433934
6320.0 35348.45551951976
6330.0 35666.47030880454
6340.0 41710.50923001127
6350.0 35336.15525031799
6360.0 28267.342974492356
6370.0 31096.515363837752
6380.0 27693.092656802073
6390.0 27676.968371986914
6400.0 33820.156460573446
6410.0 42300.65845277457
6420.0 40214.25011362694
6430.0 41474.98426535658
6440.0 44122.20842475215
6450.0 49311.63146003394
6460.0 48075.51841310199
6470.0 56807.534238667744
6480.0 45088.683550323854
6490.0 40075.05615418873
6500.0 39346.98447802754
6510.0 45328.89187190384
6520.0 48411.248864714034
6530.0 57176.2351407204
6540.0 64536.056635631016
6550.0 57086.061384633205
6560.0 62477.21678095286
6570.0 50197.617865411565
6580.0 61996.14847612248
6590.0 67975.66999036745
6600.0 66853.18417045238
6610.0 67069.07140774248
6620.0 63411.97669944503
6630.0 62055.850081490615
6640.0 61759.93996314652
6650.0 50105.93519434742
6660.0 44896.40214782659
6670.0 52745.552099950095
6680.0 39603.651903647864
6690.0 37370.60234253815
6700.0 39394.85122792547
6710.0 30029.1880602772
6720.0 26181.07932904579
6730.0 32058.691970904707
6740.0 34867.82024709826
6750.0 30709.366186735086
6760.0 33274.711114738886
6770.0 39385.2779825307
6780.0 33296.52313518532
6790.0 29863.137928343192
6800.0 33980.47398478411
6810.0 36095.0117660654
6820.0 33024.3287056713
6830.0 37163.56939962457
6840.0 37161.33322441627
6850.0 32582.326443012636
6860.0 31728.69652239991
6870.0 33134.54131845722
6880.0 35017.62455301574
6890.0 33728.678038837956
6900.0 35074.205849714264
6910.0 42343.26127042301
6920.0 38494.781714360826
6930.0 46536.858534351486
6940.0 46697.62690584966
6950.0 54722.63906250557
6960.0 58807.55538842915
6970.0 58580.50602364477
6980.0 62018.490974243854
6990.0 63337.193290676194
7000.0 62987.57038318861
7010.0 72250.85194257955
7020.0 78466.03594231352
7030.0 90787.59776093876
7040.0 121848.37736738613
7050.0 141328.12857561102
7060.0 53186.64303071982
7070.0 70140.98111655003
7080.0 82944.47180305695
7090.0 46465.92743738616
7100.0 43938.444035627064
7110.0 57533.42299363137
7120.0 68411.93053478083
7130.0 27812.436269904338
7140.0 33363.899375224966
7150.0 38935.66015629896
7160.0 44642.113667720565
7170.0 47902.07362781549
7180.0 58431.456922631296
7190.0 71781.80716358645
7200.0 49397.080889642806
7210.0 51733.92836643984
7220.0 69092.06833002492
7230.0 71646.18748900483
7240.0 80419.93576746367
7250.0 99179.03104467239
7260.0 111740.63748598681
7270.0 102540.42499718933
7280.0 98455.7181062644
7290.0 125980.56106627842
7300.0 138085.42642601478
7310.0 146367.31517274055
7320.0 143515.28968403183
7330.0 144151.50893817854
7340.0 162471.20230711592
7350.0 156080.98251077888
7360.0 157714.13729077516
7370.0 180762.72391320363
7380.0 170621.38345892183
7390.0 169310.6541913848
7400.0 169235.019035926
7410.0 171457.11947095246
7420.0 163210.1078837712
7430.0 169291.08492189227
7440.0 170779.58102593521
7450.0 159237.59690955948
7460.0 159464.9351157929
7470.0 167605.79830649428
7480.0 166414.77282874717
7490.0 161899.56470172372
7500.0 179635.4041326624
7510.0 169899.94026069026
7520.0 175639.2102097437
7530.0 177151.3233579787
7540.0 187168.04651770522
7550.0 196105.53667985834
7560.0 202046.30334486548
7570.0 192319.68319789233
7580.0 209597.29116064147
7590.0 161216.95659917526
7600.0 160177.594887871
7610.0 155251.37594469453
7620.0 182978.43507983736
7630.0 129702.11423277008
7640.0 121119.99882076867
7650.0 98673.34360988157
7660.0 51119.34593047284
7670.0 44338.13875886744
7680.0 76693.6629351609
7690.0 73322.73160820633
7700.0 41214.10056380161
7710.0 81921.23128196975
7720.0 110804.66244992432
7730.0 134054.18983580158
7740.0 145392.12721520732
7750.0 118094.70403228614
7760.0 118869.26390820685
7770.0 134745.79160515842
7780.0 132058.65180737682
7790.0 135086.08316101163
7800.0 137016.70205396425
7810.0 165307.8390718941
7820.0 159641.55688694632
7830.0 143741.60063186663
7840.0 142841.52807039546
7850.0 161438.04027811182
7860.0 165296.95118248524
7870.0 170181.44917584743
7880.0 184009.1755574695
7890.0 198418.2441558004
7900.0 192673.01279483788
7910.0 164797.30894409725
7920.0 180411.5213769807
7930.0 191379.9815750029
7940.0 196428.12747537516
7950.0 189484.85167730242
7960.0 217783.39805598886
7970.0 219611.20906277467
7980.0 217442.24925148522
7990.0 215322.16871416869
8000.0 222642.19128256087
8010.0 226475.2063180645
8020.0 236157.10075501245
8030.0 239619.086978278
8040.0 246531.33201054452
8050.0 231660.53219691172
8060.0 255717.0754911972
8070.0 249623.55463671059
8080.0 255599.0685567689
8090.0 270931.90429524146
8100.0 279451.5432738485
8110.0 278119.40457310976
8120.0 275223.44256507343
8130.0 291516.22668016504
8140.0 296015.35109280644
8150.0 305544.3366176055
8160.0 290741.03451717406
8170.0 287341.72379102226
8180.0 189297.68692272794
8190.0 169991.7885880218
8200.0 183177.13647866287
8210.0 247773.80791882784
8220.0 269093.56721176393
8230.0 285366.2512465771
8240.0 288062.7247149849
8250.0 292692.5836262848
8260.0 293274.14844033465
8270.0 280443.73315694876
8280.0 275914.3531114174
8290.0 270953.96781860996
8300.0 266754.0089359892
8310.0 268140.4650225876
8320.0 273356.0001664559
8330.0 235000.04065974185
8340.0 268191.3729089461
8350.0 262309.4839778282
8360.0 259061.05571386684
8370.0 269208.0197054732
8380.0 222533.7801954886
8390.0 222523.5085137762
8400.0 254677.27448254984
8410.0 254686.6326221154
8420.0 259213.80543869315
8430.0 200346.31192757818
8440.0 166455.41236445995
8450.0 152699.4830572495
8460.0 144740.16677925442
8470.0 136444.02710284828
8480.0 161304.9812924415
8490.0 173452.2890583388
8500.0 170839.62555529457
8510.0 157709.3321762587
8520.0 156523.79707153564
8530.0 165075.32278834732
8540.0 171652.74410495514
8550.0 190166.5310978192
8560.0 195502.37888338335
8570.0 202863.94194262646
8580.0 203366.79333729876
8590.0 201531.5556983307
8600.0 201777.75126747164
8610.0 205983.26675574033
8620.0 216083.6615187133
8630.0 217599.82195877394
8640.0 223530.29106778515
8650.0 220601.5491124375
8660.0 197216.01217670037
8670.0 219655.99229610313
8680.0 206568.87647598656
8690.0 187169.42476860736
8700.0 220752.94059281066
8710.0 228652.89397893954
8720.0 232210.9423499454
8730.0 244251.75947526327
8740.0 242881.71219791344
8750.0 247092.17666514072
8760.0 261506.21581084162
8770.0 257492.42866593384
8780.0 266823.2992219047
8790.0 281714.0516269527
8800.0 275661.6594579878
8810.0 271327.8189088521
8820.0 259053.50165883734
8830.0 281402.1652434605
8840.0 296372.6587254824
8850.0 306996.39689893933
8860.0 238226.6376308668
8870.0 216085.09873203328
8880.0 232865.2585888219
8890.0 235518.17098298212
8900.0 249210.89650070103
8910.0 267346.91776182275
8920.0 264360.05856416246
8930.0 277161.50624928006
8940.0 253027.6868377792
8950.0 250563.2510132476
8960.0 266375.60496411787
8970.0 270464.5039439194
8980.0 280112.2773794811
8990.0 291836.77516563586
9000.0 271683.66604742326
9010.0 291785.68653192895
9020.0 284188.21029107826
9030.0 278731.6548490225
9040.0 298002.96219348913
9050.0 300473.3682744822
9060.0 294428.0316415289
9070.0 300528.9966778333
9080.0 306033.2679802182
9090.0 299653.058883636
9100.0 316038.01171234273
9110.0 320794.6209511013
9120.0 322233.9679068802
9130.0 328916.336479836
9140.0 328502.7965773096
9150.0 326137.33521511656
9160.0 337081.1020838226
9170.0 334464.5773790182
9180.0 337026.602075465
9190.0 345537.12092570646
9200.0 339574.0894269496
9210.0 312348.7172910028
9220.0 296776.8536712435
9230.0 281716.72563320206
9240.0 292314.57011347066
9250.0 277047.24310421746
9260.0 288525.4251836341
9270.0 300762.92835797113
9280.0 279475.81944966206
9290.0 263471.6775418661
9300.0 261910.25975201317
9310.0 272812.48563186056
9320.0 264277.62169189146
9330.0 276374.1187198345
9340.0 286776.25479007483
9350.0 274230.7806366119
9360.0 279361.38296027936
9370.0 277176.3009129956
9380.0 279338.4429418093
9390.0 279909.0628712395
9400.0 279035.8168169137
9410.0 295768.18763024
9420.0 290455.87596966844
9430.0 301941.3395731843
9440.0 289642.8821536405
9450.0 289535.1004234942
9460.0 294842.2564309917
9470.0 304380.25208980305
9480.0 311174.28549936676
9490.0 317462.84109153616
9500.0 315491.38942558743
9510.0 311586.54168147995
9520.0 318675.14664578676
9530.0 321299.2144093475
9540.0 310820.1262749231
9550.0 300077.655250119
9560.0 324571.4704898683
9570.0 326365.49107546615
9580.0 332248.98374334804
9590.0 330776.20052694436
9600.0 284889.6422636394
9610.0 329782.90369481896
9620.0 338613.2375938208
9630.0 326363.9220845988
9640.0 253225.40959953424
9650.0 295885.27981916827
9660.0 340168.0683800886
9670.0 308175.1043765462
9680.0 286290.4900393353
9690.0 309593.55331004644
9700.0 325978.9243794361
9710.0 297610.2774067608
9720.0 328731.68512490205
9730.0 280769.5554470292
9740.0 292168.37585554074
9750.0 323193.09635691595
9760.0 333387.683559541
9770.0 305390.4985595217
9780.0 292610.4123303552
9790.0 298288.92047388677
9800.0 340562.70255874284
9810.0 333350.4458773025
9820.0 333290.4399445625
9830.0 326165.17199392646
9840.0 329416.67188196705
9850.0 338052.98795779597
9860.0 338737.32915744046
9870.0 338754.19033902086
9880.0 348515.90756655124
9890.0 350019.82254355546
9900.0 278948.476455449
9910.0 240775.72431569596
9920.0 247461.05272986746
9930.0 261064.79733243596
9940.0 300538.9215289056
9950.0 307449.4960479113
9960.0 306657.0170714011
9970.0 282975.1580587251
9980.0 289668.65941052354
9990.0 285586.63639842975
10010.0 285894.1311038331
10020.0 294291.2431176155
10030.0 294092.8016624521
10040.0 294271.16004646616
10050.0 273190.13497401186
10060.0 267090.10158845386
10070.0 299737.8799192446
10080.0 307377.64940546313
10090.0 293882.2210392455
10100.0 320829.8238435964
10110.0 298547.2483222161
10120.0 297953.4344946507
10130.0 312732.10106987413
10140.0 297456.1194922781
10150.0 302414.983326383
10160.0 293611.67884158494
10170.0 310607.4910350739
10180.0 297072.1038864574
10190.0 306408.82785785524
10200.0 314140.97461649874
10210.0 313171.8114458176
10220.0 298312.3869510551
10230.0 303465.0690896664
10240.0 332595.6017756297
10250.0 288089.0283316083
10260.0 273243.2504221799
10270.0 284884.14914762235
10280.0 272879.71451497846
10290.0 298217.91246902547
10300.0 288971.83785673004
10310.0 312543.5557985542
10320.0 289189.8353047202
10330.0 303744.97136456904
10340.0 247079.26423749642
10350.0 282597.5906789393
10360.0 309437.0439371298
10370.0 325095.13381381385
10380.0 301059.75027410797
10390.0 298181.75887231546
10400.0 294951.9766141407
10410.0 301966.77147414454
10420.0 312799.7578948291
10430.0 296610.47090957087
10440.0 327034.402508056
10450.0 327348.5479407089
10460.0 327504.3069584953
10470.0 295246.49755682057
10480.0 310975.0047246535
10490.0 323655.2834425427
10500.0 303284.00335742463
10510.0 306754.1121611294
10520.0 304453.8171081435
10530.0 344216.7035896528
10540.0 319603.4115747793
10550.0 324165.7402031308
10560.0 320676.010620585
10570.0 309347.97664811683
10580.0 318789.0642164702
10590.0 312966.83828724845
10600.0 332727.27169545967
10610.0 324671.4840608778
10620.0 315347.1725377296
10630.0 336954.22091042984
10640.0 326764.03857304994
10650.0 317890.22674428363
10660.0 303280.7406514995
10670.0 317948.8024459039
10680.0 315975.8780880756
10690.0 324798.4738067973
10700.0 325476.96458325186
10710.0 329910.9219548064
10720.0 332063.5647272443
10730.0 298873.3283193625
10740.0 330371.39457714534
10750.0 328778.42375867575
10760.0 324328.6767127237
10770.0 341718.7055667625
10780.0 339894.10708250134
10790.0 330627.8304339657
10800.0 327738.5696590382
10810.0 321854.62378304114
10820.0 335291.4358458305
10830.0 336110.3241060312
10840.0 338248.5701635364
10850.0 328851.82250417105
10860.0 321892.06843604706
10870.0 339960.10251557035
10880.0 346289.2741045494
10890.0 333797.95722590754
10900.0 344724.74698900996
10910.0 326435.5694554105
10920.0 333507.82355227775
10930.0 336501.54016567883
10940.0 346811.49597336556
10950.0 335956.45864991297
10960.0 328404.7941857137
10970.0 332871.3694972938
10980.0 321976.8084311349
10990.0 340579.166375849
11000.0 333121.494656358
11010.0 332636.326942471
11020.0 316253.6509084124
11030.0 320366.238399526
11040.0 323931.07674932684
11050.0 307521.20320644515
11060.0 324683.1124904678
11070.0 318429.93400512316
11080.0 316637.27448674134
11090.0 325965.664453208
11100.0 325261.9874154795
11110.0 318427.90818767354
11120.0 314896.69947413297
11130.0 324515.9608684644
11140.0 331614.6164893723
11150.0 318365.8898769186
11160.0 329128.3676614885
11170.0 327387.9821596133
11180.0 332344.4748458994
11190.0 319044.69440459536
11200.0 319682.992775263
11210.0 325484.1600022296
11220.0 322602.79746300203
11230.0 337132.96043762483
11240.0 330396.02357653773
11250.0 319850.37803519197
11260.0 327554.6031494622
11270.0 334114.78338658885
11280.0 326924.65502870164
11290.0 328446.6536922578
11300.0 310519.59721086896
11310.0 331557.0424398685
11320.0 335210.76169214194
11330.0 328257.0202480896
11340.0 326824.85839294735
11350.0 326424.620080989
11360.0 321345.84116382647
11370.0 302944.1990621609
11380.0 227519.5160023153
11390.0 289249.2044647711
11400.0 223999.2769791495
11410.0 262355.7702226353
11420.0 303575.348225219
11430.0 324165.53661108064
11440.0 314307.7331577453
11450.0 319708.6147689376
11460.0 328210.8362950442
11470.0 328758.45186690235
11480.0 325662.4933428643
11490.0 332881.09672184824
11500.0 337768.055869413
11510.0 332208.1962814251
11520.0 333047.01502052887
11530.0 335552.9948827896
11540.0 322427.7016373005
11550.0 330007.3049960666
11560.0 330614.77539620345
11570.0 333211.584362619
11580.0 333333.2976519568
11590.0 310347.7932451203
11600.0 325377.22634645907
11610.0 285045.2411676431
11620.0 328485.89005783264
11630.0 328845.4566833777
11640.0 300618.84636874404
11650.0 327403.57410430606
11660.0 327080.05383750243
11670.0 329665.08126518945
11680.0 316206.394990738
11690.0 223586.53285209995
11700.0 316488.7723166606
11710.0 325501.505444072
11720.0 325881.98953933764
11730.0 328147.7967085146
11740.0 317601.5999161882
11750.0 317624.96279998653
11760.0 305578.19766412687
11770.0 193553.24119696455
11780.0 263785.213809628
11790.0 313553.2944226711
11800.0 319457.88742134033
11810.0 317111.01190017984
11820.0 316456.509853013
11830.0 299572.95038567187
11840.0 321406.31988317455
11850.0 317922.218524838
11860.0 324879.7119638768
11870.0 323705.1244700168
11880.0 263757.37389768794
11890.0 301770.9257857161
11900.0 325469.165649042
11910.0 320927.735476854
11920.0 326718.0743489295
11930.0 324630.62899785425
11940.0 318760.6530760669
11950.0 302598.3533309366
11960.0 308370.97205947246
11970.0 255869.29074776868
11980.0 297527.28740396927
11990.0 308050.1403379135
12000.0 313768.20601424697
12010.0 317032.0807733357
12020.0 315387.25413846876
12030.0 309978.5058249883
12040.0 323461.7380243617
12050.0 315015.67914699967
12060.0 324594.2213358294
12070.0 313686.2311629152
12080.0 321570.0902507412
12090.0 312372.3769893328
12100.0 321077.9723068659
12110.0 310583.4055508508
12120.0 320304.2264474269
12130.0 314281.19351036416
12140.0 324280.8403641762
12150.0 326209.1941798625
12160.0 315570.5632820644
12170.0 326947.2379598594
12180.0 322056.43455806084
12190.0 320681.81618321035
12200.0 315031.59268166387
12210.0 319026.9060338348
12220.0 319733.7035507812
12230.0 320845.5533620675
12240.0 320063.2471419855
12250.0 324854.44687707553
12260.0 324063.8761677
12270.0 319484.77163578814
12280.0 325264.0549474882
12290.0 320096.67245767574
12300.0 322027.8877071271
12310.0 318904.02979676303
12320.0 315591.30494522536
12330.0 315630.8036647276
12340.0 318794.3359227999
12350.0 322120.179560802
12360.0 316131.9328030743
12370.0 319337.8444702716
12380.0 324306.9838306783
12390.0 310979.19439347245
12400.0 310724.6566628705
12410.0 304932.11000020104
12420.0 294539.23985152604
12430.0 254792.91354782996
12440.0 298290.66775893606
12450.0 310587.696257021
12460.0 311272.2087254209
12470.0 308745.1254392186
12480.0 310598.1015838476
12490.0 312399.6209612343
12500.0 308358.9130370805
12510.0 303926.1025563575
12520.0 236043.02965619683
12530.0 298525.1220698415
12540.0 309807.1841605155
12550.0 309375.90255258576
12560.0 309296.37994149415
12570.0 309335.0298614223
12580.0 312290.54585508053
12590.0 303497.1523923323
12600.0 311631.37385779474
12610.0 311119.94991866784
12620.0 308694.24529916106
12630.0 307410.8598517757
12640.0 301472.2078642516
12650.0 311334.71447587415
12660.0 310598.07667000004
12670.0 304390.24217983556
12680.0 290223.4456946068
12690.0 311196.9867103474
12700.0 306793.3244385004
12710.0 311541.0935306977
12720.0 314242.02215236076
12730.0 311696.42748393107
12740.0 301045.17476268025
12750.0 305884.288437621
12760.0 314532.2576327623
12770.0 309882.12312108703
12780.0 305859.96792410954
12790.0 313546.76087381114
12800.0 309013.8776814674
12810.0 307300.7812079106
12820.0 283650.73991608305
12830.0 294666.93033574795
12840.0 303588.22719982034
12850.0 296334.479634384
12860.0 297541.78177511564
12870.0 304770.75926875137
12880.0 303246.82254239655
12890.0 301708.66557895346
12900.0 275440.2558954033
12910.0 295137.1630732728
12920.0 304539.70951830683
12930.0 301438.2515812896
12940.0 305318.5243346776
12950.0 302643.50512671226
12960.0 306145.8221077411
12970.0 304667.9907111121
12980.0 304688.6222731654
12990.0 302240.3286835012
13000.0 307869.6133350883
13010.0 299699.35081813886
13020.0 306209.67833126325
13030.0 305546.29555108066
13040.0 307356.48114668083
13050.0 304198.8927916449
13060.0 304276.9468911764
13070.0 302052.8915201748
13080.0 298334.9922388358
13090.0 294684.60097158345
13100.0 302917.3125061721
13110.0 295872.1205027011
13120.0 245700.5706126878
13130.0 270152.0048338461
13140.0 290047.6876698264
13150.0 252058.76766061512
13160.0 293512.6219158807
13170.0 300022.18146083667
13180.0 299310.01425651275
13190.0 303278.3567213755
13200.0 297535.3353043065
13210.0 295757.9688989986
13220.0 297825.34117309767
13230.0 297802.4079278504
13240.0 299657.61173012195
13250.0 290466.204827244
13260.0 296863.1531443963
13270.0 285716.33287672844
13280.0 293482.4287587924
13290.0 275876.1158776014
13300.0 286497.99658008164
13310.0 277890.71826045006
13320.0 244784.69576956253
13330.0 281648.6445788254
13340.0 252628.01841769094
13350.0 232112.47797760603
13360.0 244298.29244603374
13370.0 238252.2697581161
13380.0 248713.04583633976
13390.0 251775.0467769542
13400.0 246415.7187141384
13410.0 250471.7836677445
13420.0 238274.39584583818
13430.0 238771.3947522927
13440.0 229917.02721992432
13450.0 256441.79042862417
13460.0 245286.12190339394
13470.0 241305.94368273765
13480.0 242249.2193886662
13490.0 254975.18411414098
13500.0 220188.3208113126
13510.0 248684.78333835016
13520.0 240413.45405275995
13530.0 245067.71969827206
13540.0 231150.901208545
13550.0 234121.1226326509
13560.0 251493.8239243617
13570.0 239451.0367108386
13580.0 239227.40911476378
13590.0 236158.91245753903
13600.0 248507.0791535783
13610.0 237378.24289512655
13620.0 225989.52754723304
13630.0 236321.92492143493
13640.0 231419.94761979545
13650.0 246529.50497228475
13660.0 239710.92775588683
13670.0 245344.7232813629
13680.0 238442.10636131951
13690.0 242300.45800703068
13700.0 245563.4432667262
13710.0 229759.60776772778
13720.0 249639.7966925982
13730.0 241527.53822927314
13740.0 246049.17764932849
13750.0 245160.80078681448
13760.0 243635.65364062635
13770.0 248505.3014729967
13780.0 242525.04065879344
13790.0 246992.34978365427
13800.0 248077.49748283895
13810.0 251934.31234199548
13820.0 233707.42022488336
13830.0 243653.68744426098
13840.0 248675.16241898687
13850.0 241581.17494672432
13860.0 229605.74008537168
13870.0 248783.88218178635
13880.0 231927.80618103567
13890.0 241757.4843786004
13900.0 225490.46793425566
13910.0 226221.98609318034
13920.0 223879.85456534353
13930.0 232328.1561263666
13940.0 232563.96958813633
13950.0 223898.67009905144
13960.0 236064.26806915662
13970.0 222132.34794385944
13980.0 217140.09388528814
13990.0 228762.82686401322
14000.0 215488.23775107
14010.0 225899.04148651529
14020.0 230860.63941377
14030.0 235346.0792166792
14040.0 223985.20147693672
14050.0 224120.70018532703
14060.0 231232.1079940471
14070.0 219200.2603198646
14080.0 223638.42366296018
14090.0 217610.79552907558
14100.0 220634.17620992425
14110.0 220076.13933815746
14120.0 210325.4877558808
14130.0 224887.96843564475
14140.0 204018.8411142415
14150.0 222916.49725541868
14160.0 219351.16219768068
14170.0 201035.05527313912
14180.0 214198.82432808354
14190.0 201947.3346315641
14200.0 215953.49731239077
14210.0 217733.6348268064
14220.0 213521.69960036612
14230.0 208182.45010714294
14240.0 208775.0715128706
14250.0 207635.3418859864
14260.0 206237.90177459698
14270.0 208742.76752558385
14280.0 202124.41140881713
14290.0 202691.26956858067
14300.0 221685.76528355182
14310.0 211779.8040425275
14320.0 210001.09537950167
14330.0 212750.82980722218
14340.0 204168.74453926273
14350.0 211167.15082440327
14360.0 210270.42918843075
14370.0 218510.71123898245
14380.0 213749.64228362037
14390.0 201296.94433963622
14400.0 218360.1099492053
14410.0 200286.80506593751
14420.0 211465.12094479945
14430.0 224546.48852878422
14440.0 210886.00888791739
14450.0 201444.16952011688
14460.0 216051.78053997553
14470.0 205456.01204899544
14480.0 213946.7118762571
14490.0 218850.22574597606
14500.0 202565.4996821915
14510.0 212845.51502789726
14520.0 221259.43541202485
14530.0 209755.74953136858
14540.0 211613.53513247412
14550.0 218426.7930701633
14560.0 201410.8123325142
14570.0 206561.45682093906
14580.0 221215.5565835914
14590.0 216636.81979753904
14600.0 211354.09034042349
14610.0 209323.9664199201
14620.0 203804.55738443288
14630.0 204230.5730048456
14640.0 211386.62916010348
14650.0 216556.66248998104
14660.0 209987.98884238378
14670.0 203644.1625729221
14680.0 198052.89603912772
14690.0 201133.90818594446
14700.0 204105.75420042107
14710.0 208067.56196935274
14720.0 211881.28965524008
14730.0 210428.9799831687
14740.0 197899.4773850499
14750.0 201379.25742913855
14760.0 208179.47034404223
14770.0 200690.16085009807
14780.0 208398.0189832026
14790.0 204570.8545329898
14800.0 201577.6649152039
14810.0 201026.89386586446
14820.0 203322.9694987751
14830.0 211837.70250323773
14840.0 205159.8889768695
14850.0 204517.23785783988
14860.0 211310.49246440156
14870.0 206064.63609390767
14880.0 200337.90628538866
14890.0 206960.45344050307
14900.0 201975.0966423082
14910.0 212823.74197370483
14920.0 202585.04873502112
14930.0 212434.465910214
14940.0 202423.61355208867
14950.0 202279.71206922378
14960.0 208103.47960053955
14970.0 211297.994634772
14980.0 213289.21784817654
14990.0 207728.0376966856
15000.0 199419.94762083684
15010.0 205132.17890127268
15020.0 196314.32327360072
15030.0 205492.75972642962
15040.0 209169.48246795742
15050.0 206913.01757028114
15060.0 208756.1342660654
15070.0 206709.4501462796
15080.0 204295.44209301076
15090.0 215117.4894983588
15100.0 206780.7422498559
15110.0 208671.09930138921
15120.0 212096.3277384162
15130.0 198709.39161180088
15140.0 217968.9521923667
15150.0 209992.28218783077
15160.0 188348.0795138827
15170.0 179494.4722801342
15180.0 212914.52617677467
15190.0 208856.88739596133
15200.0 209139.2184238463
15210.0 220000.10769533788
15220.0 209600.89717723476
15230.0 219040.96872900083
15240.0 205782.99419417803
15250.0 207993.34495371574
15260.0 201167.62586156203
15270.0 210746.22745549536
15280.0 206444.07092460184
15290.0 213628.39672274023
15300.0 214471.77965136722
15310.0 212573.92369623727
15320.0 195473.51883529802
15330.0 208057.39442425212
15340.0 210528.48140071452
15350.0 208761.46108874914
15360.0 213600.5400423482
15370.0 211972.37169546194
15380.0 209738.266503012
15390.0 210883.22817728037
15400.0 204525.17205480332
15410.0 208680.46475272102
15420.0 203232.72737020685
15430.0 208725.50137869117
15440.0 208899.7325354908
15450.0 214655.5515567019
15460.0 213107.49335970875
15470.0 206455.75499763855
15480.0 210239.44705929133
15490.0 214428.9895493128
15500.0 204233.6027787278
15510.0 210176.80858913268
15520.0 216204.2151342972
15530.0 208693.39209765423
15540.0 205102.1794829585
15550.0 211356.46727454613
15560.0 211481.62455913136
15570.0 205472.0241041871
15580.0 207693.56675886762
15590.0 213133.3795460072
15600.0 209656.90686417613
15610.0 209039.95434051353
15620.0 213905.59844253343
15630.0 212684.01228072678
15640.0 214357.0992394508
15650.0 203396.3483577613
15660.0 210205.6316501193
15670.0 217974.44314424353
15680.0 216904.41429396655
15690.0 210162.3873266593
15700.0 211004.88612905866
15710.0 213525.67149969595
15720.0 207420.48342436602
15730.0 210407.2065575222
15740.0 217410.2066512372
15750.0 213843.2510215026
15760.0 210553.2292423455
15770.0 215596.47683024622
15780.0 210146.6468621311
15790.0 217858.4462534722
15800.0 212092.94603368244
15810.0 215999.4603526058
15820.0 216965.18204899732
15830.0 214336.19828444
15840.0 210383.97490287278
15850.0 214651.37191420287
15860.0 217423.84930155185
15870.0 217250.432133979
15880.0 217005.64834910864
15890.0 212512.14437888275
15900.0 212239.81774425707
15910.0 213932.02523998747
15920.0 215529.31653299852
15930.0 213815.0331845174
15940.0 215810.52022241373
15950.0 218821.0026100878
15960.0 219440.78537027907
15970.0 214768.8401958413
15980.0 216381.9638552746
15990.0 214338.87719070297
16000.0 215953.1965459665
16010.0 218360.35996280235
16020.0 216453.61374346085
16030.0 218685.8478951993
16040.0 211290.94240608672
16050.0 216219.00013135257
16060.0 212918.17503608592
16070.0 216413.09725936648
16080.0 216267.39279683068
16090.0 216478.0186893814
16100.0 215620.32494516444
16110.0 216086.80857106711
16120.0 214410.08853508614
16130.0 212726.0133960765
16140.0 212241.3035470763
16150.0 207389.7815908081
16160.0 210127.46999078096
16170.0 215440.89370500724
16180.0 213593.30432930586
16190.0 204109.6846292427
16200.0 206402.62176450156
16210.0 208981.1612577872
16220.0 215168.70137488635
16230.0 215343.71177638473
16240.0 216634.12955547642
16250.0 212836.7476788738
16260.0 213680.94496412334
16270.0 218291.81397663747
16280.0 217414.27409877183
16290.0 217355.4615884446
16300.0 217141.92717714628
16310.0 216358.54701199976
16320.0 214349.80094446128
16330.0 219917.17062257655
16340.0 215941.32983072105
16350.0 214366.61728748758
16360.0 215058.8000654775
16370.0 217163.6447268453
16380.0 216331.5984361829
16390.0 215330.78723408218
16400.0 216037.49144725292
16410.0 214223.94994674769
16420.0 216017.11663835065
16430.0 216883.87638754144
16440.0 216741.67432742697
16450.0 216588.23259767948
16460.0 215172.29832974417
16470.0 217874.14478213314
16480.0 217998.66936683166
16490.0 214969.94894224466
16500.0 215869.44883934193
16510.0 215162.35937873425
16520.0 216578.06960309515
16530.0 215376.85046480602
16540.0 214314.2351819318
16550.0 217337.54000484163
16560.0 218929.18867035842
16570.0 216465.83765024142
16580.0 215434.42694356214
16590.0 215302.15654551078
16600.0 214692.7264609026
16610.0 213349.01669331992
16620.0 214761.32384965668
16630.0 215840.96921288653
16640.0 215707.95556792253
16650.0 215729.57559085192
16660.0 213248.84692264767
16670.0 211275.55068558626
16680.0 215435.30532657282
16690.0 214891.53060602542
16700.0 211818.03398430962
16710.0 210207.5355246446
16720.0 207234.36786558907
16730.0 211661.78611824344
16740.0 211124.5058245549
16750.0 205075.6772355665
16760.0 209220.48130635166
16770.0 209791.3893430363
16780.0 213662.07471212203
16790.0 213397.84920159445
16800.0 212824.85944034797
16810.0 212751.02909808967
16820.0 212465.67589782027
16830.0 212678.64599904438
16840.0 211337.24640362227
16850.0 211085.6170957566
16860.0 210643.22426088268
16870.0 208893.80674930345
16880.0 207031.43632630093
16890.0 206750.99194887406
16900.0 208149.7254258027
16910.0 209531.3307389211
16920.0 203467.68104915653
16930.0 210708.8142839586
16940.0 206161.11780143256
16950.0 205957.10804633514
16960.0 205663.18005994929
16970.0 200766.1198381135
16980.0 206129.8959910331
16990.0 202477.4490058375
17000.0 201798.62239556827
17010.0 203855.29571895968
17020.0 203110.62488569302
17030.0 202412.01832443677
17040.0 199100.4768854195
17050.0 197750.64536155373
17060.0 200219.43537595277
17070.0 197466.8069858467
17080.0 190898.70617537206
17090.0 198302.33236445204
17100.0 193666.65958232828
17110.0 185582.35146901745
17120.0 192324.9360301497
17130.0 192170.37625416828
17140.0 187808.81357976297
17150.0 191924.59276258707
17160.0 188034.95221677102
17170.0 187793.39194609202
17180.0 183184.18494126233
17190.0 182478.47681013073
17200.0 189786.89275343064
17210.0 183832.7135593208
17220.0 188213.0504304541
17230.0 178406.09095419187
17240.0 188585.87030310684
17250.0 191300.89852975545
17260.0 175058.16701961175
17270.0 180111.57577348896
17280.0 184323.4647853522
17290.0 179167.83405075953
17300.0 189893.7350851974
17310.0 174761.90742916273
17320.0 174015.49160725778
17330.0 183861.471306779
17340.0 172291.01440289876
17350.0 172968.95775888578
17360.0 178107.7625755669
17370.0 175788.12724345402
17380.0 172907.2204426987
17390.0 175117.6354282112
17400.0 167450.64214764943
17410.0 173300.9251386189
17420.0 172278.78183264157
17430.0 171454.66636697613
17440.0 169107.1751549151
17450.0 170251.5908468855
17460.0 167874.0554893347
17470.0 167034.29103317167
17480.0 172361.38473363727
17490.0 166676.85257164214
17500.0 155707.30656374898
17510.0 167013.776794516
17520.0 169050.88127770292
17530.0 165528.9500050063
17540.0 160592.56168339323
17550.0 157836.16037911634
17560.0 150184.9302073343
17570.0 161972.9541346216
17580.0 153774.76886861227
17590.0 161393.2778451632
17600.0 158422.18321970795
17610.0 164498.59652498347
17620.0 147367.86822532318
17630.0 160125.25216267735
17640.0 153124.0723462112
17650.0 159457.8239429626
17660.0 162639.56095622442
17670.0 148451.27766228965
17680.0 140536.3500421976
17690.0 161118.25894377744
17700.0 154452.05807906622
17710.0 148091.45745350493
17720.0 140454.32387744
17730.0 152234.23744775465
17740.0 151706.2467366502
17750.0 147715.27730430834
17760.0 137651.768667474
17770.0 148429.0046305728
17780.0 147717.79864996683
17790.0 138169.60525720232
17800.0 156250.16555367757
17810.0 132197.9240642574
17820.0 138104.65399914765
17830.0 149322.49884620527
17840.0 145936.87440503942
17850.0 136112.98258533052
17860.0 138661.98266168698
17870.0 132931.4510995866
17880.0 138609.09051951763
17890.0 148622.94793298226
17900.0 140620.77907629663
17910.0 130326.20566095512
17920.0 137674.34562612156
17930.0 137081.16205188062
17940.0 135149.11947083857
17950.0 143527.15909339575
17960.0 123915.68759758209
17970.0 144717.17750726186
17980.0 147367.45780266577
17990.0 126026.13182281538
18000.0 130116.04576824626
18010.0 128153.01666470367
18020.0 130853.80353302161
18030.0 132629.45198123492
18040.0 137450.98917832642
18050.0 127228.75371773235
18060.0 137625.54723446374
18070.0 125500.17347079016
18080.0 127568.57468148448
18090.0 139347.5470366133
18100.0 126095.64332066475
18110.0 128404.90137714529
18120.0 119604.62681443816
18130.0 137575.0962486955
18140.0 142440.28696328786
18150.0 128662.71439784873
18160.0 139569.20322233357
18170.0 123356.27415400298
18180.0 124985.93879581672
18190.0 124337.41390232272
18200.0 126426.94048944696
18210.0 123238.2328786297
18220.0 119478.11008938093
18230.0 143535.6071367846
18240.0 137209.5150982548
18250.0 131896.35548795568
18260.0 117999.64656415518
18270.0 118366.0889413023
18280.0 133151.5219942717
18290.0 136170.35762384793
18300.0 125896.24465999404
18310.0 129167.37114624871
18320.0 114827.78384081801
18330.0 129540.24473476344
18340.0 128683.65783155816
18350.0 124878.0751304882
18360.0 128106.67357599875
18370.0 116992.69657825163
18380.0 132047.45067220414
18390.0 113671.97431363071
18400.0 127844.41847973569
18410.0 133964.33110424102
18420.0 115856.32579552487
18430.0 116070.22939898798
18440.0 112055.15163185779
18450.0 120235.18259663062
18460.0 113487.56187575341
18470.0 107741.26562717375
18480.0 104754.1120371278
18490.0 119689.73608761799
18500.0 116017.89307520128
18510.0 124154.02075501069
18520.0 125479.21736942492
18530.0 107835.33417858522
18540.0 116855.05462035364
18550.0 122907.59435523504
18560.0 103538.83675296327
18570.0 107496.54861424035
18580.0 104541.47307418879
18590.0 104971.22881411531
18600.0 104007.45333329724
18610.0 107032.66699949019
18620.0 116079.95121076495
18630.0 117081.79658593774
18640.0 113028.32679495902
18650.0 104458.53125876562
18660.0 120927.65010410413
18670.0 113020.66271328517
18680.0 111055.71471200955
18690.0 121105.28182275493
18700.0 118040.35028563172
18710.0 109370.9101052769
18720.0 113666.10095833536
18730.0 100428.62826632732
18740.0 116780.03668737896
18750.0 116788.96807779487
18760.0 109773.36173156716
18770.0 111300.332448114
18780.0 107336.64185327334
18790.0 109917.15368734096
18800.0 118980.26427371653
18810.0 111588.96570270033
18820.0 120347.40741947062
18830.0 124864.6985407709
18840.0 114990.736837734
18850.0 107941.51770235832
18860.0 115007.85979414731
18870.0 121999.65081454709
18880.0 112051.66647656226
18890.0 117314.341417087
18900.0 116730.93822144413
18910.0 109408.97386563667
18920.0 103233.38356107485
18930.0 113648.90432632188
18940.0 109891.4780429775
18950.0 120560.01865756573
18960.0 113247.8544466033
18970.0 116668.70771560987
18980.0 107461.6623388999
18990.0 120449.79783990572
19000.0 121328.95531395146
19010.0 111961.64789265636
19020.0 117017.26476660854
19030.0 113762.6638571324
19040.0 119257.61818249285
19050.0 114456.46088914367
19060.0 108232.3170704993
19070.0 115962.2450649226
19080.0 120143.63289869516
19090.0 116715.85663835004
19100.0 112665.00419734408
19110.0 104353.41759143698
19120.0 118091.24488494358
19130.0 117481.35217547155
19140.0 118223.01841731902
19150.0 117833.25160594995
19160.0 107336.57564768456
19170.0 114148.35380095863
19180.0 114094.9621140364
19190.0 113208.96204330024
19200.0 110094.90523154565
19210.0 114597.0020367247
19220.0 109617.06284426217
19230.0 112453.2009688381
19240.0 108397.45141196271
19250.0 114448.47886389587
19260.0 105527.0164717992
19270.0 114947.73023859496
19280.0 110486.66305007787
19290.0 104997.76044814053
19300.0 94115.93849856246
19310.0 73717.23890427519
19320.0 99369.86546842453
19330.0 102579.5501874705
19340.0 110834.65506698976
19350.0 111540.15009808113
19360.0 111023.82929062285
19370.0 111765.43063961093
19380.0 103358.2981394842
19390.0 103190.68979603979
19400.0 103265.37160963239
19410.0 105624.25990338429
19420.0 108055.3200025788
19430.0 96827.76722457129
19440.0 92516.52546089499
19450.0 71691.81328308408
19460.0 87236.31413775877
19470.0 99242.45176428642
19480.0 95804.75341229873
19490.0 99527.16027368378
19500.0 87850.59128622855
19510.0 80953.8280186172
19520.0 100780.93015323656
19530.0 103322.0633322872
19540.0 104236.13080256384
19550.0 98420.84864743994
19560.0 103017.19649222505
19570.0 113989.55694759957
19580.0 110095.19555223171
19590.0 107476.9323053381
19600.0 100954.03769168202
19610.0 105522.7873179046
19620.0 108540.35835978609
19630.0 97721.58682120482
19640.0 107559.57002902942
19650.0 105960.36158189706
19660.0 110047.18927837568
19670.0 102209.732124281
19680.0 104768.68211011769
19690.0 106648.15524247583
19700.0 108453.89330785032
19710.0 98350.79826823346
19720.0 106845.74438902388
19730.0 96077.94322854912
19740.0 100014.02036688644
19750.0 87614.8496832399
19760.0 87133.86613931986
19770.0 77829.79174206311
19780.0 66770.95247730448
19790.0 85862.2755214072
19800.0 88605.99680458751
19810.0 94271.56314885581
19820.0 93506.5652209679
19830.0 98058.33035550627
19840.0 96479.5556251698
19850.0 92043.16603595755
19860.0 73822.1285844398
19870.0 91282.7971631463
19880.0 96010.86409398809
19890.0 93268.75205459543
19900.0 91970.97085112898
19910.0 94143.10967369817
19920.0 90888.56332993825
19930.0 100254.03812430256
19940.0 95740.91605343686
19950.0 96804.17911633468
19960.0 105631.53631603435
19970.0 88281.91810252836
19980.0 103354.92873518333
19990.0 95186.50965665
20010.0 100784.78602344844
20020.0 99118.39272185766
20030.0 101615.99155432249
20040.0 98495.15052192978
20050.0 99863.7476201271
20060.0 98143.23485330516
20070.0 100554.71021368924
20080.0 96137.92570914366
20090.0 95785.97933637058
20100.0 93459.03932724381
20110.0 98328.5013706369
20120.0 97715.53177752583
20130.0 93311.60431448897
20140.0 104498.06497976772
20150.0 97282.83377438194
20160.0 95020.0866966931
20170.0 95854.62374636064
20180.0 97841.97292531242
20190.0 89915.00822828796
20200.0 94871.7304274455
20210.0 104241.28883336666
20220.0 96638.37213308405
20230.0 99664.06755876179
20240.0 100667.63311329782
20250.0 95316.35079208914
20260.0 92058.12459592178
20270.0 92624.61652808217
20280.0 99881.0865847028
20290.0 93068.99076727178
20300.0 93795.46068921575
20310.0 98298.6955011934
20320.0 101610.42005755204
20330.0 97690.56734211168
20340.0 97471.66853903056
20350.0 91175.96846509931
20360.0 98683.67951537887
20370.0 99814.75268889488
20380.0 97631.12798189338
20390.0 91624.10539799335
20400.0 96575.08493827397
20410.0 95659.93400823476
20420.0 101974.05658197454
20430.0 94333.49268919922
20440.0 90498.43491635217
20450.0 92739.3152619251
20460.0 97633.53372905482
20470.0 100966.83231692079
20480.0 93047.06702196345
20490.0 89128.12484593708
20500.0 98399.8147914878
20510.0 99553.40757778137
20520.0 96743.99143603627
20530.0 96859.03313432776
20540.0 89333.76694848744
20550.0 94451.84788366171
20560.0 98783.56893067229
20570.0 97141.8230926811
20580.0 100857.93737062548
20590.0 96776.3817658863
20600.0 94237.43927344616
20610.0 96939.4048666424
20620.0 94756.41013913881
20630.0 90426.0014966273
20640.0 90837.67396704307
20650.0 93412.6245529306
20660.0 99038.93225203078
20670.0 93456.59706655383
20680.0 97779.02899326167
20690.0 92459.52203580234
20700.0 102527.61585605105
20710.0 92621.43194923285
20720.0 95094.23773935491
20730.0 91783.39313506334
20740.0 95413.72864687351
20750.0 96238.28626566583
20760.0 91799.05599914657
20770.0 96470.88784297925
20780.0 96357.78659654445
20790.0 96163.91586712428
20800.0 97189.18004484789
20810.0 91214.63833604772
20820.0 96679.4567009675
20830.0 94986.34040015057
20840.0 95356.2821729244
20850.0 92804.90605519695
20860.0 95986.48404858034
20870.0 94176.65214673775
20880.0 95747.17235643172
20890.0 90884.72667182866
20900.0 97762.75109629186
20910.0 96237.12762833423
20920.0 100520.6237251024
20930.0 93482.75465070133
20940.0 93296.74113997306
20950.0 95891.4517378973
20960.0 93258.03044089078
20970.0 93740.07325380394
20980.0 98416.19616843216
20990.0 91705.84719193478
21000.0 96327.77231924167
21010.0 96036.40955494923
21020.0 94617.24289140783
21030.0 96124.3915743744
21040.0 97034.39909778521
21050.0 93521.84196324414
21060.0 97949.8969345471
21070.0 95407.26933435595
21080.0 91197.73218750463
21090.0 96665.30347095097
21100.0 98721.32185577037
21110.0 92436.46534512016
21120.0 93414.48494092794
21130.0 97114.50237713105
21140.0 98277.01343274412
21150.0 95054.87933165357
21160.0 95619.76233599309
21170.0 91022.21864167927
21180.0 97917.75464630082
21190.0 95092.52195353371
21200.0 95250.94736235785
21210.0 96469.79187149303
21220.0 96725.89548079245
21230.0 94522.64019396449
21240.0 98497.5737433433
21250.0 95231.67591358593
21260.0 95196.09292524232
21270.0 92826.44603658478
21280.0 93527.8232457804
21290.0 94390.43255580694
21300.0 95635.46496345657
21310.0 98417.12747036682
21320.0 95081.69607458355
21330.0 97490.00377717396
21340.0 94245.70757950503
21350.0 98156.75047724953
21360.0 95161.69347491533
21370.0 95042.68656737673
21380.0 93832.99575819258
21390.0 96504.2300471532
21400.0 92676.9544313704
21410.0 96381.42991014759
21420.0 92936.91148720347
21430.0 98666.59516189345
21440.0 97837.45479909735
21450.0 97190.56587254367
21460.0 97756.02075423609
21470.0 96613.6518088226
21480.0 94285.04095821058
21490.0 94181.37820240996
21500.0 93741.5535428471
21510.0 95999.05297528401
21520.0 94396.83650120813
21530.0 96285.44581709757
21540.0 96509.14183696019
21550.0 95504.5576457547
21560.0 95197.3723351303
21570.0 97038.49616816825
21580.0 97142.48488285387
21590.0 95307.48768718696
21600.0 94980.91658336914
21610.0 97550.07756934506
21620.0 94824.92064638983
21630.0 94770.63781085631
21640.0 96848.25306652953
21650.0 95190.19841315696
21660.0 96088.78584826524
21670.0 96232.91079054735
21680.0 97654.30806704158
21690.0 97368.6328515885
21700.0 93837.19772765081
21710.0 95518.76869173559
21720.0 94761.07974653813
21730.0 95680.65089083684
21740.0 95916.57612455325
21750.0 94066.45344642337
21760.0 94232.3588563438
21770.0 95008.12835563943
21780.0 92091.32659112838
21790.0 94693.99992002151
21800.0 94240.37347344817
21810.0 96659.18813751086
21820.0 93455.12237691505
21830.0 94447.08870407462
21840.0 94815.670118561
21850.0 95426.0826219436
21860.0 94549.40921090142
21870.0 94544.4528866931
21880.0 95134.62065001081
21890.0 94362.58972855279
21900.0 92935.95525513413
21910.0 95042.85709683117
21920.0 94177.88902402841
21930.0 94036.99303473155
21940.0 94429.80113115895
21950.0 94979.60231167394
21960.0 95063.75557809763
21970.0 94015.81392929098
21980.0 94894.11036393674
21990.0 94572.57488104215
22000.0 94425.9110755013
22010.0 93507.34043076169
22020.0 93466.63045954981
22030.0 91825.67657407501
22040.0 92325.04477112893
22050.0 85388.73005125644
22060.0 77878.41541441482
22070.0 90837.86185951487
22080.0 81053.43238899423
22090.0 88377.26799941837
22100.0 92330.66469298524
22110.0 93181.66211876705
22120.0 93972.19756082929
22130.0 93325.93573477931
22140.0 94125.65399076142
22150.0 93301.95832832408
22160.0 93196.30074611891
22170.0 92769.61051809485
22180.0 94214.29282589424
22190.0 92088.59748829213
22200.0 92022.69422914163
22210.0 90666.95704906537
22220.0 93799.2968272747
22230.0 91684.47600240065
22240.0 94747.87537374214
22250.0 94508.14120294299
22260.0 92291.2611140811
22270.0 91276.36910544957
22280.0 90894.59117329409
22290.0 92436.95532165162
22300.0 93047.35754582188
22310.0 92013.1678540768
22320.0 92790.7222387958
22330.0 91166.40211445745
22340.0 91407.27528471244
22350.0 91321.97321268947
22360.0 91690.30658458763
22370.0 92702.04803143765
22380.0 91277.11155766305
22390.0 93276.48116067615
22400.0 92966.99484032059
22410.0 91299.5125949081
22420.0 91054.27042923328
22430.0 91811.01433771533
22440.0 90224.50569287244
22450.0 93202.10199109168
22460.0 91391.04173516096
22470.0 91585.29554895006
22480.0 91891.34143342052
22490.0 90663.36538862037
22500.0 90649.23541431189
22510.0 91668.89751263955
22520.0 90818.33767835639
22530.0 91359.13591575516
22540.0 89684.19271292051
22550.0 90862.23825324669
22560.0 91836.36446190473
22570.0 89009.63339868927
22580.0 91081.94640873886
22590.0 90304.80449346005
22600.0 90050.79865213421
22610.0 90049.84688326511
22620.0 89748.54618792627
22630.0 88326.02656535983
22640.0 87890.90701572219
22650.0 90523.14253976393
22660.0 89417.72446581429
22670.0 90607.54200517164
22680.0 89441.37020133481
22690.0 90414.19244538719
22700.0 87158.45696330606
22710.0 89291.56684262311
22720.0 88581.84420026052
22730.0 89373.85062980567
22740.0 88288.49613177383
22750.0 90322.46770323068
22760.0 89458.24093088029
22770.0 89392.68143614376
22780.0 87855.21476967196
22790.0 88445.94806070974
22800.0 85069.74863290973
22810.0 89789.53211417956
22820.0 89244.55266263695
22830.0 87059.08227058922
22840.0 86619.76304929635
22850.0 88455.78832833536
22860.0 88722.91167622955
22870.0 88757.94609455869
22880.0 88416.90258200363
22890.0 88566.97574348391
22900.0 88523.33070378927
22910.0 85571.45090732223
22920.0 86299.8783955386
22930.0 69938.68794985728
22940.0 70913.22757181665
22950.0 76856.34526439912
22960.0 75818.36902369045
22970.0 77265.63484954929
22980.0 78271.7807435804
22990.0 80403.372704568
23000.0 80739.47473399645
23010.0 78104.26112333515
23020.0 79520.65427152297
23030.0 80081.96778103769
23040.0 81496.72535679469
23050.0 79531.02699950556
23060.0 80478.54470788209
23070.0 79832.79448535362
23080.0 81415.55432739257
23090.0 79129.96423780202
23100.0 82038.97421275685
23110.0 79428.45025495149
23120.0 79732.29902377623
23130.0 79197.79791217145
23140.0 77281.62552636606
23150.0 83356.23720842313
23160.0 78911.69095307201
23170.0 77713.738762871
23180.0 82133.03263808975
23190.0 81435.09657816557
23200.0 77006.17258105066
23210.0 79413.7086489502
23220.0 68069.04678318549
23230.0 65469.17297958297
23240.0 72445.89570956155
23250.0 70252.52931653528
23260.0 72567.02145709097
23270.0 74014.08329423689
23280.0 72544.5419313281
23290.0 76958.7582637864
23300.0 68822.06566094414
23310.0 74021.60411840402
23320.0 77572.18164083817
23330.0 75573.82622429628
23340.0 72771.62787372121
23350.0 70233.89960583618
23360.0 73608.73222931035
23370.0 72733.07493810421
23380.0 68272.51270938462
23390.0 75042.45554169819
23400.0 73076.78243599135
23410.0 72488.00539297343
23420.0 77491.96441232947
23430.0 72665.45349194955
23440.0 72839.49663411826
23450.0 75003.74583696244
23460.0 74706.43910238265
23470.0 78177.21868015185
23480.0 76665.39481405282
23490.0 73533.34726313855
23500.0 74976.84477076122
23510.0 70520.18033970802
23520.0 62536.40296944502
23530.0 65407.8296607313
23540.0 66805.34340930695
23550.0 68141.58822001617
23560.0 69149.16209053683
23570.0 70918.9110206864
23580.0 67587.15101085693
23590.0 68708.25102091336
23600.0 71530.55916888812
23610.0 68551.99233731128
23620.0 68983.60456425874
23630.0 72104.00684995124
23640.0 71534.70931494776
23650.0 71186.91760198146
23660.0 71723.29306448235
23670.0 65238.702585263796
23680.0 70923.4121655414
23690.0 71817.101804535
23700.0 71810.27350006574
23710.0 72232.79125528494
23720.0 70321.14706964913
23730.0 72806.29293926973
23740.0 71029.67486737107
23750.0 70122.37885368153
23760.0 66571.12889740834
23770.0 73990.04099772547
23780.0 68461.44715492034
23790.0 69550.71337068747
23800.0 68902.17164293917
23810.0 70465.01997208373
23820.0 63235.47235755236
23830.0 61120.489329341624
23840.0 66202.13329880341
23850.0 64832.23385399416
23860.0 61928.8184646655
23870.0 64614.63313316714
23880.0 66094.87185764713
23890.0 65885.67863677168
23900.0 67530.16747175816
23910.0 63870.08636357271
23920.0 61936.05530952534
23930.0 69911.402312487
23940.0 65942.42336963738
23950.0 66351.51396136664
23960.0 63706.3996500546
23970.0 65612.84487323924
23980.0 66169.8881502727
23990.0 65757.11548311946
24000.0 62749.70486944247
24010.0 64187.01359583374
24020.0 60796.18180627918
24030.0 66499.0123572091
24040.0 62302.02096184479
24050.0 62676.11161986796
24060.0 64858.94033200716
24070.0 61789.0397316243
24080.0 58765.347041838
24090.0 62974.44303790702
24100.0 59707.453088452676
24110.0 63659.662194410215
24120.0 59103.13060626751
24130.0 60660.34236380723
24140.0 57774.88283497178
24150.0 64142.45515478997
24160.0 55633.58952944985
24170.0 58354.45695743965
24180.0 64579.043438796754
24190.0 54615.79131920871
24200.0 64630.91943408186
24210.0 57916.10794746129
24220.0 57066.2005129628
24230.0 59596.34713023784
24240.0 61931.19279812852
24250.0 56209.02151946199
24260.0 56401.277292866085
24270.0 56995.596117438035
24280.0 58502.16399267453
24290.0 61314.23191997347
24300.0 56714.35389852022
24310.0 54733.12424100035
24320.0 62389.51628294938
24330.0 53458.71868722619
24340.0 55634.1551395097
24350.0 60758.71463880844
24360.0 50980.46618821817
24370.0 51674.5569883526
24380.0 60678.260432102004
24390.0 58201.06212620399
24400.0 57302.68186812643
24410.0 54736.237659613005
24420.0 53864.2854973428
24430.0 54339.10792990059
24440.0 50897.307055245234
24450.0 59816.96277821951
24460.0 53806.50454891143
24470.0 52095.31637013706
24480.0 52802.77224027202
24490.0 55088.274160402114
24500.0 56713.010130260736
24510.0 51803.77014854797
24520.0 50754.962216277694
24530.0 49903.15433290998
24540.0 44952.14449767875
24550.0 55363.54953351275
24560.0 55656.05394828292
24570.0 57512.117233819925
24580.0 54926.4925687443
24590.0 49434.69995082101
24600.0 48845.347381733445
24610.0 46309.64285899814
24620.0 56033.890383531056
24630.0 53900.97595667472
24640.0 55649.44557714252
24650.0 51291.79124580919
24660.0 51690.99096196641
24670.0 46481.598723546325
24680.0 49779.623486935285
24690.0 52547.275415749726
24700.0 49925.19834501695
24710.0 51548.05932348341
24720.0 51733.31434757934
24730.0 45718.099419236554
24740.0 45216.70409040564
24750.0 47767.44470434377
24760.0 55100.446915524255
24770.0 50731.24617466003
24780.0 48062.546478560806
24790.0 48123.39182885105
24800.0 47501.55536353978
24810.0 46555.440671774486
24820.0 47033.33516069283
24830.0 51808.451696179065
24840.0 52119.347278412504
24850.0 52378.198903610086
24860.0 47097.291576888456
24870.0 46296.108295475744
24880.0 45907.08305962858
24890.0 44858.92286956044
24900.0 42713.135724705455
24910.0 46413.980623497526
24920.0 50812.60014949461
24930.0 47898.50547097656
24940.0 47835.96041562402
24950.0 50961.47540623155
24960.0 48135.73444043443
24970.0 45111.73651968843
24980.0 43873.95664033733
24990.0 45218.47132688875
