#lam[Angstrom] flux[erg/cm2/s/A]
1010.0 0.3232321669065589
1020.0 0.33469233181658814
1030.0 1.1546701495617098
1040.0 0.4551527064531494
1050.0 0.3427293957617066
1060.0 0.3458276968560787
1070.0 0.36518330649056546
1080.0 1.105153213957193
1090.0 1.1259011258479699
1100.0 0.36093371332496393
1110.0 0.3638269802841927
1120.0 0.3779718077386059
1130.0 0.3676508566716886
1140.0 0.39926997451045965
1150.0 0.3746843301734525
1160.0 0.38180868669120027
1170.0 0.3825150971726858
1180.0 0.38416244221888535
1190.0 0.3865006009656386
1200.0 0.5827856661826127
1210.0 0.5187119715609659
1220.0 3.3002629358002875
1230.0 0.47738278707042103
1240.0 1.94603605164292
1250.0 0.6778109420416324
1260.0 0.9432353237969008
1270.0 0.9690594751101337
1280.0 1.0005036177576034
1290.0 1.07981579915678
1300.0 1.1628423747380952
1310.0 1.2788064369499643
1320.0 1.3357556760980795
1330.0 1.358304751929569
1340.0 1.515990437029779
1350.0 1.459014314518885
1360.0 1.493805741133373
1370.0 1.5159290068534612
1380.0 1.5480706359699092
1390.0 3.544391158011818
1400.0 3.94163509381176
1410.0 2.91392131854638
1420.0 1.6437223356756294
1430.0 1.6140866414639605
1440.0 1.6223663461155782
1450.0 1.6331606656685151
1460.0 1.6460130957264156
1470.0 1.6587712625287154
1480.0 1.6665829209411878
1490.0 2.6156960350057146
1500.0 1.6500996817280742
1510.0 1.647382211967851
1520.0 1.649190720002022
1530.0 1.7232781405921582
1540.0 1.6376092409234797
1550.0 23.25273265126146
1560.0 1.6382673351190025
1570.0 1.631237200250446
1580.0 1.7091835635594832
1590.0 1.6296905517102953
1600.0 1.7868398784700743
1610.0 1.626516648397061
1620.0 1.6263874829866978
1630.0 1.6167616816828625
1640.0 14.787312231900852
1650.0 1.6032230618583083
1660.0 2.073818434605998
1670.0 2.8240332523666383
1680.0 1.59295174273948
1690.0 1.5881397984727235
1700.0 1.5816491289313115
1710.0 1.573655263683834
1720.0 1.6893577126666457
1730.0 1.5815602295289946
1740.0 1.6115020648234584
1750.0 2.3909678378326547
1760.0 1.5674861430905616
1770.0 1.5669928844919876
1780.0 1.5717145529714338
1790.0 1.6808900426281017
1800.0 1.5611816723504348
1810.0 1.9255678663876352
1820.0 1.9586440305532762
1830.0 1.5323628142790486
1840.0 1.5225883240384956
1850.0 1.6438715654956666
1860.0 1.581375356510313
1870.0 1.504744693560388
1880.0 2.4671031033896775
1890.0 3.0875195491112724
1900.0 1.4897717647492992
1910.0 10.00953961819066
1920.0 1.479468611105007
1930.0 1.4860449021383957
1940.0 1.4590820013995365
1950.0 1.4582861674998788
1960.0 1.4434514338144298
1970.0 1.434954932783361
1980.0 1.4272764025105968
1990.0 1.4210117299875384
2000.0 1.4114004616899591
2010.0 1.39910064683348
2020.0 1.3411404574055863
2030.0 1.2649567529923684
2040.0 1.227781358974687
2050.0 1.171936850952505
2060.0 1.1524227490117132
2070.0 1.161134979274064
2080.0 1.1356029398122705
2090.0 1.1709273782624992
2100.0 1.145661158775074
2110.0 1.1458358955728956
2120.0 1.178912294758523
2130.0 1.177279990991469
2140.0 1.2382464492612608
2150.0 1.132768755078488
2160.0 1.1414927936895456
2170.0 1.1140115760488476
2180.0 1.1578577256405784
2190.0 1.1325962582797733
2200.0 1.143966453265824
2210.0 1.1577830691241509
2220.0 1.2147744386972403
2230.0 1.1885791413472027
2240.0 1.2077604628583878
2250.0 1.282783531750285
2260.0 1.2516649682501515
2270.0 1.276620438463847
2280.0 1.3026442004605698
2290.0 1.329837604079441
2300.0 1.3907083316243376
2310.0 1.4631280650077079
2320.0 1.535885227493531
2330.0 2.7522668059517916
2340.0 1.7448575307057352
2350.0 1.555920291154385
2360.0 1.5188967549075003
2370.0 1.5486457208812494
2380.0 1.5780089796994998
2390.0 1.7249792816008511
2400.0 1.6376560335152706
2410.0 1.671629421901602
2420.0 1.6947554279449006
2430.0 3.6695575953509136
2440.0 1.7508211370034132
2450.0 1.7841723622642371
2460.0 1.8061337205789798
2470.0 1.833849174431535
2480.0 1.8617927179923732
2490.0 1.8903286648512234
2500.0 1.9160906247033014
2510.0 2.138454294786705
2520.0 1.9736439709198637
2530.0 2.0001360501596395
2540.0 2.0224776663147837
2550.0 2.0491566640342733
2560.0 2.373799263471021
2570.0 2.0994463127444507
2580.0 2.126380307149451
2590.0 2.204880368551043
2600.0 2.178332527727068
2610.0 2.201217305432783
2620.0 2.2235776219820798
2630.0 2.2478434772096034
2640.0 2.2732085670190663
2650.0 2.2932960513819163
2660.0 2.308851799398452
2670.0 2.591990441562912
2680.0 2.348341105746849
2690.0 2.3718848457601913
2700.0 2.3942649894501806
2710.0 2.4118578209921084
2720.0 2.4422927518330035
2730.0 2.6173385166000442
2740.0 2.6399062264803326
2750.0 2.5031007211699863
2760.0 2.5357352591662736
2770.0 2.5501796550153415
2780.0 2.5733425164656394
2790.0 10.26614658755684
2800.0 6.483839770640374
2810.0 2.6462360568890797
2820.0 2.6678635518830833
2830.0 4.157572967741574
2840.0 2.7107299267649494
2850.0 2.8919707059301962
2860.0 2.808864799440447
2870.0 2.780364997084751
2880.0 2.804741461395059
2890.0 2.825557069618986
2900.0 2.846922177572103
2910.0 2.866527001465659
2920.0 2.887535582464957
2930.0 3.3655586129745014
2940.0 2.9300753323096904
2950.0 3.0153499556520686
2960.0 2.973572294150301
2970.0 2.996063121046653
2980.0 3.0268199011284644
2990.0 3.0400789772027657
3000.0 3.0584901852574333
3010.0 3.0803475519401577
3020.0 3.103819908718746
3030.0 3.123628779039744
3040.0 3.1470590093412225
3050.0 3.1659037282268727
3060.0 3.1860582962262756
3070.0 3.2065601511457293
3080.0 3.225472712272855
3090.0 3.24282511960225
3100.0 3.2768037565479116
3110.0 3.293033003489477
3120.0 3.3135864148084653
3130.0 3.3230479233669024
3140.0 3.3402754123687397
3150.0 3.358698059950263
3160.0 3.3760302423871162
3170.0 3.391398682379616
3180.0 3.412869661120925
3190.0 3.5409523795982127
3200.0 3.4549341339443083
3210.0 4.055347060382436
3220.0 3.495291581707487
3230.0 3.517705533394962
3240.0 3.5449641893889305
3250.0 3.5522615752343176
3260.0 3.5805315017850425
3270.0 3.5832943606575154
3280.0 3.598587001356147
3290.0 3.6175562674656665
3300.0 3.62876017521604
3310.0 3.6445772687298468
3320.0 3.6597856997457723
3330.0 3.6763383095879605
3340.0 4.0782504404531545
3350.0 3.711689977238169
3360.0 3.7521925894850257
3370.0 3.74410292065996
3380.0 3.7618383610601245
3390.0 3.781137231922637
3400.0 3.795200320580758
3410.0 3.809367157907051
3420.0 4.318165918039373
3430.0 4.333072389374342
3440.0 3.8595920978889504
3450.0 3.867976070200767
3460.0 3.891599661543162
3470.0 3.914823336906703
3480.0 3.9412507425936347
3490.0 3.9583272333649577
3500.0 3.9415123818853237
3510.0 3.922048830882607
3520.0 3.915735935379654
3530.0 3.9387195595365228
3540.0 3.940181771660838
3550.0 3.960785709480272
3560.0 3.964269542732058
3570.0 3.974120987454876
3580.0 4.101044598965778
3590.0 3.9825561029472842
3600.0 3.9795368592312634
3610.0 3.983423356875957
3620.0 4.0171372778723535
3630.0 4.0320956290300805
3640.0 4.028969091685778
3650.0 4.0287199749022236
3660.0 4.094000401146934
3670.0 4.104685747332439
3680.0 4.066958648796923
3690.0 4.097294860641799
3700.0 4.1016446719712425
3710.0 4.061386130845139
3720.0 3.5674709279780497
3730.0 5.942350469803881
3740.0 3.1054936133435427
3750.0 3.277941558779145
3760.0 3.152704669249436
3770.0 3.5213328064492457
3780.0 3.1695196444277056
3790.0 3.1830172581544387
3800.0 3.4031032500629443
3810.0 3.202557340492685
3820.0 3.2411076613092877
3830.0 3.2160275880640663
3840.0 3.5578171036787114
3850.0 3.232052415948891
3860.0 6.377566174840326
3870.0 3.252196124053083
3880.0 3.9078004622122053
3890.0 3.27170161349218
3900.0 3.8632369860746305
3910.0 3.2814640402049773
3920.0 3.3049835207374088
3930.0 3.241098758791365
3940.0 3.244461077373916
3950.0 3.2249714297059575
3960.0 4.206534884786579
3970.0 3.211631311146017
3980.0 3.892783264453301
3990.0 3.2038991507719654
4000.0 3.2078353868496268
4010.0 3.207367535924216
4020.0 3.3077151554154973
4030.0 3.213694462756446
4040.0 3.2181201408551763
4050.0 3.222945061946014
4060.0 3.234538498206878
4070.0 3.2507956557860185
4080.0 3.664578704352127
4090.0 3.283387441185165
4100.0 4.394794335568919
4110.0 3.3711782708861526
4120.0 3.4080932875417913
4130.0 3.4235237443703985
4140.0 3.519499662540024
4150.0 3.4581016354431138
4160.0 3.4824370567724814
4170.0 3.2973199777823576
4180.0 3.4235340877167064
4190.0 3.3160963794730867
4200.0 3.4504523167076173
4210.0 3.4498779899736505
4220.0 3.4603857638009554
4230.0 3.4036008526352224
4240.0 3.570820707790823
4250.0 3.368718653480208
4260.0 3.3688350830855724
4270.0 3.374046965746918
4280.0 3.3658970072027086
4290.0 3.3483172168159863
4300.0 3.635384098898843
4310.0 3.717935772467503
4320.0 3.806639981326002
4330.0 5.710264882330557
4340.0 3.842728006895261
4350.0 4.473957638522631
4360.0 4.231606719845066
4370.0 4.4869722498807345
4380.0 4.449314972378997
4390.0 4.717121176323266
4400.0 4.480983624966008
4410.0 4.533438681264969
4420.0 4.297600752284007
4430.0 4.379451483096272
4440.0 4.7443788920428425
4450.0 5.140928332836828
4460.0 5.274967975548999
4470.0 5.640598825096545
4480.0 4.738181820889472
4490.0 5.885922197054434
4500.0 4.575123917088475
4510.0 5.555344666774152
4520.0 5.239312046298773
4530.0 5.483854182702675
4540.0 5.823856318428605
4550.0 5.23062603025144
4560.0 5.957331316866311
4570.0 5.488495879682249
4580.0 5.44913918640222
4590.0 4.615118141505475
4600.0 4.005428904354774
4610.0 3.485446499454336
4620.0 4.727710544462516
4630.0 3.8757096788715035
4640.0 4.778609680976455
4650.0 4.255260776294698
4660.0 5.791343850334086
4670.0 6.602250231965435
4680.0 6.549888349185972
4690.0 7.729173302129674
4700.0 9.877185660852998
4710.0 7.149904013237538
4720.0 5.323368887993941
4730.0 4.901967300135471
4740.0 7.234130648589265
4750.0 7.733481020236217
4760.0 5.972663803950383
4770.0 6.442302850399113
4780.0 5.300102662806902
4790.0 5.216330349233644
4800.0 5.743753908273112
4810.0 4.417838926239492
4820.0 4.941577023132621
4830.0 5.09879109040549
4840.0 4.358644404802572
4850.0 4.01992110922189
4860.0 7.957785082966815
4870.0 4.014109477318096
4880.0 3.930552511401257
4890.0 3.907212771680585
4900.0 3.6503237860609876
4910.0 3.612861962734896
4920.0 3.527418144542153
4930.0 3.6629754803021863
4940.0 3.556557864188804
4950.0 3.4424350392451535
4960.0 13.082103550159061
4970.0 3.46279482434206
4980.0 3.512608975119416
4990.0 3.4037396863901312
5000.0 3.3811814685367363
5010.0 32.280147827177146
5020.0 3.347403860030696
5030.0 3.339705575296975
5040.0 3.336107522991943
5050.0 3.3342850068742083
5060.0 3.3393948167806595
5070.0 3.3326626093826786
5080.0 3.3395536270489763
5090.0 3.3315556593915
5100.0 3.3278826965167503
5110.0 3.326794933352716
5120.0 3.323559070700424
5130.0 3.321626265934827
5140.0 3.3196549753295295
5150.0 3.316552763695944
5160.0 3.3773644718337668
5170.0 3.310529549813203
5180.0 3.3082337632282828
5190.0 3.402386744650045
5200.0 3.3025536461066007
5210.0 3.3142599531358368
5220.0 3.3002677966673524
5230.0 3.2974616379143016
5240.0 3.2960850998479914
5250.0 3.293508038539115
5260.0 3.3668732423215126
5270.0 3.3640556503515437
5280.0 3.2853033881002895
5290.0 3.2830946493614515
5300.0 3.279904900961431
5310.0 3.2776165220348843
5320.0 3.3361070499473824
5330.0 3.2726598061515757
5340.0 3.270334749349599
5350.0 3.2678314162603534
5360.0 3.264482268395139
5370.0 3.261700822684999
5380.0 3.2584999883060797
5390.0 3.2557914513603428
5400.0 3.253069510515214
5410.0 3.25037731949519
5420.0 3.296214948598469
5430.0 3.2935693965708075
5440.0 3.242517692429038
5450.0 3.239875366927756
5460.0 3.2361910890257253
5470.0 3.2324060335073392
5480.0 3.228902945069615
5490.0 3.2255167552460273
5500.0 3.222691859959888
5510.0 3.2310576209400197
5520.0 3.21684724883362
5530.0 3.2232691677158143
5540.0 3.2198139620798476
5550.0 3.2060768291769333
5560.0 3.2022741303766584
5570.0 3.1986585540182806
5580.0 3.1955106389168124
5590.0 3.196878450078443
5600.0 3.188407389105008
5610.0 3.1843320744628545
5620.0 3.184850419553785
5630.0 3.1769642252508152
5640.0 3.173527980108959
5650.0 3.1704676514175527
5660.0 3.1668154761548832
5670.0 3.163563515896219
5680.0 3.1570244851784253
5690.0 3.1474979995818284
5700.0 3.1397711952551943
5710.0 3.132641333148912
5720.0 3.1290145951572783
5730.0 3.260052454401828
5740.0 3.1211370770414475
5750.0 3.1166828472701957
5760.0 3.1490479217954843
5770.0 3.1083757872085505
5780.0 3.104680407675607
5790.0 3.101064133446905
5800.0 3.0968564404371777
5810.0 3.0928051138953294
5820.0 3.1472753717568156
5830.0 3.0838363545589935
5840.0 3.078986941445609
5850.0 3.0747264659492077
5860.0 3.07040167950886
5870.0 3.0661532072627327
5880.0 3.4517859855288044
5890.0 3.0576367786571153
5900.0 3.0538130299265345
5910.0 3.0504059580055665
5920.0 3.0467058844646613
5930.0 3.0432239102190675
5940.0 3.0391459224442126
5950.0 3.0343923266250097
5960.0 3.029564536985863
5970.0 3.0321965615411637
5980.0 3.021587096524331
5990.0 3.0180806170667123
6000.0 3.0184650310545003
6010.0 3.0110022292027416
6020.0 3.0075470880573714
6030.0 3.005705352135464
6040.0 3.0003511214070753
6050.0 2.996597203925928
6060.0 2.9931983556866806
6070.0 2.9898699716318933
6080.0 2.9866181071944395
6090.0 3.1953737356665535
6100.0 2.9796963002035595
6110.0 2.9760711346169786
6120.0 2.9747907261526954
6130.0 2.9704039330925074
6140.0 2.9683548429361157
6150.0 2.967131787904792
6160.0 2.9648090925349035
6170.0 2.9629992725725085
6180.0 2.9639918143437627
6190.0 2.9608772017184846
6200.0 2.9619087636934673
6210.0 2.9624554639105973
6220.0 2.961459209043051
6230.0 2.9621878607743475
6240.0 2.965402676673068
6250.0 2.966678341928704
6260.0 2.9682385816777623
6270.0 2.974757786794107
6280.0 2.980626990128779
6290.0 2.9875826974410096
6300.0 3.3040593093809703
6310.0 2.99928778981222
6320.0 3.0190871615034123
6330.0 3.03024227356411
6340.0 3.047481938688903
6350.0 3.064959276484863
6360.0 3.0832827368315496
6370.0 3.1678477070932214
6380.0 3.1280581564623406
6390.0 3.155443550317242
6400.0 3.19104499098292
6410.0 3.224219265726024
6420.0 3.259847504854055
6430.0 3.3183720983327603
6440.0 3.3520874764858872
6450.0 3.4060577211373726
6460.0 3.4497127657870763
6470.0 3.522613536696744
6480.0 3.597806866398586
6490.0 3.6753764016483004
6500.0 3.760495224087033
6510.0 3.828301833607311
6520.0 3.9519727300571326
6530.0 4.065814741382972
6540.0 4.18531635080432
6550.0 4.3136445523815885
6560.0 14.587172330561026
6570.0 4.613338080899852
6580.0 4.673434455509067
6590.0 6.301525823828092
6600.0 5.131896273232119
6610.0 5.33266854881742
6620.0 5.588845732155388
6630.0 5.790103622797359
6640.0 6.103972638628285
6650.0 6.385898200259777
6660.0 6.702637270505546
6670.0 7.0193561870210175
6680.0 7.377691295644556
6690.0 7.846046255810984
6700.0 8.056849096335604
6710.0 8.370594295919746
6720.0 8.98234532272317
6730.0 9.91168193617386
6740.0 9.924949966940815
6750.0 10.414364943228447
6760.0 10.928839947070841
6770.0 11.35310244665473
6780.0 11.451938007917457
6790.0 12.444449285125463
6800.0 12.799744224235853
6810.0 13.21813498005038
6820.0 13.425460537599054
6830.0 13.678809172034523
6840.0 13.653785792191286
6850.0 13.915598712644483
6860.0 13.57960659943547
6870.0 13.850620758130372
6880.0 13.651157170293668
6890.0 12.72570241799906
6900.0 12.877361070549167
6910.0 12.556343969998226
6920.0 11.563292114324465
6930.0 12.013174348002062
6940.0 11.594336868116246
6950.0 11.787184344635
6960.0 11.6626094800669
6970.0 11.821232574699165
6980.0 11.88562966688682
6990.0 11.304435235139277
7000.0 12.405895260967622
7010.0 12.967344819007597
7020.0 13.396829865201507
7030.0 13.727884313021125
7040.0 14.149528971967396
7050.0 14.240692062413128
7060.0 14.519378131294541
7070.0 14.854915145185943
7080.0 14.696425028940038
7090.0 14.285910453715768
7100.0 14.698815280841027
7110.0 15.194663589223044
7120.0 15.500714601978862
7130.0 15.205859042741775
7140.0 15.788016878356238
7150.0 15.55812661442529
7160.0 15.391621847755424
7170.0 15.028886905983654
7180.0 15.119788431640357
7190.0 14.900446633480396
7200.0 14.245813223853267
7210.0 14.458655093814258
7220.0 14.110107951202151
7230.0 14.07652169322435
7240.0 13.81330489187259
7250.0 13.608106507134227
7260.0 13.119578799442166
7270.0 12.747412605350874
7280.0 12.375096008548267
7290.0 12.268627625021645
7300.0 11.904744539036079
7310.0 11.595153665744823
7320.0 11.598772714147467
7330.0 10.591861193562625
7340.0 10.402577643876562
7350.0 10.110739286297328
7360.0 9.72158878816241
7370.0 9.47939191928804
7380.0 9.346342368853886
7390.0 8.962057715526724
7400.0 8.078721929161752
7410.0 7.957784159622766
7420.0 7.881652917755039
7430.0 7.901381031485844
7440.0 7.296984608916864
7450.0 6.784461579851749
7460.0 6.849172484623169
7470.0 7.110679867484583
7480.0 6.350377642855119
7490.0 5.598654781235234
7500.0 5.804161981179677
7510.0 5.733637087759237
7520.0 4.990540819335739
7530.0 4.923555640057295
7540.0 4.873010624712585
7550.0 4.375216308779566
7560.0 4.154745567149495
7570.0 4.025940593565641
7580.0 3.844719243500135
7590.0 3.778003776508066
7600.0 3.510746189929872
7610.0 3.393802034610625
7620.0 3.2405157991315443
7630.0 2.9946889553481313
7640.0 2.6146523500137455
7650.0 2.3398994021662967
7660.0 2.2777124118577894
7670.0 2.27153631036127
7680.0 2.305345745263053
7690.0 2.2867660670355034
7700.0 2.276437980938663
7710.0 2.30047459802636
7720.0 2.446730772870105
7730.0 2.7246210822526225
7740.0 3.1486810478255265
7750.0 3.476779231020515
7760.0 3.983723623339486
7770.0 4.42806733792057
7780.0 4.77144652377235
7790.0 5.003265503024369
7800.0 3.616777922039721
7810.0 5.859082408479163
7820.0 6.790403992486178
7830.0 7.578087503848701
7840.0 8.37941367083587
7850.0 9.299490862345559
7860.0 10.026083049332835
7870.0 11.030562450103048
7880.0 12.13563662902049
7890.0 13.225470749563158
7900.0 14.484296665326852
7910.0 15.91144686521974
7920.0 17.34069028896109
7930.0 18.341535530116918
7940.0 16.051906660038355
7950.0 9.57369055688578
7960.0 22.311879654214945
7970.0 26.006604963543985
7980.0 28.48824170380948
7990.0 30.799649264416836
8000.0 33.22259097533172
8010.0 35.87192472411628
8020.0 38.720483155295014
8030.0 41.5898527067133
8040.0 44.35050480601976
8050.0 47.25289374706187
8060.0 50.17367290271746
8070.0 53.322758155155206
8080.0 57.00141874599074
8090.0 60.54783434091662
8100.0 64.5941063161659
8110.0 68.28313080149988
8120.0 72.20200513145954
8130.0 75.89182661608322
8140.0 80.44636455759856
8150.0 85.13545424160588
8160.0 90.06635413090908
8170.0 95.21273801890685
8180.0 99.93117265279048
8190.0 105.23341129786112
8200.0 111.1154593046119
8210.0 118.40056595653344
8220.0 123.75619894266438
8230.0 126.6010165336507
8240.0 136.02003341862402
8250.0 143.6988042379135
8260.0 149.9464645784911
8270.0 158.4463190994446
8280.0 165.37619755265806
8290.0 171.66007920971117
8300.0 179.23454997228504
8310.0 186.95475845215537
8320.0 194.1177673708083
8330.0 201.77717380252625
8340.0 211.27400647111938
8350.0 220.10601473167026
8360.0 228.51640930334227
8370.0 238.7002581530062
8380.0 249.341565609822
8390.0 259.8162361868681
8400.0 269.475747491356
8410.0 279.0393893568592
8420.0 290.92873920532105
8430.0 302.2562732144637
8440.0 313.1574646680324
8450.0 323.2066941073086
8460.0 335.29541867624
8470.0 345.0985838509166
8480.0 357.50942848809547
8490.0 365.84056848934455
8500.0 367.1655182582342
8510.0 349.48011932511105
8520.0 153.28337994921412
8530.0 352.0039843120451
8540.0 419.0471114037256
8550.0 447.4018355417764
8560.0 464.68357208811784
8570.0 483.7921741255651
8580.0 500.50131794825745
8590.0 515.4521500607735
8600.0 529.4659257297566
8610.0 538.9268120089885
8620.0 546.6432344543306
8630.0 562.9713910731456
8640.0 580.8521438344657
8650.0 597.0292913435493
8660.0 617.4125107640452
8670.0 634.5170308348235
8680.0 650.2163566929246
8690.0 671.5153704143704
8700.0 687.738658833567
8710.0 704.5526590148553
8720.0 726.376070297744
8730.0 745.8723997997091
8740.0 769.6808231098648
8750.0 787.9922540716245
8760.0 815.1353725843836
8770.0 829.9098051724169
8780.0 858.1245966785818
8790.0 879.7463896173779
8800.0 907.2148085112327
8810.0 916.5628249114235
8820.0 954.3399765546294
8830.0 972.2059409646507
8840.0 1012.0972638433791
8850.0 1024.0260340284278
8860.0 1052.1200356015665
8870.0 1070.7319371101844
8880.0 1103.7476813961155
8890.0 1136.8976941835258
8900.0 1140.029118577103
8910.0 1145.161831300046
8920.0 1110.8165314273865
8930.0 1080.3776737869855
8940.0 572.0926055519549
8950.0 837.037368689958
8960.0 1214.789651703908
8970.0 1252.5358543683944
8980.0 1337.50110455805
8990.0 1348.2097278430192
9000.0 1394.2699869258963
9010.0 1433.4719735798924
9020.0 1508.6629599241764
9030.0 1507.9711130082178
9040.0 1565.1972492495204
9050.0 1602.0196859068799
9060.0 1620.9639657664623
9070.0 1645.2057667844274
9080.0 1681.1854230178471
9090.0 1700.5912425939061
9100.0 1740.7444200549728
9110.0 1750.0283885791202
9120.0 1816.3064078639943
9130.0 1781.8540194724822
9140.0 1839.6309932049683
9150.0 1867.5644802172255
9160.0 1890.3433942023664
9170.0 1898.5443213954793
9180.0 1960.1806848929498
9190.0 2016.5682912937125
9200.0 2050.6274751971378
9210.0 2062.7186578131154
9220.0 2116.1403756699087
9230.0 2153.6696565637835
9240.0 2123.2284000819245
9250.0 2152.9101624785703
9260.0 2112.57953292955
9270.0 1895.4439288552533
9280.0 1441.8274633610597
9290.0 1624.0401876368533
9300.0 1731.841193616524
9310.0 1916.9689686199793
9320.0 1665.183573238368
9330.0 1861.0590170083135
9340.0 1825.2722815400655
9350.0 1985.2550013244802
9360.0 2143.7874664710603
9370.0 2150.8921107216747
9380.0 2225.4454303998
9390.0 2357.0286703889346
9400.0 2430.597184982442
9410.0 2469.347042072698
9420.0 2490.893373894751
9430.0 2435.4631596611075
9440.0 2310.5650192993926
9450.0 2619.1265749545237
9460.0 2420.0383002728977
9470.0 2459.883298909864
9480.0 2536.070638050948
9490.0 2484.6879487898887
9500.0 2446.4284250000146
9510.0 2716.1832281195966
9520.0 2502.845121505326
9530.0 2796.4037321020237
9540.0 2673.447605262664
9550.0 2621.942145851713
9560.0 2647.980118806017
9570.0 2611.9029862104476
9580.0 2820.750014687904
9590.0 2574.9470587271026
9600.0 2809.4038999165036
9610.0 2716.7402936012636
9620.0 2744.5340304632145
9630.0 3104.2508616041364
9640.0 2632.0791644553765
9650.0 3013.691335211126
9660.0 3109.776367012867
9670.0 2987.750959086719
9680.0 3208.434849106513
9690.0 2971.1476943295706
9700.0 3393.1462343334756
9710.0 3311.684184940005
9720.0 3144.340472580606
9730.0 3429.018464747013
9740.0 3426.7321643573796
9750.0 3327.8228410522224
9760.0 3414.5883555486926
9770.0 3662.3445412196934
9780.0 3490.6663938557704
9790.0 3617.845383956252
9800.0 3706.971439382569
9810.0 3686.2461225285724
9820.0 3788.9256471105887
9830.0 3790.041929249083
9840.0 3783.6997171364433
9850.0 3876.1403438896464
9860.0 4022.0403623110255
9870.0 3961.7022294260423
9880.0 4051.4055318450064
9890.0 4160.22908427586
9900.0 3986.0437698001692
9910.0 3823.298168785209
9920.0 3902.668500548176
9930.0 3965.8301693206386
9940.0 4153.877628833465
9950.0 4224.674188555208
9960.0 4239.052453999781
9970.0 3988.2152867704654
9980.0 3878.640290956697
9990.0 3791.930181217535
10010.0 3910.458815165813
10020.0 3899.868329593662
10030.0 3955.976757852642
10040.0 4134.820709669389
10050.0 4095.4444753683774
10060.0 4092.9032975871232
10070.0 4172.52217644314
10080.0 4204.715241769456
10090.0 4286.078801395231
10100.0 4476.136547550326
10110.0 4400.502400178232
10120.0 4421.024259355751
10130.0 4588.056648376897
10140.0 4519.80025397
10150.0 4688.046789439876
10160.0 4636.85738141099
10170.0 4732.138179871354
10180.0 4672.342184742184
10190.0 4827.678902211677
10200.0 4891.8189139227825
10210.0 4913.077988041963
10220.0 4883.729968639811
10230.0 4922.925505556321
10240.0 5086.5677025878085
10250.0 5093.7709485829855
10260.0 4948.967454645735
10270.0 5030.779467029181
10280.0 5170.6681857625435
10290.0 5211.276756496944
10300.0 5160.327957972776
10310.0 5268.189011324018
10320.0 5253.650020722415
10330.0 5378.594286131355
10340.0 5382.848553247703
10350.0 5378.913973435023
10360.0 5453.594045345524
10370.0 5616.059973513798
10380.0 5413.859357806268
10390.0 5562.926731055631
10400.0 5626.723539613218
10410.0 5616.110087049614
10420.0 5619.099690522744
10430.0 5602.647850159055
10440.0 5790.942681688626
10450.0 5781.987339305413
10460.0 5812.517318821118
10470.0 5710.0253544486895
10480.0 5763.394896144685
10490.0 5807.330943834304
10500.0 5846.491123485594
10510.0 5883.439020171777
10520.0 5816.541298612197
10530.0 5871.1739329869115
10540.0 5901.858223175062
10550.0 5929.700620518808
10560.0 5978.48262344415
10570.0 5899.403383396106
10580.0 5989.493599307056
10590.0 6005.310371026857
10600.0 6089.2589271790475
10610.0 6075.588717598764
10620.0 6075.570492561632
10630.0 6135.12872328088
10640.0 6240.2007099573175
10650.0 6170.822133991257
10660.0 6257.207424187445
10670.0 6270.320151609342
10680.0 6340.617684776726
10690.0 6330.36497362476
10700.0 6384.022718180047
10710.0 6390.44836465298
10720.0 6458.250801315283
10730.0 6483.061439904835
10740.0 6440.274534250829
10750.0 6532.201584313914
10760.0 6570.50454623605
10770.0 6558.972601497958
10780.0 6599.378168612085
10790.0 6619.055291431154
10800.0 6634.6875698477725
10810.0 6674.361903986053
10820.0 6690.0141151015105
10830.0 6737.865389106514
10840.0 6757.636640034885
10850.0 6751.054746593329
10860.0 6617.020158623859
10870.0 6701.006523988285
10880.0 6744.057980262627
10890.0 6601.771189529978
10900.0 6518.935104103925
10910.0 6492.021924058131
10920.0 6402.567533005211
10930.0 6212.321069627721
10940.0 6112.065295414013
10950.0 6037.119776575808
10960.0 5943.998613195572
10970.0 5821.020355229318
10980.0 6165.796336952354
10990.0 5807.906981165116
11000.0 5697.096714927466
11010.0 5497.956253812717
11020.0 5316.874667934733
11030.0 5434.384146541532
11040.0 5367.628906584461
11050.0 4694.601521245716
11060.0 5124.710661238793
11070.0 5475.847366501002
11080.0 4629.249857151959
11090.0 4755.523669923398
11100.0 4298.527620208686
11110.0 4036.9879165117586
11120.0 4015.753313066385
11130.0 3936.6221016534487
11140.0 4076.097386730095
11150.0 3830.6886627457043
11160.0 3777.4751070558464
11170.0 3362.5401909753655
11180.0 4796.976822434806
11190.0 3263.902260226047
11200.0 3587.967339375538
11210.0 3686.3142004313727
11220.0 2498.6933704095877
11230.0 2131.0850394389477
11240.0 3168.2536581633963
11250.0 2734.531873064436
11260.0 3071.8322291668246
11270.0 3214.521472883205
11280.0 2683.3778748276304
11290.0 2957.387056139914
11300.0 3236.6787486940393
11310.0 3140.8887485777004
11320.0 3701.815730153523
11330.0 2519.8682712872032
11340.0 1675.821167042754
11350.0 1127.4335193375255
11360.0 2062.6726385602074
11370.0 2670.868566578412
11380.0 3363.5355957650468
11390.0 3909.159728629246
11400.0 3653.898666278948
11410.0 3624.6796309151737
11420.0 4167.431276350501
11430.0 3372.341097153885
11440.0 2960.08355113428
11450.0 3526.466175266871
11460.0 3209.8074625165964
11470.0 3231.7609062792794
11480.0 3234.7346422118358
11490.0 2792.9753621070945
11500.0 2487.9978481012695
11510.0 2126.9233690519245
11520.0 1590.5923407568378
11530.0 1501.4320054840098
11540.0 1627.604428444535
11550.0 1343.7116106404603
11560.0 1404.8552108989506
11570.0 1510.1601976827408
11580.0 2841.8944092749716
11590.0 2552.0674200224644
11600.0 1747.6352201684417
11610.0 1920.6050907282613
11620.0 807.0085796510656
11630.0 1347.2835216619728
11640.0 1227.6663550603885
11650.0 1379.096006025622
11660.0 1930.2963286165316
11670.0 1786.0508559749107
11680.0 2083.35591998578
11690.0 1587.1438845806933
11700.0 1805.9547786645867
11710.0 2567.357685323999
11720.0 2748.5568124361334
11730.0 2721.3532521873612
11740.0 3081.317466359983
11750.0 2681.5283750638305
11760.0 3031.8082062190197
11770.0 1856.001370752785
11780.0 2652.7976768973535
11790.0 3762.408466333899
11800.0 3714.3596401126956
11810.0 4046.1166882214807
11820.0 4075.2280706578085
11830.0 4361.377535194842
11840.0 4812.101053708444
11850.0 4675.480564404811
11860.0 4755.420959466203
11870.0 4056.153378872966
11880.0 4442.568882578714
11890.0 4707.454977502599
11900.0 5564.760212671142
11910.0 5209.613578908542
11920.0 5499.5416494375795
11930.0 6154.260924156146
11940.0 6300.432903094987
11950.0 6167.648269038084
11960.0 6525.445134169042
11970.0 6490.948736333076
11980.0 6545.103242731529
11990.0 6877.75330332235
12000.0 6852.825168137125
12010.0 7004.269113577852
12020.0 7105.518850509366
12030.0 6693.885617954599
12040.0 7547.601989571465
12050.0 7533.343315231923
12060.0 7882.2813950127575
12070.0 7560.906218259518
12080.0 7763.953226788578
12090.0 7851.931578833834
12100.0 8206.423284972669
12110.0 7883.863745214739
12120.0 8209.496109510968
12130.0 7975.478003355227
12140.0 8360.177485214042
12150.0 8497.240396556701
12160.0 8499.36621184449
12170.0 8429.638981144337
12180.0 8572.445654369518
12190.0 8695.269921199284
12200.0 8610.680977957949
12210.0 8719.593278338332
12220.0 8679.79508269632
12230.0 8786.86784101564
12240.0 8915.596603224112
12250.0 8694.794668697687
12260.0 9082.788889621757
12270.0 8846.824413704506
12280.0 9095.252691607859
12290.0 8892.9891235715
12300.0 9029.659109276761
12310.0 9049.03614890997
12320.0 9119.418524777626
12330.0 9208.505189839512
12340.0 9047.355191050856
12350.0 9244.992296072896
12360.0 9283.826404994887
12370.0 9303.12591768547
12380.0 9467.670343932969
12390.0 9455.203882024154
12400.0 9395.303333502547
12410.0 9346.593438724927
12420.0 9290.456097571341
12430.0 7210.1045600193565
12440.0 8844.25356199085
12450.0 9585.268718861544
12460.0 9648.965815192318
12470.0 9734.41401527486
12480.0 9597.010419099175
12490.0 9789.2873265134
12500.0 9754.631180691076
12510.0 9247.20780257465
12520.0 6552.299571096225
12530.0 8721.72284329555
12540.0 9596.514469157766
12550.0 9847.292098596774
12560.0 10002.604331753799
12570.0 9894.249782565072
12580.0 9974.171108849756
12590.0 10072.855052803394
12600.0 9900.463950351805
12610.0 10159.017251496403
12620.0 10038.804356203513
12630.0 10151.402776972333
12640.0 9937.498926187674
12650.0 10186.784691283268
12660.0 10082.430109793035
12670.0 10187.097231850952
12680.0 10080.022857326823
12690.0 10170.70344371454
12700.0 10205.883918861819
12710.0 10233.595455123364
12720.0 10224.17139482705
12730.0 9945.016138011648
12740.0 10036.257384610857
12750.0 10366.449434196793
12760.0 10278.912938231828
12770.0 10225.93104520185
12780.0 10149.221605583536
12790.0 10181.897669450012
12800.0 9898.91553662472
12810.0 10350.189007257019
12820.0 10538.77921984382
12830.0 9743.172632185953
12840.0 10311.979686434159
12850.0 10269.506044007603
12860.0 9632.162504856293
12870.0 10395.555068961265
12880.0 9706.849150657355
12890.0 10037.365083659754
12900.0 10156.905534296278
12910.0 10222.3621882254
12920.0 9340.35499542912
12930.0 10345.645305897837
12940.0 10099.345119741967
12950.0 9848.320843663472
12960.0 9952.95135713412
12970.0 9820.668180719525
12980.0 10762.29275758469
12990.0 9709.435087619442
13000.0 10061.5705209292
13010.0 9673.380888623784
13020.0 9851.644297218296
13030.0 10181.576140131996
13040.0 9538.646286257163
13050.0 10221.748885611509
13060.0 9509.32503806437
13070.0 8925.95999372339
13080.0 9236.780713269567
13090.0 8904.512750355525
13100.0 8747.742301296805
13110.0 8501.976355189187
13120.0 7643.549912202581
13130.0 8753.177472245496
13140.0 7703.992687537993
13150.0 9137.981115766988
13160.0 8596.254249333851
13170.0 9434.463735994865
13180.0 7065.138091712029
13190.0 9436.458668480616
13200.0 8891.409664324283
13210.0 9291.472867457815
13220.0 9345.950065170853
13230.0 8599.833910117959
13240.0 7963.476039127097
13250.0 6842.32578916577
13260.0 8849.423253166702
13270.0 8328.715830209398
13280.0 7496.71544449273
13290.0 5188.800952608667
13300.0 2936.99040688227
13310.0 1176.8288150820415
13320.0 2363.4222201811876
13330.0 4329.876201207893
13340.0 2954.7962370171163
13350.0 2197.155209403373
13360.0 2212.8706036318777
13370.0 1219.1184085842287
13380.0 1285.7218851043829
13390.0 2468.375361457169
13400.0 1283.7439678138953
13410.0 1611.3214746332587
13420.0 1097.3200308778323
13430.0 1093.107844384945
13440.0 716.6544966123298
13450.0 1134.177384283925
13460.0 749.0170020126104
13470.0 724.2543979327548
13480.0 500.2198906966944
13490.0 1252.3564057089038
13500.0 339.76049908478234
13510.0 778.0615889167561
13520.0 578.6555176503679
13530.0 903.119127261604
13540.0 289.41931856207503
13550.0 645.3128873193249
13560.0 658.0618113879127
13570.0 188.56901801267466
13580.0 640.3487502462141
13590.0 447.2863924128333
13600.0 959.4211807727933
13610.0 502.1808953661236
13620.0 332.56893614192563
13630.0 1232.1464520554478
13640.0 570.1184839490642
13650.0 729.1753151068845
13660.0 946.4910744185189
13670.0 1067.093146192692
13680.0 696.141697946253
13690.0 1135.8240857468136
13700.0 629.7998625026588
13710.0 405.83242786423426
13720.0 742.302223361436
13730.0 698.6644570865387
13740.0 703.948445191522
13750.0 806.0156983267246
13760.0 909.0899770035746
13770.0 874.1273291883995
13780.0 903.8395299513082
13790.0 1192.7068161935229
13800.0 559.7950237622105
13810.0 1167.7129824227377
13820.0 273.99156140950083
13830.0 660.1189614263998
13840.0 998.5393023518353
13850.0 614.2229236286745
13860.0 684.5539433437359
13870.0 1022.0181023164693
13880.0 641.8420283183841
13890.0 1287.8907713352987
13900.0 641.62316580526
13910.0 649.8015327159226
13920.0 427.7242424145451
13930.0 1239.445820853569
13940.0 922.7030055968125
13950.0 549.0404900345145
13960.0 1149.6513940639416
13970.0 855.4162506628466
13980.0 491.578302062294
13990.0 904.7089330517898
14000.0 440.1669581604827
14010.0 473.4504109617969
14020.0 995.556614892628
14030.0 788.7239460037698
14040.0 692.4512339079968
14050.0 692.6241447388879
14060.0 1222.3052762360437
14070.0 499.7421632363007
14080.0 653.5838087498308
14090.0 313.2843726044623
14100.0 676.54037604687
14110.0 886.2511230409336
14120.0 602.5145425820594
14130.0 1183.4954004505662
14140.0 538.257782690282
14150.0 885.8937315586456
14160.0 1451.032611063489
14170.0 627.3486323379761
14180.0 860.7019268008712
14190.0 508.7297719657412
14200.0 693.4912291102919
14210.0 1489.7451556239719
14220.0 787.5289770786889
14230.0 663.7910931831966
14240.0 963.2580898817247
14250.0 734.0305099783845
14260.0 911.2425649389724
14270.0 1008.0942964924741
14280.0 597.9013932427374
14290.0 968.8504276486424
14300.0 2582.374513781913
14310.0 1071.1042695851334
14320.0 830.8453993178762
14330.0 1287.316710665796
14340.0 964.4663657748479
14350.0 1692.0712980220665
14360.0 1504.734760053538
14370.0 1621.2208093741397
14380.0 1781.5354261742852
14390.0 770.6161011761678
14400.0 1918.9869019761534
14410.0 1094.258009608196
14420.0 1387.1128247026074
14430.0 3167.285911728698
14440.0 1301.9055625491324
14450.0 643.2260001952326
14460.0 1710.908387660933
14470.0 1542.3916222005348
14480.0 2230.4552991579008
14490.0 3232.6692249796647
14500.0 1031.0113524384287
14510.0 2594.6889357918603
14520.0 3266.7092308542815
14530.0 2517.9129315783475
14540.0 2254.3129902003598
14550.0 2855.5318085117706
14560.0 1791.2123083079787
14570.0 1938.388382492316
14580.0 4325.6255829460615
14590.0 4052.9467366085255
14600.0 2920.2548216771033
14610.0 2408.9839962646124
14620.0 1920.657578319597
14630.0 1835.0129914432212
14640.0 4068.1893836016093
14650.0 3620.7733478373184
14660.0 3270.561831117868
14670.0 2914.5501447619363
14680.0 1987.3304118642181
14690.0 2179.014324497506
14700.0 2725.7526112685196
14710.0 2693.3750932536873
14720.0 3491.2338800552843
14730.0 3586.3583822699566
14740.0 2431.153823492469
14750.0 2793.6808823670094
14760.0 2725.5194429229205
14770.0 3577.78333597052
14780.0 4530.787823004292
14790.0 2893.279659514085
14800.0 2645.4638265827507
14810.0 3818.055404564575
14820.0 3110.5588259191045
14830.0 3763.9856103138486
14840.0 4255.256117653509
14850.0 3039.809669960042
14860.0 4274.4023552069975
14870.0 3854.16665540543
14880.0 3340.945630561888
14890.0 3258.463773455047
14900.0 3687.5195675980517
14910.0 4610.405951514361
14920.0 3810.995986342072
14930.0 4697.174511080389
14940.0 3680.8922877126106
14950.0 4086.577392240372
14960.0 3394.7260576617464
14970.0 5045.540055924636
14980.0 4606.728367206538
14990.0 4464.074219282533
15000.0 4945.357877239417
15010.0 4235.230052060691
15020.0 4538.777338763005
15030.0 4334.470382297179
15040.0 5477.730714177265
15050.0 5259.962487092622
15060.0 5192.915178674097
15070.0 4648.719099421454
15080.0 4587.844388379697
15090.0 6440.962711479125
15100.0 4899.8464367538945
15110.0 5061.3321041967865
15120.0 5513.090726204266
15130.0 4770.762887022656
15140.0 6965.040222040748
15150.0 6695.824048872608
15160.0 5816.134267494062
15170.0 4686.628327913998
15180.0 5537.283300086928
15190.0 6441.6052228153
15200.0 6433.317789941426
15210.0 6227.871837274061
15220.0 5868.1873259711665
15230.0 8600.03093610406
15240.0 6069.221317632867
15250.0 6745.269990545344
15260.0 6469.691894841884
15270.0 6314.483624370965
15280.0 7061.819038912479
15290.0 8215.765858970284
15300.0 6968.474790739396
15310.0 7401.023724277518
15320.0 5816.757909478295
15330.0 8170.310296413845
15340.0 8787.412235083584
15350.0 7388.530747474102
15360.0 7565.160855805765
15370.0 7529.309637838681
15380.0 8135.525321537742
15390.0 8226.46355688319
15400.0 8350.521693872868
15410.0 8808.007532504243
15420.0 7842.548583708459
15430.0 8169.726126466616
15440.0 7663.073381847872
15450.0 9489.642438854218
15460.0 9506.512297543175
15470.0 8416.780057873166
15480.0 9629.290919837178
15490.0 8911.006833462247
15500.0 8584.164438723177
15510.0 8881.98799906697
15520.0 9418.658951042062
15530.0 9554.463304626006
15540.0 9812.991959841976
15550.0 9487.290366631654
15560.0 9423.581925025985
15570.0 8605.824885024398
15580.0 7827.139623751269
15590.0 8940.43912636088
15600.0 8688.142807680786
15610.0 8971.742640584873
15620.0 9280.873675119119
15630.0 9197.14976118988
15640.0 8862.858998843098
15650.0 8778.508388095905
15660.0 9349.603932150027
15670.0 10370.537721244373
15680.0 9668.427915151135
15690.0 9230.987410627054
15700.0 10050.881307655236
15710.0 9508.606506212227
15720.0 9191.22950631332
15730.0 9742.156819788708
15740.0 10447.152752075845
15750.0 9296.931147677524
15760.0 9639.112594788923
15770.0 9937.895693417902
15780.0 8431.804593577923
15790.0 8756.955595211304
15800.0 8968.608398361921
15810.0 9050.68550772057
15820.0 9126.084218273885
15830.0 8415.39158504606
15840.0 8854.310553302648
15850.0 9179.365273073608
15860.0 8810.500394296314
15870.0 8438.839766991161
15880.0 9127.334091187051
15890.0 9011.437630220393
15900.0 8947.75967966785
15910.0 8253.779493896975
15920.0 8745.870009556907
15930.0 8472.095726650205
15940.0 8193.427595140178
15950.0 8841.747915033147
15960.0 8047.92823636224
15970.0 7717.7038567226655
15980.0 9087.030322022985
15990.0 7837.876736396196
16000.0 7870.549752220803
16010.0 8166.187569424012
16020.0 7705.923838039225
16030.0 6761.098758086333
16040.0 8333.477479522173
16050.0 7615.6884840586445
16060.0 6402.618202289901
16070.0 7957.518703607764
16080.0 6508.946856344587
16090.0 7017.933910459742
16100.0 6596.353215975342
16110.0 6934.881972873138
16120.0 6431.1874311799875
16130.0 6487.182602045499
16140.0 6953.286801883346
16150.0 5472.658414312835
16160.0 6345.979878122455
16170.0 5125.227443274435
16180.0 5115.593709805058
16190.0 4858.326677691636
16200.0 5645.046646937999
16210.0 5302.146621664633
16220.0 7020.501137585225
16230.0 7264.520208994076
16240.0 7326.375581733635
16250.0 7678.202105806139
16260.0 6536.624531180062
16270.0 7117.443157906459
16280.0 6679.810185950318
16290.0 7387.082965305101
16300.0 5827.192499176931
16310.0 6439.755029864691
16320.0 5962.278665066854
16330.0 5489.857751583029
16340.0 6204.571889414642
16350.0 5224.566768553951
16360.0 5692.3872689816935
16370.0 5601.3431006983255
16380.0 5417.629425434234
16390.0 6407.301398021348
16400.0 5449.838513601632
16410.0 5859.972590487983
16420.0 4922.22979364112
16430.0 5548.600343063554
16440.0 6314.235988758593
16450.0 4440.374590734058
16460.0 4737.820197527154
16470.0 5497.708548473493
16480.0 5101.6452742254805
16490.0 5448.2451612475925
16500.0 5681.967039512457
16510.0 6664.983879032107
16520.0 5944.484089788913
16530.0 6278.212421783024
16540.0 6400.9083990184445
16550.0 5438.503351327185
16560.0 4138.108108829605
16570.0 4872.737807545474
16580.0 3731.0025674744907
16590.0 4938.55295859482
16600.0 5359.754300931132
16610.0 5623.860894490286
16620.0 5233.445011118422
16630.0 5069.199263415681
16640.0 5964.967938792974
16650.0 3734.045905388549
16660.0 3137.462733189065
16670.0 3260.1950721752137
16680.0 2364.3556723665974
16690.0 3718.1435837407334
16700.0 2991.6908463187747
16710.0 2394.0295693591743
16720.0 3179.289934993464
16730.0 3566.9134111150024
16740.0 4020.06225840883
16750.0 5258.356346855103
16760.0 4980.837636485924
16770.0 5008.983527288799
16780.0 5311.404969245165
16790.0 5483.6985632214955
16800.0 4943.750796650607
16810.0 4642.986552082774
16820.0 4866.35379866
16830.0 3727.553366379575
16840.0 2817.0231462737406
16850.0 3431.345175279428
16860.0 3173.4036964325387
16870.0 2173.638728720065
16880.0 2860.710928112593
16890.0 2360.3948842651725
16900.0 2262.900427464626
16910.0 3051.8530917855232
16920.0 2628.4494071977174
16930.0 3416.0024086982994
16940.0 2296.1653372955043
16950.0 2499.2834099657384
16960.0 2034.9714980175895
16970.0 2200.2260231540354
16980.0 2673.358427647863
16990.0 3208.8546732624995
17000.0 2615.4542599587962
17010.0 3224.262107759454
17020.0 3446.3082766518005
17030.0 2772.9634466455796
17040.0 2507.911757709691
17050.0 3417.286856462565
17060.0 3926.427813083871
17070.0 2774.5399374203007
17080.0 3120.376162792179
17090.0 3882.505289241924
17100.0 3233.4824167808015
17110.0 2428.3134553862737
17120.0 3418.6560250384973
17130.0 3590.4144233536217
17140.0 3254.202737555376
17150.0 3683.215670391548
17160.0 4567.303814277253
17170.0 3851.0950392256964
17180.0 3813.2693752260025
17190.0 3822.1448622590106
17200.0 2864.236280337475
17210.0 3170.1861894488256
17220.0 3269.804733348928
17230.0 3003.1483307201056
17240.0 2409.425172847699
17250.0 3258.059015986266
17260.0 2327.772680141964
17270.0 2810.8170453187154
17280.0 2744.178361493558
17290.0 3634.3038286473147
17300.0 3907.724255313956
17310.0 3078.5457117695573
17320.0 3084.2763677396133
17330.0 3700.8589846879963
17340.0 3913.477232655854
17350.0 2990.674121627867
17360.0 2937.6974915822443
17370.0 2892.9095025618194
17380.0 3031.918634522345
17390.0 3292.895639398781
17400.0 2554.942045784323
17410.0 2580.602935074546
17420.0 2932.8756353562494
17430.0 2925.758216616851
17440.0 2358.5155888609124
17450.0 2657.6721920905075
17460.0 2365.2187362804634
17470.0 2428.1883814459593
17480.0 2719.8280423547308
17490.0 2835.564020719171
17500.0 2202.8712348185154
17510.0 2626.698599839386
17520.0 3237.984115837518
17530.0 2762.594822778394
17540.0 2150.0819246622973
17550.0 2444.532664488705
17560.0 2330.8551164815294
17570.0 2823.0263308622075
17580.0 2343.819294430705
17590.0 3559.43279893711
17600.0 2936.8633273756705
17610.0 3502.0771767569117
17620.0 1775.2516810630027
17630.0 3200.246573283521
17640.0 2305.261039455802
17650.0 3188.862468627788
17660.0 3089.681444672505
17670.0 2054.205810702173
17680.0 1462.5632582673188
17690.0 2319.3562385498153
17700.0 2426.1772683358304
17710.0 1860.4885270473326
17720.0 1697.0026646799954
17730.0 2215.826301217427
17740.0 2013.7746686875164
17750.0 1564.8313639892826
17760.0 1484.4269502416687
17770.0 2177.9289383770247
17780.0 2348.494347419966
17790.0 1495.1301987614888
17800.0 2701.172500203913
17810.0 931.7511279094613
17820.0 2128.774460518036
17830.0 2163.10646223873
17840.0 1230.3056561094345
17850.0 1350.67662426357
17860.0 1600.9444297991408
17870.0 1145.1201591250394
17880.0 1997.8888994388512
17890.0 2761.874848507591
17900.0 1769.996757229307
17910.0 1045.0655227493905
17920.0 1276.7484601441927
17930.0 1735.0359314208556
17940.0 1884.9014026539535
17950.0 1773.8516059746185
17960.0 1098.5797620254748
17970.0 1836.576844136748
17980.0 3256.662720198605
17990.0 1488.8359454148588
18000.0 980.4860292195035
18010.0 947.9628697217548
18020.0 1077.283816708795
18030.0 1569.042291764264
18040.0 1880.1140391555768
18050.0 1263.6179093688272
18060.0 1104.3329755238515
18070.0 1137.910253387791
18080.0 1440.275432382955
18090.0 2215.2736549830574
18100.0 1165.4000015026609
18110.0 1498.451918478346
18120.0 524.1966867664586
18130.0 2683.4395020809206
18140.0 2859.42983550615
18150.0 1167.7778259451447
18160.0 1682.9468437411385
18170.0 1687.035723691685
18180.0 1052.0196300088762
18190.0 1931.3003579881192
18200.0 846.2485939806429
18210.0 1102.2819109709824
18220.0 614.4987000632574
18230.0 3624.2523577520506
18240.0 2887.4397906320582
18250.0 1994.3495763234544
18260.0 790.1474998063911
18270.0 1432.256116086157
18280.0 1474.9800851449663
18290.0 2581.324988003862
18300.0 1195.7741638460766
18310.0 1458.5174079571864
18320.0 1117.2718210717762
18330.0 2103.8443332597953
18340.0 1399.9516840305785
18350.0 1374.9164890837656
18360.0 1389.1059144935448
18370.0 902.6414084780771
18380.0 1798.2814338647017
18390.0 1087.8236961805333
18400.0 1523.2027183920616
18410.0 1898.225632764926
18420.0 927.0943357223335
18430.0 1553.4572505733436
18440.0 1443.1626691336157
18450.0 1964.7451953499653
18460.0 1145.6939177789936
18470.0 1013.023849466194
18480.0 796.742358516844
18490.0 1452.8461434415265
18500.0 1121.7759222867749
18510.0 2174.0835268823616
18520.0 1776.3664057857115
18530.0 814.9729636441319
18540.0 776.9643826100671
18550.0 2035.4595259180762
18560.0 979.179988083319
18570.0 772.760331799194
18580.0 1282.786641579865
18590.0 784.8731836402445
18600.0 472.4998057343168
18610.0 1084.84167470436
18620.0 1342.3060314915012
18630.0 1189.5798893971535
18640.0 535.8510059404732
18650.0 656.0361112092766
18660.0 1597.7512019679027
18670.0 666.8205391657917
18680.0 877.5847839462431
18690.0 1435.8629783038868
18700.0 843.1164843332396
18710.0 875.3783229694875
18720.0 1490.7977360326768
18730.0 583.132744183118
18740.0 1935.0699473365703
18750.0 1439.4496300221037
18760.0 1120.118565622778
18770.0 1336.5306807217887
18780.0 1362.527556423145
18790.0 2054.3238649307414
18800.0 1786.6654454032432
18810.0 1075.5977467865728
18820.0 2463.3544474514774
18830.0 2712.190234022023
18840.0 1187.3786576286075
18850.0 1100.6866378334018
18860.0 2081.7286786795244
18870.0 2412.3441858131596
18880.0 1678.3633150035848
18890.0 2170.7342698925595
18900.0 1637.2654882345523
18910.0 1772.1809816542832
18920.0 1209.502503630935
18930.0 2327.916306362809
18940.0 2076.143349531616
18950.0 3207.037345639901
18960.0 2346.8048154192466
18970.0 2132.529289858188
18980.0 1549.4706996698578
18990.0 1986.6745656327255
19000.0 2136.3253647618167
19010.0 1987.0295442248928
19020.0 2457.3554331749415
19030.0 1644.9003605857342
19040.0 2621.58702698003
19050.0 1182.5541187398844
19060.0 1071.5038862689448
19070.0 2673.117212747445
19080.0 2791.664322864389
19090.0 2747.9080658425414
19100.0 2267.942620850753
19110.0 918.406554407232
19120.0 2405.126154675468
19130.0 1307.6604157272093
19140.0 1903.3576530179043
19150.0 3056.403996533273
19160.0 1140.3235832788123
19170.0 2489.623245869731
19180.0 3259.045393476332
19190.0 1813.675817020392
19200.0 899.7227776929441
19210.0 1641.9126128037954
19220.0 2602.6175308228744
19230.0 1970.3865575812822
19240.0 908.0754357475813
19250.0 2735.273417360081
19260.0 1463.690696973734
19270.0 1763.6991063032665
19280.0 1594.6674312536488
19290.0 2237.1664605237147
19300.0 1358.4573864016454
19310.0 1117.8413642010034
19320.0 1608.0349262122918
19330.0 1625.1459297249073
19340.0 1591.3968825573274
19350.0 1490.9703904739124
19360.0 1189.948667216402
19370.0 1991.722130263401
19380.0 1336.4536081942053
19390.0 649.6342329297415
19400.0 879.4413050737137
19410.0 740.4868459373123
19420.0 2193.0055557424703
19430.0 1674.2602444497754
19440.0 1250.5504443532632
19450.0 1346.8807648368388
19460.0 2375.210737097471
19470.0 1236.7241288257396
19480.0 984.787553552469
19490.0 1277.6154039465002
19500.0 1931.3388737257048
19510.0 2078.214800778522
19520.0 1853.7338603389758
19530.0 1422.6195708010716
19540.0 1303.9405300365904
19550.0 677.274454457312
19560.0 1333.454685339266
19570.0 2086.7588778979084
19580.0 1537.0055725331383
19590.0 1600.9417284429467
19600.0 1298.2560823068598
19610.0 1398.0192789874377
19620.0 1536.1719367462613
19630.0 1127.7504679230137
19640.0 1946.6403711629707
19650.0 1736.8716737645968
19660.0 2101.0292749238033
19670.0 1411.16733785756
19680.0 1648.8953519347106
19690.0 2113.861964776841
19700.0 1697.1894125635495
19710.0 1167.55903980513
19720.0 2552.2444073803194
19730.0 1417.1016662995398
19740.0 1517.7835647785778
19750.0 1058.0996327990372
19760.0 1834.4968423599746
19770.0 1962.9704104693324
19780.0 2300.3005781291185
19790.0 1822.5130183183223
19800.0 1475.858212669346
19810.0 1690.997887351077
19820.0 1456.3860811947584
19830.0 1983.1935175784047
19840.0 1995.9648944862834
19850.0 2185.4694699392944
19860.0 2588.281405923631
19870.0 2320.758078445977
19880.0 1736.218278489222
19890.0 1291.540001068391
19900.0 1151.8599816137917
19910.0 1866.1558179249294
19920.0 2326.8228721931823
19930.0 2487.604052996321
19940.0 2047.3410603190473
19950.0 1903.189069159975
19960.0 2631.800671530562
19970.0 1414.4285534157407
19980.0 2131.93335682816
19990.0 2085.3829727507377
20010.0 2401.4526031882524
20020.0 2132.9589106856183
20030.0 2615.8258487029507
20040.0 2501.491817241955
20050.0 2350.536976285991
20060.0 1945.8402138523957
20070.0 2434.0013059103408
20080.0 2163.293976491332
20090.0 1634.555233581548
20100.0 2078.144918743895
20110.0 2835.9053663771747
20120.0 2617.7350840790737
20130.0 2320.5057622878753
20140.0 2985.9755409903482
20150.0 2541.928820194324
20160.0 1903.0081998917094
20170.0 2074.719670080245
20180.0 2769.7040207701975
20190.0 1919.8465099389337
20200.0 2189.411936174207
20210.0 3248.5004506746322
20220.0 2816.402478233791
20230.0 3109.064906275567
20240.0 3217.9059748193513
20250.0 2243.128783839455
20260.0 2496.448583348283
20270.0 2598.445323349862
20280.0 2888.445003833526
20290.0 2364.3605248031686
20300.0 2153.3451691665905
20310.0 3195.5140481726316
20320.0 3214.667060586454
20330.0 2754.284273480254
20340.0 3033.6006668455216
20350.0 2722.681160692656
20360.0 3330.6395150162825
20370.0 3121.09907981876
20380.0 3287.794595082975
20390.0 2704.461650822472
20400.0 2710.5507370445134
20410.0 2890.9407249165206
20420.0 3332.9601000618786
20430.0 3082.6137068758985
20440.0 2995.332764150861
20450.0 2819.549891885935
20460.0 3442.4929300905296
20470.0 3651.536338761075
20480.0 3254.830447884925
20490.0 2739.4846474688534
20500.0 3553.7052175232398
20510.0 3427.44988082901
20520.0 2829.46019481081
20530.0 3112.5091720406544
20540.0 2945.3757697205388
20550.0 3280.943417867447
20560.0 3421.50436644614
20570.0 3584.6328154702687
20580.0 3618.16831494372
20590.0 3619.287964868102
20600.0 3295.334665229398
20610.0 3499.953508133694
20620.0 3251.520419505739
20630.0 2886.172173418821
20640.0 3438.4808277706547
20650.0 3549.145382566387
20660.0 3544.9180377996927
20670.0 3527.6305934813627
20680.0 3340.383549595949
20690.0 3392.0777061583035
20700.0 3548.3787131577683
20710.0 3223.2618100868804
20720.0 3564.94605127333
20730.0 3434.5599824005717
20740.0 3581.5031639784706
20750.0 3192.6633259693017
20760.0 3164.775828404205
20770.0 3491.3048612646626
20780.0 3526.1699445709537
20790.0 3475.1378282874844
20800.0 3467.071562441147
20810.0 3316.282597030236
20820.0 3445.368374707848
20830.0 3429.2886755412055
20840.0 3523.5387694608485
20850.0 3441.716813804315
20860.0 3414.949358574818
20870.0 3335.8985537539434
20880.0 3423.2459993628227
20890.0 3498.788145379656
20900.0 3441.974841818031
20910.0 3452.9258386744173
20920.0 3429.6138534469806
20930.0 3352.1084054225053
20940.0 3279.2102253128987
20950.0 3496.767295623572
20960.0 3360.0330163386857
20970.0 3401.5139874803517
20980.0 3443.7204090153546
20990.0 3275.3090809711966
21000.0 3394.7529533277857
21010.0 3338.8627761046077
21020.0 3247.5740992706515
21030.0 3263.548339509845
21040.0 3315.997616998767
21050.0 3271.7670615431643
21060.0 3308.051556497405
21070.0 3272.457851850854
21080.0 3245.791447604673
21090.0 3246.3670437650394
21100.0 3241.967790319378
21110.0 3177.524937276174
21120.0 3157.26158464462
21130.0 3293.4617180783516
21140.0 3291.012430543596
21150.0 3199.8633290840926
21160.0 3224.9437780334556
21170.0 2968.8348773628345
21180.0 3081.366427096312
21190.0 3119.6584772161264
21200.0 3188.8944777274787
21210.0 3150.6321786281896
21220.0 3166.068879915784
21230.0 3035.859081605658
21240.0 3125.042905861527
21250.0 3111.14503611753
21260.0 3206.250788962393
21270.0 3001.5243421907667
21280.0 3025.407695797261
21290.0 2942.8197497950264
21300.0 3069.654904168757
21310.0 3105.9844589282075
21320.0 2902.324064062755
21330.0 3092.595469577465
21340.0 2992.355175478681
21350.0 3117.4800317489926
21360.0 2911.7423384047897
21370.0 2732.6261954263564
21380.0 2978.8767028296334
21390.0 2959.7239606121393
21400.0 2911.0738187633015
21410.0 2812.460777280254
21420.0 2532.216746175518
21430.0 2819.0775954499954
21440.0 2812.9673050850197
21450.0 2762.4799675311897
21460.0 2648.1910754693217
21470.0 2512.1924862116716
21480.0 2765.891607320851
21490.0 2705.7930087974955
21500.0 2753.9870706450706
21510.0 2579.211852847617
21520.0 2514.5615954138934
21530.0 2784.3119083423494
21540.0 2674.064071643407
21550.0 2508.927535301867
21560.0 2656.409155571111
21570.0 2589.6189001176076
21580.0 2749.4448512786626
21590.0 2593.9482527866753
21600.0 2287.3028846501416
21610.0 2474.1692568590897
21620.0 2489.9694094207916
21630.0 2682.2205123213967
21640.0 2569.752015574359
21650.0 2427.3201691789345
21660.0 2344.007673125703
21670.0 2217.9100353452714
21680.0 2449.435529034968
21690.0 2456.1859310002924
21700.0 2398.1334833191036
21710.0 2460.421035978669
21720.0 2058.9116389893366
21730.0 2334.218442345323
21740.0 2273.8632960475825
21750.0 2307.086350090601
21760.0 2365.932154474398
21770.0 2204.4281592029824
21780.0 2036.6650294490528
21790.0 2209.8546363152186
21800.0 2113.5738586867456
21810.0 2317.4195314193344
21820.0 2233.482554477218
21830.0 1820.88136787438
21840.0 2047.5491016090998
21850.0 2079.9776256878285
21860.0 2055.8962500961043
21870.0 2067.7776748411325
21880.0 1948.796039924641
21890.0 1643.100471187926
21900.0 1870.6545617283418
21910.0 1875.2733484474084
21920.0 1761.3422554970493
21930.0 1694.8286828711346
21940.0 1603.3136105747915
21950.0 1385.5506086048813
21960.0 1468.7090569659006
21970.0 1387.1429356561212
21980.0 1104.752044668003
21990.0 1201.0428539995103
22000.0 1026.3758978168082
22010.0 880.2923139888607
22020.0 868.7216996312134
22030.0 1115.8826406060427
22040.0 859.4459118996189
22050.0 709.5400235148832
22060.0 840.972740450865
22070.0 968.8382527037064
22080.0 861.8748552824081
22090.0 986.545938174529
22100.0 1032.2751163888279
22110.0 1132.4959142999567
22120.0 1024.5707796746824
22130.0 1149.1073847449786
22140.0 1191.6451701334752
22150.0 1432.9133658375385
22160.0 1232.670721851516
22170.0 1366.798553183185
22180.0 1183.0324748234887
22190.0 1448.0944917833863
22200.0 1199.046309046148
22210.0 1301.1173016155785
22220.0 1168.4855210266153
22230.0 1278.1227908307076
22240.0 1312.7554674663377
22250.0 1291.0604744047218
22260.0 1152.0308616596044
22270.0 920.5500842248457
22280.0 1224.7293770868894
22290.0 1321.4306452583103
22300.0 1129.9470237234775
22310.0 946.5781425144335
22320.0 1099.7150816008318
22330.0 1108.670029385551
22340.0 1182.4364576226185
22350.0 1196.0286085626672
22360.0 1030.3159577986212
22370.0 981.7285573247724
22380.0 1034.3622911576156
22390.0 1152.2289552882562
22400.0 908.4143357141849
22410.0 849.967575430221
22420.0 948.4356544543108
22430.0 876.779305765429
22440.0 1111.005182138029
22450.0 833.9956494196992
22460.0 734.5536917598382
22470.0 923.6923003690517
22480.0 903.6774432510018
22490.0 955.8881954071558
22500.0 803.4959458363807
22510.0 953.0835175455221
22520.0 833.4056695152477
22530.0 809.8535427627099
22540.0 1058.8029502806849
22550.0 778.1475177300681
22560.0 801.1931248976974
22570.0 846.260428518787
22580.0 1061.085461923366
22590.0 848.9651631151328
22600.0 778.1861665943346
22610.0 754.6130523537599
22620.0 1036.7099343967855
22630.0 950.1879987214563
22640.0 662.033199328121
22650.0 925.2834302202974
22660.0 1001.5681918710375
22670.0 895.4502115729151
22680.0 665.325369040467
22690.0 889.1931107916785
22700.0 928.5751538124756
22710.0 838.3595861173054
22720.0 693.156556698681
22730.0 978.2504275582562
22740.0 892.0160336974349
22750.0 743.7245851063194
22760.0 832.044841799946
22770.0 850.6776737632717
22780.0 745.227531345304
22790.0 903.673108513506
22800.0 716.4291812952249
22810.0 874.1839893615365
22820.0 676.3106136878911
22830.0 709.092359293269
22840.0 743.5426201670732
22850.0 713.9903063111427
22860.0 663.8004787218632
22870.0 749.1184774050986
22880.0 736.0065583553463
22890.0 600.7206525123871
22900.0 584.6938981958548
22910.0 654.3620480761047
22920.0 543.3966002286309
22930.0 562.484727637381
22940.0 585.4783153073109
22950.0 537.5386232504267
22960.0 549.107460452022
22970.0 618.7785279103746
22980.0 501.8824056326438
22990.0 666.8687686130014
23000.0 563.7660478592451
23010.0 728.7355558968466
23020.0 573.9994990018924
23030.0 588.4328789041589
23040.0 639.8207760623561
23050.0 706.9045444794556
23060.0 727.9930931509592
23070.0 777.1930940893018
23080.0 864.875410276929
23090.0 811.7006207300487
23100.0 1018.2970734317796
23110.0 871.296279393598
23120.0 821.7011811686074
23130.0 908.5140744664589
23140.0 847.8387305729823
23150.0 940.2786689423993
23160.0 393.2893302532721
23170.0 363.27253291612016
23180.0 457.2257042827111
23190.0 405.4742146495111
23200.0 427.92625960924346
23210.0 484.45457517078665
23220.0 521.0923254882139
23230.0 442.19730014647587
23240.0 413.6418038107611
23250.0 395.2595334472534
23260.0 444.7697549894248
23270.0 496.3168814810102
23280.0 380.78709342081225
23290.0 511.6696354054261
23300.0 410.4110778393812
23310.0 431.4964426079118
23320.0 588.8352681267422
23330.0 446.7875118813321
23340.0 408.4956754916475
23350.0 457.2503579211825
23360.0 525.5234731975613
23370.0 555.8985876033747
23380.0 498.6088732517515
23390.0 411.2364061356604
23400.0 558.4479172589611
23410.0 443.73834862499837
23420.0 685.0434572321075
23430.0 423.9894700721259
23440.0 558.1437771536837
23450.0 461.9286274705901
23460.0 573.1634530291835
23470.0 598.0847523381801
23480.0 494.55670584576137
23490.0 602.5843371142029
23500.0 489.94064660931065
23510.0 458.3451823412692
23520.0 577.7089503086246
23530.0 568.1859855134309
23540.0 604.8952099406835
23550.0 499.5362406081381
23560.0 667.5117265062441
23570.0 725.6048316352377
23580.0 413.0034569961042
23590.0 665.6724743004181
23600.0 790.8484644051933
23610.0 605.3917524549312
23620.0 709.7809892320719
23630.0 609.3259367358423
23640.0 781.8362189749045
23650.0 761.0415639411467
23660.0 746.8411361286364
23670.0 523.5160907413609
23680.0 827.5371371837953
23690.0 664.3320890533348
23700.0 226.9707641415717
23710.0 327.757451961204
23720.0 364.6013846090615
23730.0 561.7409557706393
23740.0 549.9769537580785
23750.0 494.86892797062814
23760.0 560.9681754056393
23770.0 516.6324210590975
23780.0 437.4748969325841
23790.0 572.3265240326102
23800.0 389.8238553511225
23810.0 523.9627848895886
23820.0 490.4208536458511
23830.0 348.56050094847353
23840.0 525.3466238163053
23850.0 658.1526472286954
23860.0 482.14070985555395
23870.0 669.5591777063655
23880.0 714.815472773259
23890.0 620.5956790516035
23900.0 686.054030545817
23910.0 535.8314202596408
23920.0 638.8145781830458
23930.0 699.9465463264171
23940.0 599.3434076802872
23950.0 668.0716504461042
23960.0 641.3790840291385
23970.0 667.0057100244214
23980.0 828.6693862279008
23990.0 895.8395376471905
24000.0 596.6940892735562
24010.0 807.202416114565
24020.0 858.6610111611274
24030.0 756.0108004235665
24040.0 860.6024918941849
24050.0 854.3745935703197
24060.0 885.1386684565631
24070.0 616.4289510803835
24080.0 777.9757649331852
24090.0 782.383627517624
24100.0 678.6096873127709
24110.0 1007.8100253221457
24120.0 926.4946155348075
24130.0 666.2620439590096
24140.0 828.6731685979012
24150.0 881.8774264336691
24160.0 707.2714504823007
24170.0 817.1327587370997
24180.0 714.9835906973312
24190.0 555.169602372484
24200.0 1065.2873266446459
24210.0 1077.7691826289422
24220.0 681.9160088147449
24230.0 653.2224982007541
24240.0 897.8176967820841
24250.0 805.8104395706413
24260.0 779.2031965600314
24270.0 653.2863027473837
24280.0 796.3439201304947
24290.0 1001.3283077157647
24300.0 851.9859244980594
24310.0 876.575553025349
24320.0 1096.6468233808225
24330.0 716.3740494750032
24340.0 872.7505567547499
24350.0 662.500256216093
24360.0 536.4498568716522
24370.0 745.8165877175155
24380.0 1145.7291487429468
24390.0 1049.778805957737
24400.0 847.2131853570316
24410.0 914.997085948538
24420.0 812.6463207186039
24430.0 963.5535007951727
24440.0 829.336184139272
24450.0 861.3702558009899
24460.0 844.5660886460082
24470.0 626.5379416874651
24480.0 859.9249159178377
24490.0 1072.425222341488
24500.0 1009.4682569571888
24510.0 688.2882167601356
24520.0 796.329458754994
24530.0 604.9989119382872
24540.0 663.3168403080198
24550.0 1075.243527313857
24560.0 949.9842064482194
24570.0 1115.8510812175343
24580.0 969.4091671782786
24590.0 688.5913253210826
24600.0 950.8393396531318
24610.0 653.5196121638965
24620.0 1005.5149838578506
24630.0 1102.4205017398397
24640.0 1191.4968018041345
24650.0 1036.2333170554252
24660.0 997.1223184897882
24670.0 658.9121236005174
24680.0 620.6385072268803
24690.0 910.7532690417622
24700.0 868.9365263675609
24710.0 930.9430468827072
24720.0 749.4124655756344
24730.0 632.7910804519116
24740.0 673.061826012828
24750.0 658.353602252578
24760.0 1251.8025981680998
24770.0 713.0336497692466
24780.0 628.1897715438331
24790.0 827.1658294972589
24800.0 979.9113309639538
24810.0 710.3060949547553
24820.0 635.3047184445213
24830.0 892.29758311416
24840.0 1005.670219964655
24850.0 1353.4042039809776
24860.0 891.9504641838294
24870.0 740.6867775614296
24880.0 559.7314301152572
24890.0 396.88950284617044
24900.0 363.90778775195224
24910.0 780.5172848263878
24920.0 1100.9953783338556
24930.0 973.8137922348258
24940.0 919.8262875530872
24950.0 1100.04308004881
24960.0 553.9048147135554
24970.0 481.4824495522006
24980.0 737.0885335510891
24990.0 745.0751249267282
