#lam[Angstrom] flux[erg/cm2/s/A]
1010.0 2844.077997634514
1020.0 2944.9145052810545
1030.0 10159.79318618731
1040.0 4004.8297493902296
1050.0 3015.6315906216414
1060.0 3042.893140908951
1070.0 3213.200644704615
1080.0 9724.100079246155
1090.0 9906.65827037648
1100.0 3175.8090245070252
1110.0 3201.2665059794335
1120.0 3325.7250118546294
1130.0 3234.9122993579876
1140.0 3513.124824462155
1150.0 3296.7989222935794
1160.0 3359.485213120513
1170.0 3365.7008275092726
1180.0 3380.19560334663
1190.0 3400.7687595148445
1200.0 5127.855641423238
1210.0 4564.079496046683
1220.0 29038.586388129323
1230.0 4200.4293515904
1240.0 17122.91932517814
1250.0 5963.970744274533
1260.0 8299.405523021896
1270.0 8526.628887916746
1280.0 8803.30182935167
1290.0 9501.159447862205
1300.0 10231.699540257507
1310.0 11252.052313742044
1320.0 11753.141297802846
1330.0 11951.547698165323
1340.0 13339.00363181987
1350.0 12837.678106937876
1360.0 13143.803367788023
1370.0 13338.463120291493
1380.0 13621.273158786616
1390.0 31186.63903784175
1400.0 34681.937018160075
1410.0 25639.21654647759
1420.0 14462.90012338239
1430.0 14202.139502056541
1440.0 14274.991564393902
1450.0 14369.969405931615
1460.0 14483.056303770094
1470.0 14595.3137770995
1480.0 14664.047593565283
1490.0 23015.171076961313
1500.0 14519.013784305147
1510.0 14495.103194636224
1520.0 14511.016134151478
1530.0 15162.902273209595
1540.0 14409.112803052527
1550.0 204597.78572256604
1560.0 14414.903734771642
1570.0 14353.047563223661
1580.0 15038.887851156831
1590.0 14339.439217517916
1600.0 15722.176123665015
1610.0 14311.51278199041
1620.0 14310.376792634748
1630.0 14225.682183854733
1640.0 130111.65290585165
1650.0 14106.560704278887
1660.0 18247.271812884323
1670.0 24848.31206084773
1680.0 14016.191238798285
1690.0 13973.850659190473
1700.0 13916.74620246327
1710.0 13846.42455286877
1720.0 14864.468923593568
1730.0 13915.984195201105
1740.0 14179.441324516803
1750.0 21037.865175930663
1760.0 13792.16824426863
1770.0 13787.837015562407
1780.0 13829.40379840728
1790.0 14790.04650243974
1800.0 13736.76460907213
1810.0 16942.944296285612
1820.0 17234.015961641853
1830.0 13483.197721500523
1840.0 13397.219843390449
1850.0 14464.403695388542
1860.0 13914.48882640317
1870.0 13240.333113503746
1880.0 21707.98245690023
1890.0 27167.075800744835
1900.0 13108.65031007344
1910.0 88073.18738787761
1920.0 13018.160331322668
1930.0 13076.204161803114
1940.0 12838.907121157165
1950.0 12832.005258947569
1960.0 12701.584743886313
1970.0 12627.070800056592
1980.0 12559.57922723783
1990.0 12504.596440029425
2000.0 12420.074513134174
2010.0 12312.002474202602
2020.0 11801.987594049975
2030.0 11132.006219503282
2040.0 10805.0079966272
2050.0 10313.86746232199
2060.0 10142.27634148473
2070.0 10220.309654721372
2080.0 9995.972557021834
2090.0 10309.103268252142
2100.0 10086.21686770563
2110.0 10087.811394799946
2120.0 10379.685130139429
2130.0 10365.207483895885
2140.0 10903.240139482721
2150.0 9973.700941067873
2160.0 10052.584823328785
2170.0 9811.526956699592
2180.0 10195.196232301247
2190.0 9978.24671836966
2200.0 10076.82653505824
2210.0 10200.825971582624
2220.0 10700.590352209314
2230.0 10475.85821524167
2240.0 10646.06781771691
2250.0 11318.376545750614
2260.0 11026.36595112227
2270.0 11257.250540279372
2280.0 11491.54180969711
2290.0 11730.054128498025
2300.0 12266.91327934239
2310.0 12908.91597031721
2320.0 13570.318249988064
2330.0 24269.595120759994
2340.0 15404.385689136
2350.0 13723.370053770343
2360.0 13415.69206939446
2370.0 13670.286262040718
2380.0 13962.232671561185
2390.0 15243.601192006117
2400.0 14517.594930669595
2410.0 14824.39878653572
2420.0 14987.462450123041
2430.0 32433.08347613695
2440.0 15547.370333969922
2450.0 15887.775476164225
2460.0 16034.817239909202
2470.0 16299.604718164377
2480.0 16551.017183230277
2490.0 16733.08383289887
2500.0 17060.6609758123
2510.0 18990.95176222311
2520.0 17527.143282035307
2530.0 17857.745874349697
2540.0 18162.20850293086
2550.0 18539.16910248148
2560.0 21251.730733712753
2570.0 18913.98745522403
2580.0 19096.865252007534
2590.0 19734.998569300922
2600.0 19822.303609851002
2610.0 19872.45696685388
2620.0 20255.56761898173
2630.0 20710.919704565506
2640.0 21442.612112930336
2650.0 21156.780095656643
2660.0 21655.312671935313
2670.0 23814.224636433246
2680.0 21951.437171147783
2690.0 22232.25748995025
2700.0 22282.90334881584
2710.0 22782.94092078186
2720.0 22391.1788943448
2730.0 24400.470619317854
2740.0 24581.964282567453
2750.0 23630.904186139727
2760.0 24084.91189814064
2770.0 24898.317469535672
2780.0 24650.498756392535
2790.0 92502.66666243115
2800.0 58909.69447346998
2810.0 25982.22562473685
2820.0 26401.08084586007
2830.0 38941.69340567311
2840.0 26053.35050619624
2850.0 26554.545308995166
2860.0 26869.618787294465
2870.0 27541.719858369244
2880.0 28205.328153237948
2890.0 29971.48442752208
2900.0 31405.791874892537
2910.0 32420.718842953363
2920.0 34751.1804881132
2930.0 37079.136348463995
2940.0 31215.554779730017
2950.0 32196.685098485417
2960.0 33920.868110529744
2970.0 30498.21603491123
2980.0 32764.89514900597
2990.0 33737.32918525207
3000.0 32270.074915272813
3010.0 34007.489626012204
3020.0 32121.096030397628
3030.0 36269.54363759878
3040.0 36282.92327026787
3050.0 36639.759316896336
3060.0 38384.25942928037
3070.0 47642.72841458164
3080.0 41447.81792077434
3090.0 43256.73800836863
3100.0 42866.1605297783
3110.0 63445.47184175627
3120.0 78799.07495912646
3130.0 71081.8387207624
3140.0 88149.49368632196
3150.0 108103.00902088333
3160.0 81856.35827374131
3170.0 107780.8909849335
3180.0 88232.99584316126
3190.0 77085.24750593727
3200.0 82766.37911313566
3210.0 84184.97637801277
3220.0 72966.0398140788
3230.0 59921.63518277843
3240.0 81122.73704461553
3250.0 89276.07647649769
3260.0 176090.04301360887
3270.0 142596.62271641748
3280.0 132412.25853724882
3290.0 168587.00516237365
3300.0 230999.7724379126
3310.0 134404.0158051619
3320.0 125196.73537627386
3330.0 158422.85650356996
3340.0 124684.55589841283
3350.0 123580.45935902897
3360.0 113232.86875436624
3370.0 67190.64405812579
3380.0 99886.35228360849
3390.0 91669.86178768013
3400.0 128866.50274701422
3410.0 90453.41510722166
3420.0 99597.53222498753
3430.0 116337.56408421484
3440.0 64674.2077951675
3450.0 88754.52193411932
3460.0 85648.63858880667
3470.0 83695.83911453269
3480.0 116566.76824201936
3490.0 94268.27554649343
3500.0 132437.37246478104
3510.0 118272.08225159874
3520.0 92835.12032892364
3530.0 135534.81489908637
3540.0 212658.18043856526
3550.0 163162.3647030853
3560.0 123668.10569789264
3570.0 75988.82528883868
3580.0 70757.65642518282
3590.0 77396.10964358272
3600.0 114283.85821660145
3610.0 86954.25432640563
3620.0 102008.05049034853
3630.0 128573.22966782005
3640.0 143878.52991156696
3650.0 109680.61533723373
3660.0 262809.0697326719
3670.0 242515.91483699775
3680.0 151721.21762012318
3690.0 179499.37690709165
3700.0 221033.7338616233
3710.0 112809.54632474313
3720.0 76389.67090235802
3730.0 106149.6706090013
3740.0 69557.43100193044
3750.0 75339.41173894682
3760.0 98218.02463884685
3770.0 191269.87435196686
3780.0 264311.0051099917
3790.0 158291.79268333098
3800.0 184124.61661271498
3810.0 181420.18172164203
3820.0 84018.76892138553
3830.0 83785.963961098
3840.0 120482.37425711643
3850.0 155027.97368093528
3860.0 111505.74427726152
3870.0 160451.7890422158
3880.0 135333.67211807065
3890.0 142665.6094520293
3900.0 127758.53998464576
3910.0 249321.06085625238
3920.0 156701.89371955174
3930.0 86770.44139841034
3940.0 121235.46109353176
3950.0 218778.46172882544
3960.0 122061.97280448637
3970.0 122503.87547320809
3980.0 325507.670881496
3990.0 431573.4647892967
4000.0 390731.13612117595
4010.0 467695.86193879874
4020.0 543511.6672217258
4030.0 244624.9717074169
4040.0 387286.88327328995
4050.0 397456.61665431387
4060.0 345317.4854728477
4070.0 310851.81820481835
4080.0 475920.9288324167
4090.0 806714.6624555766
4100.0 471720.12424699916
4110.0 499882.3775579263
4120.0 558280.8120608651
4130.0 407426.02879974514
4140.0 432290.5444808934
4150.0 481807.6430872871
4160.0 609686.7237937055
4170.0 455664.4868208629
4180.0 538010.9487665143
4190.0 493002.65270661924
4200.0 313759.7662519114
4210.0 482671.7767356757
4220.0 225627.99428811995
4230.0 148316.06866560417
4240.0 403680.93331282935
4250.0 288756.81902021257
4260.0 384216.50521634734
4270.0 306316.4467127538
4280.0 377224.54856772843
4290.0 287298.32106588216
4300.0 338590.98304015724
4310.0 337968.5788369186
4320.0 575975.9768620613
4330.0 594389.4347454885
4340.0 690592.462170074
4350.0 724243.9758844097
4360.0 886531.5785468848
4370.0 795414.1406359208
4380.0 406371.9023834991
4390.0 637496.5442912042
4400.0 666588.2707991684
4410.0 645284.9076268104
4420.0 732139.6027937098
4430.0 610011.2571479206
4440.0 739509.3447006168
4450.0 724888.9573068602
4460.0 541625.8963106801
4470.0 859250.2898064454
4480.0 895844.2008734219
4490.0 978076.4003644616
4500.0 987364.7995916458
4510.0 1180802.3834974535
4520.0 1042085.2888452968
4530.0 602184.9442953381
4540.0 911648.1704605754
4550.0 932662.9042414007
4560.0 1166900.1614973587
4570.0 1183269.4842404835
4580.0 909501.6207127612
4590.0 956880.6735681262
4600.0 1003488.0630028672
4610.0 1134799.1536023007
4620.0 1063103.5504897167
4630.0 1137993.7622877967
4640.0 1119635.0920427057
4650.0 904902.0237434156
4660.0 1276359.0322287579
4670.0 1154473.0140563797
4680.0 1188739.5108691514
4690.0 1187152.2052808122
4700.0 1160328.0300901707
4710.0 1182655.1019820743
4720.0 1249546.4112414639
4730.0 1136054.021765203
4740.0 1122562.3123920178
4750.0 1225606.7340553822
4760.0 1072250.4205601383
4770.0 1102763.0905445209
4780.0 1170975.5462705782
4790.0 1016009.3866852074
4800.0 972780.8422414293
4810.0 738740.0827976635
4820.0 942301.9335268545
4830.0 1013201.5375622213
4840.0 1038755.8661073984
4850.0 1100616.3038942786
4860.0 1018412.4475805076
4870.0 952877.1340535567
4880.0 1020134.9102147847
4890.0 989603.8630012071
4900.0 1304411.5067598533
4910.0 1264995.948274457
4920.0 1012735.985363722
4930.0 1313725.1965276946
4940.0 1076274.5171541309
4950.0 1339702.657787942
4960.0 1131275.5331541935
4970.0 1154858.9996654142
4980.0 935713.0268250483
4990.0 845705.0592506317
5000.0 900809.3505796312
5010.0 840884.4032609991
5020.0 830482.6034247848
5030.0 1091640.224612856
5040.0 707568.7796891181
5050.0 816607.8111670197
5060.0 889038.5592851419
5070.0 799405.9348525745
5080.0 658206.5491713999
5090.0 778075.2061403122
5100.0 821874.4696453456
5110.0 615912.3374966657
5120.0 707731.3548012599
5130.0 679260.7623245086
5140.0 688278.2974139936
5150.0 710414.4235238892
5160.0 761412.7866297199
5170.0 399458.13790549035
5180.0 553895.5470809196
5190.0 610684.1499892221
5200.0 864122.7068519345
5210.0 560577.3752034706
5220.0 1083863.6192002445
5230.0 905901.350395098
5240.0 1305921.7069184128
5250.0 1182438.3071812114
5260.0 1053691.787177457
5270.0 575138.0085093565
5280.0 1121089.8140145235
5290.0 1406314.7001966585
5300.0 1124581.470601252
5310.0 1446768.7762457284
5320.0 1225509.9956653682
5330.0 791433.1156637984
5340.0 1186012.1937787922
5350.0 1178874.1623831857
5360.0 1380072.6336501625
5370.0 868204.3056517676
5380.0 1306632.8508849244
5390.0 1199799.6801142523
5400.0 888853.660733769
5410.0 888545.0660113249
5420.0 1233432.392300705
5430.0 834816.3910749664
5440.0 1198773.608449706
5450.0 927468.4457604842
5460.0 1044290.3275461473
5470.0 1278544.577193609
5480.0 1157462.1465137221
5490.0 1233317.8193864992
5500.0 1110928.921856724
5510.0 1082942.253702267
5520.0 1344459.5726336027
5530.0 1233658.751059738
5540.0 1339048.7359501703
5550.0 1370193.7461666365
5560.0 1339786.0752729913
5570.0 1211948.4683585693
5580.0 1288413.0699182132
5590.0 953211.7142702354
5600.0 1129545.5936459214
5610.0 1458372.5334327708
5620.0 1223576.0289914424
5630.0 1473487.238748703
5640.0 1445234.1249037897
5650.0 1501437.2422690287
5660.0 1356772.304223476
5670.0 1519597.2839083273
5680.0 1520998.0862408185
5690.0 1498803.764274053
5700.0 1442713.2520400656
5710.0 1375875.4885653143
5720.0 1530796.7265143427
5730.0 1521487.9044330835
5740.0 1534063.4415259343
5750.0 1492218.2106034374
5760.0 1519127.1222919049
5770.0 1598642.8473767613
5780.0 1474362.5155102604
5790.0 1445100.41964384
5800.0 1595693.0889931205
5810.0 1573260.4737499119
5820.0 1637819.077957643
5830.0 1594416.4518085609
5840.0 1595001.0132767032
5850.0 1562351.776536301
5860.0 1429108.2497267474
5870.0 1513630.3918949463
5880.0 1490526.7434467936
5890.0 895774.5945862434
5900.0 1170700.6189754757
5910.0 1562293.6625650034
5920.0 1476568.923686981
5930.0 1504273.3777109396
5940.0 1537534.2202882792
5950.0 1537266.2128340765
5960.0 1543091.3949343248
5970.0 1584139.627596368
5980.0 1455419.9639571905
5990.0 1557911.2151379192
6000.0 1542006.4383222254
6010.0 1518253.8720811023
6020.0 1450167.1245080584
6030.0 1560165.5424578295
6040.0 1578980.423637776
6050.0 1581638.717939436
6060.0 1517743.2548399237
6070.0 1550316.4225424686
6080.0 1580374.1631066594
6090.0 1478765.8959094603
6100.0 1411905.471917887
6110.0 1532635.9523757065
6120.0 1328287.7746396083
6130.0 1522437.3633890436
6140.0 1379677.2548746874
6150.0 1521062.349343946
6160.0 1171027.237482751
6170.0 1298193.3053723068
6180.0 1533038.220815759
6190.0 1380808.95956277
6200.0 1494653.1855842134
6210.0 1426557.7868017936
6220.0 1363094.7275281434
6230.0 1300858.3263547432
6240.0 1273460.349825555
6250.0 1232564.2659480434
6260.0 1238954.0197105776
6270.0 1294738.5405236024
6280.0 1333093.2744249864
6290.0 1388830.9142636633
6300.0 1325946.951865624
6310.0 1416656.3990310498
6320.0 1398833.3016135055
6330.0 1484938.3974023582
6340.0 1415216.0520646095
6350.0 1365457.7259708298
6360.0 1296095.3736445073
6370.0 1415406.2728586572
6380.0 1331413.395471993
6390.0 1281957.1403184107
6400.0 1328973.369362169
6410.0 1376011.2142336017
6420.0 1392779.5646026037
6430.0 1429745.0327629885
6440.0 1310411.7627127604
6450.0 1454350.8798298137
6460.0 1325492.6846420155
6470.0 1422812.7501787595
6480.0 1346460.3159946594
6490.0 1252476.6381648853
6500.0 1137866.0306461283
6510.0 1300179.299492497
6520.0 1310696.4326039837
6530.0 1377401.9936302078
6540.0 1398175.005323955
6550.0 1359549.0804093683
6560.0 1482258.1819240858
6570.0 1425998.605931594
6580.0 1494104.4316501296
6590.0 1455892.4476746654
6600.0 1529175.554233228
6610.0 1499137.4983423662
6620.0 1555955.7071412427
6630.0 1512653.154204506
6640.0 1547639.3857589315
6650.0 1553428.6292647866
6660.0 1516642.4182778283
6670.0 1565769.0182123368
6680.0 1508273.3934019527
6690.0 1544362.3769371118
6700.0 1504837.3121942235
6710.0 1407236.5886345094
6720.0 1445636.8229382294
6730.0 1518675.7894933068
6740.0 1499212.1644987417
6750.0 1453504.1644032148
6760.0 1517156.7486340085
6770.0 1479483.8844541453
6780.0 1461767.0173034016
6790.0 1453902.4649648916
6800.0 1470619.5853270337
6810.0 1453655.769237097
6820.0 1446555.3069619813
6830.0 1476308.7248163992
6840.0 1433759.4574852816
6850.0 1419052.8952732838
6860.0 1372489.4051414195
6870.0 1403224.0883738012
6880.0 1393893.5891787412
6890.0 1389259.3593285433
6900.0 1391833.3776183198
6910.0 1423343.5422917795
6920.0 1408420.0989812764
6930.0 1408786.5488268833
6940.0 1394800.3710485285
6950.0 1424509.5881260613
6960.0 1469245.3096480253
6970.0 1446716.188483228
6980.0 1384873.8063376788
6990.0 1463832.2609802412
7000.0 1462001.4062865109
7010.0 1467364.6971513443
7020.0 1459071.6184961824
7030.0 1495608.5122079942
7040.0 1539268.111013672
7050.0 1563649.6847228694
7060.0 1506101.0771463471
7070.0 1500968.439736495
7080.0 1531802.7502072854
7090.0 1464105.8769342517
7100.0 1500695.913852374
7110.0 1452141.4380738647
7120.0 1538027.2223796074
7130.0 1398960.407885729
7140.0 1433124.5249867889
7150.0 1325205.8907481136
7160.0 1454395.511001995
7170.0 1501112.3944414617
7180.0 1477951.717534489
7190.0 1436628.6416610077
7200.0 1452516.241199545
7210.0 1419162.9461159701
7220.0 1521493.7612190128
7230.0 1563328.9063315908
7240.0 1516537.959531926
7250.0 1532150.5577060387
7260.0 1545811.1126972581
7270.0 1541831.263217368
7280.0 1513671.7629740112
7290.0 1534444.3546823512
7300.0 1562388.91284195
7310.0 1547140.1857098804
7320.0 1532347.2726908897
7330.0 1471949.1279410126
7340.0 1569681.1483407319
7350.0 1564263.3846970205
7360.0 1447132.4870246167
7370.0 1591301.6176614051
7380.0 1582283.0788429112
7390.0 1487025.268429887
7400.0 1536003.4617441974
7410.0 1513478.7268522356
7420.0 1518821.148271874
7430.0 1572223.5753954304
7440.0 1549649.5797834431
7450.0 1518455.5894995057
7460.0 1530323.3327169477
7470.0 1556529.7155464385
7480.0 1589561.8725544035
7490.0 1537428.0818035891
7500.0 1536725.741253516
7510.0 1512777.0111625886
7520.0 1577448.2227959165
7530.0 1570173.8107947116
7540.0 1588171.7223376308
7550.0 1589096.968818626
7560.0 1559638.6785507493
7570.0 1576940.0232955453
7580.0 1565993.4844688587
7590.0 1541261.7106953508
7600.0 1569331.4331937234
7610.0 1549247.4977965304
7620.0 1515992.6429404835
7630.0 1580684.5454455412
7640.0 1569873.828490076
7650.0 1563636.43099758
7660.0 1411452.8449078982
7670.0 1512434.368465943
7680.0 1557619.8400166328
7690.0 1533613.4964198025
7700.0 1499914.5768880805
7710.0 1502807.8303775652
7720.0 1519063.43616711
7730.0 1532590.2989173224
7740.0 1551225.237764149
7750.0 1467954.8262910987
7760.0 1544100.6193953438
7770.0 1545856.6803059604
7780.0 1512025.7269659634
7790.0 1521099.7498698991
7800.0 1527798.9390618736
7810.0 1530895.3952939478
7820.0 1538530.9424908033
7830.0 1484133.1319798867
7840.0 1481716.1920973612
7850.0 1512207.210865652
7860.0 1534278.5429588757
7870.0 1533967.0604069075
7880.0 1520796.295392839
7890.0 1524271.9115473398
7900.0 1511118.501500041
7910.0 1480214.0170358086
7920.0 1502226.0989316015
7930.0 1492906.1353811012
7940.0 1434477.1134465565
7950.0 1449957.5443090375
7960.0 1507198.3747992273
7970.0 1521453.337743359
7980.0 1500507.7842202531
7990.0 1513032.7654097965
8000.0 1461881.9822839662
8010.0 1518775.963719258
8020.0 1508343.5167301155
8030.0 1484591.986114762
8040.0 1512157.9106838044
8050.0 1452231.7476452794
8060.0 1513050.3324342293
8070.0 1467241.2641845644
8080.0 1466154.7390191236
8090.0 1457011.2043710968
8100.0 1473451.627475745
8110.0 1489323.2418591632
8120.0 1487496.5949238974
8130.0 1482774.5395599217
8140.0 1491128.704733356
8150.0 1496085.6987458835
8160.0 1483415.4684078265
8170.0 1494250.0649556047
8180.0 1438830.370395489
8190.0 1429440.5188847233
8200.0 1419022.610332735
8210.0 1427783.5364689673
8220.0 1428029.3475963396
8230.0 1470792.654805118
8240.0 1462836.1800366477
8250.0 1470687.1030964768
8260.0 1476251.0404878464
8270.0 1478726.2552456497
8280.0 1482364.3488596638
8290.0 1459982.6747042711
8300.0 1465702.9717590564
8310.0 1421811.727928117
8320.0 1458853.758843711
8330.0 1296892.0610374778
8340.0 1447678.4135641647
8350.0 1402636.613954908
8360.0 1411601.7255283971
8370.0 1445482.6816756031
8380.0 1370440.6272705428
8390.0 1298952.1897165494
8400.0 1413625.5876168243
8410.0 1427055.0896930515
8420.0 1410782.0206032365
8430.0 1366105.0857243275
8440.0 1341976.869913115
8450.0 1421995.135657623
8460.0 1426104.6163748389
8470.0 1341821.1428025942
8480.0 1431865.8406695274
8490.0 1436994.495850098
8500.0 1320654.3291704732
8510.0 1372027.8047886102
8520.0 1374941.3529138768
8530.0 1410869.1676566522
8540.0 1158867.0106556204
8550.0 1381732.1337241074
8560.0 1422945.0383939862
8570.0 1421833.2651902253
8580.0 1396739.2059020677
8590.0 1427930.0307146367
8600.0 1410131.0917304747
8610.0 1375020.5353862455
8620.0 1392612.0078043141
8630.0 1416971.3556959692
8640.0 1411157.2887965236
8650.0 1408612.0977942145
8660.0 1166429.429625916
8670.0 1343423.7173891887
8680.0 1339007.5997916854
8690.0 1198471.7756512035
8700.0 1377066.4782654152
8710.0 1374109.4293333401
8720.0 1384893.7313417888
8730.0 1390753.0748821134
8740.0 1364009.182009307
8750.0 1396532.1946874969
8760.0 1352745.3540052387
8770.0 1342814.3952919557
8780.0 1393381.0033212071
8790.0 1367642.1986114378
8800.0 1356889.1239558945
8810.0 1245712.5155940386
8820.0 1288768.253059433
8830.0 1377407.2430891367
8840.0 1342378.1119395595
8850.0 1395705.4247184538
8860.0 1386209.366524678
8870.0 1348644.7828696477
8880.0 1376757.7451293077
8890.0 1383419.0683086119
8900.0 1386878.7930339442
8910.0 1380013.4101124345
8920.0 1353847.154466203
8930.0 1356352.1728615975
8940.0 1376214.5186220568
8950.0 1343973.6692054914
8960.0 1376139.026883699
8970.0 1357411.3665804686
8980.0 1347400.9377885475
8990.0 1355655.4697446746
9000.0 1277374.5228580215
9010.0 1305523.3991612813
9020.0 1310004.6448352898
9030.0 1349035.4790484027
9040.0 1357697.888667315
9050.0 1361711.8536084932
9060.0 1356151.400558728
9070.0 1358400.87965651
9080.0 1355292.2445704034
9090.0 1276901.3415195986
9100.0 1324827.6546757838
9110.0 1322229.6456201824
9120.0 1324665.730423693
9130.0 1357401.5284387467
9140.0 1334989.219451677
9150.0 1325247.1767985737
9160.0 1329620.252055095
9170.0 1300331.7035148242
9180.0 1324036.8679332032
9190.0 1324460.9117759739
9200.0 1313808.0113543847
9210.0 1290153.4269523155
9220.0 1306740.3270904522
9230.0 1315590.1635530586
9240.0 1308110.5197535139
9250.0 1288238.5938820872
9260.0 1230805.2632098377
9270.0 1315951.6964456814
9280.0 1301515.32825596
9290.0 1257778.658047071
9300.0 1305131.3209696338
9310.0 1304684.7553720903
9320.0 1299203.6156230087
9330.0 1302861.1855068193
9340.0 1307005.1316841077
9350.0 1292416.142766645
9360.0 1269092.0042248266
9370.0 1292678.0084042267
9380.0 1289090.7107132485
9390.0 1288879.6202482686
9400.0 1276590.7135894888
9410.0 1229939.8804750037
9420.0 1260036.207033942
9430.0 1269735.8168937063
9440.0 1254280.2722361637
9450.0 1246298.1113874959
9460.0 1271317.0012397636
9470.0 1284443.9144690994
9480.0 1280273.0681133047
9490.0 1273514.3750941055
9500.0 1280861.0120841207
9510.0 1266142.8901727255
9520.0 1281548.4684724254
9530.0 1262552.0235003298
9540.0 1278665.8806546207
9550.0 1233531.4873558744
9560.0 1261383.4697833199
9570.0 1228368.3509052172
9580.0 1271891.2474479186
9590.0 1274870.3699219225
9600.0 1218819.080087425
9610.0 1266047.6655500697
9620.0 1264048.223581903
9630.0 1251434.5036387402
9640.0 1191525.2084312616
9650.0 1194584.1355863914
9660.0 1238022.8229740474
9670.0 1229553.6851470412
9680.0 1199466.2312776009
9690.0 1220891.4213361444
9700.0 1240889.7144851747
9710.0 1215417.1695946518
9720.0 1224107.5479189893
9730.0 1192015.8242920896
9740.0 1191042.4442276652
9750.0 1219073.7782083903
9760.0 1238400.9134631604
9770.0 1208404.1416355383
9780.0 1194772.5958264812
9790.0 1203730.0551250838
9800.0 1236574.131840128
9810.0 1237735.4007093066
9820.0 1234180.7059397455
9830.0 1215256.1656614763
9840.0 1237453.2144491172
9850.0 1236807.8289047973
9860.0 1233124.0813243764
9870.0 1235131.9840887166
9880.0 1232232.5091470096
9890.0 1223609.5301066367
9900.0 1201009.348296156
9910.0 1181382.175356836
9920.0 1191597.2165239246
9930.0 1186597.6473722495
9940.0 1202629.867702086
9950.0 1200589.145215067
9960.0 1207421.1703230517
9970.0 1199718.819998809
9980.0 1199122.874693459
9990.0 1196116.2218917261
10010.0 1186944.100793468
10020.0 1208774.9712465573
10030.0 1190547.7116610843
10040.0 1199010.2625420124
10050.0 1169548.193838254
10060.0 1157409.312502601
10070.0 1185587.4895628328
10080.0 1185334.4322970624
10090.0 1182450.7303829861
10100.0 1193827.7146568063
10110.0 1181261.620882866
10120.0 1184122.3547427524
10130.0 1194829.467731289
10140.0 1185726.0133962147
10150.0 1159872.0884862596
10160.0 1168221.1207755418
10170.0 1175958.420164494
10180.0 1174455.3959606218
10190.0 1166753.932494316
10200.0 1159813.7285868786
10210.0 1164569.7037442971
10220.0 1142329.7659127726
10230.0 1176236.6436671247
10240.0 1184034.1603716642
10250.0 1169179.7780723674
10260.0 1164428.6942973807
10270.0 1158187.6761385496
10280.0 1158487.2438523697
10290.0 1154345.6292277763
10300.0 1155181.3854903847
10310.0 1167365.808306234
10320.0 1160725.794334058
10330.0 1143116.1632464288
10340.0 1081175.2686266522
10350.0 1149266.4277452845
10360.0 1160718.7634702537
10370.0 1142185.0142572522
10380.0 1144025.0589283546
10390.0 1147391.123156041
10400.0 1109398.4246079056
10410.0 1150242.1649338764
10420.0 1133297.9183723
10430.0 1143607.6960412683
10440.0 1154625.3413760236
10450.0 1153895.2561325144
10460.0 1142162.628603914
10470.0 1117064.1948513368
10480.0 1140630.6044979056
10490.0 1135037.966881596
10500.0 1121148.4704313916
10510.0 1128867.19426664
10520.0 1134955.0874480375
10530.0 1130789.6828414304
10540.0 1138873.2293883348
10550.0 1128479.7087242466
10560.0 1136060.8574631705
10570.0 1121961.407853331
10580.0 1100563.0806731551
10590.0 1097570.0046070043
10600.0 1108442.478609951
10610.0 1115098.5375780147
10620.0 1113390.3668307944
10630.0 1113647.6312408473
10640.0 1127230.1449882998
10650.0 1116894.6588068467
10660.0 1075276.2908406751
10670.0 1103234.580864514
10680.0 1100042.411269474
10690.0 1094015.5319953195
10700.0 1107733.5382193278
10710.0 1111637.7127271492
10720.0 1106076.2530782013
10730.0 1050849.9480908222
10740.0 1115569.569008307
10750.0 1072171.5017082163
10760.0 1105295.6216521114
10770.0 1101566.2824543503
10780.0 1089463.7845412805
10790.0 1077871.6061969765
10800.0 1082262.8977208263
10810.0 1020371.4989008827
10820.0 1110576.1250090501
10830.0 1051696.997575013
10840.0 1083488.0977715834
10850.0 1091702.8675222718
10860.0 1085063.8734349608
10870.0 1040162.8543998998
10880.0 1077509.7352963751
10890.0 1075928.229208578
10900.0 1086538.429220399
10910.0 1068551.9010477238
10920.0 1082737.2642874094
10930.0 1063921.1963850446
10940.0 1078544.0149201157
10950.0 1064744.945086802
10960.0 1032573.0601044005
10970.0 1036237.0432104035
10980.0 1035612.9888587015
10990.0 1056324.7972530136
11000.0 1058287.8242540185
11010.0 1039972.3205718903
11020.0 1026436.2475052241
11030.0 1046728.708513758
11040.0 1053213.1624600715
11050.0 1052018.4598227285
11060.0 1042332.5531160352
11070.0 1049197.7417432335
11080.0 1056919.5240419714
11090.0 1052840.3287524364
11100.0 1050159.2705731173
11110.0 1046906.8292739418
11120.0 1034257.8133637231
11130.0 1040098.6241737662
11140.0 1054899.912450229
11150.0 1044482.7075411221
11160.0 1035905.8986537145
11170.0 1048224.3222194114
11180.0 1043922.8516628277
11190.0 1032120.4435969301
11200.0 1018187.4518586119
11210.0 1038795.7645983195
11220.0 1044536.9701516824
11230.0 1034960.4387828169
11240.0 1030351.9879885754
11250.0 922301.3191766299
11260.0 1014366.375595546
11270.0 1047477.6684927392
11280.0 1028467.0021182434
11290.0 1022958.3354634166
11300.0 1001556.2928839327
11310.0 1018770.9491761893
11320.0 1039022.7509360622
11330.0 1012358.1283102715
11340.0 1022153.7909929011
11350.0 1022766.2721708579
11360.0 1032879.1050854113
11370.0 998285.7429886286
11380.0 1003079.3016744951
11390.0 998784.7926321683
11400.0 985976.7127265682
11410.0 1014204.1669339396
11420.0 988595.5025835303
11430.0 1020483.2921181651
11440.0 977633.6113427634
11450.0 1019853.2857334319
11460.0 1018289.7110427336
11470.0 1004721.813515369
11480.0 994708.6121576088
11490.0 1016088.6277560622
11500.0 1016813.6639491655
11510.0 1019918.4280829713
11520.0 1014117.2814702257
11530.0 1012729.8846038949
11540.0 1009431.4454056852
11550.0 1009422.7352743467
11560.0 1012413.2762305153
11570.0 1013948.4452742754
11580.0 1012105.4730558293
11590.0 956549.6961813481
11600.0 1005021.3555726482
11610.0 888854.2932273883
11620.0 1009611.5797154126
11630.0 1000806.4047697255
11640.0 935293.9994800403
11650.0 1003027.9918976865
11660.0 1002872.5407884833
11670.0 995468.1135902697
11680.0 995296.5578997656
11690.0 936057.0095893007
11700.0 999850.7578288593
11710.0 993223.624193109
11720.0 992062.1767848163
11730.0 997076.1579202568
11740.0 988518.6087130704
11750.0 988945.4620466686
11760.0 994430.4339960816
11770.0 965197.2722684274
11780.0 916466.6069926817
11790.0 983861.5720271402
11800.0 976982.632707252
11810.0 969792.546125591
11820.0 964685.1597512116
11830.0 841009.6724714994
11840.0 970089.2739431356
11850.0 980974.652490379
11860.0 978345.5317463238
11870.0 976478.8157336875
11880.0 844505.6626969691
11890.0 947929.2198584924
11900.0 974911.5376297625
11910.0 973022.9709241558
11920.0 975485.7112698354
11930.0 977681.5642335878
11940.0 971927.2174408976
11950.0 949785.934769874
11960.0 942982.6970097519
11970.0 840391.52593267
11980.0 915466.5443720864
11990.0 926137.5262821447
12000.0 961677.3261908418
12010.0 961347.3707554842
12020.0 959103.7142651358
12030.0 903028.2745056502
12040.0 946078.8807821898
12050.0 955934.5923900639
12060.0 958291.7364731162
12070.0 945709.603878471
12080.0 846890.7130774845
12090.0 929828.4817463321
12100.0 928696.6841934908
12110.0 949387.171715771
12120.0 950926.2810977389
12130.0 951539.4767938387
12140.0 955159.0866751982
12150.0 953298.0867619945
12160.0 954020.6191481957
12170.0 942771.0262154778
12180.0 950501.6203079557
12190.0 940751.4317196285
12200.0 940209.0046901259
12210.0 941346.5380318711
12220.0 946745.6314404805
12230.0 940559.0399463051
12240.0 941412.2936263391
12250.0 942574.9841789706
12260.0 939894.7713743416
12270.0 918007.9052537865
12280.0 940294.0326387003
12290.0 940898.7118899398
12300.0 938605.6149420064
12310.0 937451.9891997044
12320.0 933078.6833035472
12330.0 930545.7783710923
12340.0 919960.7640364491
12350.0 932753.3331775737
12360.0 914529.6622336595
12370.0 928488.0197113332
12380.0 933859.9694101091
12390.0 924310.4681983779
12400.0 919076.0783694782
12410.0 923109.1967253775
12420.0 903457.4504362973
12430.0 897760.377864229
12440.0 924740.7386131003
12450.0 924530.7898056693
12460.0 923546.7595042378
12470.0 918253.853774816
12480.0 919412.1287933036
12490.0 921020.6054083146
12500.0 918836.1008762288
12510.0 906142.9160140973
12520.0 875698.041008548
12530.0 897759.3045324931
12540.0 916696.5578182212
12550.0 915110.574692626
12560.0 900219.6964696683
12570.0 909128.7969105964
12580.0 908648.1696845758
12590.0 911421.4873356635
12600.0 906260.7253366994
12610.0 906407.4057964461
12620.0 907865.1041513174
12630.0 908666.8693275988
12640.0 883248.371396877
12650.0 895718.043906172
12660.0 906314.1020514272
12670.0 894090.4330612972
12680.0 891415.7296460221
12690.0 905567.5521900643
12700.0 903141.0385439653
12710.0 898562.7080710849
12720.0 905490.5750178146
12730.0 902311.0744607765
12740.0 874190.0073223219
12750.0 899447.8496755321
12760.0 900786.5204877857
12770.0 898958.1403064524
12780.0 897837.3230186213
12790.0 896699.5264524169
12800.0 895103.4706131113
12810.0 880602.0948444289
12820.0 823212.0299858706
12830.0 867621.7496419888
12840.0 885917.4854706292
12850.0 875754.5321787584
12860.0 890352.0036060436
12870.0 888852.7392625917
12880.0 877023.311915089
12890.0 885933.1509998215
12900.0 823999.2355749237
12910.0 861347.9918234147
12920.0 873630.9181924372
12930.0 878478.5692250951
12940.0 877006.3080003359
12950.0 876433.0457956197
12960.0 879488.0520794948
12970.0 874873.1154512418
12980.0 857871.718260106
12990.0 877845.263028512
13000.0 877117.04026192
13010.0 863845.6360172193
13020.0 878502.5322229273
13030.0 860118.5389139726
13040.0 870586.1516940435
13050.0 876170.8502155559
13060.0 866992.7314183838
13070.0 874800.4663401415
13080.0 865535.2673391375
13090.0 869906.125417902
13100.0 863664.2446155885
13110.0 867638.4783654929
13120.0 745934.7663346529
13130.0 827243.8679317067
13140.0 856796.6224444817
13150.0 747484.7798208942
13160.0 862851.0714296917
13170.0 867362.7208615575
13180.0 853051.7002656022
13190.0 866628.9571052362
13200.0 852365.1990248577
13210.0 855528.5348147367
13220.0 856949.1942353081
13230.0 866944.5848660012
13240.0 865598.7176236795
13250.0 858706.7666259445
13260.0 855069.4389622706
13270.0 852397.573599381
13280.0 843662.1131260184
13290.0 808131.2656462672
13300.0 855585.3494507531
13310.0 850137.9686784284
13320.0 783245.2742644043
13330.0 850185.3987508662
13340.0 854350.3197404098
13350.0 844016.5137167518
13360.0 856725.9173131253
13370.0 853410.6907360004
13380.0 847500.937330485
13390.0 824704.7859810556
13400.0 834474.4243063786
13410.0 847186.5071643683
13420.0 838333.6451762368
13430.0 850356.3542613502
13440.0 851809.9670190016
13450.0 847508.7508206125
13460.0 846499.4119175822
13470.0 846363.8151073728
13480.0 849095.225376109
13490.0 843989.447329706
13500.0 825954.909732946
13510.0 848174.5730520104
13520.0 841125.8995497467
13530.0 847978.1739831723
13540.0 846346.0041111707
13550.0 825911.4931678737
13560.0 832726.8661068503
13570.0 829205.7757664578
13580.0 842825.1936920582
13590.0 830283.7818473958
13600.0 817105.1215522541
13610.0 843213.0207978751
13620.0 840136.540136824
13630.0 808148.5202905632
13640.0 812306.3055768218
13650.0 834594.7587825332
13660.0 839199.170790217
13670.0 828389.3720645469
13680.0 819856.1035666646
13690.0 834783.8499969194
13700.0 833713.5426495634
13710.0 833848.6647574776
13720.0 825117.4597896098
13730.0 815862.4581248251
13740.0 833644.4600547898
13750.0 833074.0908858003
13760.0 814933.0955007974
13770.0 830649.0606766453
13780.0 829204.6180116914
13790.0 828198.9625498164
13800.0 834090.3466032702
13810.0 830989.2699864857
13820.0 817512.7994727258
13830.0 829272.9703130994
13840.0 831229.0383966231
13850.0 797955.6687957372
13860.0 793890.8350532249
13870.0 824830.8412810899
13880.0 825615.5819247084
13890.0 823656.4284694049
13900.0 803926.4832096716
13910.0 781241.459644252
13920.0 799399.9349230509
13930.0 807065.8962021314
13940.0 818013.6168320606
13950.0 796750.3156961262
13960.0 819712.463849357
13970.0 803264.1996196947
13980.0 808515.4422782686
13990.0 816329.6131473605
14000.0 771143.9684363891
14010.0 793673.2180663714
14020.0 821661.797658031
14030.0 808910.6904918487
14040.0 800187.3172153512
14050.0 818597.0137426603
14060.0 801509.4860697502
14070.0 804862.588590179
14080.0 788636.6695104311
14090.0 810698.1016643868
14100.0 797344.109927968
14110.0 800225.0321833002
14120.0 778707.3924853111
14130.0 769088.8724893575
14140.0 803403.7076425785
14150.0 806701.7716052193
14160.0 785510.4633303097
14170.0 801149.5365840192
14180.0 783638.5500210198
14190.0 796318.2438630505
14200.0 790721.4139695851
14210.0 786519.3713844565
14220.0 783163.9504414746
14230.0 791983.1579893866
14240.0 751889.9164779289
14250.0 753613.1101477853
14260.0 743860.0109574607
14270.0 750417.5097854015
14280.0 787294.8597506016
14290.0 734071.1055777944
14300.0 792579.0889239241
14310.0 769068.1332134996
14320.0 790048.8221371295
14330.0 803044.6410047717
14340.0 782193.4200990081
14350.0 777616.1119998444
14360.0 797787.3787484694
14370.0 785765.4821731346
14380.0 800090.5805408509
14390.0 791505.0947277299
14400.0 718742.9997970471
14410.0 794986.8671654719
14420.0 775804.0291565899
14430.0 787851.9751518171
14440.0 752961.7727896709
14450.0 797327.4881781013
14460.0 772315.1330014856
14470.0 791405.4168121323
14480.0 767546.9367750832
14490.0 784370.8691196608
14500.0 763251.9130333829
14510.0 728144.2587452153
14520.0 776485.9545452194
14530.0 779520.2642866052
14540.0 768367.3096799732
14550.0 753559.4812258729
14560.0 759581.5030028017
14570.0 759946.6945283384
14580.0 786181.6553191507
14590.0 771940.5153218589
14600.0 745128.2407108413
14610.0 740714.7095447892
14620.0 761686.3089619487
14630.0 759496.0467664964
14640.0 777263.4566172942
14650.0 702406.133597629
14660.0 766463.023621807
14670.0 765211.442559808
14680.0 765454.1577156113
14690.0 759741.9443031144
14700.0 735134.057037675
14710.0 755639.3343798593
14720.0 746793.7544444231
14730.0 776896.5564068544
14740.0 766188.6414884547
14750.0 722541.5878298358
14760.0 778858.0671323286
14770.0 752423.2876927673
14780.0 762981.8984165054
14790.0 783981.7781988913
14800.0 756783.2056025018
14810.0 756982.0972271245
14820.0 773605.930165725
14830.0 726860.587175255
14840.0 768682.4431741738
14850.0 765726.553908068
14860.0 753147.1246478165
14870.0 708137.7176638353
14880.0 557082.0544876768
14890.0 759263.2515027535
14900.0 747627.0050248666
14910.0 746391.8855390775
14920.0 778232.2952179904
14930.0 770907.5289083106
14940.0 775152.8908227974
14950.0 771773.603545052
14960.0 743490.2122287758
14970.0 757127.4858222523
14980.0 753415.8329647804
14990.0 764122.6673434123
15000.0 750014.1138766024
15010.0 742466.934126017
15020.0 616070.4089049925
15030.0 628234.3741946258
15040.0 581994.1883314826
15050.0 611032.5801916126
15060.0 749939.3775788397
15070.0 771285.4228595742
15080.0 740789.4878349648
15090.0 765131.7512635065
15100.0 750238.336345857
15110.0 774203.4979632231
15120.0 733202.750811871
15130.0 753960.7162212449
15140.0 742914.1078522267
15150.0 761633.966263286
15160.0 732340.3846893095
15170.0 770485.764126794
15180.0 754652.6510897493
15190.0 763632.6511679488
15200.0 757558.6149511787
15210.0 735215.5853487832
15220.0 713436.420230597
15230.0 761044.5689325866
15240.0 749628.3179486839
15250.0 764960.7486511321
15260.0 738082.4778564221
15270.0 767221.8084777822
15280.0 743506.1436401024
15290.0 704183.2949498934
15300.0 745966.6504952101
15310.0 771215.2231426595
15320.0 757739.1678741381
15330.0 741886.5470943429
15340.0 733702.8804901222
15350.0 770442.278110941
15360.0 768086.2565248566
15370.0 755325.7699038013
15380.0 728326.8771662861
15390.0 724906.7136978024
15400.0 727051.7260995453
15410.0 750709.9078716477
15420.0 739923.2885466478
15430.0 735888.4324868872
15440.0 775694.415465342
15450.0 773760.8794188761
15460.0 758824.25717305
15470.0 763751.5609873866
15480.0 764639.4413695383
15490.0 758270.8412774684
15500.0 749928.0608369356
15510.0 742076.6251781193
15520.0 767526.6791684182
15530.0 739467.3315640597
15540.0 707286.2083163464
15550.0 764988.2855996526
15560.0 722898.8307959309
15570.0 728198.809915432
15580.0 759321.3070840184
15590.0 703073.5750147186
15600.0 755940.8141569601
15610.0 761665.9244574313
15620.0 705106.3990276406
15630.0 705533.2952766774
15640.0 751823.1793913806
15650.0 728950.6774538219
15660.0 722447.0580602008
15670.0 737582.7327252984
15680.0 734163.8940576448
15690.0 717046.5665414958
15700.0 748169.3680606859
15710.0 759124.0094234287
15720.0 690072.3710672939
15730.0 732603.7162182733
15740.0 651729.9688476044
15750.0 625244.1373492043
15760.0 669614.2010651067
15770.0 565416.7853308696
15780.0 718191.1621249232
15790.0 736970.4629232775
15800.0 743495.2473302613
15810.0 753468.7104339418
15820.0 651308.7440850808
15830.0 730273.2523923006
15840.0 729931.8724644972
15850.0 751005.3484355373
15860.0 732361.8174531152
15870.0 713141.1127662006
15880.0 688420.2685873125
15890.0 598907.5810057058
15900.0 696196.8785907293
15910.0 669945.8165257927
15920.0 736740.1877300774
15930.0 738147.5897597
15940.0 735370.4504627216
15950.0 727177.6765041986
15960.0 665010.175220294
15970.0 734878.5896617783
15980.0 703369.3696093407
15990.0 743087.0556836776
16000.0 739263.7380609544
16010.0 690989.610246759
16020.0 742732.3748104147
16030.0 744483.991999258
16040.0 677190.5014075144
16050.0 735508.4917574065
16060.0 687316.2983581255
16070.0 706505.8254650868
16080.0 738459.7102516068
16090.0 713146.8652203642
16100.0 683539.1163445543
16110.0 746138.4098255346
16120.0 723946.7014836754
16130.0 726593.6528145651
16140.0 703688.9080828754
16150.0 655048.0450616285
16160.0 628216.5572378022
16170.0 726949.8417878781
16180.0 714978.864904504
16190.0 679903.8460081064
16200.0 593330.1506310276
16210.0 690210.0362949666
16220.0 708873.7899154947
16230.0 690074.3736047436
16240.0 694801.1417727417
16250.0 707186.3469720249
16260.0 721214.7491805069
16270.0 730339.9503212704
16280.0 732459.9643302977
16290.0 721091.9963685356
16300.0 719110.7697867283
16310.0 710563.1939735683
16320.0 687221.7883680689
16330.0 710857.4980629197
16340.0 728351.3377740732
16350.0 701439.1877985613
16360.0 689452.8991703669
16370.0 695922.5540305062
16380.0 652596.6413680487
16390.0 692184.5915440666
16400.0 656914.2313820473
16410.0 684561.8699991351
16420.0 717599.9281099702
16430.0 711391.0592366954
16440.0 646578.5685606421
16450.0 677244.1172660721
16460.0 711199.2602037954
16470.0 681805.0877349941
16480.0 704100.5819639234
16490.0 644205.6244332856
16500.0 712706.3207622658
16510.0 701412.8700524815
16520.0 678372.1424880209
16530.0 688496.7694140202
16540.0 669457.9556220548
16550.0 688786.17233486
16560.0 671184.5103440774
16570.0 698621.678977619
16580.0 682642.7166671508
16590.0 684665.8224338882
16600.0 700511.0469998409
16610.0 671601.2710689269
16620.0 673455.3003178232
16630.0 660639.6104627453
16640.0 668852.7889234558
16650.0 630830.0916347707
16660.0 666665.5214658333
16670.0 657549.6990659478
16680.0 655950.6834807589
16690.0 679574.2024810329
16700.0 675936.768175631
16710.0 648566.0456225252
16720.0 581874.9486983587
16730.0 663726.0907641978
16740.0 670643.5972719383
16750.0 543975.6699560924
16760.0 621806.3167694679
16770.0 674474.0603447387
16780.0 670527.8883169774
16790.0 666387.5789207877
16800.0 662836.9146557611
16810.0 658668.4483486852
16820.0 626117.6901089549
16830.0 658054.2306181998
16840.0 649364.8414472783
16850.0 664093.1320617564
16860.0 634580.6469790591
16870.0 632313.1848577303
16880.0 641173.374068914
16890.0 640385.8112829282
16900.0 602509.7513579336
16910.0 640917.0606261131
16920.0 656678.3614764705
16930.0 649154.661392604
16940.0 657486.7456094694
16950.0 648345.5829872044
16960.0 647108.0273384715
16970.0 629310.4625473857
16980.0 640246.1450341132
16990.0 631564.4361826038
17000.0 607265.8741075965
17010.0 596270.2388902539
17020.0 630815.2139788627
17030.0 633230.0116144624
17040.0 641365.1016863975
17050.0 625577.0127907374
17060.0 626270.4486839707
17070.0 603393.7385444922
17080.0 629502.7023635737
17090.0 617548.7143761483
17100.0 571591.9219300246
17110.0 458082.2078709115
17120.0 602861.2874221206
17130.0 619774.4390571563
17140.0 626203.2303920168
17150.0 625429.4066059615
17160.0 604133.8098831126
17170.0 618326.6349251432
17180.0 617521.8907803438
17190.0 617714.7100310881
17200.0 608306.8973050412
17210.0 607443.482013955
17220.0 605347.8179161993
17230.0 565336.6419883894
17240.0 597980.2916218364
17250.0 607130.318027845
17260.0 609900.9432613248
17270.0 599482.3070992931
17280.0 594487.3804728178
17290.0 601028.51209446
17300.0 582916.4868371004
17310.0 591140.038704693
17320.0 582027.2450893635
17330.0 537379.1274476632
17340.0 576282.4746894247
17350.0 586778.7489120452
17360.0 582006.7863114917
17370.0 591310.3907695476
17380.0 582926.1112770214
17390.0 581293.1599639542
17400.0 585051.0057493546
17410.0 541361.8476300156
17420.0 568434.8081837067
17430.0 582228.8614619118
17440.0 591835.6390640087
17450.0 582314.8267841634
17460.0 581051.4319709509
17470.0 545855.5011108761
17480.0 587968.5544979707
17490.0 582173.1726197465
17500.0 562453.1152792829
17510.0 576890.1630823198
17520.0 578393.3363354721
17530.0 571840.3920926733
17540.0 566583.8295842117
17550.0 566731.0064825136
17560.0 571644.4858943956
17570.0 576943.5177296957
17580.0 568508.0680377855
17590.0 563435.206597886
17600.0 561059.4342397652
17610.0 551149.7135069689
17620.0 526950.0926562126
17630.0 568730.3228814742
17640.0 545780.0425028033
17650.0 567746.5948012851
17660.0 539094.2821998511
17670.0 559041.1546105052
17680.0 524839.8858873734
17690.0 559521.7992819293
17700.0 548793.2206971211
17710.0 538491.9594739466
17720.0 519888.1925882987
17730.0 551665.1768060134
17740.0 547263.4704985723
17750.0 544805.2786013057
17760.0 536646.5839507786
17770.0 516015.4549594097
17780.0 540992.6853976342
17790.0 548442.7170137436
17800.0 548081.6345887101
17810.0 542384.5508384857
17820.0 534871.7697329134
17830.0 533841.3640316243
17840.0 533007.3416989221
17850.0 519210.66157302127
17860.0 527708.748136275
17870.0 537004.6571812534
17880.0 542250.7977437074
17890.0 542803.0259991663
17900.0 534894.7145675544
17910.0 537004.3944599517
17920.0 534962.4302352227
17930.0 510943.3690584781
17940.0 515764.69764922146
17950.0 536913.108262258
17960.0 532707.6294678528
17970.0 529929.6736362358
17980.0 526878.6345527768
17990.0 525749.187711125
18000.0 520838.37656652846
18010.0 517573.85573783604
18020.0 513894.54822781205
18030.0 494304.2322774515
18040.0 506970.95801462664
18050.0 505659.01980604965
18060.0 519049.21628199966
18070.0 518523.25570314314
18080.0 502587.41265597165
18090.0 516354.69686632406
18100.0 501558.1268058666
18110.0 504150.6251134003
18120.0 507277.29241515667
18130.0 513690.8250908615
18140.0 508777.91192938545
18150.0 502199.21065601334
18160.0 496087.6991046478
18170.0 496747.147193116
18180.0 496332.7316806275
18190.0 506635.98243722663
18200.0 505277.3014036763
18210.0 506030.0423867957
18220.0 491203.37928685517
18230.0 502431.2607885278
18240.0 505011.06998616585
18250.0 502013.05631600966
18260.0 500132.26113427366
18270.0 494581.26945644093
18280.0 476301.30808866065
18290.0 490489.7126316686
18300.0 485688.6649754109
18310.0 496114.1770721568
18320.0 492273.40510411665
18330.0 500399.64436364843
18340.0 487957.3424183556
18350.0 485725.4922862538
18360.0 486049.0432040053
18370.0 456919.9114829306
18380.0 479284.01276871155
18390.0 481791.0415278042
18400.0 471609.5427476302
18410.0 458404.5182718857
18420.0 444615.26171614724
18430.0 474412.63909637404
18440.0 479973.70488313335
18450.0 477309.67845110275
18460.0 470072.3528223963
18470.0 444995.4937513651
18480.0 479608.4381185126
18490.0 478459.6733119408
18500.0 479736.33971570426
18510.0 475136.80614401755
18520.0 457251.74824607384
18530.0 468750.6369777167
18540.0 477661.84602702013
18550.0 452383.71621262736
18560.0 458492.82579490886
18570.0 473600.2806158465
18580.0 439147.99019333883
18590.0 470432.28167709085
18600.0 471045.3332295978
18610.0 464595.12432472693
18620.0 465021.79626729497
18630.0 459243.8631459461
18640.0 462527.9990556729
18650.0 464632.97379749897
18660.0 439596.31822134816
18670.0 465812.31693938473
18680.0 458727.02306799934
18690.0 464187.55463421054
18700.0 459789.1453817488
18710.0 449569.3093307468
18720.0 433290.0869365254
18730.0 453371.3592742356
18740.0 453475.1939427547
18750.0 418861.8239649339
18760.0 446452.584403895
18770.0 428694.814187766
18780.0 450725.2816072336
18790.0 450996.0783068589
18800.0 456469.5075571714
18810.0 455991.3130148628
18820.0 448053.565714288
18830.0 453606.355425225
18840.0 445346.3214484412
18850.0 436162.32544475043
18860.0 400975.7358038588
18870.0 445847.7431997189
18880.0 428599.91339843767
18890.0 432009.4369037551
18900.0 397491.4370858313
18910.0 423634.61292870186
18920.0 409337.67127925
18930.0 423723.6934233517
18940.0 432751.4533723686
18950.0 439278.8702950402
18960.0 432233.3631542678
18970.0 418744.859877119
18980.0 437097.44036624214
18990.0 407197.8451024521
19000.0 434794.76280224643
19010.0 436001.4046357562
19020.0 434919.4823002955
19030.0 423264.9604481903
19040.0 427648.6082383275
19050.0 408660.09691284125
19060.0 432536.64817496785
19070.0 434019.23554581363
19080.0 419221.55107803486
19090.0 427622.34393585956
19100.0 426591.07043616555
19110.0 400997.2044312923
19120.0 414256.7135654629
19130.0 429522.60985763563
19140.0 421483.7798796397
19150.0 423471.88963515864
19160.0 421166.6611257536
19170.0 422965.08257672546
19180.0 423482.68924203253
19190.0 398562.20426559163
19200.0 406781.9973085455
19210.0 413979.2935987722
19220.0 418240.44140021247
19230.0 421360.3474590288
19240.0 419955.5171530454
19250.0 411789.09278899914
19260.0 408073.4137313489
19270.0 411280.4000818628
19280.0 406044.06761332706
19290.0 412475.4745378394
19300.0 405398.9517807247
19310.0 318312.8398661005
19320.0 404665.93334385386
19330.0 406867.7320904131
19340.0 384856.77629959985
19350.0 408913.94566353416
19360.0 413117.0005219228
19370.0 412530.52070245147
19380.0 408504.9060142051
19390.0 389054.5166589752
19400.0 400918.21264559374
19410.0 405463.27161320706
19420.0 402699.0310826624
19430.0 367781.5844209155
19440.0 387587.6285734028
19450.0 283681.96771944704
19460.0 366573.50120494387
19470.0 386500.40595833067
19480.0 387440.2878724664
19490.0 378245.4788302714
19500.0 372049.43493214756
19510.0 325384.3988865897
19520.0 396829.2648837014
19530.0 392822.4125370965
19540.0 387163.0604256168
19550.0 397769.8721476508
19560.0 397823.055641489
19570.0 396781.7553512511
19580.0 389676.45735104923
19590.0 387689.9892130067
19600.0 387719.92218031484
19610.0 377782.1467274149
19620.0 384492.99598330254
19630.0 372946.5697540093
19640.0 379074.0753964472
19650.0 392343.9807570321
19660.0 391183.2740394592
19670.0 389657.3120218138
19680.0 388425.61996308627
19690.0 387264.31668367353
19700.0 387814.75902116066
19710.0 383150.9563529794
19720.0 357289.6814199367
19730.0 365926.81659760256
19740.0 377265.012222029
19750.0 375870.84715504595
19760.0 374197.51924831845
19770.0 331769.47606541135
19780.0 261355.21134271225
19790.0 354624.6890874865
19800.0 374437.10326565674
19810.0 371081.1118192162
19820.0 371341.95303486584
19830.0 377907.4460138546
19840.0 376359.1114438399
19850.0 313128.2177494456
19860.0 293111.0887390282
19870.0 365306.1735716606
19880.0 371522.9147552942
19890.0 372324.3497681435
19900.0 370264.9716057801
19910.0 369797.71201513783
19920.0 346135.16221507516
19930.0 323719.1455938233
19940.0 363600.6435547348
19950.0 363669.97607093846
19960.0 341824.20323736157
19970.0 353587.8432567921
19980.0 366073.5198782737
19990.0 366427.54554413405
20010.0 365218.22136019194
20020.0 354151.21963182586
20030.0 359818.3024647806
20040.0 362292.4498936175
20050.0 354808.26176499284
20060.0 360622.7582342073
20070.0 358692.2990263441
20080.0 359801.6844153033
20090.0 353663.3742874043
20100.0 360224.8167570224
20110.0 359844.052295336
20120.0 358765.08041924535
20130.0 356502.69297583547
20140.0 354313.06989192305
20150.0 357169.6112108715
20160.0 355611.7768745497
20170.0 350557.8468707452
20180.0 353514.72126221476
20190.0 349606.0798794139
20200.0 346149.60139214987
20210.0 337723.76535105065
20220.0 350497.55212830455
20230.0 345028.4031857811
20240.0 340902.89863051707
20250.0 349602.6583019072
20260.0 345085.8422328559
20270.0 344749.59052134084
20280.0 341439.4430484935
20290.0 342359.1598558722
20300.0 327317.97607384884
20310.0 347366.44603066397
20320.0 346254.47555725346
20330.0 345059.37936844135
20340.0 335393.2571633452
20350.0 336929.47927150776
20360.0 341426.5056045373
20370.0 341103.0061297926
20380.0 328374.83071966114
20390.0 341680.39949775574
20400.0 337896.48250569205
20410.0 331956.9093227079
20420.0 340089.6656052758
20430.0 340340.9658315113
20440.0 339008.86013810564
20450.0 337226.4884726732
20460.0 338840.71094214293
20470.0 330962.6675196845
20480.0 337937.53808657103
20490.0 336585.1726982709
20500.0 336636.24144581985
20510.0 333568.01879879076
20520.0 326153.6361894638
20530.0 331116.6521647445
20540.0 327222.882080942
20550.0 330486.09611220786
20560.0 330534.56395076757
20570.0 329170.325703501
20580.0 329128.13139913115
20590.0 322590.88108414557
20600.0 313010.7645913228
20610.0 326887.153074517
20620.0 324937.9228399614
20630.0 268625.9275576577
20640.0 318138.43611733685
20650.0 325476.55860504863
20660.0 324773.15494554903
20670.0 318996.9852121706
20680.0 320253.52929695224
20690.0 321939.8573226828
20700.0 309759.89321265556
20710.0 318221.534298871
20720.0 315930.3451259563
20730.0 320913.1193007526
20740.0 316106.697428355
20750.0 321351.3991940315
20760.0 315037.5848639089
20770.0 315110.3742850162
20780.0 319311.7635135457
20790.0 318374.70457854704
20800.0 312907.3053620976
20810.0 317459.5100043987
20820.0 315589.6336966129
20830.0 306591.481428812
20840.0 302193.90820979764
20850.0 312621.4187130442
20860.0 313346.93299891305
20870.0 311767.07084775006
20880.0 310404.97249201225
20890.0 311691.3777318788
20900.0 313142.16668215074
20910.0 310517.119296187
20920.0 292737.1695037324
20930.0 309193.60723201773
20940.0 307871.4625250849
20950.0 309511.4015136428
20960.0 295447.3840770385
20970.0 298679.0303775128
20980.0 308508.9201420085
20990.0 305886.5336089954
21000.0 310343.55060910655
21010.0 303590.23129592236
21020.0 305447.81541207834
21030.0 308082.3496999597
21040.0 306827.19190437207
21050.0 307052.12413015106
21060.0 303836.7999574289
21070.0 298079.40258265805
21080.0 301181.96216832165
21090.0 278736.318616109
21100.0 301413.86851310905
21110.0 299801.3419651383
21120.0 300135.91903849755
21130.0 301795.8814088413
21140.0 299598.923401015
21150.0 299537.1807881887
21160.0 268754.0617630611
21170.0 291949.03419825307
21180.0 294476.7639721206
21190.0 291423.4552499706
21200.0 293209.44998581626
21210.0 294248.5381342167
21220.0 292464.80968918744
21230.0 288220.10477944365
21240.0 289141.62843166
21250.0 295217.84493733774
21260.0 291049.1501822123
21270.0 293370.6388195867
21280.0 292373.0407846388
21290.0 294053.80618194054
21300.0 294011.28489880695
21310.0 292482.156993606
21320.0 290347.9723990041
21330.0 292232.751152653
21340.0 290126.17329804593
21350.0 277481.11868979404
21360.0 287978.9574822233
21370.0 290174.0594982397
21380.0 289834.5248624262
21390.0 289146.94356395927
21400.0 288864.3355079092
21410.0 288911.0906675225
21420.0 288601.3991713661
21430.0 284593.8409977315
21440.0 286332.14890082146
21450.0 281579.4452892518
21460.0 282382.6958093237
21470.0 286472.09055960283
21480.0 285285.70853547566
21490.0 282798.96973786334
21500.0 284664.09421427734
21510.0 284254.4818202476
21520.0 281268.43260823406
21530.0 279724.97291328886
21540.0 279674.3038410748
21550.0 281460.90425126604
21560.0 279635.3621451796
21570.0 279530.2151808094
21580.0 280984.7257356747
21590.0 277299.55934002175
21600.0 279731.67606898415
21610.0 278422.77585329255
21620.0 278425.05873649166
21630.0 277654.6645939675
21640.0 276150.03355325793
21650.0 268532.10560851585
21660.0 269117.74067261163
21670.0 271283.3654973174
21680.0 274142.4932263251
21690.0 274382.25074464007
21700.0 273389.17137570167
21710.0 273452.8550027556
21720.0 273885.9617168174
21730.0 272814.3114744071
21740.0 270420.68427446944
21750.0 271180.3000734775
21760.0 266008.2788695138
21770.0 269353.7807050405
21780.0 242852.59052302293
21790.0 267420.1597167901
21800.0 271111.3056111374
21810.0 268632.4470384683
21820.0 257319.6201452944
21830.0 268769.00623721234
21840.0 269124.28530043626
21850.0 267804.2773883476
21860.0 267558.75238816906
21870.0 262935.3503423815
21880.0 250789.36127281399
21890.0 263310.2347528617
21900.0 254314.97558047436
21910.0 266272.10895274073
21920.0 266535.90523392864
21930.0 265199.98435674945
21940.0 261346.9263954841
21950.0 263620.28129556635
21960.0 264483.0491174816
21970.0 262989.3998245858
21980.0 262781.1833703513
21990.0 261984.66972213617
22000.0 255427.08347997259
22010.0 260807.59007724124
22020.0 260814.8739498926
22030.0 259702.3207404374
22040.0 258336.71033795888
22050.0 251733.93276223954
22060.0 224223.22801148216
22070.0 250825.74604875935
22080.0 244508.41695655233
22090.0 255777.5706188726
22100.0 257119.52710991315
22110.0 254796.8328729794
22120.0 257608.05644537168
22130.0 257174.00927987485
22140.0 256870.49490554133
22150.0 256365.58330657743
22160.0 255488.40443743006
22170.0 255051.48518866158
22180.0 254655.91500643475
22190.0 255179.8444593959
22200.0 254242.47658088038
22210.0 246093.9313936022
22220.0 254104.95783423033
22230.0 246969.33647086308
22240.0 252623.4514595415
22250.0 252549.57669973513
22260.0 239428.36472819553
22270.0 240892.0354864534
22280.0 241274.4688459033
22290.0 250299.92494607082
22300.0 244154.12362371778
22310.0 243184.04516379407
22320.0 249239.5893041373
22330.0 249158.45635210912
22340.0 247905.039439787
22350.0 248026.26318831267
22360.0 248467.00068916022
22370.0 247427.54074076342
22380.0 236503.64349254302
22390.0 238477.9088573378
22400.0 246668.63682936403
22410.0 245715.3073511238
22420.0 241704.16058494564
22430.0 245028.53634275438
22440.0 240356.47741014493
22450.0 243996.86048541512
22460.0 243854.50884348754
22470.0 233640.0795732436
22480.0 241805.35270634328
22490.0 241352.80824772033
22500.0 242843.8661864653
22510.0 241441.50659681525
22520.0 241302.72929968016
22530.0 240384.074441501
22540.0 227878.0781018075
22550.0 239456.35276324433
22560.0 240150.86015917646
22570.0 239122.66101512976
22580.0 239613.4143634719
22590.0 239399.22025265903
22600.0 238737.59865796662
22610.0 229384.39952794102
22620.0 218331.95290015225
22630.0 229927.53874801696
22640.0 236367.28707734367
22650.0 222804.7779118619
22660.0 234733.81994799754
22670.0 235653.71987573366
22680.0 235305.0296660862
22690.0 234435.62397313153
22700.0 234344.5811147942
22710.0 232476.7108434958
22720.0 234434.8961293388
22730.0 233612.32386406828
22740.0 228193.13406146842
22750.0 232040.4066236059
22760.0 231013.37347302088
22770.0 232335.91011580246
22780.0 230886.86723325495
22790.0 229809.85026084376
22800.0 225600.95591956048
22810.0 201740.94813313548
22820.0 218705.74364497114
22830.0 227105.37832148492
22840.0 229713.1086538122
22850.0 228153.41528879662
22860.0 227700.85426776516
22870.0 228306.97564214387
22880.0 228157.21936837278
22890.0 227216.72809435026
22900.0 228267.51999362826
22910.0 226501.83347963484
22920.0 226917.7110284929
22930.0 180640.78882726503
22940.0 189397.77292566438
22950.0 205552.03142727213
22960.0 196573.6142013127
22970.0 203928.73523745596
22980.0 207551.80659290514
22990.0 209707.70022698
23000.0 214745.140189099
23010.0 211958.85666739647
23020.0 214223.57460358329
23030.0 214982.19310332023
23040.0 212018.8078570529
23050.0 212236.3668874331
23060.0 214250.50415301585
23070.0 213214.48576847548
23080.0 215313.84558146558
23090.0 213358.45972136492
23100.0 218683.08005710974
23110.0 212041.1186793007
23120.0 211869.91605657473
23130.0 213225.92325646745
23140.0 207856.1711827552
23150.0 215851.42941653763
23160.0 207781.51777951993
23170.0 211508.8803606774
23180.0 211673.06116722332
23190.0 213395.6521801004
23200.0 210583.9933301147
23210.0 210906.00469154838
23220.0 176614.4303109557
23230.0 173411.37204287565
23240.0 190162.45261469908
23250.0 188828.59374784242
23260.0 195762.91571635063
23270.0 194423.06972331755
23280.0 198912.0522251343
23290.0 203563.3547238018
23300.0 191150.39742218866
23310.0 197553.15617506864
23320.0 203985.6851368435
23330.0 199005.43617436994
23340.0 205585.4634568455
23350.0 191274.13375544973
23360.0 200918.05797478123
23370.0 197616.46729920723
23380.0 190079.15674917147
23390.0 204275.14227763697
23400.0 199360.30791370245
23410.0 198606.1776812597
23420.0 201694.46957272585
23430.0 201005.64751443607
23440.0 200570.85158257844
23450.0 196599.3997173805
23460.0 200084.1019796332
23470.0 203216.567551615
23480.0 197919.67665728295
23490.0 197058.04516880837
23500.0 203332.87367097964
23510.0 196142.8742607995
23520.0 155178.79091870505
23530.0 167009.2616701996
23540.0 179910.50636979946
23550.0 178293.14718578005
23560.0 184374.02203501604
23570.0 185867.66491468152
23580.0 186942.94783447176
23590.0 187137.24545453987
23600.0 191333.8497214745
23610.0 189281.5027056239
23620.0 185161.85568323845
23630.0 191534.8546577802
23640.0 188660.81777054814
23650.0 189617.80675302743
23660.0 188646.87574399554
23670.0 190252.6867178858
23680.0 189464.2277143532
23690.0 190795.2787084053
23700.0 191047.1736287688
23710.0 192270.4285775622
23720.0 179302.00553987751
23730.0 185490.028380997
23740.0 183619.15521201334
23750.0 185353.00202381547
23760.0 189347.4007897075
23770.0 191335.87548001995
23780.0 187149.17410573774
23790.0 189584.35072507104
23800.0 187123.7872640041
23810.0 190218.13174023907
23820.0 171634.3021328671
23830.0 146946.1559103058
23840.0 164124.72471049044
23850.0 166234.48887738932
23860.0 163560.53093028782
23870.0 172112.04695314146
23880.0 184632.18287972966
23890.0 174072.5526644269
23900.0 174716.14035071936
23910.0 181962.52797032523
23920.0 169701.7174313177
23930.0 185438.83683176275
23940.0 175602.4200762144
23950.0 179685.09042726192
23960.0 180928.904217194
23970.0 175698.61110946166
23980.0 181366.0878360404
23990.0 188416.66245953037
24000.0 170581.61290450254
24010.0 184291.8870780727
24020.0 178394.51337777343
24030.0 182592.17542194456
24040.0 179306.84329354833
24050.0 176795.27498168754
24060.0 183693.50251036818
24070.0 181637.1287312524
24080.0 175596.33368986077
24090.0 181639.95528543045
24100.0 177556.83473427338
24110.0 179304.69406797894
24120.0 182457.1428663334
24130.0 167752.50944587085
24140.0 142733.62604966882
24150.0 155845.41765782214
24160.0 157147.55413465627
24170.0 168443.98442536872
24180.0 166857.72453054
24190.0 161763.4131505775
24200.0 175266.2774448909
24210.0 170065.8502342542
24220.0 171897.05079769235
24230.0 167067.9451212006
24240.0 175142.4751665208
24250.0 166853.1810312526
24260.0 170700.68666721837
24270.0 172286.17004351434
24280.0 163269.3351433733
24290.0 176869.38001627428
24300.0 172694.2666305976
24310.0 168468.51644984444
24320.0 175850.76927243156
24330.0 164893.31724353993
24340.0 173267.42884738182
24350.0 170013.84405090366
24360.0 169853.88895939547
24370.0 162787.6123800479
24380.0 172409.52771254306
24390.0 173162.53754424685
24400.0 165728.80900183818
24410.0 170087.34614818808
24420.0 170740.66086480793
24430.0 177193.90056165008
24440.0 159447.0874302898
24450.0 166398.80537394542
24460.0 144785.25493925845
24470.0 143217.01222431954
24480.0 163046.945174645
24490.0 158598.2578247236
24500.0 154690.5261669337
24510.0 157324.062157276
24520.0 159933.01982966633
24530.0 163467.1051654262
24540.0 155748.58413965194
24550.0 159220.93005726108
24560.0 151263.07604716255
24570.0 150891.33497233543
24580.0 167992.3095768031
24590.0 158347.29778509965
24600.0 164655.70165649874
24610.0 163658.01510313293
24620.0 161796.27415966484
24630.0 165963.19286940907
24640.0 160651.3751880647
24650.0 159980.5111480588
24660.0 166341.20472394774
24670.0 162846.4598432419
24680.0 156548.39946189025
24690.0 160952.3739954132
24700.0 158527.49097975803
24710.0 159980.60363639353
24720.0 162143.24784716312
24730.0 155094.5796757498
24740.0 162014.94308159337
24750.0 156806.17615638656
24760.0 158684.16073142094
24770.0 164722.86893780503
24780.0 146480.6586679123
24790.0 142155.59197741025
24800.0 141870.12176094364
24810.0 148854.873435389
24820.0 137367.24546020103
24830.0 147400.91906933908
24840.0 149313.05226840748
24850.0 136815.97092884697
24860.0 118822.11222777642
24870.0 136637.80206624066
24880.0 135776.3384542388
24890.0 139183.595400474
24900.0 140002.59788535596
24910.0 138355.87585542188
24920.0 138408.22892134215
24930.0 144111.40131168734
24940.0 138186.03865952668
24950.0 141176.58357356503
24960.0 140100.06996982245
24970.0 142179.2358976378
24980.0 140375.92723548412
24990.0 140693.90733900687
