#lam[Angstrom] flux[erg/cm2/s/A]
1010.0 1.2390791659527216
1020.0 1.2830105967700778
1030.0 4.42631604262031
1040.0 1.7447837611289678
1050.0 1.3138199019983685
1060.0 1.3256969387816377
1070.0 1.3998947912786
1080.0 4.236497671953271
1090.0 4.316032780129298
1100.0 1.3836043879884035
1110.0 1.3946954462980679
1120.0 1.4489182706304804
1130.0 1.409353905603866
1140.0 1.5305627275313909
1150.0 1.4363160441921192
1160.0 1.4636265740086418
1170.0 1.4663345300842898
1180.0 1.4726494675653459
1190.0 1.4816125723748668
1200.0 2.234052334870202
1210.0 1.9884320401727056
1220.0 12.651237916856973
1230.0 1.8300006193826623
1240.0 7.459940484452779
1250.0 2.5983225146690434
1260.0 3.6158011422336984
1270.0 3.714795521960415
1280.0 3.8353335934605464
1290.0 4.139369149446508
1300.0 4.457643475321216
1310.0 4.902180462036126
1320.0 5.120489847579699
1330.0 5.206929543052099
1340.0 5.811402325097747
1350.0 5.592989884790015
1360.0 5.726359444770248
1370.0 5.811166838474109
1380.0 5.934378656713361
1390.0 13.587079782035046
1400.0 15.109875886647556
1410.0 11.170234793123363
1420.0 6.301050171580216
1430.0 6.187444611781954
1440.0 6.219184056628195
1450.0 6.260563033840407
1460.0 6.3098315780853005
1470.0 6.358738773281161
1480.0 6.388684008259063
1490.0 10.027017089476917
1500.0 6.325497109220367
1510.0 6.315079952424915
1520.0 6.322012692591358
1530.0 6.606019634694222
1540.0 6.277616215673615
1550.0 89.13709565290802
1560.0 6.280138955952562
1570.0 6.25318961569094
1580.0 6.551989440480438
1590.0 6.2472606885006385
1600.0 6.849677392862333
1610.0 6.235093837942992
1620.0 6.234598694868356
1630.0 6.197699119045414
1640.0 56.68572742106748
1650.0 6.145800132874248
1660.0 7.94978185766955
1670.0 10.825657608442068
1680.0 6.106426027107507
1690.0 6.087979905405803
1700.0 6.063098553160397
1710.0 6.0324548459502605
1720.0 6.47598896372188
1730.0 6.0627577659227585
1740.0 6.177536887873462
1750.0 9.165543338939734
1760.0 6.008806120414898
1770.0 6.006915261411695
1780.0 6.025015319637363
1790.0 6.443528971793061
1800.0 5.984638543217337
1810.0 7.381477681207039
1820.0 7.508271948929549
1830.0 5.87416424554904
1840.0 5.8366946851065045
1850.0 6.301622229623561
1860.0 6.062049073133959
1870.0 5.768292858079269
1880.0 9.45740049613058
1890.0 11.83570677506691
1900.0 5.710895587502309
1910.0 38.37059943747428
1920.0 5.6713994471694
1930.0 5.696609021101035
1940.0 5.593249355882969
1950.0 5.59019860380572
1960.0 5.533331090841231
1970.0 5.500760578098498
1980.0 5.471325676933885
1990.0 5.4473106623419625
2000.0 5.410466797389138
2010.0 5.363316649928284
2020.0 5.14113188452547
2030.0 4.849089041676828
2040.0 4.706580773844981
2050.0 4.4925062679398655
2060.0 4.417700850556697
2070.0 4.451098340386898
2080.0 4.353223743114754
2090.0 4.488636552277728
2100.0 4.391780950099047
2110.0 4.392450786668167
2120.0 4.519245955317023
2130.0 4.512988677120898
2140.0 4.746697682592043
2150.0 4.342359170786819
2160.0 4.375801926776692
2170.0 4.270455343979874
2180.0 4.4385353063991575
2190.0 4.341697921037163
2200.0 4.385284460875884
2210.0 4.438249117883383
2220.0 4.656720006325483
2230.0 4.556302874259149
2240.0 4.629832610137438
2250.0 4.917426269269361
2260.0 4.798136273857117
2270.0 4.893800648830365
2280.0 4.993560216754739
2290.0 5.097803492409933
2300.0 5.331145523430881
2310.0 5.608759548352768
2320.0 5.887667075016544
2330.0 10.550547895761632
2340.0 6.688742134004613
2350.0 5.964469548633075
2360.0 5.822543412839246
2370.0 5.936583188952751
2380.0 6.049144394090284
2390.0 6.612540793782304
2400.0 6.277795590538058
2410.0 6.408029280299763
2420.0 6.496680581791686
2430.0 14.066893181388476
2440.0 6.711603040420596
2450.0 6.839451728180558
2460.0 6.923638465547771
2470.0 7.029882970148099
2480.0 7.137001834527025
2490.0 7.246391619498876
2500.0 7.345147594289962
2510.0 8.19755715953368
2520.0 7.565772765692053
2530.0 7.66732758235497
2540.0 7.752972001282354
2550.0 7.855243351815051
2560.0 9.099729274096925
2570.0 8.048023843239463
2580.0 8.15127269884043
2590.0 8.452195071572703
2600.0 8.35042649829651
2610.0 8.43815307435274
2620.0 8.5238691794265
2630.0 8.616889982228622
2640.0 8.71412459421128
2650.0 8.791128017500212
2660.0 8.850759468997435
2670.0 9.936143995988525
2680.0 9.002137895361667
2690.0 9.092390539539924
2700.0 9.17818265005005
2710.0 9.245623063681574
2720.0 9.36229241961182
2730.0 10.033313383567853
2740.0 10.119824510878397
2750.0 9.59539387319012
2760.0 9.720495209843072
2770.0 9.775866400597112
2780.0 9.864658983746427
2790.0 39.35427737002714
2800.0 24.855170981768165
2810.0 10.14408930211391
2820.0 10.226996206869012
2830.0 15.937652785991443
2840.0 10.39132029806448
2850.0 11.086089248848962
2860.0 10.767511359255995
2870.0 10.658261340740575
2880.0 10.751708948250261
2890.0 10.83150520429089
2900.0 10.913407565779343
2910.0 10.988564747132196
2920.0 11.069106511865598
2930.0 12.901576971921338
2940.0 11.232190746490986
2950.0 11.5591086171458
2960.0 11.398972800399953
2970.0 11.485166913972522
2980.0 11.603118685008827
2990.0 11.653889953321968
3000.0 11.724520146662828
3010.0 11.808337861900785
3020.0 11.898261993166143
3030.0 11.974391040104946
3040.0 12.064022164198382
3050.0 12.136251565335485
3060.0 12.213561202057596
3070.0 12.292506035390721
3080.0 12.36474810729272
3090.0 12.431474773217438
3100.0 12.561816041362576
3110.0 12.624778038664664
3120.0 12.703826635099203
3130.0 12.739913591003159
3140.0 12.805879253731495
3150.0 12.877113381611025
3160.0 12.943989481611187
3170.0 13.003775740087969
3180.0 13.085353610740679
3190.0 13.576752528732724
3200.0 13.24781968955157
3210.0 15.550891919961929
3220.0 13.400914177884644
3230.0 13.487617601056222
3240.0 13.591959922927034
3250.0 13.618878914919032
3260.0 13.732283972637548
3270.0 13.738996220221964
3280.0 13.797198281492555
3290.0 13.86897331210232
3300.0 13.910513078160458
3310.0 13.971442144031963
3320.0 14.03356972679405
3330.0 14.103694146057618
3340.0 15.652061329144118
3350.0 14.247348889126497
3360.0 14.412851573907979
3370.0 14.356874120504198
3380.0 14.43654537005695
3390.0 14.50226268173307
3400.0 14.563642187781475
3410.0 14.604084023824107
3420.0 16.56237034032301
3430.0 16.618384680116908
3440.0 14.79779590498918
3450.0 14.828020051969398
3460.0 14.91934718489698
3470.0 15.009037351264373
3480.0 15.123623444531107
3490.0 15.185818772761753
3500.0 15.114755865986911
3510.0 15.03638532260928
3520.0 15.012425326010336
3530.0 15.100122612251049
3540.0 15.133549553510663
3550.0 15.201366383123414
3560.0 15.209358362931649
3570.0 15.23926235266877
3580.0 15.722071730471214
3590.0 15.26870279272192
3600.0 15.257196592284503
3610.0 15.273122933971202
3620.0 15.404906388465923
3630.0 15.48299037797641
3640.0 15.469884366993579
3650.0 15.49163653181175
3660.0 15.760545905433801
3670.0 15.798132034843201
3680.0 15.636157727951517
3690.0 15.779140663272306
3700.0 15.786884540209718
3710.0 15.610708190887676
3720.0 13.694149387448267
3730.0 22.80574519775105
3740.0 11.933697790788408
3750.0 12.612634119765724
3760.0 12.207076520985256
3770.0 13.691916496294557
3780.0 12.320421760456322
3790.0 12.44014238319304
3800.0 13.283097278270683
3810.0 12.485275372593629
3820.0 12.489658235382509
3830.0 12.444705193850591
3840.0 13.851420013434765
3850.0 12.546603045539054
3860.0 24.47920574429953
3870.0 12.672779170206503
3880.0 15.108737804668662
3890.0 12.681826321956962
3900.0 14.957547432807058
3910.0 12.765219265259159
3920.0 12.852577615724497
3930.0 12.601626999451387
3940.0 12.882601538853427
3950.0 13.110468745108317
3960.0 16.56782364843238
3970.0 13.097756285658331
3980.0 15.681584995563332
3990.0 12.818284539845498
4000.0 12.661361176634378
4010.0 12.446113325079022
4020.0 12.694806907544828
4030.0 12.318385462570333
4040.0 12.338434724336803
4050.0 12.388405273129449
4060.0 12.703716476959139
4070.0 13.2418047702038
4080.0 14.990995052719756
4090.0 13.85563001125389
4100.0 17.926499318378653
4110.0 13.76509645363586
4120.0 13.953958675730892
4130.0 13.934748355442192
4140.0 14.443004345251335
4150.0 14.227017481677006
4160.0 14.29778183873342
4170.0 13.371154030620843
4180.0 14.072683801690028
4190.0 13.474001069212994
4200.0 13.820719940087871
4210.0 13.598734694927632
4220.0 13.135517768378733
4230.0 12.910621903202884
4240.0 13.377389557980539
4250.0 12.845387354177284
4260.0 12.913124384695188
4270.0 12.931992174864764
4280.0 12.925263670823856
4290.0 12.8496275222821
4300.0 13.754261228814492
4310.0 14.546862178950251
4320.0 15.387252306964072
4330.0 23.086581315691152
4340.0 15.803212851582433
4350.0 17.898566250037707
4360.0 17.522470045255027
4370.0 18.778288444680577
4380.0 16.82303331305488
4390.0 18.65542569447636
4400.0 19.85951200492288
4410.0 19.250481485209402
4420.0 21.549416534135325
4430.0 21.54133143415271
4440.0 22.241213660372033
4450.0 27.440573142967665
4460.0 24.851461330908265
4470.0 27.845482791649662
4480.0 25.695662005942168
4490.0 26.96624565106727
4500.0 24.49238174264221
4510.0 29.23839191138874
4520.0 27.86272316146166
4530.0 30.84303395178769
4540.0 31.06297886224887
4550.0 27.536836919925108
4560.0 35.5072534426418
4570.0 26.856557589862085
4580.0 27.090562225311764
4590.0 25.082223411908114
4600.0 25.188355094407758
4610.0 16.85860519743544
4620.0 33.34088337520525
4630.0 23.392831333248218
4640.0 33.144168366041804
4650.0 26.559594311081824
4660.0 42.029662665075755
4670.0 41.33749870827153
4680.0 44.433535337019876
4690.0 50.17211628107388
4700.0 55.37487310373371
4710.0 54.602847860913435
4720.0 39.913277412519385
4730.0 38.67931922362203
4740.0 39.88959190650892
4750.0 35.157840538802944
4760.0 32.36633337159734
4770.0 28.3812059826669
4780.0 24.16101481713658
4790.0 23.394402794181186
4800.0 20.5626628172118
4810.0 16.62663327201411
4820.0 24.87929065577997
4830.0 23.822055622975576
4840.0 23.417856424158153
4850.0 22.20909065372866
4860.0 38.69421725823213
4870.0 32.43460914664368
4880.0 31.543693284138435
4890.0 41.23177090674021
4900.0 38.704673368459446
4910.0 36.20152645033069
4920.0 36.0618850502955
4930.0 34.14228887592667
4940.0 34.09816434560223
4950.0 27.292403870360985
4960.0 65.68940414266908
4970.0 28.047176167985157
4980.0 25.304176013540207
4990.0 23.106410291173667
5000.0 21.47606108723511
5010.0 130.4766111985463
5020.0 18.224769962686967
5030.0 17.125826722082664
5040.0 16.659915260664373
5050.0 16.47349093702957
5060.0 16.102156362342452
5070.0 16.0201224263308
5080.0 16.147484885353915
5090.0 15.855642746102687
5100.0 15.709393291026695
5110.0 15.375574764314388
5120.0 15.071823036944693
5130.0 14.837311970355524
5140.0 14.666960909298467
5150.0 14.566322462568497
5160.0 14.650173813881539
5170.0 14.504178695807267
5180.0 14.189945818547152
5190.0 15.174343270825903
5200.0 14.882733434060476
5210.0 14.481934060764155
5220.0 15.631235481074537
5230.0 15.518325917139459
5240.0 15.586983363533195
5250.0 15.53320341768848
5260.0 15.745749501352819
5270.0 15.529799381806708
5280.0 15.1026665239479
5290.0 15.010849670807058
5300.0 14.860500790969823
5310.0 14.883831256531675
5320.0 15.030646741238371
5330.0 14.663075655332818
5340.0 14.522911926444511
5350.0 14.461085797365296
5360.0 14.360744628567609
5370.0 14.297838857276062
5380.0 14.21725987200684
5390.0 14.02010554626947
5400.0 14.006369768044395
5410.0 14.034017261401294
5420.0 14.152721056109481
5430.0 13.953243201023811
5440.0 13.838177715976489
5450.0 13.786974702093284
5460.0 13.72373545710926
5470.0 13.675216949856345
5480.0 13.609213488908658
5490.0 13.533883327784206
5500.0 13.492203447481304
5510.0 13.505374289993004
5520.0 13.414707291539745
5530.0 13.379473771917642
5540.0 13.301107770215033
5550.0 13.234315982995277
5560.0 13.189768813681376
5570.0 13.160091022830208
5580.0 13.106223559464585
5590.0 13.08257695313461
5600.0 13.025120524388386
5610.0 12.976703561866755
5620.0 12.921400337768947
5630.0 12.879761029635244
5640.0 12.835440766561566
5650.0 12.79680402972796
5660.0 12.757260427963947
5670.0 12.714449213804198
5680.0 12.652461689819265
5690.0 12.594839013413353
5700.0 12.53728488247632
5710.0 12.481701195303435
5720.0 12.43832060358859
5730.0 12.914062729521735
5740.0 12.350192108464375
5750.0 12.307359139900072
5760.0 12.405604460994892
5770.0 12.219322924534431
5780.0 12.181213150611692
5790.0 12.140967097285007
5800.0 12.10077678091224
5810.0 12.059925082587688
5820.0 12.24756124299562
5830.0 11.976067074146998
5840.0 11.928518980304785
5850.0 11.892894664275516
5860.0 11.861099671027528
5870.0 11.809651186019593
5880.0 13.255927638892562
5890.0 11.762953061113208
5900.0 11.743465437829274
5910.0 11.724021195252444
5920.0 11.754196889672512
5930.0 11.806771660994094
5940.0 11.84102653079041
5950.0 11.871281472155035
5960.0 11.913584692904006
5970.0 11.992275097964912
5980.0 12.026400822295962
5990.0 12.10097084979121
6000.0 12.205595665031074
6010.0 12.29190271499493
6020.0 12.411448467798053
6030.0 12.552479896660893
6040.0 12.6832857248335
6050.0 12.847529811031002
6060.0 13.027153866787899
6070.0 13.229671211107544
6080.0 13.45829212243018
6090.0 14.524294139626797
6100.0 13.97527310193864
6110.0 14.279440623580562
6120.0 14.607889977248645
6130.0 14.9644593446307
6140.0 15.384166694570963
6150.0 15.854299933599602
6160.0 16.34151171616067
6170.0 16.838374430941222
6180.0 17.399453186761633
6190.0 18.00709030015328
6200.0 18.740475192009875
6210.0 19.47226944398244
6220.0 20.219359887153352
6230.0 21.10834713327101
6240.0 22.038871783385794
6250.0 23.126413418653797
6260.0 24.149058498333154
6270.0 25.464991012379997
6280.0 26.772105785921788
6290.0 28.194751633027067
6300.0 30.644713986561595
6310.0 31.02712195212172
6320.0 33.326319039099886
6330.0 35.25195563320467
6340.0 37.4215495483153
6350.0 39.74983293848486
6360.0 42.142699151231284
6370.0 44.91211825435318
6380.0 47.42768208137399
6390.0 50.49273458821095
6400.0 53.78458687370149
6410.0 57.23176363556344
6420.0 60.72881008480752
6430.0 64.14781745619239
6440.0 68.45182458908535
6450.0 72.85914532276963
6460.0 76.59732971335274
6470.0 81.8797614351535
6480.0 87.04493942559343
6490.0 92.51287899125136
6500.0 97.81201836457285
6510.0 103.37454324657288
6520.0 109.79238072189025
6530.0 116.11566690676494
6540.0 123.06648831952398
6550.0 130.56550500381007
6560.0 176.73111667624067
6570.0 146.38237643174844
6580.0 153.18993589944088
6590.0 168.57401991597047
6600.0 172.42479035724332
6610.0 181.2386153654736
6620.0 193.7841447549632
6630.0 202.18350514538028
6640.0 213.59156524728223
6650.0 226.14507474574444
6660.0 235.44349733310762
6670.0 247.81876781709624
6680.0 260.7347770884178
6690.0 272.18302230280506
6700.0 283.1329933063084
6710.0 273.28596769628035
6720.0 310.7885343560461
6730.0 326.48930905603333
6740.0 340.54251080226993
6750.0 353.4312383540725
6760.0 369.31401025777257
6770.0 379.5533536745855
6780.0 388.3878677520245
6790.0 401.9983772822386
6800.0 413.6936865983554
6810.0 414.09832546325146
6820.0 418.67301319828516
6830.0 427.53388481386594
6840.0 425.16655382105773
6850.0 420.5785033888171
6860.0 411.53951667937844
6870.0 407.3364637260696
6880.0 400.9748287259819
6890.0 345.2309539851258
6900.0 369.8754569815457
6910.0 371.55242456389465
6920.0 351.63917617054074
6930.0 368.93296364540385
6940.0 363.6301100845122
6950.0 372.98325129295694
6960.0 373.7095280667527
6970.0 370.2611659643622
6980.0 375.7329568809943
6990.0 374.86986278954635
7000.0 400.2706482549228
7010.0 412.4368313572265
7020.0 432.00759502506634
7030.0 443.1521749477739
7040.0 461.34473259644426
7050.0 471.51049645410103
7060.0 463.2143141844605
7070.0 478.844447381402
7080.0 485.78165410704287
7090.0 479.4089397458165
7100.0 496.9013355595551
7110.0 492.9449353941759
7120.0 515.3178116253398
7130.0 508.08072328231435
7140.0 510.1134315900799
7150.0 525.4893689174261
7160.0 526.598840171475
7170.0 527.1187115211834
7180.0 530.3384804609344
7190.0 536.8970696885395
7200.0 519.8123087562639
7210.0 517.0506246140429
7220.0 518.4260543311607
7230.0 512.4355813132177
7240.0 500.5452512958113
7250.0 502.81552553005065
7260.0 493.0773675398789
7270.0 482.95544369820414
7280.0 470.0758599005338
7290.0 474.2810470941721
7300.0 459.0713162978967
7310.0 446.1650769932787
7320.0 430.955439027603
7330.0 418.908670282936
7340.0 400.0531368627989
7350.0 385.9802763411299
7360.0 377.6032943191704
7370.0 372.1797432869448
7380.0 360.14958614220615
7390.0 346.492911593296
7400.0 320.51186793781136
7410.0 305.3111836797155
7420.0 294.7939325194748
7430.0 296.7542397445858
7440.0 293.4139001639786
7450.0 272.0856890635253
7460.0 255.3624311325404
7470.0 260.1903845820941
7480.0 258.26558841236044
7490.0 225.52225481287377
7500.0 199.1042064647227
7510.0 203.78126526349644
7520.0 203.2573360311609
7530.0 164.00786735953926
7540.0 162.8915260600195
7550.0 171.03468316771992
7560.0 124.35084493070855
7570.0 139.93236809236888
7580.0 115.52303824848002
7590.0 106.71501868531801
7600.0 91.40809643598683
7610.0 83.84633102413775
7620.0 73.75397121711222
7630.0 54.80224318982464
7640.0 28.59872827899165
7650.0 12.019473808336393
7660.0 9.58945324828588
7670.0 9.603873739480576
7680.0 10.963910009518209
7690.0 10.236374423025033
7700.0 9.67916578898711
7710.0 11.388375894260763
7720.0 20.11518359633333
7730.0 37.722763959579076
7740.0 61.37738000305225
7750.0 85.03565572957791
7760.0 111.92983957101374
7770.0 137.31593987012977
7780.0 160.4380755248578
7790.0 154.23110038022838
7800.0 76.44055813422865
7810.0 187.81187737632942
7820.0 240.39597189445865
7830.0 278.67287670325766
7840.0 309.555017731709
7850.0 340.5371882043573
7860.0 376.6450682772414
7870.0 405.59074533354493
7880.0 441.0927893848074
7890.0 480.349062911265
7900.0 518.8508047643489
7910.0 534.8361709403869
7920.0 584.0699078066918
7930.0 600.8260084278545
7940.0 491.22945566847056
7950.0 256.81544043624984
7960.0 669.246083211058
7970.0 781.0607003299033
7980.0 850.5514553755748
7990.0 909.6115458549621
8000.0 969.8627765254664
8010.0 1012.1937495610957
8020.0 1064.9565572358542
8030.0 1117.9089377178273
8040.0 1172.8387992445594
8050.0 1209.6828327150251
8060.0 1274.2952705063735
8070.0 1334.9605571672032
8080.0 1392.1615562153095
8090.0 1455.7187933826308
8100.0 1520.6615780862287
8110.0 1581.576412833779
8120.0 1640.2698146514715
8130.0 1721.6537406363743
8140.0 1792.7981874311395
8150.0 1866.393076110453
8160.0 1930.8206692794374
8170.0 1992.5383164545874
8180.0 1879.3646826442375
8190.0 1896.1684494303174
8200.0 2023.5749891760267
8210.0 2253.4708816444017
8220.0 2333.8792304559383
8230.0 2409.3747740499125
8240.0 2486.876529497471
8250.0 2559.00793935619
8260.0 2625.9094000997598
8270.0 2703.315397692561
8280.0 2771.4068195704513
8290.0 2840.544280660438
8300.0 2909.9959977116323
8310.0 2982.9120740265666
8320.0 3058.6184364877604
8330.0 3129.2998305720002
8340.0 3201.874260610517
8350.0 3274.2234255048124
8360.0 3347.445000840594
8370.0 3418.6369784930926
8380.0 3489.8431591754625
8390.0 3545.5522199981265
8400.0 3638.1735699831424
8410.0 3711.176450110355
8420.0 3780.416742505233
8430.0 3814.0578230695396
8440.0 3814.9068668119658
8450.0 3832.2199010933145
8460.0 3883.706788702707
8470.0 3937.037986573008
8480.0 4017.5624463380814
8490.0 4078.5391643305966
8500.0 4066.2628801829187
8510.0 3868.9933662679027
8520.0 1827.8585931246553
8530.0 3481.264689273604
8540.0 3864.3038794486974
8550.0 4105.9247812346275
8560.0 4281.975514625825
8570.0 4434.68463410811
8580.0 4317.824971824525
8590.0 4158.032492346545
8600.0 4039.0127568361304
8610.0 3834.5281809813496
8620.0 3366.014307097624
8630.0 3417.095650545035
8640.0 3575.0990730578296
8650.0 3645.143825901592
8660.0 3817.1190424425877
8670.0 3915.134402106849
8680.0 3830.873434036521
8690.0 4088.293730408191
8700.0 3943.79325400578
8710.0 3992.841567197426
8720.0 4076.1306695290773
8730.0 4194.089095117808
8740.0 4367.151516388329
8750.0 4344.9155256572185
8760.0 4698.501938872177
8770.0 4518.780216990166
8780.0 4838.708524991293
8790.0 4881.929934071032
8800.0 5145.198843503016
8810.0 5049.543752083891
8820.0 5322.492513693847
8830.0 5319.169352435319
8840.0 5826.616690498509
8850.0 5680.30315638332
8860.0 5814.244252001373
8870.0 5717.399911842457
8880.0 6116.3016778510855
8890.0 6374.409558468219
8900.0 6277.364830214322
8910.0 6432.975130261654
8920.0 6276.501077091994
8930.0 6742.661603477051
8940.0 3945.7235826762912
8950.0 5422.0289028628
8960.0 7155.950868102388
8970.0 6865.657577242985
8980.0 7125.871250230614
8990.0 7686.683426585641
9000.0 7326.869916874852
9010.0 7540.522476047118
9020.0 7942.747443199245
9030.0 7405.004364206626
9040.0 7937.261748938016
9050.0 8114.626515054654
9060.0 7838.76615787697
9070.0 8062.776238781305
9080.0 8168.347878684911
9090.0 8498.741757248821
9100.0 8663.051533150572
9110.0 8782.760131392419
9120.0 8942.496078525195
9130.0 8947.731669460196
9140.0 8961.966618614071
9150.0 9128.103903411858
9160.0 9603.24833012446
9170.0 9548.259111914836
9180.0 9583.322810646046
9190.0 10131.30954328728
9200.0 10013.406874688522
9210.0 9310.437343550248
9220.0 9589.323926186675
9230.0 9431.653925078292
9240.0 9607.040175005064
9250.0 9439.021857233534
9260.0 9744.835768390456
9270.0 9807.167361212254
9280.0 9490.106047118534
9290.0 9543.973051925184
9300.0 9605.395102291071
9310.0 9890.496207025626
9320.0 9842.955100950323
9330.0 9979.629148384834
9340.0 10161.758305496853
9350.0 10151.774807326321
9360.0 10532.765744425697
9370.0 10435.672638270556
9380.0 10612.753742484856
9390.0 10628.60207472229
9400.0 10573.566081779094
9410.0 11173.210772406119
9420.0 11044.966088347892
9430.0 11469.11970105526
9440.0 11073.920453629724
9450.0 11656.382690373039
9460.0 11393.304974483664
9470.0 11631.892157734332
9480.0 12085.180947973386
9490.0 12152.69524939798
9500.0 12210.710671101824
9510.0 12236.269264608849
9520.0 12500.32887565831
9530.0 12803.378677800687
9540.0 12405.578400365746
9550.0 12650.97373774534
9560.0 12703.390094115775
9570.0 13157.63292411118
9580.0 13443.979504308702
9590.0 13229.910221452363
9600.0 12741.264316088533
9610.0 13240.570193256743
9620.0 13743.178947250683
9630.0 13565.239378605991
9640.0 12687.314394383558
9650.0 13564.705447148861
9660.0 14089.895285387289
9670.0 13694.54352505089
9680.0 13710.371291339927
9690.0 14400.777875285801
9700.0 14590.758905135493
9710.0 14083.257402257874
9720.0 14308.638126343894
9730.0 13726.86338887576
9740.0 13823.328101076471
9750.0 14135.22506150344
9760.0 14365.462011750076
9770.0 14344.654739186844
9780.0 14333.058241557099
9790.0 14429.418816856189
9800.0 15156.757405769946
9810.0 14893.922729173275
9820.0 14888.170238200266
9830.0 14735.943011315492
9840.0 14702.535785284645
9850.0 15337.97281275055
9860.0 15390.254554004448
9870.0 15413.561418670462
9880.0 16208.479073515398
9890.0 15180.030265137117
9900.0 11434.820246092335
9910.0 10517.519100012345
9920.0 10686.427427725506
9930.0 11201.940806162786
9940.0 11918.072475760488
9950.0 12368.999614791785
9960.0 12281.3201001829
9970.0 11318.28297644512
9980.0 10775.660627157109
9990.0 10853.795684397486
10010.0 10998.026086967366
10020.0 11096.871958727279
10030.0 11413.886452434623
10040.0 11736.640656941481
10050.0 11176.957683593477
10060.0 11000.797835239153
10070.0 11782.456412326452
10080.0 12031.646695900754
10090.0 11967.05873259187
10100.0 13038.329675994155
10110.0 12168.307644208578
10120.0 12260.038637532589
10130.0 12648.012184046134
10140.0 12473.500108179856
10150.0 12819.404085633501
10160.0 12261.07908800644
10170.0 13109.444615256425
10180.0 12576.144667081056
10190.0 12934.590650540546
10200.0 13096.583345245299
10210.0 13459.970470855627
10220.0 13011.986121303757
10230.0 13193.522795969511
10240.0 14495.987701082357
10250.0 13341.482218883515
10260.0 12642.591966946648
10270.0 13108.911239239837
10280.0 13062.16953587501
10290.0 13721.486148510594
10300.0 13277.653537299762
10310.0 14085.986741606474
10320.0 13419.690969095525
10330.0 14382.537719624877
10340.0 13878.070463336133
10350.0 14004.895587238425
10360.0 14639.258704382602
10370.0 15661.589845515851
10380.0 14034.898510124423
10390.0 14139.279749269077
10400.0 15587.876890027088
10410.0 15163.59060502151
10420.0 14682.929843158452
10430.0 14170.69210492072
10440.0 15671.668317581798
10450.0 16182.675087969681
10460.0 16066.022309277243
10470.0 14242.318054013907
10480.0 15187.544322015701
10490.0 16037.528112990949
10500.0 15814.966218159514
10510.0 15087.610546938487
10520.0 14657.860189114363
10530.0 17315.242354038142
10540.0 15608.933541247357
10550.0 16021.240830896717
10560.0 15496.916183594161
10570.0 15046.072138237456
10580.0 17246.588115722716
10590.0 15817.378615475453
10600.0 16622.109822232018
10610.0 16447.220201999262
10620.0 15487.441289194603
10630.0 17259.210398456697
10640.0 17176.61203055612
10650.0 16287.367530890122
10660.0 16760.129184769725
10670.0 16333.034706383201
10680.0 16786.981750019153
10690.0 16982.195315431894
10700.0 17157.20840272223
10710.0 17472.338264045444
10720.0 18387.421821078828
10730.0 16762.935652180786
10740.0 17275.268505348096
10750.0 18828.003880434437
10760.0 17241.984184320598
10770.0 18942.179695993786
10780.0 19071.88513644404
10790.0 18272.032098761872
10800.0 18107.815582538446
10810.0 17617.613588247335
10820.0 18879.222690757622
10830.0 20311.072664235962
10840.0 20273.551234306553
10850.0 17909.468325959086
10860.0 18242.11043859343
10870.0 19269.649872331964
10880.0 20749.76912120613
10890.0 19747.014189887195
10900.0 20975.84977890372
10910.0 18286.934388546848
10920.0 19119.08893852907
10930.0 20061.809971235376
10940.0 21148.262444926757
10950.0 19548.92193922333
10960.0 19469.884454445146
10970.0 19817.813990416627
10980.0 18427.880361920706
10990.0 20603.495689506293
11000.0 20139.108352086503
11010.0 19779.79403429827
11020.0 19522.69973658083
11030.0 19486.268739547493
11040.0 19828.674944421746
11050.0 18237.701450477696
11060.0 19914.00397697788
11070.0 19630.124523669485
11080.0 19260.540091008927
11090.0 19713.224140182007
11100.0 19310.767519436715
11110.0 19131.810880104884
11120.0 19033.06826091458
11130.0 19155.386660998727
11140.0 20178.7973931665
11150.0 19195.96445883438
11160.0 20176.749356590393
11170.0 19675.740773935697
11180.0 21129.266211362676
11190.0 19300.83116805273
11200.0 19227.25572572501
11210.0 19030.864634892663
11220.0 18543.82314446431
11230.0 19137.90517386451
11240.0 20075.56272233137
11250.0 19677.02129018624
11260.0 20315.928138081035
11270.0 19894.79832017573
11280.0 19023.79728195364
11290.0 19379.516763171923
11300.0 19018.23626370248
11310.0 20175.008106293793
11320.0 20639.74820568526
11330.0 19456.121646850515
11340.0 18639.90860683896
11350.0 16775.863085467823
11360.0 17870.57058294189
11370.0 17784.313207913787
11380.0 15605.371924654457
11390.0 17900.405268842896
11400.0 15345.357131340024
11410.0 16724.897512981952
11420.0 19524.34441302131
11430.0 19920.748939301186
11440.0 19887.8080957102
11450.0 19888.234878299187
11460.0 20360.017179745326
11470.0 21171.007999253856
11480.0 20682.379648070273
11490.0 21039.040549120975
11500.0 20958.224778790565
11510.0 19931.631026651223
11520.0 18841.622792403265
11530.0 18687.499075865377
11540.0 17874.989506913582
11550.0 17550.387359492168
11560.0 18326.786259381675
11570.0 18758.894277311167
11580.0 20482.364213053774
11590.0 20240.206966582886
11600.0 18726.670791645294
11610.0 18582.935494738693
11620.0 15841.841469624118
11630.0 17838.888561720985
11640.0 17341.956871783274
11650.0 17418.108699355034
11660.0 17880.260277063306
11670.0 16895.12722256677
11680.0 15345.359818320816
11690.0 10075.406331643495
11700.0 14815.971662171602
11710.0 17413.552610247712
11720.0 18402.69573572142
11730.0 18485.371158314218
11740.0 17721.365958186292
11750.0 16980.70477543369
11760.0 15594.059109734211
11770.0 9287.81253366538
11780.0 13631.214090412452
11790.0 17122.19783644695
11800.0 18082.85779913172
11810.0 18910.80427840985
11820.0 19140.754774280904
11830.0 19967.806968215085
11840.0 20305.06325572252
11850.0 20761.26224159864
11860.0 21954.047744217216
11870.0 21590.048763490937
11880.0 20790.310299250108
11890.0 21526.407929819998
11900.0 22971.201306028994
11910.0 22633.953276479093
11920.0 23018.076763380755
11930.0 23543.412766340618
11940.0 22341.44228547681
11950.0 21897.253546755015
11960.0 21932.483987682153
11970.0 21031.617670865806
11980.0 21617.708870284558
11990.0 21318.373585755824
12000.0 21800.441817426556
12010.0 21890.18185818839
12020.0 22339.491716288107
12030.0 22022.44888304827
12040.0 23529.14206578314
12050.0 23130.083264022145
12060.0 24573.975478066342
12070.0 23186.58824226844
12080.0 24450.770566304112
12090.0 23158.844440695542
12100.0 24030.150830786773
12110.0 22439.481236595846
12120.0 24320.773157950796
12130.0 23497.64288425555
12140.0 25249.470414587104
12150.0 25695.41674961283
12160.0 24066.77309976314
12170.0 26280.866465293744
12180.0 25242.376845864965
12190.0 25205.562493681507
12200.0 23984.933786062636
12210.0 24520.776345743816
12220.0 24442.530920672798
12230.0 25011.233510793492
12240.0 25276.10911581603
12250.0 26456.65161670013
12260.0 25994.25787179944
12270.0 25514.243522340763
12280.0 27098.071187531958
12290.0 25465.87386828212
12300.0 26282.7675633899
12310.0 25813.83427354048
12320.0 25503.954531010815
12330.0 25315.58123855668
12340.0 25486.418493099907
12350.0 25964.641762247047
12360.0 25436.683546339198
12370.0 25384.908844886413
12380.0 26976.809503730106
12390.0 23982.86174962239
12400.0 23950.586355162275
12410.0 22971.799475059168
12420.0 21839.130608844232
12430.0 17556.75125643751
12440.0 21058.962730630756
12450.0 24244.212831775218
12460.0 24701.55875927354
12470.0 25089.55720115601
12480.0 24558.424157378548
12490.0 24778.84562736736
12500.0 23845.118411528118
12510.0 21916.707610402187
12520.0 15892.33722296737
12530.0 20444.608149632626
12540.0 23422.943690338187
12550.0 24543.42424475611
12560.0 25617.251813426905
12570.0 25928.58238070913
12580.0 26594.000992092708
12590.0 25355.325102157192
12600.0 27072.559225992238
12610.0 27079.715863618272
12620.0 26319.366514895264
12630.0 26217.10903607704
12640.0 25211.82570795252
12650.0 26688.256249032926
12660.0 27493.991803205405
12670.0 27068.5053709771
12680.0 28286.290451854635
12690.0 27767.990917500923
12700.0 26458.166804186738
12710.0 27798.20107643064
12720.0 28773.11936186774
12730.0 27945.351660643762
12740.0 26129.649972520572
12750.0 26717.95978754906
12760.0 28467.870136208505
12770.0 27745.547987830534
12780.0 26991.425852539003
12790.0 28463.030730602066
12800.0 27584.792621338474
12810.0 27775.819525336196
12820.0 28736.620418017465
12830.0 27855.210504033417
12840.0 27551.100578545622
12850.0 28082.59116580805
12860.0 25818.1877656147
12870.0 27705.767377913016
12880.0 27114.991132647934
12890.0 27087.94800905965
12900.0 27118.18752806634
12910.0 26245.72105971284
12920.0 27476.838103903865
12930.0 27323.52566061237
12940.0 27560.59373025944
12950.0 27050.362084742042
12960.0 27991.91040674935
12970.0 27834.275013737497
12980.0 28373.52313329412
12990.0 27120.23076501031
13000.0 28415.280909267065
13010.0 27357.070636248125
13020.0 28671.39973486849
13030.0 28579.171415951947
13040.0 28716.15560934509
13050.0 28334.81381512244
13060.0 27988.0970327717
13070.0 27679.872262706718
13080.0 27386.18035422281
13090.0 26859.764054620642
13100.0 28293.109116427713
13110.0 27806.11668957784
13120.0 27625.89127467816
13130.0 26973.097371427226
13140.0 27094.095824976055
13150.0 28296.228804732997
13160.0 27982.66714164401
13170.0 28406.6769904369
13180.0 26551.335350917972
13190.0 28583.4832231182
13200.0 27490.598607105938
13210.0 27083.415245606153
13220.0 27519.36391017534
13230.0 27272.86682906747
13240.0 27110.094759687363
13250.0 25417.30070191148
13260.0 27099.72815551185
13270.0 25796.16062075055
13280.0 26601.27715792275
13290.0 23792.43452444514
13300.0 21609.564362556186
13310.0 15238.963911888799
13320.0 19543.1861723334
13330.0 22816.854344010917
13340.0 19923.625632019637
13350.0 18929.8409277415
13360.0 18480.64184003619
13370.0 16968.74686353961
13380.0 17749.415398029556
13390.0 18639.941143767024
13400.0 16448.617500675646
13410.0 17625.7234520593
13420.0 16708.117850187547
13430.0 16221.264242876878
13440.0 15556.012046775548
13450.0 17538.272361325267
13460.0 15113.385386625823
13470.0 15881.058722788051
13480.0 14362.571330548715
13490.0 17826.65667932875
13500.0 13842.562299621406
13510.0 16758.770330753574
13520.0 15457.484572735426
13530.0 16391.57442533738
13540.0 14487.25764325337
13550.0 15029.085462477291
13560.0 16537.00284711052
13570.0 12381.855842397357
13580.0 16385.61794799452
13590.0 15676.9964643626
13600.0 17547.368691081505
13610.0 16177.208683542858
13620.0 13888.418544634485
13630.0 18727.563571324186
13640.0 15877.522107981302
13650.0 17128.883855028344
13660.0 17597.69101212468
13670.0 17993.72747956091
13680.0 16510.533233494265
13690.0 18375.171057673586
13700.0 17477.026168458448
13710.0 15165.326089597967
13720.0 17837.78872081201
13730.0 17153.303061998417
13740.0 17515.749713448968
13750.0 17202.813122848624
13760.0 17628.307714767972
13770.0 17794.53846476982
13780.0 17423.36362481184
13790.0 18393.267494848013
13800.0 15699.960274633933
13810.0 18243.139564346624
13820.0 14440.250593550061
13830.0 16118.203089275594
13840.0 17346.917374368117
13850.0 15729.93161939029
13860.0 16339.12882415166
13870.0 17191.844988545057
13880.0 15926.65746278579
13890.0 16949.92262449487
13900.0 15813.578975945045
13910.0 15624.885614797926
13920.0 15677.68886318961
13930.0 17606.511621128295
13940.0 17233.367388476512
13950.0 16322.353065311743
13960.0 17370.3550335417
13970.0 16214.651546575344
13980.0 15594.158151117994
13990.0 16553.375264982376
14000.0 15134.384488291014
14010.0 15871.250821267542
14020.0 17298.049963341266
14030.0 17038.546001878833
14040.0 17068.522018104442
14050.0 16086.601030677322
14060.0 18363.95265238733
14070.0 16047.053683288024
14080.0 15848.822423220574
14090.0 14451.96107239663
14100.0 17098.95573242079
14110.0 17299.386649755925
14120.0 16021.302077942359
14130.0 18081.260415327368
14140.0 15609.965261760415
14150.0 17650.841717002113
14160.0 18997.071881315867
14170.0 15899.875644273938
14180.0 17398.675884977238
14190.0 16064.18257423857
14200.0 16899.27312248485
14210.0 19110.316129568684
14220.0 17949.67504554366
14230.0 16556.72447026627
14240.0 17163.19934504117
14250.0 17938.090477357793
14260.0 17725.042559552596
14270.0 18660.464150371827
14280.0 16791.257849804744
14290.0 16391.863957926398
14300.0 20395.776974551492
14310.0 18590.942044047464
14320.0 18441.253975403924
14330.0 18205.194359537716
14340.0 16811.680852182864
14350.0 19495.924653341033
14360.0 19381.857563097576
14370.0 19780.206981241074
14380.0 19442.692442980377
14390.0 16968.268105054907
14400.0 20078.31820887829
14410.0 18751.91061933393
14420.0 19093.45813655417
14430.0 21342.646960407277
14440.0 19335.058390755272
14450.0 17779.577559799018
14460.0 20197.61045113068
14470.0 19390.197582867662
14480.0 20185.816722731426
14490.0 20999.148870889258
14500.0 18615.02602723442
14510.0 20010.00219199315
14520.0 21417.48636483797
14530.0 20584.39602633769
14540.0 20283.469377872698
14550.0 20684.835718168015
14560.0 19430.745566451722
14570.0 19903.108922742224
14580.0 22000.513286970217
14590.0 21918.64015926888
14600.0 21306.693268428473
14610.0 20693.91578465756
14620.0 19723.22703797881
14630.0 19986.706799228785
14640.0 21749.52506827968
14650.0 21770.53534528676
14660.0 21520.918130142494
14670.0 21003.3556732254
14680.0 20052.74122354576
14690.0 20140.2945319838
14700.0 20950.267848231917
14710.0 20874.647172199562
14720.0 21817.76200389916
14730.0 21551.206343316164
14740.0 20603.922578737664
14750.0 20609.37654541262
14760.0 21216.621907979134
14770.0 21633.96077818829
14780.0 22021.041156015974
14790.0 21182.75004140114
14800.0 20975.588434317702
14810.0 21149.503834938052
14820.0 21231.020243126848
14830.0 21907.082158754754
14840.0 21829.590581829816
14850.0 21403.93601245451
14860.0 22202.77695050375
14870.0 21584.031896045148
14880.0 21329.50484908956
14890.0 21472.437017639884
14900.0 21589.451777111
14910.0 22486.789752247627
14920.0 21873.23523468818
14930.0 22434.046224465117
14940.0 21713.70522150394
14950.0 21625.14122580403
14960.0 21632.63473736995
14970.0 22535.230464755252
14980.0 22562.945782349958
14990.0 22315.663315583395
15000.0 22426.512356028165
15010.0 21989.004903631678
15020.0 22071.215458431347
15030.0 22382.838520255656
15040.0 23004.850655219656
15050.0 22709.7710511767
15060.0 22579.778521494958
15070.0 22411.03650011832
15080.0 22225.198987219635
15090.0 23185.697982518574
15100.0 22435.898486165388
15110.0 22546.215498124024
15120.0 22899.65804290926
15130.0 22270.53215565975
15140.0 23579.857799843878
15150.0 23356.206450981164
15160.0 22668.582108972907
15170.0 22055.369273873865
15180.0 23024.357445490008
15190.0 23170.772084205284
15200.0 23150.204491332413
15210.0 23621.069364238236
15220.0 22997.35824238163
15230.0 24106.32062602115
15240.0 23047.287015011403
15250.0 23293.608409306773
15260.0 22959.017808914923
15270.0 23309.58123872804
15280.0 23414.05544759502
15290.0 23778.57518775293
15300.0 23712.631934501303
15310.0 23676.372688016156
15320.0 22633.80894789454
15330.0 23903.584214439456
15340.0 24082.24448762097
15350.0 23600.5617819466
15360.0 23745.08274193406
15370.0 23830.461222998696
15380.0 23947.78821044516
15390.0 23998.968204218083
15400.0 23610.541204270467
15410.0 24044.972210639047
15420.0 23614.396232035397
15430.0 23831.435054056474
15440.0 23782.515391298726
15450.0 24490.509734766383
15460.0 24404.982584700174
15470.0 23769.19394090875
15480.0 24281.154803396283
15490.0 24402.58317223687
15500.0 23834.31358403829
15510.0 24198.875673633782
15520.0 24643.266306132486
15530.0 24237.226944826347
15540.0 24456.56758976897
15550.0 24435.00674073739
15560.0 24470.20289788087
15570.0 24023.516061152222
15580.0 23619.433143082875
15590.0 24279.48966117613
15600.0 24142.562597852375
15610.0 24114.196040601044
15620.0 24535.95998962005
15630.0 24440.317444501525
15640.0 24433.32440545574
15650.0 23919.66937254431
15660.0 24405.978049725065
15670.0 25051.857324523593
15680.0 24770.222809462364
15690.0 24263.59280040063
15700.0 24666.505297299696
15710.0 24645.31480004872
15720.0 24387.231308732593
15730.0 24554.622677415788
15740.0 24955.925117382143
15750.0 24433.02691713655
15760.0 24450.97572269023
15770.0 24780.475534057772
15780.0 23932.068851273503
15790.0 24323.304174175606
15800.0 24183.194002852106
15810.0 24281.87804702237
15820.0 24453.727904098007
15830.0 24064.040476680715
15840.0 24186.600054940187
15850.0 24382.390139021434
15860.0 24329.815728677055
15870.0 24122.488323957925
15880.0 24499.515425001493
15890.0 24369.325475179943
15900.0 24297.447630737763
15910.0 24008.633735217514
15920.0 24129.506345182584
15930.0 23985.36196064467
15940.0 23925.236081464245
15950.0 24336.50920765955
15960.0 23974.60733936619
15970.0 23576.16118723983
15980.0 24332.066342614235
15990.0 23598.46171433221
16000.0 23633.79459161188
16010.0 23907.984474183733
16020.0 23655.498362153914
16030.0 23181.76075562328
16040.0 23858.127654418
16050.0 23584.509138438218
16060.0 22744.764258272982
16070.0 23915.429963276212
16080.0 22857.00417373428
16090.0 23142.21638945994
16100.0 22883.54811056986
16110.0 23169.457336970092
16120.0 22733.437068770392
16130.0 22790.33065766836
16140.0 23256.03104804997
16150.0 22191.673295659937
16160.0 22844.298548554
16170.0 22000.4093065901
16180.0 22009.639069912846
16190.0 21512.31933843543
16200.0 22366.047112179822
16210.0 22053.35909860063
16220.0 23368.373976241597
16230.0 23435.818066599244
16240.0 23432.97916206121
16250.0 23728.79726263006
16260.0 22851.03936818411
16270.0 23393.103478922378
16280.0 23048.360594709113
16290.0 23506.473715526663
16300.0 22656.009045330808
16310.0 22943.182171260418
16320.0 22526.794506159506
16330.0 22397.167846102064
16340.0 22704.13619109082
16350.0 22009.168541077768
16360.0 22384.66239601416
16370.0 22383.078255887696
16380.0 22109.56359646689
16390.0 22897.52099054619
16400.0 22034.870865236524
16410.0 22258.460744927474
16420.0 21729.339129474905
16430.0 22198.419018885048
16440.0 22811.56391318233
16450.0 21031.9513123776
16460.0 21432.3937433675
16470.0 22310.620125307614
16480.0 21872.134538989245
16490.0 22116.83545753183
16500.0 22275.741880841153
16510.0 22790.871308963982
16520.0 22400.91274182918
16530.0 22639.493179437966
16540.0 22643.32256046301
16550.0 22168.96557760847
16560.0 21078.29753798409
16570.0 21556.387003016636
16580.0 20272.31647269799
16590.0 21609.541446952408
16600.0 21785.511425857483
16610.0 22058.54040945519
16620.0 21918.278016521002
16630.0 21758.52488191745
16640.0 22425.46987082631
16650.0 20649.768864413873
16660.0 20147.99086261033
16670.0 20015.38036535232
16680.0 18890.890872716107
16690.0 20556.484884608886
16700.0 19350.483901128002
16710.0 18511.854686099032
16720.0 19431.715947639612
16730.0 19945.199477738748
16740.0 20640.673012329615
16750.0 21741.705551334624
16760.0 21445.704094889603
16770.0 21448.76864293134
16780.0 21850.33819539212
16790.0 21856.857459949275
16800.0 21374.44231370964
16810.0 21134.011379502994
16820.0 21227.488449672233
16830.0 19867.430524233616
16840.0 18913.854103289053
16850.0 19559.22768661127
16860.0 19340.59027433423
16870.0 18073.822866396145
16880.0 18925.878370700673
16890.0 18040.036325907808
16900.0 18095.34219312273
16910.0 19205.053064638658
16920.0 18423.759440335412
16930.0 19710.18832020882
16940.0 18033.203204281246
16950.0 18145.140092472837
16960.0 17612.26171513099
16970.0 17878.501619615414
16980.0 18580.369258475646
16990.0 19459.295901628022
17000.0 18519.89104892398
17010.0 19406.50220046212
17020.0 19453.044356185746
17030.0 18525.59151612868
17040.0 18271.176680174638
17050.0 19566.953812362994
17060.0 20036.79652070543
17070.0 18595.388197298278
17080.0 18786.737377857855
17090.0 19738.967062550993
17100.0 19137.463751415635
17110.0 17607.89944436768
17120.0 19033.78614133632
17130.0 19285.262302518375
17140.0 18989.935047585936
17150.0 19235.49975675996
17160.0 20242.18196995804
17170.0 19242.200687228913
17180.0 19420.15140852768
17190.0 19264.408633788513
17200.0 18190.942863058914
17210.0 18718.192596289304
17220.0 18858.430271200217
17230.0 18463.370076083338
17240.0 17839.35282253206
17250.0 18635.9585728521
17260.0 17297.39432707397
17270.0 17885.8065852111
17280.0 18033.02934717666
17290.0 19099.798112894223
17300.0 19339.650331775458
17310.0 18533.22563812152
17320.0 18770.34989764192
17330.0 19148.659160914092
17340.0 19124.38942809183
17350.0 18258.946199123187
17360.0 18531.45547391178
17370.0 18043.990752636102
17380.0 18032.912035122845
17390.0 18402.676008242237
17400.0 17174.02762823249
17410.0 17800.053938808138
17420.0 17898.54225318872
17430.0 18068.80557133137
17440.0 17273.65989323511
17450.0 17642.049218921446
17460.0 17446.09404828144
17470.0 17183.976881384635
17480.0 17618.536393788567
17490.0 17815.505698535555
17500.0 16954.504182546698
17510.0 17858.657670090386
17520.0 18206.18716137696
17530.0 17818.27815628265
17540.0 16801.53465480116
17550.0 17396.007156929547
17560.0 17599.31499704111
17570.0 18154.97092079732
17580.0 17790.780182608592
17590.0 18554.499948018747
17600.0 17997.220217002083
17610.0 18735.77548960025
17620.0 17118.17876573813
17630.0 18383.06954538618
17640.0 17348.35082868165
17650.0 18652.50851831753
17660.0 17856.7674174566
17670.0 17104.628922873504
17680.0 16193.964531876733
17690.0 17045.502044393488
17700.0 17499.681160381224
17710.0 16577.702579913184
17720.0 16132.90220297959
17730.0 16965.546629509015
17740.0 16975.276216637947
17750.0 16219.216392910554
17760.0 15916.359129852606
17770.0 16871.046670173226
17780.0 17326.111613974288
17790.0 15762.80956122262
17800.0 17504.061511920278
17810.0 15032.253065933224
17820.0 16826.649923408964
17830.0 16891.998184808068
17840.0 15205.759448600335
17850.0 15271.648016211731
17860.0 16161.446787207076
17870.0 14568.77646161017
17880.0 16574.685539420138
17890.0 17646.07272050574
17900.0 16258.688704862454
17910.0 14694.56419265935
17920.0 15884.817268481436
17930.0 16587.379056063754
17940.0 16425.87393159305
17950.0 16402.787810525526
17960.0 14552.627242640254
17970.0 16517.16232805211
17980.0 18165.32246672593
17990.0 15642.95665867743
18000.0 15276.381453840151
18010.0 14575.840947983974
18020.0 14915.152759846695
18030.0 16227.629370577011
18040.0 16194.131084508643
18050.0 15003.61200158896
18060.0 15316.094621900575
18070.0 15274.88254530829
18080.0 15676.342971907758
18090.0 17508.453001589336
18100.0 14939.509417683637
18110.0 16102.280681408485
18120.0 13821.716231520195
18130.0 17775.679084794574
18140.0 17587.67834117882
18150.0 14883.431600688844
18160.0 16422.240013285835
18170.0 15984.933678969239
18180.0 15123.312497779936
18190.0 16968.913562551686
18200.0 14784.454050172493
18210.0 15429.86823369227
18220.0 13764.035820282525
18230.0 18720.403209931188
18240.0 18186.401302608807
18250.0 17630.453898404267
18260.0 13443.476797228652
18270.0 16039.830799111189
18280.0 16434.701373953172
18290.0 17760.90111191162
18300.0 15831.683822847606
18310.0 15505.171336734515
18320.0 15534.499353695159
18330.0 17522.75327362587
18340.0 16891.950896556707
18350.0 15882.684422485832
18360.0 15517.773251312681
18370.0 14574.533278182715
18380.0 17417.414417986038
18390.0 14588.981955655032
18400.0 17073.574696373584
18410.0 17068.490440012938
18420.0 15411.452886581328
18430.0 16076.422135962768
18440.0 15876.017888370192
18450.0 16793.294943672565
18460.0 16545.645038843406
18470.0 14809.09765882857
18480.0 14420.583918725004
18490.0 16035.776881466712
18500.0 15318.578946973435
18510.0 16952.29791535477
18520.0 16350.923886453764
18530.0 13992.547460445334
18540.0 14338.59648718794
18550.0 16558.95826669647
18560.0 14189.045517380891
18570.0 14035.482288516157
18580.0 15018.177680814839
18590.0 14240.849175874007
18600.0 12558.17907382222
18610.0 14912.077524515491
18620.0 15655.656327958202
18630.0 15802.808984151896
18640.0 13223.09399317826
18650.0 13625.5490208783
18660.0 16142.208012915791
18670.0 13741.467423681795
18680.0 13935.774837178733
18690.0 16496.810453426588
18700.0 14418.180772364107
18710.0 14329.96759408726
18720.0 15642.62466844509
18730.0 13344.286395478583
18740.0 16539.954559869268
18750.0 15838.524114031028
18760.0 15173.710055528138
18770.0 15181.539499707518
18780.0 15914.433846568878
18790.0 16529.623496139677
18800.0 15672.486548262312
18810.0 15332.53860311089
18820.0 17091.30576056933
18830.0 17488.05152073554
18840.0 15055.761943959726
18850.0 15128.635046597507
18860.0 16289.629912311182
18870.0 16992.754480665197
18880.0 15539.233251535894
18890.0 16850.992625086437
18900.0 15884.74090113656
18910.0 16101.518179786919
18920.0 15489.883460955554
18930.0 16846.98523712424
18940.0 16514.50614690775
18950.0 17327.218351628686
18960.0 16446.554058933256
18970.0 16535.93986875693
18980.0 16156.430481162297
18990.0 16236.673196060312
19000.0 16409.851413518198
19010.0 16233.184633402365
19020.0 16663.275305916843
19030.0 16146.976910428153
19040.0 17115.893894894787
19050.0 15013.892411368519
19060.0 14610.389730410494
19070.0 16964.561851941267
19080.0 17201.235675916614
19090.0 17026.936002422473
19100.0 16486.42633136021
19110.0 15013.161562769748
19120.0 17014.184468321062
19130.0 14972.17923290217
19140.0 16523.718271729118
19150.0 17249.59401294902
19160.0 14930.711656586775
19170.0 16946.92820269297
19180.0 17201.725051170233
19190.0 14878.311602082667
19200.0 13564.692555405449
19210.0 15744.458411178457
19220.0 16610.15305592105
19230.0 15793.128129830966
19240.0 14453.056792717778
19250.0 16735.630558075125
19260.0 14992.944325742299
19270.0 16107.710795768226
19280.0 14820.218868173757
19290.0 16425.587042956242
19300.0 15409.43082006852
19310.0 14629.6947995608
19320.0 15838.034981403598
19330.0 15008.196015543643
19340.0 15534.67640206442
19350.0 15517.290340826263
19360.0 14290.79953198456
19370.0 15798.551225461784
19380.0 15289.133021175243
19390.0 12902.256219208715
19400.0 13731.310119574973
19410.0 14097.242135674733
19420.0 16134.5689778578
19430.0 15338.361235708207
19440.0 14352.900895843415
19450.0 14854.920458200886
19460.0 16477.358022773118
19470.0 15049.757589518855
19480.0 13654.366358562049
19490.0 14935.69612977671
19500.0 15772.169003234203
19510.0 15926.625785950791
19520.0 15922.550218370918
19530.0 13978.929360156331
19540.0 14488.04570413671
19550.0 13082.807650362207
19560.0 13952.457198736558
19570.0 16004.050899325512
19580.0 14433.472352122615
19590.0 14860.084857121987
19600.0 14497.501014248675
19610.0 14778.705601630181
19620.0 14746.916022841026
19630.0 13941.117774318149
19640.0 15040.223027951031
19650.0 15422.979983740424
19660.0 15822.715641660427
19670.0 14295.550701788577
19680.0 15048.273263999172
19690.0 15760.869528376556
19700.0 15069.719870058065
19710.0 13495.941290544735
19720.0 15951.03208829381
19730.0 14283.640488129255
19740.0 14510.901790109532
19750.0 13631.173594166778
19760.0 14602.9131002961
19770.0 15305.877308523974
19780.0 15447.076118867462
19790.0 15325.166231239002
19800.0 13808.102817168907
19810.0 14610.26934665636
19820.0 14421.939449703392
19830.0 15211.322854820539
19840.0 15275.327161947414
19850.0 15421.102071162513
19860.0 15895.726982419303
19870.0 15882.789395732563
19880.0 14751.993511046412
19890.0 13623.982528412032
19900.0 13849.760810154476
19910.0 14527.967673488347
19920.0 15334.414801165069
19930.0 15262.958430889752
19940.0 15058.72736260855
19950.0 14943.79129631375
19960.0 15873.041732046888
19970.0 14146.748069755566
19980.0 15161.639109485668
19990.0 14521.501951171882
20010.0 15252.341524973568
20020.0 15199.072557033083
20030.0 15468.063591079239
20040.0 15570.061127128743
20050.0 15393.606665113524
20060.0 14883.16420510098
20070.0 15340.466746972634
20080.0 14746.684290847432
20090.0 14110.50893667523
20100.0 14655.266036117677
20110.0 15543.131762017922
20120.0 15332.912641528063
20130.0 15122.264522971127
20140.0 15649.34240631227
20150.0 15324.790791572294
20160.0 14810.54617872518
20170.0 14833.060067763712
20180.0 15534.083958719817
20190.0 14413.79325151546
20200.0 14928.46352440167
20210.0 15705.125314964142
20220.0 15376.480885584568
20230.0 15644.904458067302
20240.0 15631.853532463494
20250.0 14751.060608697015
20260.0 14927.733686792133
20270.0 15188.00776678288
20280.0 15409.720348620405
20290.0 14671.927432321916
20300.0 14587.963690035394
20310.0 15524.395605200436
20320.0 15596.976194442479
20330.0 15255.367285519102
20340.0 15334.52587840028
20350.0 14921.973473125061
20360.0 15483.444069689505
20370.0 15363.295168083274
20380.0 15381.978268245542
20390.0 14923.47537023214
20400.0 15331.082974064455
20410.0 15011.647075940517
20420.0 15527.176145599335
20430.0 15233.065713365448
20440.0 15164.025782907474
20450.0 14910.162354205999
20460.0 15405.513927304532
20470.0 15536.046002193305
20480.0 15238.032578820368
20490.0 14888.99015720857
20500.0 15446.568237399899
20510.0 15490.394330053734
20520.0 14997.243156965158
20530.0 15230.00049632788
20540.0 14953.926837410649
20550.0 15151.766180284601
20560.0 15320.276524817375
20570.0 15403.020371056235
20580.0 15379.342219012935
20590.0 15293.88906870593
20600.0 15111.526420066286
20610.0 15246.871602993333
20620.0 15106.36232808839
20630.0 14768.424384738475
20640.0 15069.144443065872
20650.0 15168.489003101959
20660.0 15230.422564815992
20670.0 15164.727128242936
20680.0 15192.10119333227
20690.0 15024.288260138435
20700.0 15235.029828616352
20710.0 14904.119895174077
20720.0 15094.582058028715
20730.0 14935.73771900345
20740.0 15051.523381701649
20750.0 14866.541045984986
20760.0 14876.097211969118
20770.0 15048.475379587097
20780.0 14989.59354890966
20790.0 14943.98421981252
20800.0 14973.476392382649
20810.0 14807.93156663024
20820.0 14886.037097716597
20830.0 14873.253759221225
20840.0 14905.484777562271
20850.0 14798.286797524393
20860.0 14790.243819133475
20870.0 14707.925842296712
20880.0 14783.494367112307
20890.0 14729.335893494197
20900.0 14802.262921492527
20910.0 14753.061451088814
20920.0 14744.856741037242
20930.0 14572.762598591484
20940.0 14625.895216488063
20950.0 14729.544835994087
20960.0 14554.004457057088
20970.0 14595.493579748801
20980.0 14641.29870395004
20990.0 14413.385329763887
21000.0 14520.448957116818
21010.0 14538.104086076974
21020.0 14428.207216530755
21030.0 14481.229604104105
21040.0 14469.776059457232
21050.0 14356.270271863634
21060.0 14401.576485840802
21070.0 14325.000701350898
21080.0 14302.448418391961
21090.0 14359.20463699396
21100.0 14256.263857101256
21110.0 14195.26607875557
21120.0 14142.521801987792
21130.0 14254.197063597745
21140.0 14288.177252903994
21150.0 14232.849980629662
21160.0 14106.441209920831
21170.0 13980.12694067087
21180.0 14067.219172966641
21190.0 14054.99340674548
21200.0 14083.710142028458
21210.0 14039.997378799913
21220.0 14037.286617054198
21230.0 13892.666356850908
21240.0 14030.892683153072
21250.0 13893.209340787314
21260.0 14021.813585007954
21270.0 13801.39533070533
21280.0 13798.55107785095
21290.0 13781.035326493928
21300.0 13843.666576582447
21310.0 13846.08982814342
21320.0 13653.4940811457
21330.0 13821.266335607877
21340.0 13654.101091547653
21350.0 13746.837848901665
21360.0 13634.749607735901
21370.0 13417.81986797378
21380.0 13612.427129672653
21390.0 13584.016892825335
21400.0 13479.597157390586
21410.0 13406.944423357203
21420.0 13067.604690777305
21430.0 13409.917959649229
21440.0 13306.328729904688
21450.0 13249.04054429588
21460.0 13098.87427468326
21470.0 12929.767049183245
21480.0 13176.451925088886
21490.0 13126.942602402198
21500.0 13163.946381139598
21510.0 12943.811861238157
21520.0 12833.366442728187
21530.0 13093.743225606038
21540.0 13051.741009912826
21550.0 12894.93029559212
21560.0 12958.343906653168
21570.0 12900.808935686191
21580.0 13017.808790116418
21590.0 12827.462145874391
21600.0 12470.8485029961
21610.0 12677.962861445574
21620.0 12700.136721244762
21630.0 12891.508582342898
21640.0 12702.779944791406
21650.0 12556.189408588129
21660.0 12485.858773696624
21670.0 12199.920123172542
21680.0 12458.242279645523
21690.0 12541.579020498802
21700.0 12390.070062708675
21710.0 12431.389506223371
21720.0 11958.659251082707
21730.0 12197.183697267068
21740.0 12107.234944779471
21750.0 12078.512193596609
21760.0 12291.010743719633
21770.0 11894.021795167113
21780.0 11666.167584465273
21790.0 11940.55106573808
21800.0 11704.281184818272
21810.0 11985.807505281027
21820.0 11874.467026991368
21830.0 11193.466549998557
21840.0 11575.657374304008
21850.0 11588.822499924861
21860.0 11496.657626812123
21870.0 11551.440554989538
21880.0 11343.94288446548
21890.0 10698.896982865697
21900.0 11113.685846350956
21910.0 11151.024178760561
21920.0 10943.678762436073
21930.0 10877.184247354304
21940.0 10688.217733536912
21950.0 10252.72972097132
21960.0 10482.39430967354
21970.0 10245.903399636887
21980.0 9921.835890835702
21990.0 10277.685083257014
22000.0 9684.870622879593
22010.0 9047.940299856016
22020.0 9140.58572397061
22030.0 9484.502449361957
22040.0 8639.269125974002
22050.0 8187.289503819723
22060.0 8563.902432895306
22070.0 8725.049263184412
22080.0 8415.633944721936
22090.0 8627.891227463604
22100.0 8738.378861437579
22110.0 9144.043843421816
22120.0 8743.363636507389
22130.0 9303.225127598931
22140.0 9313.856519906465
22150.0 10027.838163426031
22160.0 9661.122858134306
22170.0 10031.573054058394
22180.0 9497.19515116656
22190.0 10182.741999500691
22200.0 9509.624998995634
22210.0 10009.627349664686
22220.0 9550.336150767263
22230.0 9799.840874131869
22240.0 9851.365147891971
22250.0 9716.525522811715
22260.0 9498.4179489432
22270.0 8969.7087262677
22280.0 9680.725354723394
22290.0 9777.637034372927
22300.0 9390.784815144181
22310.0 8956.623947163305
22320.0 9490.104730316509
22330.0 9086.769404150382
22340.0 9472.121911875764
22350.0 9527.800710299616
22360.0 9212.11845985742
22370.0 9081.610710527897
22380.0 9135.670662372255
22390.0 9416.33666535975
22400.0 8672.77361947723
22410.0 8650.00877471014
22420.0 9049.151231123238
22430.0 8776.65313863421
22440.0 9189.573176882413
22450.0 8606.711515428393
22460.0 8467.680534695111
22470.0 8894.879554995574
22480.0 8812.378826340884
22490.0 8964.587848739468
22500.0 8534.52202218317
22510.0 8886.094996698102
22520.0 8654.890072214412
22530.0 8509.591998795504
22540.0 9043.574826411577
22550.0 8407.47817863343
22560.0 8592.423600814385
22570.0 8433.395897682385
22580.0 9009.743045638514
22590.0 8611.47309469434
22600.0 8337.461244853832
22610.0 8206.399446086152
22620.0 9082.872698407597
22630.0 8816.837751805304
22640.0 7690.103606285758
22650.0 8679.64731186124
22660.0 8955.18093571981
22670.0 8718.197190357978
22680.0 7999.790863306152
22690.0 8510.482887341832
22700.0 8568.053462412217
22710.0 8502.638238569321
22720.0 7838.897315786742
22730.0 8720.475644071375
22740.0 8436.75302342969
22750.0 8019.919003819172
22760.0 8224.864835299295
22770.0 8209.392817815271
22780.0 7861.350836064489
22790.0 8353.105286005188
22800.0 7900.172371656528
22810.0 8238.19220840215
22820.0 7588.656546143813
22830.0 7743.4198349532035
22840.0 8010.722724791321
22850.0 7694.174415668717
22860.0 7548.476907565793
22870.0 7834.330750507682
22880.0 7779.062494473753
22890.0 7332.295492899388
22900.0 7314.136248005494
22910.0 7467.894057535367
22920.0 7139.668668107602
22930.0 6507.573929662067
22940.0 6559.506192216668
22950.0 6630.85985581865
22960.0 6476.831070412544
22970.0 6713.351585991536
22980.0 6355.288202579647
22990.0 6875.469520160029
23000.0 6774.7176387577365
23010.0 6969.124590558859
23020.0 6529.104266449125
23030.0 6744.696025563185
23040.0 6864.810185660754
23050.0 7179.614946751095
23060.0 7050.276958814711
23070.0 7263.944221902212
23080.0 7393.296035945219
23090.0 7469.8110010053215
23100.0 8095.163167019353
23110.0 7483.522034028975
23120.0 7225.308745848872
23130.0 7360.203922788147
23140.0 7309.81829451786
23150.0 8124.627367256051
23160.0 6106.927690919912
23170.0 5888.549515549729
23180.0 6317.6940911519605
23190.0 6251.67216771145
23200.0 6007.744595205973
23210.0 6330.270923663503
23220.0 6469.443503101829
23230.0 5767.434433464008
23240.0 5594.137659229697
23250.0 5401.7192322968685
23260.0 5636.429050765216
23270.0 5925.3121701896935
23280.0 5191.263240565622
23290.0 5969.798161880847
23300.0 5354.523984150949
23310.0 5558.110857321436
23320.0 6186.55528144975
23330.0 5551.585156483815
23340.0 5528.72348249636
23350.0 5662.806443135296
23360.0 5928.705000185663
23370.0 5805.90014189703
23380.0 6010.936934540543
23390.0 5689.08282808486
23400.0 6238.497372548735
23410.0 5714.546567943814
23420.0 6596.524514261606
23430.0 5489.664011472853
23440.0 6645.671059609538
23450.0 5948.368908647965
23460.0 6367.429608612994
23470.0 6597.0875007019995
23480.0 6176.401011224687
23490.0 6343.743363912522
23500.0 6361.91421746692
23510.0 6149.046521932163
23520.0 6491.390827297651
23530.0 6550.636983572468
23540.0 6639.665990702358
23550.0 6206.359048751796
23560.0 6995.328357685934
23570.0 7059.446517504361
23580.0 5973.458378212541
23590.0 6825.372154036408
23600.0 7165.844052261932
23610.0 6723.534365611837
23620.0 6747.762129830708
23630.0 6972.798794919836
23640.0 7179.379560911098
23650.0 7029.220277772899
23660.0 7042.369945483653
23670.0 6418.212014057257
23680.0 7597.310933509977
23690.0 6900.8599538357175
23700.0 4651.8325249975
23710.0 5788.785797046831
23720.0 5432.891019972995
23730.0 6441.783643717044
23740.0 6506.533568326174
23750.0 6014.481593799086
23760.0 6637.950820125602
23770.0 6133.143297287442
23780.0 5523.471975294598
23790.0 6434.086304168808
23800.0 5565.147333880721
23810.0 6139.992364436752
23820.0 6049.891445828548
23830.0 5134.524081758372
23840.0 6319.982761129959
23850.0 6673.264345035962
23860.0 5962.896829764022
23870.0 6631.908115350289
23880.0 7072.509701765246
23890.0 6248.150538991247
23900.0 6713.017877042768
23910.0 6349.080665937641
23920.0 6137.891405635214
23930.0 6822.610846178007
23940.0 6321.22143752517
23950.0 6491.268641726716
23960.0 6806.177022679492
23970.0 6318.382716484879
23980.0 7188.055061091046
23990.0 7561.63405652357
24000.0 5956.785452750238
24010.0 7263.826549799625
24020.0 7177.557447635237
24030.0 6553.08799629929
24040.0 7378.287845762345
24050.0 7048.7347460137335
24060.0 7326.482497068111
24070.0 6536.9481652285085
24080.0 6958.95252021836
24090.0 7138.337542288807
24100.0 6229.531915167039
24110.0 7769.118138866313
24120.0 7662.101363345496
24130.0 6134.2087386339
24140.0 7392.29736474655
24150.0 7499.115391614462
24160.0 6446.546819297154
24170.0 7044.102647769811
24180.0 7127.960627029794
24190.0 6212.096489152013
24200.0 7917.777069236284
24210.0 7910.659182166389
24220.0 6744.078595871236
24230.0 6810.09441034293
24240.0 7747.880025564361
24250.0 6906.211041578593
24260.0 6959.750208363046
24270.0 6857.344925907712
24280.0 7137.556244201642
24290.0 7713.247063269747
24300.0 7237.407933094566
24310.0 7324.405611141142
24320.0 7871.477187950721
24330.0 6735.036772955863
24340.0 7504.858958673697
24350.0 6950.068645087782
24360.0 6390.289232246478
24370.0 6649.259720134539
24380.0 8028.925908710681
24390.0 7911.538498013659
24400.0 6851.2953380227145
24410.0 7414.488478768839
24420.0 7275.675020200155
24430.0 7673.609033195521
24440.0 7008.645342450571
24450.0 7669.462223312596
24460.0 7637.78590487767
24470.0 6443.304187196031
24480.0 7383.009620238374
24490.0 7765.548104021145
24500.0 7580.99753853985
24510.0 7104.635273777345
24520.0 7307.0647097503725
24530.0 6579.7036464451085
24540.0 6750.495733854257
24550.0 7682.301393886107
24560.0 7857.76860670807
24570.0 7869.751942148673
24580.0 7631.597828322058
24590.0 6663.796415193576
24600.0 7274.790202790673
24610.0 6485.598891073266
24620.0 7914.211430057038
24630.0 8163.657119761196
24640.0 8161.5247601662195
24650.0 7608.345051286229
24660.0 7652.113093109078
24670.0 6530.976485607727
24680.0 6528.031202575895
24690.0 7482.976976865665
24700.0 7582.905575607193
24710.0 7411.596075074848
24720.0 7828.776825223352
24730.0 6710.829276076049
24740.0 6406.843627634528
24750.0 6872.075229879715
24760.0 8290.685432799175
24770.0 7311.428536429569
24780.0 6771.780440725621
24790.0 7269.239245706373
24800.0 7925.535486823454
24810.0 6853.184657779046
24820.0 6325.545664816143
24830.0 7533.5059225416635
24840.0 8305.77003096306
24850.0 8710.63159001769
24860.0 7569.868449787115
24870.0 7435.4983602277125
24880.0 6725.324721344379
24890.0 5333.129683138555
24900.0 5463.488695603976
24910.0 7101.566758715699
24920.0 8320.932260890062
24930.0 7491.253417097902
24940.0 7917.834912309826
24950.0 8024.679458200689
24960.0 6809.260604739712
24970.0 5969.589151945493
24980.0 6918.64409976506
24990.0 7301.972724615162
