#lam[Angstrom] flux[erg/cm2/s/A]
1010.0 276.4800011453503
1020.0 286.2825725842773
1030.0 987.659140885041
1040.0 389.31960889268163
1050.0 293.1571589539798
1060.0 295.8073230710802
1070.0 312.3633454041971
1080.0 945.304314188399
1090.0 963.0512567610746
1100.0 308.7284116249933
1110.0 311.2031976602671
1120.0 323.3021231763928
1130.0 314.47399017622706
1140.0 341.5197320012375
1150.0 320.4901450070288
1160.0 326.5840375685834
1170.0 327.18827312935
1180.0 328.5973468900132
1190.0 330.5973153449496
1200.0 498.49179082205575
1210.0 443.6856885081527
1220.0 2822.914281841721
1230.0 408.3343406731157
1240.0 1664.562210381549
1250.0 579.7726519948843
1260.0 806.80616199224
1270.0 828.8951192449958
1280.0 855.7911951764339
1290.0 923.6316969552266
1300.0 994.6493456113503
1310.0 1093.8404150263862
1320.0 1142.5525402169746
1330.0 1161.8401290128243
1340.0 1296.7182255427417
1350.0 1247.9831110476557
1360.0 1277.7423234104538
1370.0 1296.6656904467422
1380.0 1324.1583785417156
1390.0 3031.73195499441
1400.0 3371.5187195123267
1410.0 2492.453062019526
1420.0 1405.9751670223566
1430.0 1380.626009989804
1440.0 1387.708180237001
1450.0 1396.941265732776
1460.0 1407.9348020731175
1470.0 1418.8476665993342
1480.0 1425.529575467494
1490.0 2237.3634719365273
1500.0 1411.430671570622
1510.0 1409.1064427989456
1520.0 1410.6535914697129
1530.0 1474.0259334950954
1540.0 1400.7482650580848
1550.0 19889.468947183243
1560.0 1401.3120996508421
1570.0 1395.3008194443282
1580.0 1461.9733902014002
1590.0 1393.9784482232167
1600.0 1528.398233430017
1610.0 1391.26390471589
1620.0 1391.154212810128
1630.0 1382.9236490974313
1640.0 12648.492842497672
1650.0 1371.3481568331865
1660.0 1773.8831437582405
1670.0 2415.5817188463257
1680.0 1362.573450651054
1690.0 1358.4555064707417
1700.0 1352.9129554854549
1710.0 1346.1018547879994
1720.0 1445.0591802456286
1730.0 1352.872698984632
1740.0 1378.488056138107
1750.0 2045.218286074759
1760.0 1340.8644272466765
1770.0 1340.4572975781407
1780.0 1344.5396748642033
1790.0 1437.9400005475704
1800.0 1335.584666266189
1810.0 1647.2502565108623
1820.0 1675.605564053737
1830.0 1310.9346722739683
1840.0 1302.6218333143331
1850.0 1406.4042528539328
1860.0 1352.9219686815863
1870.0 1287.562016704148
1880.0 2110.6587863876907
1890.0 2641.57782298871
1900.0 1274.8095559451754
1910.0 8562.61238001285
1920.0 1266.2125769019456
1930.0 1272.1689315484946
1940.0 1249.023828233194
1950.0 1248.4588681167172
1960.0 1235.9830078844598
1970.0 1229.122672762931
1980.0 1222.594137548468
1990.0 1217.4072118920317
2000.0 1209.299076214608
2010.0 1199.0255588913842
2020.0 1149.363237290434
2030.0 1084.684810268243
2040.0 1053.053858769282
2050.0 1005.6801075264219
2060.0 989.0948794276003
2070.0 998.9783780019835
2080.0 977.0234427426768
2090.0 1010.7589569462968
2100.0 988.6342272223048
2110.0 989.1710939318732
2120.0 1018.2600041178586
2130.0 1017.8717448417476
2140.0 1071.8580048773188
2150.0 979.2546677308851
2160.0 989.0868851014573
2170.0 967.2621115576944
2180.0 1002.2398306368211
2190.0 988.9233893546476
2200.0 995.7966735711259
2210.0 1012.8048075308601
2220.0 1057.381978474893
2230.0 1044.7198375890318
2240.0 1062.065953436595
2250.0 1143.517612261446
2260.0 1091.2617769041922
2270.0 1126.6816762900737
2280.0 1157.9872236222789
2290.0 1186.0414293544738
2300.0 1233.267619502436
2310.0 1303.5502245911357
2320.0 1391.3547384614817
2330.0 2433.3852398732165
2340.0 1564.1480831361248
2350.0 1381.331656413196
2360.0 1375.0479952029355
2370.0 1383.8755344401832
2380.0 1456.517565072854
2390.0 1561.8758589498668
2400.0 1563.5885871436742
2410.0 1602.170148505927
2420.0 1560.8200125198998
2430.0 3348.6887797706104
2440.0 1710.6264551081513
2450.0 1806.9880695894003
2460.0 1762.8167539398123
2470.0 1794.1621678495192
2480.0 1851.560852898736
2490.0 1759.2891913614822
2500.0 1920.2069869547108
2510.0 2091.6055509107637
2520.0 1903.1378628968719
2530.0 2105.5799554392893
2540.0 2228.323607063732
2550.0 2412.396994391761
2560.0 2539.1428045412904
2570.0 2391.694404541412
2580.0 2368.388411995173
2590.0 2367.968517022756
2600.0 2807.8333440058677
2610.0 2607.5739197081375
2620.0 2861.099150252581
2630.0 3228.4134621568382
2640.0 3809.4202708321936
2650.0 3366.292809683557
2660.0 3722.4689344569388
2670.0 3600.4504103549234
2680.0 3806.4910238948914
2690.0 3873.2261989510885
2700.0 3783.7791840119044
2710.0 4148.510731356135
2720.0 3312.0897154142585
2730.0 4047.6839162840943
2740.0 4022.6809628926685
2750.0 4360.130936322228
2760.0 4552.729283924591
2770.0 5330.331207292801
2780.0 4760.3241353814
2790.0 11699.007291555576
2800.0 8034.689148584685
2810.0 5826.6863995231415
2820.0 6125.052252402807
2830.0 6687.445539808055
2840.0 5188.92145590537
2850.0 3953.949675883786
2860.0 5203.053529739491
2870.0 6343.155608295792
2880.0 6954.0866126079445
2890.0 8722.321296840279
2900.0 10039.86020923521
2910.0 10604.247470984896
2920.0 13404.727308959727
2930.0 11409.499041724872
2940.0 9284.50665727571
2950.0 9938.770928230671
2960.0 11920.45665447686
2970.0 7908.016900592961
2980.0 10041.9734351909
2990.0 10854.812896686632
3000.0 9280.607331183211
3010.0 10988.949277829059
3020.0 8638.47888807086
3030.0 13190.54488004059
3040.0 12938.410250946086
3050.0 13425.94201691883
3060.0 14963.682088842645
3070.0 24136.90740949753
3080.0 16884.81601585291
3090.0 18573.575478382223
3100.0 19112.619957501196
3110.0 36141.66580351786
3120.0 49678.023265050135
3130.0 45525.26478981217
3140.0 56235.29997003892
3150.0 74265.37359491081
3160.0 54537.31826499061
3170.0 75547.66008702952
3180.0 58892.639581925156
3190.0 47586.35921601471
3200.0 55167.364377376995
3210.0 49832.51420014643
3220.0 46257.11064664736
3230.0 35690.15565577138
3240.0 54201.171351453595
3250.0 60970.612255521904
3260.0 133794.29980601076
3270.0 107672.1206597793
3280.0 102354.4601674978
3290.0 126553.51317894914
3300.0 173227.9414350179
3310.0 103168.16632484763
3320.0 94878.15896357091
3330.0 128546.05761857776
3340.0 85406.44581388967
3350.0 87303.97098160465
3360.0 77607.97796084372
3370.0 41382.243032183396
3380.0 72475.49389000387
3390.0 59245.70316642356
3400.0 99758.56309896153
3410.0 63911.61650147413
3420.0 67802.45696490622
3430.0 80776.70668867504
3440.0 37486.028228498086
3450.0 60817.795631047535
3460.0 56310.14992657711
3470.0 56810.236254912714
3480.0 83263.63707037902
3490.0 64225.74895766145
3500.0 97340.4589305197
3510.0 86264.93334936151
3520.0 63608.72032335538
3530.0 96690.50476058444
3540.0 166662.59533721014
3550.0 123061.59841157087
3560.0 93619.62138558591
3570.0 48911.744656691815
3580.0 42364.00217407376
3590.0 48485.23114179318
3600.0 79433.6333385962
3610.0 60576.18842863711
3620.0 72769.09111373042
3630.0 95532.62979002635
3640.0 105972.222244439
3650.0 78211.91948619613
3660.0 206434.0830615129
3670.0 193353.52650506393
3680.0 117711.3111175437
3690.0 135454.83038482151
3700.0 175605.0731844975
3710.0 84058.24365601489
3720.0 52433.9466898188
3730.0 64484.829536070545
3740.0 50178.90808443298
3750.0 54287.859672007966
3760.0 79096.53149408087
3770.0 151764.36984828438
3780.0 210967.3226926317
3790.0 130618.6246831994
3800.0 148451.57865133404
3810.0 153787.3691087773
3820.0 65255.55025331216
3830.0 64124.223512029595
3840.0 96247.41844508244
3850.0 131187.47763708027
3860.0 68228.45099904264
3870.0 136566.97143749628
3880.0 109373.11458820698
3890.0 119228.13876800022
3900.0 102123.00234972588
3910.0 209100.4961223048
3920.0 133376.34294781744
3930.0 69895.03750017888
3940.0 103492.65137477632
3950.0 179691.52160973582
3960.0 90363.7582525353
3970.0 106466.419690174
3980.0 269661.448304093
3990.0 355175.9002822672
4000.0 322129.3090985702
4010.0 387482.6068155808
4020.0 451734.0258681461
4030.0 199385.3545236773
4040.0 329775.5751814052
4050.0 340703.2907691444
4060.0 294397.8999460893
4070.0 271473.6981480514
4080.0 389584.1979655039
4090.0 691653.0219216351
4100.0 402220.70129589364
4110.0 434643.65257471416
4120.0 483278.4657232357
4130.0 345874.35263733345
4140.0 371294.4317854329
4150.0 418517.10268703644
4160.0 528600.5571528795
4170.0 395942.0797921296
4180.0 466790.67030322365
4190.0 420918.0746779581
4200.0 271065.1761666939
4210.0 380003.0707492717
4220.0 176736.54609979098
4230.0 116693.36783997476
4240.0 321796.2923400134
4250.0 247315.6347059765
4260.0 333231.7729541541
4270.0 269391.62582506647
4280.0 321232.2178513204
4290.0 248896.990495978
4300.0 299060.5865754363
4310.0 319934.86504446645
4320.0 487124.2445468797
4330.0 502908.7929018778
4340.0 606927.6140197128
4350.0 634258.4128685793
4360.0 808447.139791689
4370.0 712096.2132732063
4380.0 357708.4700655939
4390.0 576326.7025754265
4400.0 594911.5003347857
4410.0 562640.113057258
4420.0 640781.31988322
4430.0 505947.00148236746
4440.0 636397.4865292693
4450.0 597602.6172517301
4460.0 466022.88081096864
4470.0 755372.001583854
4480.0 793923.4508389806
4490.0 854279.813065534
4500.0 853762.624535919
4510.0 1031907.8747695753
4520.0 919554.5959950938
4530.0 517489.39174971887
4540.0 797950.7927104536
4550.0 792007.3389544864
4560.0 1006750.6058196927
4570.0 1047812.2172815675
4580.0 762662.6191856641
4590.0 833382.9488059264
4600.0 890095.9235565589
4610.0 993472.7984184346
4620.0 924032.4622018215
4630.0 1008173.636327076
4640.0 991618.9575485183
4650.0 760190.1345490697
4660.0 1126087.2058048744
4670.0 1010675.8956446676
4680.0 1058144.7611910538
4690.0 1037403.7663506801
4700.0 1026249.0797218861
4710.0 1056396.5320437576
4720.0 1120418.9991444617
4730.0 1022560.5432408442
4740.0 985701.538149171
4750.0 1095604.3531000633
4760.0 944392.7054217745
4770.0 995486.6743585264
4780.0 1030167.3131371809
4790.0 912555.7461873519
4800.0 865520.1765153391
4810.0 658560.9811397472
4820.0 830609.8675224478
4830.0 893872.7991469847
4840.0 943645.2138476548
4850.0 988396.0131373854
4860.0 880642.5317708597
4870.0 847803.8473728019
4880.0 878629.0362219791
4890.0 883277.7084739588
4900.0 1174817.884235311
4910.0 1142679.1001908146
4920.0 898346.0418331829
4930.0 1176462.2443552173
4940.0 969629.1605372564
4950.0 1200592.9563033143
4960.0 950943.8707481727
4970.0 1038949.0758951819
4980.0 823526.2537645471
4990.0 744538.3970216674
5000.0 790882.8491667152
5010.0 546053.4833979609
5020.0 740975.0030431428
5030.0 980287.2549848591
5040.0 620149.2998536637
5050.0 733922.7450230244
5060.0 792161.9199072178
5070.0 714184.7906369116
5080.0 595964.6312619535
5090.0 703065.409403324
5100.0 750984.2505006843
5110.0 563395.8771058455
5120.0 655437.6974822548
5130.0 611097.3929324836
5140.0 616393.8330898021
5150.0 635803.3860928909
5160.0 683785.551096929
5170.0 373419.081124934
5180.0 508352.2521178613
5190.0 559338.3600265251
5200.0 766534.1299499407
5210.0 500580.6455868314
5220.0 986057.8220982301
5230.0 827480.6390413177
5240.0 1194605.4294067973
5250.0 1071366.4379227727
5260.0 956033.4138732932
5270.0 521825.5902106744
5280.0 1015599.7616306845
5290.0 1291823.1609564428
5300.0 1004574.2380088038
5310.0 1317798.0826564303
5320.0 1123485.1078302325
5330.0 735952.6603651835
5340.0 1077473.1074028208
5350.0 1052303.7503963455
5360.0 1257379.5695674818
5370.0 799281.5243361745
5380.0 1193334.4411587617
5390.0 1100437.0140744091
5400.0 810092.1025446525
5410.0 811036.1464454648
5420.0 1136514.9398667433
5430.0 764957.2904928789
5440.0 1094245.660594027
5450.0 849332.6070339264
5460.0 953634.7116963
5470.0 1180459.7799495638
5480.0 1072789.6638248367
5490.0 1142441.309080418
5500.0 1020480.4300929925
5510.0 988036.7372257105
5520.0 1244656.2635730908
5530.0 1145294.9993054287
5540.0 1232653.2687835926
5550.0 1269447.7637906324
5560.0 1249726.0928207987
5570.0 1124098.6456115239
5580.0 1176938.5916379162
5590.0 850310.146042514
5600.0 1003696.4325099527
5610.0 1355626.736231104
5620.0 1143456.7075828637
5630.0 1378968.5118465547
5640.0 1361768.4820994497
5650.0 1422356.6799840657
5660.0 1279429.2466210478
5670.0 1423064.6634110503
5680.0 1422865.4671258333
5690.0 1398000.6239608729
5700.0 1344068.9392783293
5710.0 1302237.8649815812
5720.0 1434780.6119324514
5730.0 1428377.0423577104
5740.0 1436964.7145541422
5750.0 1412538.796342911
5760.0 1429904.3456554946
5770.0 1499492.389212541
5780.0 1386307.621656469
5790.0 1362827.0265453085
5800.0 1494107.9719013385
5810.0 1479317.1281697277
5820.0 1536579.444565473
5830.0 1492045.3494141467
5840.0 1494279.9227927679
5850.0 1461936.5565311466
5860.0 1313680.5682780482
5870.0 1390096.4825235002
5880.0 1360742.5072046854
5890.0 730475.1371876342
5900.0 1025785.6846807302
5910.0 1455862.3336336187
5920.0 1385149.3022529206
5930.0 1414498.8818586147
5940.0 1447648.7119111475
5950.0 1451332.0386607554
5960.0 1459149.054323194
5970.0 1486412.7176417236
5980.0 1380984.5006930642
5990.0 1473900.0441576734
6000.0 1460115.8489387613
6010.0 1442633.6666456475
6020.0 1370654.504588986
6030.0 1484405.484812094
6040.0 1499308.2660468477
6050.0 1501345.4520666308
6060.0 1450042.1645807035
6070.0 1471877.6375775698
6080.0 1502290.1554394567
6090.0 1406789.120434896
6100.0 1328781.4678053053
6110.0 1449718.0406969804
6120.0 1223447.868291326
6130.0 1450326.6984213674
6140.0 1314420.8025281858
6150.0 1448935.2174291476
6160.0 1075882.409475016
6170.0 1201110.5782833472
6180.0 1461167.6228190144
6190.0 1317693.2535026784
6200.0 1420538.069162133
6210.0 1357247.8660728286
6220.0 1312463.6139618438
6230.0 1256932.7793753091
6240.0 1249811.451903869
6250.0 1189390.7520593412
6260.0 1187100.9612647975
6270.0 1263214.9863915723
6280.0 1295259.932990179
6290.0 1345618.6412144643
6300.0 1274889.4601452868
6310.0 1357245.351010767
6320.0 1341877.0133399111
6330.0 1422611.1007563928
6340.0 1355068.513143221
6350.0 1347438.875205719
6360.0 1275488.0890801447
6370.0 1364048.1405280447
6380.0 1274933.8771159858
6390.0 1229444.170768047
6400.0 1271357.3730624856
6410.0 1324690.2929342021
6420.0 1347769.8468214693
6430.0 1369388.2735677352
6440.0 1208701.0726561684
6450.0 1389211.6425820116
6460.0 1244544.0821496695
6470.0 1354863.6950954867
6480.0 1332717.046415866
6490.0 1212511.1576919507
6500.0 1125789.882073174
6510.0 1304861.4150200111
6520.0 1313398.2510799284
6530.0 1368115.2661933887
6540.0 1383403.6289776668
6550.0 1340711.2736458967
6560.0 1385130.6543291318
6570.0 1384016.358651809
6580.0 1461996.0117722226
6590.0 1402645.6746008592
6600.0 1482999.4250086376
6610.0 1458453.7544348603
6620.0 1508073.233109302
6630.0 1467349.3819004819
6640.0 1495058.939586536
6650.0 1500366.3068331925
6660.0 1464892.7920083757
6670.0 1511007.2355059534
6680.0 1454449.9373061394
6690.0 1491394.3177081118
6700.0 1453329.1001456596
6710.0 1346835.1157394885
6720.0 1383702.3744556834
6730.0 1450939.0136262176
6740.0 1435740.6237506378
6750.0 1396517.065072849
6760.0 1446926.4187934126
6770.0 1413195.9491374188
6780.0 1393507.1518451509
6790.0 1392267.5121850164
6800.0 1400670.397602587
6810.0 1389503.729754632
6820.0 1374331.3425472965
6830.0 1396193.9991765637
6840.0 1354517.832895241
6850.0 1334249.6023818424
6860.0 1285473.7420578229
6870.0 1302462.0720021261
6880.0 1300368.9043914692
6890.0 1300594.9717827588
6900.0 1298038.409194926
6910.0 1351630.8705474555
6920.0 1329504.8118843366
6930.0 1359511.3319917975
6940.0 1352191.527726545
6950.0 1379258.1616816719
6960.0 1417713.441850589
6970.0 1394173.6587259034
6980.0 1331363.5585936941
6990.0 1405183.804187058
7000.0 1405650.447029873
7010.0 1416473.337337344
7020.0 1410364.0880490453
7030.0 1444048.8573576915
7040.0 1489884.9565533255
7050.0 1517789.1575746401
7060.0 1461377.3132921997
7070.0 1459406.2905823602
7080.0 1485799.7069524177
7090.0 1421313.343563768
7100.0 1461170.6764208982
7110.0 1412787.6164556362
7120.0 1492383.1338487116
7130.0 1364202.9564381607
7140.0 1386581.614155237
7150.0 1259004.381552276
7160.0 1414603.002826066
7170.0 1459235.2805733795
7180.0 1434093.7050948446
7190.0 1403718.7660857087
7200.0 1394520.8697551093
7210.0 1372619.0244785182
7220.0 1474952.3829816221
7230.0 1512432.717736505
7240.0 1470873.2556411903
7250.0 1481062.9941087142
7260.0 1502712.3526543528
7270.0 1495567.8569964797
7280.0 1473838.8482807642
7290.0 1495683.6213369726
7300.0 1518674.0468264339
7310.0 1501935.3526897656
7320.0 1478088.802541295
7330.0 1409459.7112082858
7340.0 1517024.0203461833
7350.0 1516840.3071241563
7360.0 1400184.8343903103
7370.0 1540011.7851249722
7380.0 1531342.3786507072
7390.0 1450666.2862124033
7400.0 1483209.4218478827
7410.0 1466904.8746926773
7420.0 1482919.4467075295
7430.0 1520711.6695439846
7440.0 1503250.150372057
7450.0 1469804.427379593
7460.0 1476177.1038210627
7470.0 1511107.806718801
7480.0 1543794.2645188004
7490.0 1489476.4057578046
7500.0 1492131.4341099637
7510.0 1469486.5174688268
7520.0 1526641.6070026143
7530.0 1521572.626005326
7540.0 1538913.8591978205
7550.0 1541482.8939910722
7560.0 1514512.7306633121
7570.0 1525929.905801275
7580.0 1516996.247641608
7590.0 1496171.9860644105
7600.0 1526331.752675557
7610.0 1504846.0985596415
7620.0 1476383.005465609
7630.0 1532646.213270004
7640.0 1521784.4655242183
7650.0 1519457.2940935849
7660.0 1370613.045603206
7670.0 1463343.3442158154
7680.0 1513086.9862591422
7690.0 1492681.4585067295
7700.0 1440196.8943485506
7710.0 1463024.8087574453
7720.0 1476477.1768686702
7730.0 1489559.4342035595
7740.0 1506459.326422977
7750.0 1425290.7351417937
7760.0 1499954.8762143368
7770.0 1500204.4102668853
7780.0 1467739.6021269509
7790.0 1478790.1363978551
7800.0 1486891.0777096357
7810.0 1492561.14959675
7820.0 1494017.6457287504
7830.0 1439844.2060607956
7840.0 1443624.9371531196
7850.0 1474239.5929791455
7860.0 1492045.6375500988
7870.0 1492764.8816346687
7880.0 1484434.9700823152
7890.0 1487552.7919029805
7900.0 1476792.7131563297
7910.0 1448606.6898791408
7920.0 1471785.4205861466
7930.0 1464940.6877408559
7940.0 1402340.7236077527
7950.0 1415696.7962468087
7960.0 1474729.006594589
7970.0 1485963.4717868753
7980.0 1462179.7061278783
7990.0 1477408.77035178
8000.0 1425678.9603329059
8010.0 1481799.1883964117
8020.0 1471197.3566139017
8030.0 1453034.1860673116
8040.0 1476461.0964658237
8050.0 1419087.0526666366
8060.0 1477673.2076545137
8070.0 1437601.2851955644
8080.0 1438344.6629843123
8090.0 1431343.8529820463
8100.0 1447331.9324729498
8110.0 1460919.8237248613
8120.0 1454932.7039516112
8130.0 1452717.4330572742
8140.0 1461637.6280621209
8150.0 1465560.988794094
8160.0 1453212.5912580648
8170.0 1463127.4503444757
8180.0 1392643.4981555142
8190.0 1385451.6335432406
8200.0 1380842.6584174235
8210.0 1405803.0338191085
8220.0 1395641.0893277102
8230.0 1438533.0375634655
8240.0 1430473.851042134
8250.0 1439294.57847595
8260.0 1443005.4230069
8270.0 1447894.304249255
8280.0 1450419.4215088913
8290.0 1429697.9985717938
8300.0 1437191.101315129
8310.0 1400018.6500698398
8320.0 1427222.5790589445
8330.0 1265775.2991640177
8340.0 1419820.320529761
8350.0 1380487.4138051015
8360.0 1383491.6261861166
8370.0 1414666.6519909021
8380.0 1334385.9007382942
8390.0 1261211.704497361
8400.0 1381459.985910073
8410.0 1388735.7695831344
8420.0 1385217.0165163274
8430.0 1330733.2806116568
8440.0 1306972.0030380823
8450.0 1393418.0401170675
8460.0 1397099.8371901975
8470.0 1308579.9590119165
8480.0 1402285.5962418865
8490.0 1404040.9898454414
8500.0 1292675.973967005
8510.0 1338833.6958921275
8520.0 1342335.2788865347
8530.0 1381742.5130103936
8540.0 1137802.2567676455
8550.0 1350419.841575927
8560.0 1393695.1008184126
8570.0 1391107.2928521705
8580.0 1367950.1248901102
8590.0 1397400.6410032676
8600.0 1383946.6454700637
8610.0 1344310.0481783831
8620.0 1360894.1192102327
8630.0 1387810.1935475583
8640.0 1381212.1495438518
8650.0 1378178.4899420205
8660.0 1145060.750007755
8670.0 1315624.6295298599
8680.0 1303135.6130177698
8690.0 1165863.252263401
8700.0 1350215.628533326
8710.0 1349971.5888399838
8720.0 1358780.0205885507
8730.0 1357741.4907430096
8740.0 1340806.6147747857
8750.0 1368072.7572559759
8760.0 1318948.2285454343
8770.0 1308397.929716159
8780.0 1360755.3140985803
8790.0 1338939.6371463812
8800.0 1321548.6079777482
8810.0 1208578.9422466562
8820.0 1256480.997337407
8830.0 1340900.2356134744
8840.0 1311916.61646245
8850.0 1364686.847349024
8860.0 1355383.966019973
8870.0 1317000.2111720354
8880.0 1350280.9100800029
8890.0 1352893.4200560742
8900.0 1354748.4137268586
8910.0 1348934.8347247867
8920.0 1327764.5005018516
8930.0 1333004.1112105383
8940.0 1345749.7867673768
8950.0 1315740.8099081514
8960.0 1346299.8767521724
8970.0 1330450.164271669
8980.0 1317859.4626458415
8990.0 1326066.6289867058
9000.0 1243869.9734456474
9010.0 1278517.5280383904
9020.0 1277529.187298988
9030.0 1320168.3314702143
9040.0 1326952.721361996
9050.0 1332142.0161907175
9060.0 1327431.3241858059
9070.0 1329617.109329025
9080.0 1320830.5073367145
9090.0 1244753.0779883913
9100.0 1295651.6010815164
9110.0 1296349.6852189975
9120.0 1299678.7891538662
9130.0 1326871.242132073
9140.0 1312562.0544033642
9150.0 1304297.313356697
9160.0 1308401.6757723032
9170.0 1285909.1170283656
9180.0 1304281.297116787
9190.0 1305282.8075145548
9200.0 1297211.4716228526
9210.0 1276429.8712411034
9220.0 1288298.524994846
9230.0 1294819.6760434182
9240.0 1290214.7544963772
9250.0 1268459.0416757225
9260.0 1216840.8343222882
9270.0 1293718.0904324208
9280.0 1283040.362996877
9290.0 1238027.374029631
9300.0 1283343.827155293
9310.0 1283775.4506401904
9320.0 1279284.224421234
9330.0 1282304.2480424426
9340.0 1283626.3923817768
9350.0 1270426.1372926193
9360.0 1249615.659500886
9370.0 1272842.1522173623
9380.0 1269250.4417027973
9390.0 1269196.7213301728
9400.0 1259103.22493579
9410.0 1219306.5024561733
9420.0 1242481.7492491107
9430.0 1255586.2663083898
9440.0 1239388.1865012127
9450.0 1227382.7864273319
9460.0 1253654.5633800412
9470.0 1262599.917125942
9480.0 1259991.7789045505
9490.0 1256245.7856890638
9500.0 1260169.7452983668
9510.0 1248404.8750815736
9520.0 1259527.0678109587
9530.0 1242505.7274673637
9540.0 1248519.9752763165
9550.0 1205172.1477016036
9560.0 1243514.7940292028
9570.0 1207920.809716918
9580.0 1249999.622001835
9590.0 1250706.7144476844
9600.0 1194543.6643514645
9610.0 1244035.9176723105
9620.0 1243735.822545195
9630.0 1230491.9388951885
9640.0 1162642.9315742024
9650.0 1176324.1777115404
9660.0 1220922.0356497497
9670.0 1204175.4930177392
9680.0 1167423.60292268
9690.0 1195509.1891393743
9700.0 1218328.358716385
9710.0 1181287.7297138758
9720.0 1201134.3534829784
9730.0 1162484.856897017
9740.0 1169785.1023920598
9750.0 1199020.712927831
9760.0 1218464.7109278014
9770.0 1184693.043107824
9780.0 1166878.477717842
9790.0 1175985.8577659302
9800.0 1214383.331650908
9810.0 1213589.2834902562
9820.0 1212382.105760311
9830.0 1195416.1217548237
9840.0 1213298.2265653468
9850.0 1214461.4166621976
9860.0 1209402.0719233952
9870.0 1211462.9949565
9880.0 1209361.234999656
9890.0 1201796.9367017879
9900.0 1180744.5549648816
9910.0 1159633.4045223831
9920.0 1164570.4766560583
9930.0 1161751.5812886062
9940.0 1180826.0092631313
9950.0 1179478.9886823292
9960.0 1181634.1434120922
9970.0 1176501.0832161848
9980.0 1173990.6485633543
9990.0 1172680.6788746894
10010.0 1164793.5050137993
10020.0 1182420.0457377231
10030.0 1166741.8358432364
10040.0 1173886.344837231
10050.0 1151706.6432560503
10060.0 1134288.587252321
10070.0 1162096.6269252554
10080.0 1164797.493865582
10090.0 1160756.916018204
10100.0 1171081.6254878126
10110.0 1158548.0354943557
10120.0 1160951.441103298
10130.0 1167494.7152976932
10140.0 1160668.4603182725
10150.0 1138005.983952965
10160.0 1148176.0531482738
10170.0 1152973.2178941204
10180.0 1151242.6681232478
10190.0 1146225.7646649105
10200.0 1139085.9352089155
10210.0 1141551.7719023842
10220.0 1119785.8141381538
10230.0 1148286.0217770766
10240.0 1159767.3908372046
10250.0 1143422.33347471
10260.0 1137306.0874914615
10270.0 1135258.8169150199
10280.0 1132394.2017697007
10290.0 1130646.6255678951
10300.0 1131282.3162851823
10310.0 1142767.5058380486
10320.0 1135089.0905641944
10330.0 1122143.6604308567
10340.0 1046227.2341802109
10350.0 1122584.145088557
10360.0 1135781.3098929548
10370.0 1120142.2500502074
10380.0 1120958.8754454239
10390.0 1122424.6719398529
10400.0 1084296.2275453692
10410.0 1125643.4541840204
10420.0 1112102.0859855171
10430.0 1118589.7930589698
10440.0 1129889.5524447798
10450.0 1127959.6997411437
10460.0 1119503.0593544655
10470.0 1094846.0841957727
10480.0 1115871.394227871
10490.0 1108998.3193870026
10500.0 1094261.7546523209
10510.0 1104677.0751126749
10520.0 1109583.4755027057
10530.0 1107561.120968107
10540.0 1112999.9114062805
10550.0 1104966.7362688843
10560.0 1110045.842066696
10570.0 1098897.6921784047
10580.0 1078008.13738672
10590.0 1077696.0375639866
10600.0 1081789.426511496
10610.0 1093812.78433499
10620.0 1093268.5915430186
10630.0 1094325.838782854
10640.0 1101379.3861414467
10650.0 1091659.9589556656
10660.0 1053036.5510478672
10670.0 1078995.81763846
10680.0 1081661.7804291202
10690.0 1075599.481415476
10700.0 1085775.6552696722
10710.0 1086690.3520025273
10720.0 1084135.2647876309
10730.0 1031156.5984966271
10740.0 1090303.5812934318
10750.0 1051573.4029594166
10760.0 1081901.854073127
10770.0 1078124.7832322535
10780.0 1063591.425247301
10790.0 1056776.547114883
10800.0 1054654.461127079
10810.0 1003758.6979192016
10820.0 1061116.4437634496
10830.0 1027504.5167260066
10840.0 1063485.5205587803
10850.0 1068477.7935444368
10860.0 1060458.389508388
10870.0 1020468.2408271072
10880.0 1056578.3316120724
10890.0 1058227.7604363253
10900.0 1061711.9945518721
10910.0 1047145.8506409934
10920.0 1058693.4950298523
10930.0 1047495.326698481
10940.0 1061081.1304381718
10950.0 1046331.173962119
10960.0 1015511.5664002628
10970.0 1019212.0470167957
10980.0 1026305.2875498836
10990.0 1042246.504786044
11000.0 1039383.5332448785
11010.0 1027687.2463506538
11020.0 1014384.392248502
11030.0 1032815.157700573
11040.0 1037425.7402882612
11050.0 1031433.5865592615
11060.0 1031511.6921119542
11070.0 1032983.2425062732
11080.0 1038116.9457035108
11090.0 1035028.4989272228
11100.0 1030997.316684904
11110.0 1030252.2316277763
11120.0 1008364.8588708832
11130.0 1024108.3506485457
11140.0 1033069.2814887268
11150.0 1023812.1145643375
11160.0 1015135.2903237472
11170.0 1028367.2423652968
11180.0 1023832.1059030733
11190.0 1013723.5558485714
11200.0 1002584.5457169738
11210.0 1019276.7608171067
11220.0 1023761.4145384921
11230.0 1017457.4970282492
11240.0 1008682.0175443668
11250.0 899653.3972019841
11260.0 988512.3107563417
11270.0 1021768.7407966128
11280.0 1009798.6872953587
11290.0 1006903.3244413276
11300.0 985598.377321944
11310.0 1000204.5639316441
11320.0 1016196.0182009654
11330.0 998904.9953047718
11340.0 1000016.3599013085
11350.0 1003344.1973290754
11360.0 1010542.3959295113
11370.0 979821.0406622987
11380.0 976160.2048823831
11390.0 977934.9373212527
11400.0 948682.5114355488
11410.0 993342.1470091416
11420.0 968914.3738614898
11430.0 997313.5378024977
11440.0 956509.7348528375
11450.0 995831.6791900113
11460.0 997603.1243289156
11470.0 979817.3608686152
11480.0 972074.8202649726
11490.0 992875.0240926341
11500.0 994496.9233017184
11510.0 996862.8623436566
11520.0 991701.3694079196
11530.0 991265.5803481834
11540.0 985934.1503623729
11550.0 987897.7389347197
11560.0 987511.3218675883
11570.0 989468.7108177793
11580.0 988038.6116824786
11590.0 936163.3079972819
11600.0 979861.7154651169
11610.0 867291.032134998
11620.0 983788.3432856136
11630.0 978422.8220212599
11640.0 918013.2217508408
11650.0 979191.8411118048
11660.0 977747.2510141877
11670.0 974333.8030409202
11680.0 973047.9254541756
11690.0 906236.9106128125
11700.0 974567.8699952078
11710.0 967751.471178484
11720.0 968439.1895554465
11730.0 972058.3838727364
11740.0 966190.6508970575
11750.0 967528.5212733559
11760.0 968735.8431700285
11770.0 937849.9087607188
11780.0 896104.8317378128
11790.0 957886.9034675201
11800.0 953099.1009179801
11810.0 947855.9307880097
11820.0 935922.7802807556
11830.0 816709.7485279011
11840.0 945232.1527759898
11850.0 953930.5591601133
11860.0 953705.9702947681
11870.0 952511.504723205
11880.0 831309.2075163425
11890.0 922823.4204894667
11900.0 950155.6852873017
11910.0 948853.9267083338
11920.0 950429.0055747882
11930.0 950737.7829033785
11940.0 946547.6988951142
11950.0 929104.0039870373
11960.0 913628.1421506866
11970.0 815469.9537074503
11980.0 892350.9632024918
11990.0 901421.9047752399
12000.0 936611.7150257666
12010.0 936186.7249438404
12020.0 933395.7659620984
12030.0 881078.8375926226
12040.0 923447.9418730747
12050.0 930287.2072496103
12060.0 933099.4305438009
12070.0 921703.0420867798
12080.0 822120.1796521372
12090.0 900846.6137727762
12100.0 905895.2348304342
12110.0 924492.7105842243
12120.0 926442.6754710448
12130.0 925989.3210796063
12140.0 928620.8915204839
12150.0 927032.0724966411
12160.0 926183.4704236385
12170.0 918739.4166906348
12180.0 924495.9105922645
12190.0 917805.728277216
12200.0 916789.4535787229
12210.0 916443.6220023683
12220.0 920106.8653712119
12230.0 915620.0197332329
12240.0 915699.9832817337
12250.0 916564.7078415087
12260.0 914314.4645599958
12270.0 894181.7108443315
12280.0 914086.2654897158
12290.0 913851.0948118501
12300.0 911352.5045874541
12310.0 910275.459135316
12320.0 906708.5903571345
12330.0 905260.7105820987
12340.0 898791.2485606428
12350.0 906659.2535720805
12360.0 893949.5610608018
12370.0 902500.1049111338
12380.0 906106.2256570886
12390.0 897671.2643252681
12400.0 895322.1209591059
12410.0 897587.2168563028
12420.0 882017.0654956384
12430.0 875665.657831803
12440.0 896335.028198778
12450.0 896744.4088402947
12460.0 896204.3146996994
12470.0 891989.7223330216
12480.0 893265.5640397255
12490.0 893951.735219257
12500.0 891590.3975436321
12510.0 883183.9834610219
12520.0 854861.3066282029
12530.0 874804.4243322214
12540.0 889673.1616143003
12550.0 887256.2881302384
12560.0 876700.2099878438
12570.0 880324.8273622011
12580.0 883143.2621757773
12590.0 883474.6307420343
12600.0 878774.7020084677
12610.0 880422.8369274586
12620.0 878986.2425066883
12630.0 880157.9593687021
12640.0 860947.4796192272
12650.0 870873.261279853
12660.0 878460.6873529436
12670.0 867609.9031156669
12680.0 861835.9304724707
12690.0 876488.8446587668
12700.0 874583.4148217313
12710.0 872526.8231213155
12720.0 876379.0756500864
12730.0 873590.7710713084
12740.0 850113.0683569387
12750.0 870096.9047786657
12760.0 871824.7329654109
12770.0 869519.1832518586
12780.0 868641.1605887585
12790.0 868207.9924992906
12800.0 866696.1675107825
12810.0 854203.1973706158
12820.0 797757.2053671012
12830.0 836391.3997004539
12840.0 857015.7097390161
12850.0 844919.2444018619
12860.0 860382.3919291291
12870.0 859790.8518188617
12880.0 847031.8350817432
12890.0 855718.1720850039
12900.0 794841.3553127666
12910.0 832590.08061062
12920.0 846684.8199014034
12930.0 850503.8772249368
12940.0 848257.7122024741
12950.0 847645.9720853473
12960.0 850869.577529819
12970.0 847768.8022384864
12980.0 828045.1713102917
12990.0 849539.4260105073
13000.0 848039.64238794
13010.0 836202.8466055637
13020.0 848239.6155052835
13030.0 832506.0917782045
13040.0 843040.5837728647
13050.0 846019.9806895269
13060.0 838951.530454092
13070.0 844073.0961127582
13080.0 834949.0008659542
13090.0 839267.464129191
13100.0 835144.1470364516
13110.0 834516.2120981388
13120.0 706585.4292572542
13130.0 786534.631206446
13140.0 822552.0938449219
13150.0 715781.4429219404
13160.0 829474.3575651234
13170.0 835586.7781351665
13180.0 826419.6539141338
13190.0 835968.8533184896
13200.0 822383.8974338742
13210.0 826238.0046321927
13220.0 827321.415596817
13230.0 835259.5695163192
13240.0 833133.271858381
13250.0 828151.4967754133
13260.0 825637.864955176
13270.0 822570.9932634318
13280.0 811127.4384823431
13290.0 780023.8549295197
13300.0 824051.0824774749
13310.0 818815.5193732972
13320.0 749479.5652966903
13330.0 819677.9771661102
13340.0 822079.9614268257
13350.0 814109.9025548534
13360.0 823113.2054153894
13370.0 820236.2002504485
13380.0 816389.3481025387
13390.0 799918.5465964795
13400.0 803593.2284425459
13410.0 815353.9628277207
13420.0 805993.4180312277
13430.0 817982.5267231483
13440.0 817871.8580668197
13450.0 816664.1801986445
13460.0 814372.3546590556
13470.0 813706.7453844292
13480.0 815849.7562856501
13490.0 811512.9889063674
13500.0 796077.0028294794
13510.0 814080.9913601879
13520.0 808579.5082441174
13530.0 813339.7663137077
13540.0 811951.2235439073
13550.0 794067.1539918833
13560.0 799488.1753960795
13570.0 796844.3723407761
13580.0 808667.2141874947
13590.0 797933.889689441
13600.0 784212.0766279777
13610.0 807921.1001289502
13620.0 804819.1991673618
13630.0 769365.7449247495
13640.0 781793.359340871
13650.0 801469.9350414784
13660.0 804566.4752963183
13670.0 794946.1142215877
13680.0 792067.3974578315
13690.0 801456.2504051779
13700.0 800409.9830130693
13710.0 800240.8736309601
13720.0 793860.7778687896
13730.0 787034.3338814212
13740.0 798259.3630748407
13750.0 797973.899684602
13760.0 785002.247592745
13770.0 796476.2260565138
13780.0 794787.7525855298
13790.0 792762.4353871588
13800.0 798450.1747019963
13810.0 795748.3570160704
13820.0 786398.4731136268
13830.0 793942.3101573468
13840.0 795204.4475238668
13850.0 767954.8042244593
13860.0 757900.5331698521
13870.0 789538.7998522514
13880.0 789790.2154952952
13890.0 788357.8437351708
13900.0 774482.4294912554
13910.0 752113.161644531
13920.0 765230.7470196838
13930.0 771416.2421007088
13940.0 783285.2004748251
13950.0 766449.2073082427
13960.0 784946.1500652854
13970.0 769548.8001887748
13980.0 774133.421682884
13990.0 781259.8965190371
14000.0 741183.7635437489
14010.0 753770.0563532555
14020.0 784659.4035503798
14030.0 775343.2727451683
14040.0 767003.5873937468
14050.0 781596.4883212564
14060.0 769231.5554775351
14070.0 772463.2366600634
14080.0 758327.6408431194
14090.0 776526.6084250073
14100.0 767338.1120177079
14110.0 768046.0342980047
14120.0 751248.2255389715
14130.0 739562.3636601848
14140.0 769635.0768772302
14150.0 771675.1486164615
14160.0 756806.2434051387
14170.0 768885.8264238605
14180.0 757399.9034381813
14190.0 764744.449177555
14200.0 759965.5695599465
14210.0 756971.3721928928
14220.0 753760.3904981252
14230.0 758663.2098547543
14240.0 723192.476002678
14250.0 720029.4260428878
14260.0 708440.5974813474
14270.0 701899.7479783393
14280.0 747487.5712545713
14290.0 706624.3209724602
14300.0 758698.3196785513
14310.0 742280.0389761834
14320.0 756929.8431822187
14330.0 766784.3434773289
14340.0 749438.4683085221
14350.0 745996.4361095335
14360.0 760081.7618130915
14370.0 752906.6730479544
14380.0 763260.3799143262
14390.0 755210.8487415835
14400.0 687799.5812400713
14410.0 754998.5052904506
14420.0 749146.2678167239
14430.0 754183.1638185908
14440.0 721664.5424281259
14450.0 758296.4639410896
14460.0 742707.1002241819
14470.0 754750.7880227355
14480.0 737737.2765573568
14490.0 750001.5610610374
14500.0 731247.5222591894
14510.0 694401.3495319186
14520.0 741386.9251456909
14530.0 746671.1181740295
14540.0 738505.874491941
14550.0 721845.7172108794
14560.0 724492.0454046321
14570.0 726134.7061405181
14580.0 750172.7006475393
14590.0 740567.1862597861
14600.0 719558.4475910066
14610.0 709521.6726992255
14620.0 732659.4161296181
14630.0 730312.7172060343
14640.0 741048.4334535022
14650.0 683230.5214764599
14660.0 733540.8354557412
14670.0 729146.1616824754
14680.0 734911.161987469
14690.0 725390.9114516404
14700.0 705020.17731668
14710.0 722968.8271951677
14720.0 714061.3179345998
14730.0 742099.9888765725
14740.0 730372.599225186
14750.0 695062.7168553008
14760.0 740277.4195958325
14770.0 716650.8455757402
14780.0 727067.5936807836
14790.0 745690.6226113462
14800.0 721679.1764865682
14810.0 725844.8622730603
14820.0 734634.393435459
14830.0 687829.1254037123
14840.0 732303.2323736681
14850.0 724692.4375695552
14860.0 715592.285237567
14870.0 662930.8389757631
14880.0 532401.9514793396
14890.0 710715.4034222135
14900.0 711234.9161110056
14910.0 713655.7144378505
14920.0 737402.7067801732
14930.0 732450.0910997741
14940.0 736692.414317451
14950.0 732733.3464915574
14960.0 709170.9195061262
14970.0 723013.8696251526
14980.0 719562.7243791019
14990.0 723437.5231797779
15000.0 709766.4014997239
15010.0 701391.2708582407
15020.0 577993.1962719433
15030.0 581636.0295162871
15040.0 541690.3459257632
15050.0 572454.6368332276
15060.0 708058.2822702666
15070.0 728296.1417749884
15080.0 703084.901489388
15090.0 725705.2314790246
15100.0 717713.1316713614
15110.0 733073.1593831058
15120.0 700815.6576279444
15130.0 715649.807967618
15140.0 710942.4677072699
15150.0 718220.4362524779
15160.0 695756.0504097001
15170.0 727549.7012095968
15180.0 719597.3457925756
15190.0 725333.6665465649
15200.0 722584.9818032859
15210.0 694769.7128533637
15220.0 681700.0244743326
15230.0 725167.6060715654
15240.0 713528.6968586533
15250.0 724319.9788052237
15260.0 702287.3242317564
15270.0 726468.8104315321
15280.0 706418.8550883966
15290.0 670606.9537657981
15300.0 703848.2973671928
15310.0 729434.8960239221
15320.0 719723.7424591109
15330.0 700020.1932937782
15340.0 695439.5352025763
15350.0 728684.2708008544
15360.0 728401.6503081323
15370.0 712643.9186933276
15380.0 694073.7440874742
15390.0 689965.8411772142
15400.0 690696.6045245652
15410.0 710640.9178578074
15420.0 704487.3443174517
15430.0 698319.1252819161
15440.0 732142.672912226
15450.0 731697.2482134319
15460.0 718576.4400985205
15470.0 723319.3413193793
15480.0 724288.5793846264
15490.0 721094.7302590624
15500.0 713152.2766012644
15510.0 704788.4463757823
15520.0 726708.9865391805
15530.0 700728.7655541655
15540.0 668247.6019141867
15550.0 723784.9965797912
15560.0 690453.2416225207
15570.0 689420.0680084119
15580.0 718887.3167424491
15590.0 677808.0597642174
15600.0 714416.8511296749
15610.0 720084.4957112174
15620.0 661212.2613125577
15630.0 665881.704032742
15640.0 712925.5287641813
15650.0 691050.6116876876
15660.0 682455.0459537959
15670.0 701577.461015423
15680.0 695989.7519625841
15690.0 682674.2826763701
15700.0 707108.077351368
15710.0 716625.9685104827
15720.0 647736.4126146608
15730.0 688471.0032401774
15740.0 607153.6801611518
15750.0 579352.0317343684
15760.0 618092.3905141624
15770.0 539626.2370513119
15780.0 680072.2396626838
15790.0 698649.8692369735
15800.0 704979.6985589059
15810.0 710727.4505819734
15820.0 615109.2894644813
15830.0 691496.5792185764
15840.0 694206.038847036
15850.0 710761.5997749419
15860.0 694769.5019465053
15870.0 671132.7703474935
15880.0 655228.4460172314
15890.0 573706.2355430735
15900.0 667124.0939882516
15910.0 641447.3904238797
15920.0 698631.1231075362
15930.0 699681.5043782664
15940.0 697189.5438965239
15950.0 689471.5510867843
15960.0 631961.9295091506
15970.0 691922.8861788888
15980.0 671606.084616128
15990.0 705363.1711189143
16000.0 700973.9197579332
16010.0 661152.1957231216
16020.0 703081.42289162
16030.0 703798.730527977
16040.0 644593.8308711695
16050.0 695396.7426056355
16060.0 654165.122294432
16070.0 671396.7062868364
16080.0 697852.2966800834
16090.0 675971.6957161017
16100.0 644967.8972193019
16110.0 704319.9054299854
16120.0 686371.2278948565
16130.0 686537.9538982634
16140.0 655206.2350686942
16150.0 601846.1879284091
16160.0 585224.7910802759
16170.0 684953.48167375
16180.0 678739.9125700342
16190.0 646443.3422895327
16200.0 551030.3444180365
16210.0 651965.7605573084
16220.0 670589.3639766771
16230.0 657153.0249716494
16240.0 661219.4884388677
16250.0 670721.5230448811
16260.0 682572.4030614853
16270.0 690277.8627901629
16280.0 691696.4655408299
16290.0 681811.0814155343
16300.0 680191.3228820639
16310.0 670273.6687896423
16320.0 650262.0451764878
16330.0 670904.2969078699
16340.0 686639.2949990567
16350.0 664013.4039876217
16360.0 651690.7272921943
16370.0 658691.3829695286
16380.0 618712.2088677471
16390.0 653252.9753117594
16400.0 626864.6293638954
16410.0 656808.4996689925
16420.0 680396.6450814363
16430.0 674626.3729910374
16440.0 613278.6990845157
16450.0 638000.6662741639
16460.0 671727.3084526656
16470.0 649276.4314129745
16480.0 661645.6128007474
16490.0 607483.7420285337
16500.0 671434.9459593301
16510.0 663860.9431900053
16520.0 646324.6234521074
16530.0 649434.7549084881
16540.0 637694.4234069432
16550.0 653880.5480869492
16560.0 635620.9014116589
16570.0 660558.0927381418
16580.0 645744.9711772106
16590.0 649154.81772595
16600.0 661012.285058003
16610.0 638403.9235653434
16620.0 640788.5089802906
16630.0 628886.6910609532
16640.0 633473.886361503
16650.0 604746.5850768285
16660.0 630366.4536628337
16670.0 626977.426852538
16680.0 621201.8013125032
16690.0 642875.6944664821
16700.0 636762.7494599803
16710.0 609068.432892584
16720.0 531288.7657001324
16730.0 624442.8550883838
16740.0 629287.184156637
16750.0 493329.3247852127
16760.0 577451.9439145247
16770.0 632709.7632198838
16780.0 633997.9303439587
16790.0 631656.6016622088
16800.0 630774.95433411
16810.0 628006.0710242455
16820.0 600729.1709336505
16830.0 623339.8772012705
16840.0 618696.9326772005
16850.0 627042.0850018032
16860.0 605834.2015030294
16870.0 602051.1959090802
16880.0 607244.9221419619
16890.0 609131.9208567152
16900.0 574262.3300880111
16910.0 603087.2341267477
16920.0 619837.2740170622
16930.0 614864.1187841805
16940.0 620002.0669563484
16950.0 613195.7146688972
16960.0 612112.8655569353
16970.0 597101.7607500089
16980.0 606584.341764328
16990.0 598835.6311421806
17000.0 578768.4318261379
17010.0 570267.5249268477
17020.0 597248.7798453936
17030.0 600058.6431909669
17040.0 605109.5874522445
17050.0 592533.2492931476
17060.0 594183.5593657865
17070.0 573592.9032793447
17080.0 594215.2292826122
17090.0 582626.257211622
17100.0 527934.6609305046
17110.0 424260.04636456736
17120.0 560687.3930634068
17130.0 583861.2646678386
17140.0 590357.7075416866
17150.0 590605.0879485186
17160.0 572282.026721163
17170.0 583596.9314668649
17180.0 583658.6332270923
17190.0 584123.0605956715
17200.0 577689.4852380233
17210.0 574297.8492407723
17220.0 570742.0620019011
17230.0 541519.6407094949
17240.0 564709.5227722372
17250.0 575893.4073763536
17260.0 577008.6044963051
17270.0 567746.7860340136
17280.0 564110.6266526908
17290.0 568525.6681100131
17300.0 554514.4942436954
17310.0 559645.433500535
17320.0 549681.5715671915
17330.0 512908.25367871433
17340.0 550436.8786736272
17350.0 557445.6528831398
17360.0 559439.9578002989
17370.0 563850.4894260421
17380.0 552572.6531085676
17390.0 553026.579339643
17400.0 551782.776249126
17410.0 520762.3275982044
17420.0 539802.1106364038
17430.0 552096.3151048984
17440.0 559286.5166146124
17450.0 553088.6816726576
17460.0 549517.0575853003
17470.0 520628.2693161886
17480.0 555483.6623541408
17490.0 550281.0575494264
17500.0 533549.0577139461
17510.0 547964.0286682107
17520.0 547363.7504573673
17530.0 541713.2276102445
17540.0 537057.2204969152
17550.0 538630.5888456259
17560.0 541886.1154775417
17570.0 545494.6770085627
17580.0 539444.7795402596
17590.0 532215.6821147616
17600.0 532585.1297939573
17610.0 525073.0929582525
17620.0 504948.92577479244
17630.0 537244.558615889
17640.0 522081.0788528618
17650.0 535373.7664665963
17660.0 514093.9734259597
17670.0 528980.2322342827
17680.0 501714.05910696584
17690.0 528839.49325857
17700.0 520681.9967212476
17710.0 512277.44279962
17720.0 495213.21061602834
17730.0 522398.1404084662
17740.0 519178.4576843581
17750.0 518062.45261793304
17760.0 512112.4338219868
17770.0 490883.58053087903
17780.0 514602.0109977365
17790.0 520007.1298238149
17800.0 519713.1385544596
17810.0 514125.70689979277
17820.0 507083.5994210605
17830.0 505482.2632371516
17840.0 507447.8333605843
17850.0 493028.56672611175
17860.0 502415.29168842547
17870.0 508932.4871867331
17880.0 512488.0961340811
17890.0 513843.88845996204
17900.0 505627.0301946489
17910.0 507944.0609477186
17920.0 506921.53378744156
17930.0 485756.57804263354
17940.0 489277.8719257693
17950.0 507541.8333418227
17960.0 503830.1452636827
17970.0 502693.6870590843
17980.0 500232.64611824136
17990.0 497993.91320595506
18000.0 493993.4159447515
18010.0 489945.2526706327
18020.0 486720.38320788933
18030.0 472229.30994649703
18040.0 479825.1921061498
18050.0 479070.90574455564
18060.0 492288.8816177062
18070.0 491456.6841388949
18080.0 478895.14367215795
18090.0 489568.9376260764
18100.0 478568.9199219405
18110.0 478733.07628295553
18120.0 481320.2058348809
18130.0 486145.65255919343
18140.0 483642.86711539276
18150.0 476569.0766378927
18160.0 474593.7890118169
18170.0 477875.43206706573
18180.0 475307.20231736655
18190.0 480627.03507856943
18200.0 478569.87781086675
18210.0 478491.0338272393
18220.0 468178.7409420283
18230.0 476752.8161181584
18240.0 478246.96698332817
18250.0 475564.6365132125
18260.0 472893.1754330784
18270.0 467862.53775488306
18280.0 454303.24785018864
18290.0 464542.8456817197
18300.0 462133.8824194382
18310.0 470017.9138998323
18320.0 467534.83452955267
18330.0 473242.8765891217
18340.0 463279.4270407144
18350.0 460915.5427176903
18360.0 460793.3158112376
18370.0 438347.23816963565
18380.0 452656.5235590721
18390.0 456110.75288527214
18400.0 448488.4437782285
18410.0 437500.19693472376
18420.0 425107.6049384923
18430.0 450234.9699899665
18440.0 455027.3844065589
18450.0 453582.1290803656
18460.0 436765.5132122589
18470.0 416283.6008529125
18480.0 453360.60159619735
18490.0 453544.89164298924
18500.0 454601.04888785066
18510.0 449921.08361002774
18520.0 436484.65552166017
18530.0 445799.51060970355
18540.0 451799.83956813527
18550.0 433657.13503632427
18560.0 434360.8691645736
18570.0 447326.5960085143
18580.0 419003.8937369036
18590.0 444160.50712657045
18600.0 445638.01217247784
18610.0 441175.88436847896
18620.0 441489.70645240456
18630.0 436631.7223725631
18640.0 438735.3490535325
18650.0 439947.4664517294
18660.0 417272.3684127884
18670.0 440734.30267861625
18680.0 436501.86484422424
18690.0 440134.64650060673
18700.0 435693.49269576557
18710.0 424790.59993612516
18720.0 413337.538028716
18730.0 428389.7282211808
18740.0 429120.08668525866
18750.0 406110.8537844695
18760.0 425932.7656719847
18770.0 409138.35524606006
18780.0 426259.64856705506
18790.0 428336.9650926102
18800.0 432453.26730756584
18810.0 431950.2655592645
18820.0 426572.466006517
18830.0 429930.48318941693
18840.0 422454.75143102615
18850.0 412766.8415631733
18860.0 376690.70115093526
18870.0 422636.9346182235
18880.0 410110.21625416324
18890.0 409372.3148734462
18900.0 374804.5029542584
18910.0 404096.8863215864
18920.0 386468.54010326834
18930.0 404380.81512229255
18940.0 412421.2341377237
18950.0 417223.095370539
18960.0 412937.3966741742
18970.0 398279.67420226726
18980.0 412627.3053486548
18990.0 383160.42473801895
19000.0 413692.65501574415
19010.0 413473.3953005578
19020.0 412428.3578737212
19030.0 403233.28231977904
19040.0 404746.0793506325
19050.0 386893.7751660501
19060.0 410098.4851815816
19070.0 411022.2176930936
19080.0 400368.2045351121
19090.0 405077.4716798832
19100.0 405022.53262669215
19110.0 378941.02270164224
19120.0 393948.8451712628
19130.0 407024.24200312793
19140.0 401270.71092761896
19150.0 402166.7667244547
19160.0 400496.83632126765
19170.0 401512.1788491231
19180.0 401059.8896273318
19190.0 380398.057626081
19200.0 385307.9482519244
19210.0 394270.8943284659
19220.0 397237.48239913303
19230.0 399545.35171409976
19240.0 398283.8815556655
19250.0 392000.24094295007
19260.0 388352.51571792143
19270.0 392188.523582691
19280.0 385376.34055035276
19290.0 390278.6210585081
19300.0 379838.05035076465
19310.0 285919.6803284624
19320.0 380908.17083035345
19330.0 384964.9907052524
19340.0 368367.25338963873
19350.0 387552.2654357866
19360.0 391611.0580161577
19370.0 390899.9511139047
19380.0 387128.8647104886
19390.0 372900.4405976449
19400.0 381198.8134597431
19410.0 384265.2877045815
19420.0 381029.17810367484
19430.0 354057.12248357723
19440.0 367587.1834368754
19450.0 261467.02223648364
19460.0 334352.8611116447
19470.0 366639.84847870265
19480.0 369019.14687084244
19490.0 360057.4239758261
19500.0 341975.0036062066
19510.0 304338.7702896579
19520.0 375019.08604207967
19530.0 373335.7659351215
19540.0 368925.0278412887
19550.0 376853.5800617518
19560.0 377135.99524777115
19570.0 376794.05877534696
19580.0 371543.5227962939
19590.0 369182.8473083752
19600.0 369660.07484594896
19610.0 361552.76648072025
19620.0 365548.0233185797
19630.0 357476.7918134081
19640.0 361559.9158785006
19650.0 372298.3728803591
19660.0 371483.8903570249
19670.0 369900.02832746296
19680.0 368851.49055896275
19690.0 367937.86567985604
19700.0 368111.9126664993
19710.0 363654.16393943975
19720.0 342887.53596584836
19730.0 349365.70490079117
19740.0 357753.5829674982
19750.0 355526.6932192312
19760.0 350783.2712351545
19770.0 298334.67886070174
19780.0 235466.35290027648
19790.0 330171.39056505164
19800.0 353105.41040769435
19810.0 350886.0500110504
19820.0 351912.27880999516
19830.0 357770.9345054802
19840.0 354976.0490028785
19850.0 290480.8772579778
19860.0 265363.1443228604
19870.0 341713.9758777752
19880.0 352551.73981723434
19890.0 352961.5082453951
19900.0 351430.27566447103
19910.0 350740.8274094884
19920.0 324490.4581384105
19930.0 303309.06932404765
19940.0 340845.45095518423
19950.0 345688.7330290989
19960.0 320115.405555042
19970.0 339153.28975673823
19980.0 348157.3135640008
19990.0 348234.98073237645
20010.0 347412.77368292934
20020.0 337645.9577030953
20030.0 342898.1621667057
20040.0 345133.50707708724
20050.0 340231.7124193346
20060.0 343465.1982085127
20070.0 342188.224417999
20080.0 342611.4110742969
20090.0 337607.67816643155
20100.0 342383.83953547827
20110.0 342513.45524117566
20120.0 341011.92522259156
20130.0 339292.25563491887
20140.0 338503.3664710964
20150.0 339730.9177352231
20160.0 338339.1694217976
20170.0 334207.7015294218
20180.0 336277.0740644557
20190.0 333219.2470102048
20200.0 330406.3224534304
20210.0 325530.8325875041
20220.0 333767.585211541
20230.0 330115.2982516584
20240.0 326475.6517183186
20250.0 332811.6855957796
20260.0 329720.159887328
20270.0 328902.994602551
20280.0 325974.8097297678
20290.0 325806.24527309096
20300.0 316436.1796441719
20310.0 330089.93758079095
20320.0 329851.17436060525
20330.0 328884.7500382504
20340.0 321980.11914052564
20350.0 321475.1671433978
20360.0 325705.4155569885
20370.0 325418.4343781009
20380.0 317195.3135943966
20390.0 324987.74321782065
20400.0 322757.29325241945
20410.0 318911.3006850948
20420.0 323782.97526114655
20430.0 324014.8872483504
20440.0 322581.5496321851
20450.0 321542.35240759124
20460.0 322382.53558501345
20470.0 315560.8191617485
20480.0 321536.7331262841
20490.0 320104.58748403087
20500.0 320688.3422438612
20510.0 318210.52978448325
20520.0 314857.228029167
20530.0 316125.5590525836
20540.0 312470.3604591272
20550.0 314807.48226573423
20560.0 315111.8444424192
20570.0 313955.6569996029
20580.0 313410.19994006935
20590.0 308826.3832684048
20600.0 302378.2469682843
20610.0 310577.9964296903
20620.0 307855.5601778981
20630.0 256436.409685343
20640.0 299586.3895662908
20650.0 308984.7898290938
20660.0 309307.240466392
20670.0 307248.8214854072
20680.0 306694.4528755432
20690.0 306823.5046488293
20700.0 297985.7172985914
20710.0 304547.74007968453
20720.0 302197.601717638
20730.0 305825.8945033054
20740.0 302483.7076732557
20750.0 306346.14119683125
20760.0 301710.3150998897
20770.0 302928.9893678027
20780.0 304728.06170796475
20790.0 303751.11901660834
20800.0 299765.55438897316
20810.0 302401.9101364508
20820.0 300982.6655058733
20830.0 296213.5468429779
20840.0 290066.5078018381
20850.0 298199.109122567
20860.0 298691.19081101817
20870.0 297795.1128458649
20880.0 296776.2152496669
20890.0 297500.97800299054
20900.0 298717.6611170431
20910.0 295525.40458719624
20920.0 282093.5261509539
20930.0 295349.8312333068
20940.0 293557.1544064329
20950.0 295193.4379387998
20960.0 281403.081818702
20970.0 284770.54606189334
20980.0 294117.93064183404
20990.0 292217.2755817295
21000.0 295615.6208650168
21010.0 290511.4465067514
21020.0 292119.0124818367
21030.0 293401.2358289929
21040.0 292618.9027332349
21050.0 292411.3869949448
21060.0 290273.21160675253
21070.0 285558.20028906025
21080.0 287295.30185663234
21090.0 262662.48750086024
21100.0 286184.5934804259
21110.0 286417.07980559644
21120.0 286721.53648280323
21130.0 287734.04365718487
21140.0 286120.4308302802
21150.0 285281.52851011656
21160.0 253253.51653873286
21170.0 275151.6036280328
21180.0 281825.00359325396
21190.0 281211.7226234847
21200.0 281034.2719897999
21210.0 281394.4816878863
21220.0 279894.5517171134
21230.0 279117.9720900413
21240.0 277584.311765679
21250.0 281554.763805801
21260.0 278428.24516594183
21270.0 280209.27685571107
21280.0 279445.0288691113
21290.0 280716.69121611794
21300.0 280584.39388584404
21310.0 279153.64688395115
21320.0 278013.3702038769
21330.0 278960.7438492973
21340.0 277253.25782442756
21350.0 266682.8321151638
21360.0 274243.4867364855
21370.0 276716.151671204
21380.0 276707.39693135687
21390.0 276227.9325159518
21400.0 275826.2784157676
21410.0 275725.144628205
21420.0 275144.31116571504
21430.0 272750.93802621897
21440.0 273960.2574124668
21450.0 269044.9769137621
21460.0 270652.0704870973
21470.0 273381.2286039563
21480.0 272529.6670344065
21490.0 270680.385778502
21500.0 271739.5848408761
21510.0 271401.0842074755
21520.0 269189.92388340295
21530.0 267877.388173058
21540.0 267737.5241740518
21550.0 269042.9847853771
21560.0 267423.10426701145
21570.0 267285.3297782925
21580.0 268312.49416326464
21590.0 265652.8388447239
21600.0 267227.9038299239
21610.0 266791.20911213727
21620.0 266212.83469559863
21630.0 265653.0805682181
21640.0 265149.1467423509
21650.0 260726.6132174725
21660.0 260919.47998507274
21670.0 261232.7030608969
21680.0 262557.0573588436
21690.0 262857.6079678075
21700.0 261997.93887936653
21710.0 262010.0300821688
21720.0 261829.2215850562
21730.0 260894.15338383763
21740.0 259499.52547837346
21750.0 259620.6378644284
21760.0 256872.2305418544
21770.0 257466.26351474042
21780.0 234096.78888729104
21790.0 256006.24456159823
21800.0 258870.50708446052
21810.0 256840.46099816373
21820.0 248893.27964864203
21830.0 256866.58858930258
21840.0 257180.5678188318
21850.0 256165.8973423909
21860.0 255824.28714903689
21870.0 252279.73724285915
21880.0 242696.59762601915
21890.0 252020.01296726175
21900.0 243112.2955779552
21910.0 254758.3331462293
21920.0 254716.1009972903
21930.0 253662.64912458914
21940.0 251112.10753538556
21950.0 252165.326224293
21960.0 252709.1151972616
21970.0 251757.63445072304
21980.0 251347.27398010975
21990.0 250794.90378228208
22000.0 244799.38874350308
22010.0 249501.7716287295
22020.0 249551.9496602688
22030.0 248967.53797549405
22040.0 247755.24656357337
22050.0 239555.01542641653
22060.0 214195.3845639766
22070.0 240701.31397244753
22080.0 231198.52366007524
22090.0 244182.75361544912
22100.0 246250.17384578093
22110.0 244495.36941649165
22120.0 246300.67589622593
22130.0 246046.19771536614
22140.0 245801.86980583094
22150.0 245393.13216610788
22160.0 244962.7947917412
22170.0 244437.33761345706
22180.0 243844.9708506042
22190.0 244135.354285257
22200.0 243321.83797933927
22210.0 235587.44193503808
22220.0 243013.83225445735
22230.0 236050.58692367063
22240.0 241864.14642932639
22250.0 241507.08695270057
22260.0 229984.50774715072
22270.0 230513.54880696684
22280.0 231169.67011961562
22290.0 239273.51169870765
22300.0 234097.39352836783
22310.0 233197.2756362888
22320.0 238603.41799702024
22330.0 238294.99174838525
22340.0 237421.23974073917
22350.0 237531.02494961745
22360.0 237743.63750112487
22370.0 236829.77030059867
22380.0 226803.30336257315
22390.0 229664.616678519
22400.0 235870.01024798275
22410.0 235351.6440652851
22420.0 232398.93814625524
22430.0 234697.9324725592
22440.0 230619.52481332087
22450.0 233784.15599039046
22460.0 233481.28517927698
22470.0 224690.71459873568
22480.0 231427.4042518355
22490.0 231444.37413905014
22500.0 232427.9842593065
22510.0 231637.6546198408
22520.0 231295.78520323682
22530.0 230309.27602373235
22540.0 220873.77305536807
22550.0 229728.93410109606
22560.0 230172.37237418588
22570.0 229382.04663860716
22580.0 229608.06114532563
22590.0 229247.49589903923
22600.0 228403.660897351
22610.0 219879.64613525805
22620.0 209239.99161639178
22630.0 220222.90733824388
22640.0 226369.47330130934
22650.0 212797.25950787918
22660.0 224785.1130019246
22670.0 225965.35315252404
22680.0 225440.18819070753
22690.0 224909.9920786687
22700.0 224599.59517231272
22710.0 223633.8233435671
22720.0 224591.19553687522
22730.0 223857.7679682687
22740.0 219724.10063905013
22750.0 222664.87353971362
22760.0 221900.63073550636
22770.0 222525.77183333432
22780.0 221377.6039366092
22790.0 220231.494603099
22800.0 214923.6815898638
22810.0 196946.6024909477
22820.0 208444.22513321633
22830.0 217659.25307753248
22840.0 219980.56023903828
22850.0 219010.54547988548
22860.0 218900.01094860272
22870.0 219065.02665018913
22880.0 218847.2225803843
22890.0 218198.81066212608
22900.0 218684.00959027192
22910.0 217568.6303843047
22920.0 217605.11655024067
22930.0 179144.60293483868
22940.0 186400.68954315814
22950.0 199915.07638500878
22960.0 192332.40344753745
22970.0 198765.19073018525
22980.0 201452.43823837605
22990.0 203130.96596801098
23000.0 207357.33392391473
23010.0 204688.88275937465
23020.0 206397.79918589682
23030.0 207187.00049647433
23040.0 204967.50002622485
23050.0 205135.5697772937
23060.0 206444.93974567315
23070.0 205821.18194250282
23080.0 207049.98035295637
23090.0 205707.7609894407
23100.0 210161.7418396017
23110.0 204730.8429119593
23120.0 204375.52405554117
23130.0 205246.183799427
23140.0 201509.28161177057
23150.0 207360.4236485337
23160.0 201222.38589225698
23170.0 203639.34435150484
23180.0 204533.64502719836
23190.0 205442.32591731715
23200.0 202706.48701515957
23210.0 203267.74832802088
23220.0 174056.26186042227
23230.0 170878.14759828948
23240.0 185330.71409742223
23250.0 184906.8687339418
23260.0 190055.3941316626
23270.0 189100.33728880598
23280.0 192868.49156589
23290.0 196603.7715983172
23300.0 186223.49984477542
23310.0 191548.5702905291
23320.0 196802.09895138335
23330.0 193222.95781395852
23340.0 197572.16689471994
23350.0 183499.59201579704
23360.0 194346.26855138817
23370.0 191654.5731358586
23380.0 180849.43192712116
23390.0 197352.49492022474
23400.0 192779.48011830423
23410.0 192372.54352377952
23420.0 194872.94913541965
23430.0 194171.85894649496
23440.0 193504.39296437943
23450.0 191088.32518298496
23460.0 193220.7896085353
23470.0 196319.4980636179
23480.0 191777.49305771038
23490.0 191183.48009076624
23500.0 196348.8853172988
23510.0 190169.49674673326
23520.0 154840.23237731415
23530.0 165654.1022114213
23540.0 175663.28423485055
23550.0 174466.5264639933
23560.0 179437.20489075416
23570.0 181569.9235150048
23580.0 181748.2213375477
23590.0 181870.11553333365
23600.0 185625.5845704715
23610.0 183689.53798262036
23620.0 180726.43358837438
23630.0 185873.29938845092
23640.0 183358.87863930105
23650.0 183958.3515859674
23660.0 183388.82597071314
23670.0 183992.68854828394
23680.0 183712.4513226029
23690.0 184908.83629106573
23700.0 185224.73144668463
23710.0 185909.12479959073
23720.0 175297.9703482318
23730.0 182138.68007946122
23740.0 183258.15600421967
23750.0 180676.01012150498
23760.0 183521.08442871473
23770.0 185076.1589229886
23780.0 182265.17360546952
23790.0 183580.27248169636
23800.0 181254.98954461282
23810.0 184436.4587958209
23820.0 167941.00023326438
23830.0 148187.6401118381
23840.0 162835.1296714166
23850.0 163608.4976701348
23860.0 162114.57985232025
23870.0 168292.58222600026
23880.0 178913.26478477102
23890.0 170271.11952418357
23900.0 171008.6744483671
23910.0 176636.99156050713
23920.0 167253.05085165895
23930.0 179229.71233146903
23940.0 171535.04799033314
23950.0 174906.9598487171
23960.0 175688.06185784395
23970.0 171306.0460658617
23980.0 176135.55045209848
23990.0 181423.6850228867
24000.0 167444.2017706906
24010.0 178150.07716010732
24020.0 173069.77780908343
24030.0 177129.5291012185
24040.0 174319.6005709712
24050.0 172046.72821726682
24060.0 177351.52804263536
24070.0 175869.34079899816
24080.0 170905.33217117353
24090.0 175749.60246914465
24100.0 172043.83294728366
24110.0 174086.3616086838
24120.0 175849.3601659234
24130.0 164080.19713153288
24140.0 143598.11066022082
24150.0 156073.78002889402
24160.0 156148.83757896128
24170.0 164449.33530553593
24180.0 163479.79720842894
24190.0 158807.97239607776
24200.0 169942.41758857743
24210.0 165417.0440639549
24220.0 166887.17671178925
24230.0 163125.0755306456
24240.0 170503.7405170148
24250.0 162574.33568015558
24260.0 166141.6390156063
24270.0 167334.03052015728
24280.0 158888.18219224346
24290.0 171525.204036686
24300.0 167198.72805044212
24310.0 164005.0926956194
24320.0 170081.202120538
24330.0 161016.17817139393
24340.0 167720.04838112288
24350.0 166258.54874619088
24360.0 164593.115277105
24370.0 159011.82344184918
24380.0 166953.99281875402
24390.0 167690.87782813373
24400.0 161545.40499578216
24410.0 164680.53432741517
24420.0 165541.36981175063
24430.0 170503.99782192105
24440.0 155925.2017630275
24450.0 161870.30823903022
24460.0 145210.42087265203
24470.0 142992.23167357576
24480.0 158855.25463638752
24490.0 155791.10176439697
24500.0 152599.44105704417
24510.0 155106.6065096974
24520.0 156841.81412590493
24530.0 158492.24990391452
24540.0 151968.02384116594
24550.0 155423.7424895802
24560.0 148167.74296398065
24570.0 148510.40214860495
24580.0 162127.37749666092
24590.0 154325.523000587
24600.0 159278.77466609236
24610.0 157798.42848478523
24620.0 157610.5344600301
24630.0 160651.23859591474
24640.0 156214.62288826716
24650.0 155923.3213400953
24660.0 160667.1119491075
24670.0 157167.18070810178
24680.0 152341.68608825642
24690.0 157795.19593754306
24700.0 155457.43040328912
24710.0 155415.01303169568
24720.0 156786.6238110117
24730.0 150818.93474766408
24740.0 156302.64158061595
24750.0 152368.3030898643
24760.0 155142.44448804
24770.0 159061.51404464155
24780.0 144111.71774936817
24790.0 140897.515607801
24800.0 139150.28984257285
24810.0 145016.3437948891
24820.0 133634.31211150932
24830.0 144870.2465822898
24840.0 145624.08720759433
24850.0 134584.35597495866
24860.0 118057.08690158167
24870.0 134406.66997786256
24880.0 134289.39520484878
24890.0 136233.67258320923
24900.0 137275.30011120913
24910.0 136137.93978363508
24920.0 136680.82892256835
24930.0 140864.12283391616
24940.0 135695.33219844985
24950.0 138801.4077151773
24960.0 137606.11537603018
24970.0 139248.2611857161
24980.0 137440.14313254534
24990.0 138030.96423146196
