#lam[Angstrom] flux[erg/cm2/s/A]
1010.0 60.50112610306786
1020.0 62.6461885005561
1030.0 216.12589879476778
1040.0 85.19342137545955
1050.0 64.15054481240095
1060.0 64.73047557323319
1070.0 68.35338091358788
1080.0 206.85758240051607
1090.0 210.74110145309137
1100.0 67.55805258797325
1110.0 68.09970367672368
1120.0 70.74738039547911
1130.0 68.81561508729598
1140.0 74.73396910758147
1150.0 70.13221744442231
1160.0 71.46569333042548
1170.0 71.59789775831155
1180.0 71.90648679239953
1190.0 72.3442402751763
1200.0 109.08591973687537
1210.0 97.09141871624806
1220.0 617.7296595371007
1230.0 89.35977872080981
1240.0 364.25833712858565
1250.0 126.87999496537216
1260.0 176.56205650608405
1270.0 181.39792089953107
1280.0 187.2873801321016
1290.0 202.13726555442273
1300.0 217.68263425313305
1310.0 239.39255379156944
1320.0 250.05684132019744
1330.0 254.28247645965052
1340.0 283.8057947927379
1350.0 273.1539986438694
1360.0 279.6744965099795
1370.0 283.82553573598216
1380.0 289.85983418469954
1390.0 663.54994365532
1400.0 737.9214856704399
1410.0 545.5857089183118
1420.0 307.86984440555113
1430.0 302.3572149469746
1440.0 303.9503357601998
1450.0 306.0174796714565
1460.0 308.48009991826217
1470.0 310.89542105812825
1480.0 312.4518244595322
1490.0 490.1828804101071
1500.0 309.5120484485981
1510.0 309.1175054263218
1520.0 309.7847787250645
1530.0 329.76371294918283
1540.0 314.93942109240334
1550.0 4360.160967246916
1560.0 317.44826431578144
1570.0 323.2313546125261
1580.0 343.5425935318228
1590.0 329.945358612619
1600.0 365.7816372748486
1610.0 337.34256758346123
1620.0 337.2983511730682
1630.0 338.36498130055526
1640.0 2823.1250718065794
1650.0 354.0127506023778
1660.0 450.96928727262423
1670.0 590.8941954724148
1680.0 478.14119152070725
1690.0 585.6060145240353
1700.0 574.5907270231746
1710.0 791.4547401625316
1720.0 814.9106943445424
1730.0 846.898446748628
1740.0 878.2454270939481
1750.0 1201.7136090585473
1760.0 1156.674734735064
1770.0 1047.7684110657037
1780.0 1311.636752008023
1790.0 2019.7723877813005
1800.0 2259.843682895847
1810.0 1898.8626946972638
1820.0 2107.701186489157
1830.0 1739.578322616957
1840.0 1589.4931061803463
1850.0 1607.9432921888306
1860.0 2252.2636120001166
1870.0 2576.025792971341
1880.0 3008.744614518341
1890.0 3503.7865186435456
1900.0 2736.2945992749023
1910.0 4531.840682893294
1920.0 3378.6885517123155
1930.0 3793.17412058547
1940.0 3568.2931983451263
1950.0 4549.712902857622
1960.0 5276.311561253331
1970.0 5831.048680752611
1980.0 5202.351186006705
1990.0 6009.008861497791
2000.0 6763.794619925266
2010.0 6199.96576940988
2020.0 6402.4817620954045
2030.0 6951.468154236455
2040.0 8614.316214651724
2050.0 9199.194954831866
2060.0 9263.99972343654
2070.0 41408.515025273846
2080.0 20420.547395425274
2090.0 27204.336550540433
2100.0 39538.151595871146
2110.0 49113.38388476023
2120.0 70805.89559645536
2130.0 36099.244255757214
2140.0 61081.90457841535
2150.0 43943.63577108168
2160.0 38890.71424681568
2170.0 24229.6664424859
2180.0 50093.447765159865
2190.0 59864.20455390511
2200.0 74485.73251744153
2210.0 29907.935257062752
2220.0 38624.559660230596
2230.0 97233.91686184809
2240.0 181152.49514642492
2250.0 97324.92878374585
2260.0 60411.91993926637
2270.0 50077.45983061068
2280.0 77463.55492742707
2290.0 62303.570194510445
2300.0 58764.70071355767
2310.0 99456.04480558996
2320.0 73243.58745246488
2330.0 54506.92813855894
2340.0 58551.779288061836
2350.0 60989.916133711784
2360.0 45003.682383264335
2370.0 47793.29308708317
2380.0 45540.93191170614
2390.0 48130.53425266062
2400.0 45938.3112559616
2410.0 45624.77429757229
2420.0 125466.9079057149
2430.0 159175.04421001577
2440.0 96869.28397433233
2450.0 125770.97721561871
2460.0 127429.7854748455
2470.0 92160.70071731864
2480.0 72941.95653486601
2490.0 45112.99310705151
2500.0 94687.86224638828
2510.0 63160.16281151501
2520.0 41043.90574842316
2530.0 74079.40656724962
2540.0 82716.67809487107
2550.0 151038.8228135903
2560.0 161949.43921959682
2570.0 215749.9377553484
2580.0 152655.9708056796
2590.0 160616.60651370138
2600.0 124430.80634593093
2610.0 100506.86048056801
2620.0 180620.87159799642
2630.0 139156.851749436
2640.0 575510.293509598
2650.0 587781.8742539493
2660.0 518587.5048781716
2670.0 476531.24502293195
2680.0 745696.9350974053
2690.0 720704.5596233726
2700.0 694815.3489502746
2710.0 493052.36319199344
2720.0 176736.0064739197
2730.0 268815.4900497815
2740.0 173546.69498840478
2750.0 236949.58865198074
2760.0 427079.2838533151
2770.0 462794.4049999512
2780.0 277846.9942391877
2790.0 195095.34250994227
2800.0 74681.52445293899
2810.0 295036.2115087148
2820.0 766092.4223964199
2830.0 746522.029428539
2840.0 477979.7703398638
2850.0 163353.06550648285
2860.0 425751.3515282383
2870.0 830580.3684455273
2880.0 551582.4711516938
2890.0 1146106.1817032527
2900.0 2111981.211250894
2910.0 1874577.514450976
2920.0 1778839.4759763328
2930.0 1647382.592306122
2940.0 1030014.320893197
2950.0 1238172.1042245037
2960.0 1914753.963412914
2970.0 860243.3303623159
2980.0 1343489.0983735155
2990.0 1350979.1814425136
3000.0 1134006.8093690348
3010.0 1364880.2068187073
3020.0 709909.7754149387
3030.0 1616330.2785584193
3040.0 1339354.3622315836
3050.0 1413715.334521794
3060.0 1616537.37619496
3070.0 2188364.2489682026
3080.0 1789975.503358861
3090.0 1904659.7220065785
3100.0 1378806.4269283374
3110.0 2731260.8162739924
3120.0 2422406.657300941
3130.0 2222854.0075850226
3140.0 2362072.7189940955
3150.0 2857066.1782935834
3160.0 1654666.706603309
3170.0 2598532.823394816
3180.0 1973214.5685459035
3190.0 2219933.288328023
3200.0 2283007.047660508
3210.0 1631563.724463815
3220.0 1990408.3976051437
3230.0 1132567.9224448109
3240.0 2119691.8048706925
3250.0 2348540.9515630533
3260.0 3410447.4382666782
3270.0 3060920.9843071788
3280.0 2704430.508916634
3290.0 3270092.1373715056
3300.0 3691337.546889624
3310.0 2530569.7516037934
3320.0 2588118.639093013
3330.0 3313337.7650530464
3340.0 2590836.0835033352
3350.0 2352662.5094434475
3360.0 2345469.3597906493
3370.0 1502016.1572690988
3380.0 2352299.6674108086
3390.0 2216540.4230525903
3400.0 2741307.225400952
3410.0 2017131.722321384
3420.0 1960226.1311823302
3430.0 2771444.17937731
3440.0 1748763.3109421534
3450.0 2399787.025816528
3460.0 2428011.224163277
3470.0 2381920.911637226
3480.0 2439514.3288815576
3490.0 2543042.5040324763
3500.0 3038109.766865404
3510.0 2587273.8422513697
3520.0 2095588.51514073
3530.0 2545922.656293527
3540.0 3511991.117628768
3550.0 2913545.5697289514
3560.0 3007605.430120284
3570.0 1530743.477395083
3580.0 1640381.166090962
3590.0 1977040.5819350774
3600.0 3323828.5190737275
3610.0 1906490.2995198774
3620.0 2190116.1194870505
3630.0 2794530.0654597627
3640.0 2972448.4429637236
3650.0 2577415.1723064254
3660.0 3898346.9575820235
3670.0 3561488.9590443554
3680.0 3013365.2728259875
3690.0 3025438.6882964624
3700.0 3676618.579201801
3710.0 2943636.2229212476
3720.0 2103650.3283045343
3730.0 2498965.7437263313
3740.0 1827788.064191008
3750.0 1862476.119497565
3760.0 2419805.8819186487
3770.0 3420652.805275072
3780.0 4792518.107586135
3790.0 3334050.216800374
3800.0 3724189.1954144393
3810.0 3800857.986125032
3820.0 1931886.6407057948
3830.0 1354129.1794811457
3840.0 2176844.3946607537
3850.0 4112992.320148227
3860.0 2251955.7203801745
3870.0 3276103.7654827237
3880.0 3674012.712341642
3890.0 2861916.5286401864
3900.0 3011255.4682537504
3910.0 3920093.75980036
3920.0 3262095.722398522
3930.0 1497396.551253213
3940.0 2366644.797483166
3950.0 4225795.351157157
3960.0 3448391.288028243
3970.0 1605237.7174061618
3980.0 4665363.689203141
3990.0 5529411.024869829
4000.0 5397312.486804522
4010.0 5482933.501541451
4020.0 5806154.340086904
4030.0 4718975.744910672
4040.0 5509583.223527217
4050.0 5120617.456581241
4060.0 4851958.590041678
4070.0 4632327.148132266
4080.0 5439215.197880112
4090.0 6740416.721159124
4100.0 5453219.944582228
4110.0 6250200.148092109
4120.0 6399541.714743351
4130.0 5307552.88531088
4140.0 5784824.021549563
4150.0 5772693.748989991
4160.0 6362141.415595047
4170.0 5969518.049046322
4180.0 5757567.198095732
4190.0 5646221.303994684
4200.0 4655600.298001948
4210.0 6363108.237673686
4220.0 5505100.475454904
4230.0 4797179.110351561
4240.0 5233690.979017903
4250.0 4657988.644596602
4260.0 5246423.097292943
4270.0 4134508.4924834985
4280.0 5023520.796046118
4290.0 4385831.350037034
4300.0 3396573.2498636222
4310.0 3042651.898489109
4320.0 5793970.151674813
4330.0 5307640.831728371
4340.0 5240762.116990014
4350.0 5415787.164895835
4360.0 6127488.1906163925
4370.0 6049523.988189954
4380.0 4880844.9849497015
4390.0 5446197.2024969
4400.0 5305848.064739934
4410.0 5966092.842322007
4420.0 6117264.916644416
4430.0 6201609.89958072
4440.0 6176887.028345438
4450.0 6244309.067262015
4460.0 5626790.443029727
4470.0 6570311.058630302
4480.0 6698718.854756205
4490.0 6906290.603635773
4500.0 7128245.804710781
4510.0 7760314.001317602
4520.0 7053104.971288609
4530.0 6238912.244114021
4540.0 7008132.947517778
4550.0 6988554.722981612
4560.0 7417663.6067291545
4570.0 7298902.2085173335
4580.0 6863840.505400169
4590.0 6827064.130851352
4600.0 6813949.95617271
4610.0 7123529.379524975
4620.0 7135398.086218874
4630.0 7251992.474346562
4640.0 7348028.089491046
4650.0 6986728.893009431
4660.0 7501646.063143648
4670.0 7103989.226758075
4680.0 7237210.963453341
4690.0 7284550.828055463
4700.0 7071507.12403077
4710.0 7032485.348467407
4720.0 7457954.672895593
4730.0 6996006.909991009
4740.0 7178796.848496176
4750.0 7569384.383781362
4760.0 7273117.889496808
4770.0 7320209.733535343
4780.0 7671333.825688939
4790.0 7096669.672092847
4800.0 7408902.321075251
4810.0 7152639.299778368
4820.0 7332261.734682352
4830.0 7333697.872775743
4840.0 6835911.769333993
4850.0 7274593.32666078
4860.0 5835075.410217819
4870.0 6415201.239675598
4880.0 6894983.304959278
4890.0 6373039.361592595
4900.0 7244666.863658837
4910.0 7043291.8622939885
4920.0 6309692.604874349
4930.0 7318428.747961428
4940.0 6735741.639849867
4950.0 7401206.664751392
4960.0 6958682.69725806
4970.0 7205641.318976009
4980.0 6517684.669812335
4990.0 6786101.465682156
5000.0 6864490.271067605
5010.0 5959122.52720414
5020.0 6414355.73136539
5030.0 7331196.120784437
5040.0 6334423.339714587
5050.0 6765609.010838046
5060.0 7397106.856563627
5070.0 6832385.036768625
5080.0 6190076.040177392
5090.0 7159773.87789517
5100.0 6857871.643668404
5110.0 6572888.753530762
5120.0 6736511.59979937
5130.0 6339379.463111546
5140.0 6304432.250317753
5150.0 6348776.668885744
5160.0 6623883.5103845345
5170.0 4629167.316611286
5180.0 5582325.773283531
5190.0 6113265.988347887
5200.0 6502024.671169083
5210.0 6370268.695618515
5220.0 6612186.463179472
5230.0 6015217.49333393
5240.0 6966991.026066531
5250.0 6887744.09924863
5260.0 6433683.908888609
5270.0 4974173.483459371
5280.0 6380166.825493525
5290.0 7237361.208049332
5300.0 6631787.074892931
5310.0 7259276.454055968
5320.0 6764082.268276124
5330.0 5752500.3945802
5340.0 6610041.1704801805
5350.0 6849424.49535017
5360.0 7183190.763780055
5370.0 6086137.16760698
5380.0 6868049.950476018
5390.0 6885887.622979862
5400.0 6090993.514651353
5410.0 6052881.764829564
5420.0 6619922.712103627
5430.0 6174155.925133659
5440.0 7049748.888742084
5450.0 6510565.475284578
5460.0 6595054.75706867
5470.0 7091044.79713078
5480.0 6604758.986072828
5490.0 6617268.211597354
5500.0 6830289.616173872
5510.0 6557386.188703131
5520.0 7089633.160107298
5530.0 6580107.870246825
5540.0 7164776.010783507
5550.0 6982192.6397288935
5560.0 6815155.97901451
5570.0 6518838.825259503
5580.0 6801115.377648278
5590.0 6079082.318233025
5600.0 6478306.9126110645
5610.0 7070388.953633156
5620.0 6445090.151847061
5630.0 7002082.2729355795
5640.0 6803325.982237613
5650.0 6807568.295217394
5660.0 6471631.427540017
5670.0 6925237.5882090805
5680.0 6827153.364449663
5690.0 6878410.949359817
5700.0 6787526.611798052
5710.0 6376633.050944257
5720.0 6962551.498802333
5730.0 6987894.313193944
5740.0 7000363.975067632
5750.0 6567232.629887101
5760.0 6805508.561346571
5770.0 6987351.29722595
5780.0 6719992.92008481
5790.0 6704681.539410754
5800.0 6889926.74770698
5810.0 6817669.801497546
5820.0 6910329.060209963
5830.0 6914027.374490946
5840.0 6908379.962464392
5850.0 6736827.31129619
5860.0 6482828.962280328
5870.0 6767788.149339995
5880.0 6802246.043709214
5890.0 6422110.359819271
5900.0 6530239.018920805
5910.0 6730674.036351901
5920.0 6679660.906883943
5930.0 6553991.564213007
5940.0 6712869.111998643
5950.0 6613227.335457934
5960.0 6731015.285658203
5970.0 6776257.094221622
5980.0 6464829.066842879
5990.0 6636985.676240765
6000.0 6595139.965564999
6010.0 6455487.105975254
6020.0 6335890.847909538
6030.0 6521758.795707258
6040.0 6700479.022960964
6050.0 6647751.251839363
6060.0 6508805.96463158
6070.0 6555574.983474364
6080.0 6470502.473572763
6090.0 6401984.622729635
6100.0 6284761.643700253
6110.0 6435385.995642008
6120.0 6274999.9482516935
6130.0 6338136.22119933
6140.0 5989222.548562125
6150.0 6359340.111837912
6160.0 5832421.337737325
6170.0 6068661.459994714
6180.0 6376897.176029965
6190.0 6178759.23380481
6200.0 6379212.8948337585
6210.0 6338812.228017129
6220.0 6192187.568204361
6230.0 6133070.656691173
6240.0 6040127.078073159
6250.0 5907686.9428780675
6260.0 6143752.141082658
6270.0 6144315.58532852
6280.0 5975429.339500065
6290.0 6113195.494493782
6300.0 6034505.236688925
6310.0 6209867.307150067
6320.0 5921383.969812019
6330.0 6268023.732019042
6340.0 5962417.6685441695
6350.0 6244697.832578239
6360.0 5959412.609502418
6370.0 6202051.1022698665
6380.0 6153968.155078861
6390.0 6056311.421277828
6400.0 5969254.376654243
6410.0 5984184.3269404005
6420.0 5945226.550576674
6430.0 6063448.879888063
6440.0 5921324.458139828
6450.0 6051184.294117794
6460.0 5784097.901039831
6470.0 6001280.625207126
6480.0 5985484.376486877
6490.0 5831622.973803873
6500.0 5672753.87107357
6510.0 6074779.990680477
6520.0 6013369.450075403
6530.0 5989736.276456488
6540.0 5994767.748595687
6550.0 5787740.764071547
6560.0 4990313.713600727
6570.0 5642515.291419435
6580.0 5912844.496597675
6590.0 5769305.964263869
6600.0 5930656.490641851
6610.0 5863293.9433120685
6620.0 5943379.882877911
6630.0 5736334.949500917
6640.0 5820145.82778589
6650.0 5913247.932754233
6660.0 5814111.2775499895
6670.0 5856789.576757598
6680.0 5804017.870110693
6690.0 5872605.385004805
6700.0 5726542.048718958
6710.0 5617982.045003125
6720.0 5685806.362924872
6730.0 5742029.967010897
6740.0 5769356.120799216
6750.0 5687413.682775537
6760.0 5790621.530390504
6770.0 5611241.944814529
6780.0 5722578.756624209
6790.0 5666170.149859163
6800.0 5649700.367013047
6810.0 5592545.047242649
6820.0 5672081.276536979
6830.0 5647483.634012741
6840.0 5501710.437356641
6850.0 5656124.724091377
6860.0 5507501.783124488
6870.0 5632820.50766271
6880.0 5584981.46649157
6890.0 5592440.2375130085
6900.0 5630488.82108499
6910.0 5514527.0873167245
6920.0 5498099.927201349
6930.0 5506429.398999047
6940.0 5538143.053844782
6950.0 5438098.3175910795
6960.0 5510455.317149617
6970.0 5473051.131071835
6980.0 5309808.006386243
6990.0 5463884.32179243
7000.0 5352968.448886084
7010.0 5362213.422694305
7020.0 5228267.650172693
7030.0 5330089.972184163
7040.0 5370334.6746384
7050.0 5390198.655879289
7060.0 5369984.640074085
7070.0 5290870.579081121
7080.0 5333232.64698575
7090.0 5286459.209034066
7100.0 5355049.524998804
7110.0 5209886.76529996
7120.0 5267096.736133404
7130.0 5145589.2735492885
7140.0 5277588.215942595
7150.0 5108352.714943111
7160.0 5130354.15341381
7170.0 5237265.815307871
7180.0 5092349.191248904
7190.0 4929737.375382247
7200.0 5174947.782984554
7210.0 5015473.266686529
7220.0 5106756.437378276
7230.0 5202661.311591027
7240.0 5131690.624531007
7250.0 5124188.263756208
7260.0 5089917.497733453
7270.0 5162389.932798217
7280.0 5007178.85257777
7290.0 4877945.211266258
7300.0 5052996.846394679
7310.0 4983142.05312561
7320.0 5067286.999505776
7330.0 4927365.157241835
7340.0 5078788.098609793
7350.0 5049893.877730443
7360.0 4913773.758037932
7370.0 5046548.717244835
7380.0 5029382.948000008
7390.0 4770372.845653971
7400.0 4945931.43534419
7410.0 4759704.719210728
7420.0 4727618.328820715
7430.0 4986940.000050685
7440.0 4904271.291194872
7450.0 4814800.514555606
7460.0 4899827.801986493
7470.0 4929276.7750640055
7480.0 4888672.989947538
7490.0 4858012.416052093
7500.0 4824583.277329588
7510.0 4728914.572198219
7520.0 4871407.27616012
7530.0 4841911.0649871975
7540.0 4896195.642970902
7550.0 4843976.043894166
7560.0 4772372.50240191
7570.0 4788922.262733448
7580.0 4792466.423076735
7590.0 4766387.142758494
7600.0 4765322.83114295
7610.0 4794855.948928679
7620.0 4620207.384868301
7630.0 4820535.807252484
7640.0 4806627.166961205
7650.0 4761648.897599525
7660.0 4436857.070593811
7670.0 4731951.44954171
7680.0 4723995.356212294
7690.0 4660457.061201116
7700.0 4709965.894888999
7710.0 4598975.799385707
7720.0 4626291.808239186
7730.0 4664947.846602509
7740.0 4662122.152996399
7750.0 4498033.936809324
7760.0 4668879.833691914
7770.0 4656451.476466582
7780.0 4573720.551293924
7790.0 4614219.085570384
7800.0 4568080.0650102645
7810.0 4555559.89044682
7820.0 4618821.219066382
7830.0 4480185.419004794
7840.0 4515082.68024678
7850.0 4530516.701536369
7860.0 4555426.015291322
7870.0 4561028.375737429
7880.0 4506566.107467253
7890.0 4522613.253146878
7900.0 4468178.555221605
7910.0 4415884.417305696
7920.0 4396169.843537335
7930.0 4338611.777227788
7940.0 4249409.483468811
7950.0 4319620.088148591
7960.0 4419456.803310063
7970.0 4414127.774529195
7980.0 4430150.743499849
7990.0 4415120.669626412
8000.0 4294562.122401728
8010.0 4399251.159721903
8020.0 4394431.4042012235
8030.0 4290903.286110752
8040.0 4359438.706388871
8050.0 4204361.127881684
8060.0 4364066.586216788
8070.0 4285905.393999596
8080.0 4261892.742738002
8090.0 4197166.012194716
8100.0 4223158.928073606
8110.0 4273802.2108213715
8120.0 4284541.977860844
8130.0 4276934.065780757
8140.0 4254138.448285199
8150.0 4228411.560795067
8160.0 4218768.280835248
8170.0 4230755.912531239
8180.0 4167695.3433963954
8190.0 4163072.1436061547
8200.0 4115677.1347181066
8210.0 4035687.9741085176
8220.0 4072797.6125150444
8230.0 4094582.2303182925
8240.0 4155486.2570780516
8250.0 4122512.5766686033
8260.0 4166919.5813594027
8270.0 4145570.3961363966
8280.0 4149270.883818187
8290.0 4081115.5435976256
8300.0 4104605.537810718
8310.0 4004854.668767531
8320.0 4076810.2276317966
8330.0 3871735.8140497804
8340.0 4012990.7032861793
8350.0 3991921.508709308
8360.0 4041220.6746422728
8370.0 4027263.4798271437
8380.0 4003023.1121664215
8390.0 3884917.491951201
8400.0 3979778.055390925
8410.0 4014185.225950536
8420.0 3947356.0457825395
8430.0 3944250.798774316
8440.0 3896875.9275871515
8450.0 3989086.5003436552
8460.0 3981352.641012112
8470.0 3844220.535598346
8480.0 3958362.4399147173
8490.0 3968439.062471164
8500.0 3632863.235518979
8510.0 3847358.1285223947
8520.0 3890092.3477232936
8530.0 3863346.977271961
8540.0 3223011.14290578
8550.0 3812834.868239925
8560.0 3862561.4477228024
8570.0 3891516.140084549
8580.0 3844660.3219348555
8590.0 3866487.161515686
8600.0 3768417.6610496193
8610.0 3786894.697214196
8620.0 3814772.5209103795
8630.0 3839560.565300189
8640.0 3799738.2799771535
8650.0 3787031.457319569
8660.0 3220702.679256321
8670.0 3639740.5629438697
8680.0 3732311.7418445465
8690.0 3545931.6375247715
8700.0 3723865.1757878466
8710.0 3703266.07333424
8720.0 3753839.908329302
8730.0 3757819.165585091
8740.0 3608413.924011593
8750.0 3631300.6823500306
8760.0 3663453.4921096647
8770.0 3687569.190690424
8780.0 3741697.620457428
8790.0 3628541.4551322097
8800.0 3703649.528230472
8810.0 3468907.20273377
8820.0 3583568.728454406
8830.0 3718947.0508394702
8840.0 3619992.772691341
8850.0 3678575.5932124397
8860.0 3580879.295374719
8870.0 3588885.041420186
8880.0 3630310.689543467
8890.0 3651443.8902017483
8900.0 3668130.625027733
8910.0 3636732.083899548
8920.0 3589093.8610992613
8930.0 3572677.118144002
8940.0 3640800.3147243196
8950.0 3557170.715897108
8960.0 3607785.847970913
8970.0 3572621.450911674
8980.0 3537822.236655886
8990.0 3572623.612748052
9000.0 3452362.240161764
9010.0 3361110.822688589
9020.0 3402385.0855351565
9030.0 3561375.6782113747
9040.0 3559310.296876173
9050.0 3541727.7264492423
9060.0 3470680.052423736
9070.0 3527741.2674927576
9080.0 3468392.012073609
9090.0 3357692.007776534
9100.0 3438502.578333397
9110.0 3425280.0588081246
9120.0 3446923.005955469
9130.0 3499137.2146815583
9140.0 3453499.771678225
9150.0 3416377.9353079638
9160.0 3423438.6135161663
9170.0 3373750.7803971246
9180.0 3394380.370545289
9190.0 3392682.4205884896
9200.0 3365965.3373669507
9210.0 3255173.3585452815
9220.0 3290912.9146143943
9230.0 3192705.8798356066
9240.0 3271972.8742854088
9250.0 3281797.878404751
9260.0 3140153.8219753643
9270.0 3341802.1449665134
9280.0 3326818.663843495
9290.0 3266134.8613134776
9300.0 3311079.920168774
9310.0 3309480.476768818
9320.0 3283901.907630552
9330.0 3291607.7802767474
9340.0 3313617.123435376
9350.0 3273525.940580621
9360.0 3221867.3577347253
9370.0 3270930.9497037707
9380.0 3253305.6104265265
9390.0 3247366.312897043
9400.0 3199372.3496334017
9410.0 3014403.4902338074
9420.0 3144235.1951459395
9430.0 3163821.9203524836
9440.0 3138991.792996872
9450.0 3173670.05497573
9460.0 3185011.3321180413
9470.0 3218358.918019663
9480.0 3200971.9684619824
9490.0 3172086.426891631
9500.0 3189762.158037894
9510.0 3158443.2319749994
9520.0 3185839.504310426
9530.0 3138942.1770140016
9540.0 3086224.6602906776
9550.0 2994394.921453825
9560.0 3108766.785653059
9570.0 3101106.613117734
9580.0 3138075.6869654744
9590.0 3137903.862546627
9600.0 3078130.116212125
9610.0 3102826.874051049
9620.0 3091045.0368023315
9630.0 3066444.0374589413
9640.0 3062502.2348840707
9650.0 3058584.969529105
9660.0 3033113.0789333764
9670.0 3087301.2480065194
9680.0 3052173.714385029
9690.0 3040262.393643597
9700.0 3081293.3961533774
9710.0 3056051.961929262
9720.0 3063396.276827283
9730.0 3028023.057026347
9740.0 2983603.937647129
9750.0 3004496.2106260476
9760.0 3008750.7940246495
9770.0 3023451.9889564454
9780.0 3006524.2495453088
9790.0 2995358.340961454
9800.0 3007053.7720089797
9810.0 3015028.1935208337
9820.0 3001482.0747580067
9830.0 2989781.4975413876
9840.0 2991855.2541705943
9850.0 2978171.0231127925
9860.0 2980829.517832257
9870.0 2987302.9046701463
9880.0 2975788.820595743
9890.0 2926003.9949792027
9900.0 2922093.982517723
9910.0 2937649.6120076207
9920.0 2960274.309996913
9930.0 2940524.642186161
9940.0 2908370.7595738373
9950.0 2926304.7435312853
9960.0 2936093.404429504
9970.0 2905456.5157431294
9980.0 2925711.2198392726
9990.0 2899302.064330829
10010.0 2883795.362516247
10020.0 2913908.7349728164
10030.0 2875683.670043456
10040.0 2854698.586267536
10050.0 2681806.8651143345
10060.0 2826167.845181981
10070.0 2847460.4264915586
10080.0 2852321.502063404
10090.0 2851184.5423386875
10100.0 2819726.5268868846
10110.0 2838438.512646024
10120.0 2827220.6996311503
10130.0 2849759.6248628385
10140.0 2839558.49723452
10150.0 2765116.8078585695
10160.0 2764170.119699973
10170.0 2809961.7327557653
10180.0 2760696.9970110888
10190.0 2760190.4323432366
10200.0 2778470.3791608005
10210.0 2766396.2470192155
10220.0 2721363.616089967
10230.0 2780989.3363438514
10240.0 2769671.117849577
10250.0 2778151.0804440933
10260.0 2778220.204281278
10270.0 2758633.3793021785
10280.0 2761410.6555108535
10290.0 2723922.422735516
10300.0 2736864.6302030836
10310.0 2739695.6786630377
10320.0 2744721.8782546227
10330.0 2674189.578971498
10340.0 2650069.578946217
10350.0 2706039.847129781
10360.0 2717107.8645746293
10370.0 2631235.2331910245
10380.0 2695514.8029537415
10390.0 2708773.663458123
10400.0 2652140.944953618
10410.0 2680908.367176373
10420.0 2667935.0905295755
10430.0 2663815.815035401
10440.0 2680094.667211568
10450.0 2663633.0864854534
10460.0 2590431.5334303
10470.0 2608462.581519042
10480.0 2639611.480743803
10490.0 2649763.731090621
10500.0 2628337.1467778464
10510.0 2629453.00014279
10520.0 2624285.4688099558
10530.0 2598313.238588267
10540.0 2629492.959454123
10550.0 2620505.059735712
10560.0 2622921.014268625
10570.0 2582730.9981927974
10580.0 2531068.5332325445
10590.0 2469300.219359254
10600.0 2529059.450084452
10610.0 2580715.5500407508
10620.0 2564116.240985272
10630.0 2503506.8268634267
10640.0 2582891.9435572433
10650.0 2577503.629140849
10660.0 2500402.3244866463
10670.0 2549267.3417398655
10680.0 2511951.7254385403
10690.0 2366177.4685730585
10700.0 2489345.120975171
10710.0 2484647.615769539
10720.0 2501437.9316480453
10730.0 2410134.1796531463
10740.0 2514619.474457494
10750.0 2407296.7843485572
10760.0 2520899.499719798
10770.0 2492500.156809551
10780.0 2461750.1723647956
10790.0 2415805.0237586135
10800.0 2477561.571799052
10810.0 2336877.4440166852
10820.0 2464590.668717291
10830.0 2322563.3587616924
10840.0 2426814.1990079535
10850.0 2463340.964900672
10860.0 2446857.378053181
10870.0 2261732.2228592476
10880.0 2403658.6514736246
10890.0 2394867.350339071
10900.0 2437065.304274108
10910.0 2406928.118396227
10920.0 2420834.9206459518
10930.0 2335215.793659042
10940.0 2246475.790424304
10950.0 2347590.4433979485
10960.0 2303740.0170927215
10970.0 2305673.4854956493
10980.0 2241007.6054743286
10990.0 2358310.422622873
11000.0 2347572.6085618087
11010.0 2308235.8035863587
11020.0 2260436.694278707
11030.0 2326290.024643779
11040.0 2343028.4063146673
11050.0 2326634.0970066856
11060.0 2307650.084986324
11070.0 2335928.5903853592
11080.0 2337806.735072394
11090.0 2327250.1434228574
11100.0 2319470.9325906504
11110.0 2314739.0869735354
11120.0 2296506.9731011894
11130.0 2268971.0037286086
11140.0 2325614.3615021347
11150.0 2309812.0352300834
11160.0 2299674.0344091286
11170.0 2302566.7774228686
11180.0 2280310.1837474816
11190.0 2224651.982024336
11200.0 2230705.474134558
11210.0 2275478.5858105146
11220.0 2294393.418533566
11230.0 2273953.14945241
11240.0 2276325.5317815817
11250.0 2139599.5289751417
11260.0 2240127.687891834
11270.0 2286023.5595216146
11280.0 2250643.184218194
11290.0 2186370.3910118625
11300.0 2220600.6988817262
11310.0 2211715.781021856
11320.0 2257764.8907692116
11330.0 2204364.573803011
11340.0 2239210.1940451986
11350.0 2212408.189962097
11360.0 2233990.3094836273
11370.0 2182817.306188989
11380.0 2213513.269598475
11390.0 2169205.155587277
11400.0 2157990.469545163
11410.0 2179917.9148583137
11420.0 2176837.551916916
11430.0 2192832.3169714627
11440.0 2156993.1571072657
11450.0 2183951.853619544
11460.0 2187291.235989957
11470.0 2191337.27499502
11480.0 2167844.585220192
11490.0 2180474.7288823505
11500.0 2173299.5347341895
11510.0 2187165.80260764
11520.0 2157314.422437375
11530.0 2166918.8997504925
11540.0 2168592.079014454
11550.0 2169009.127165225
11560.0 2164976.5069935285
11570.0 2166925.6465261667
11580.0 2157813.3556571915
11590.0 2063443.964964354
11600.0 2144686.648875686
11610.0 2005838.6173986164
11620.0 2141632.2130677993
11630.0 2127003.8273369214
11640.0 2063403.5740984827
11650.0 2124134.477799998
11660.0 2105498.5696868883
11670.0 2101369.740807887
11680.0 2114026.5269349213
11690.0 2046776.5328686477
11700.0 2103919.5635568034
11710.0 2104073.6977373734
11720.0 2107054.2846382353
11730.0 2103963.5655951523
11740.0 2087871.450174375
11750.0 2021335.065061408
11760.0 2084062.5890704314
11770.0 2057351.0305071387
11780.0 2000677.81130724
11790.0 2078426.779401592
11800.0 2069789.3568506013
11810.0 2038590.3172327797
11820.0 2053513.2644529333
11830.0 1902212.897591388
11840.0 2033235.7778101806
11850.0 2048152.1304970367
11860.0 2045381.8007119913
11870.0 2041309.1702849725
11880.0 1891729.2974087805
11890.0 2012801.7683503402
11900.0 2028444.5492384485
11910.0 2040386.1712910098
11920.0 2036549.4862036025
11930.0 2038708.9188503106
11940.0 2026151.570661093
11950.0 2002475.7798927713
11960.0 1998924.0483628067
11970.0 1895991.4710758007
11980.0 1923933.834293251
11990.0 1891896.8636168982
12000.0 2000161.9173248347
12010.0 1985507.1723558998
12020.0 1996794.7826092006
12030.0 1837539.0243682505
12040.0 1951012.357114952
12050.0 1986911.5532070952
12060.0 1978970.893660797
12070.0 1966992.9929963534
12080.0 1770929.0075160584
12090.0 1944308.964113887
12100.0 1896485.1480405305
12110.0 1946312.9999733407
12120.0 1957987.478667352
12130.0 1955603.763691944
12140.0 1963970.3782371772
12150.0 1950848.5211215133
12160.0 1959576.439829037
12170.0 1942188.233554638
12180.0 1942311.544314825
12190.0 1923635.190644043
12200.0 1904550.55735287
12210.0 1909220.7358516443
12220.0 1929474.9992825252
12230.0 1914025.0963444058
12240.0 1918168.6461719845
12250.0 1910654.5934423527
12260.0 1911488.278267116
12270.0 1866330.7420175693
12280.0 1909205.5745297207
12290.0 1915463.7217487877
12300.0 1905392.4307992805
12310.0 1895505.128852406
12320.0 1895409.809639209
12330.0 1888003.0770612513
12340.0 1847107.4332064614
12350.0 1874336.011519551
12360.0 1819335.5001142062
12370.0 1867886.5870776533
12380.0 1887311.6374191055
12390.0 1866879.5407706175
12400.0 1834135.6377744456
12410.0 1855197.8605243491
12420.0 1829963.4001426534
12430.0 1820558.8117541806
12440.0 1866480.5865143244
12450.0 1863661.1380278016
12460.0 1851825.560720895
12470.0 1834048.2049858263
12480.0 1850147.6174212862
12490.0 1848425.7097239606
12500.0 1838377.3730699252
12510.0 1788014.167544858
12520.0 1733310.6504232483
12530.0 1795751.6158562496
12540.0 1829111.9802019265
12550.0 1826120.971681256
12560.0 1787696.6201866055
12570.0 1809001.0422674809
12580.0 1790104.9516152202
12590.0 1814893.1286732152
12600.0 1812330.0500307078
12610.0 1781773.79689093
12620.0 1797425.0717661844
12630.0 1806161.6762066055
12640.0 1747543.9649468097
12650.0 1776064.6443742164
12660.0 1790401.5615297363
12670.0 1787136.6958408777
12680.0 1770928.4642944154
12690.0 1786098.3964398582
12700.0 1778846.3580241527
12710.0 1758780.0237158109
12720.0 1784166.5831350852
12730.0 1777127.0831781672
12740.0 1756007.1890367512
12750.0 1775671.7571135578
12760.0 1771916.1620074138
12770.0 1765785.1028121507
12780.0 1761065.8462155915
12790.0 1747171.0078251716
12800.0 1733983.3210108583
12810.0 1673848.122944709
12820.0 1524324.0267364623
12830.0 1692930.5885916704
12840.0 1729009.9346649821
12850.0 1736264.4782301034
12860.0 1740857.9437351138
12870.0 1733158.420337082
12880.0 1717907.2909927573
12890.0 1736375.6692193798
12900.0 1678577.8476362503
12910.0 1711963.7781704778
12920.0 1708914.6047607465
12930.0 1709277.0368150736
12940.0 1708828.9592010903
12950.0 1709673.2245204898
12960.0 1703340.355026793
12970.0 1680848.3240952687
12980.0 1682840.876619501
12990.0 1698595.689792109
13000.0 1695886.0634252806
13010.0 1696669.156192221
13020.0 1697816.7244619569
13030.0 1662336.7184600283
13040.0 1675393.654066374
13050.0 1680920.676289249
13060.0 1662148.9376797944
13070.0 1680277.894114959
13080.0 1682605.8897401802
13090.0 1673967.6065600906
13100.0 1651326.4334961094
13110.0 1676602.6601314032
13120.0 1562752.4478340761
13130.0 1651901.2817201158
13140.0 1655936.1325875744
13150.0 1558840.622396296
13160.0 1651529.1105775235
13170.0 1661375.9203207819
13180.0 1609151.8446258553
13190.0 1652146.6243333058
13200.0 1638087.6015423345
13210.0 1624227.5638946712
13220.0 1642632.6616190139
13230.0 1647472.9266676106
13240.0 1647135.448541399
13250.0 1632536.4984426752
13260.0 1625777.2114735583
13270.0 1626576.253224293
13280.0 1615801.9419551834
13290.0 1570720.974394396
13300.0 1616471.3070349349
13310.0 1618732.16851473
13320.0 1563486.2610925667
13330.0 1608950.4552699432
13340.0 1613627.0255931492
13350.0 1590395.9675084949
13360.0 1615020.65241646
13370.0 1602355.7554350886
13380.0 1601549.8402364363
13390.0 1558868.4636172499
13400.0 1589632.555206242
13410.0 1596729.3924678217
13420.0 1585452.329664849
13430.0 1588536.148112411
13440.0 1595488.3286209889
13450.0 1582572.5655856156
13460.0 1577628.216522167
13470.0 1585119.8366818277
13480.0 1580261.4087729405
13490.0 1572373.1068401863
13500.0 1549332.0333956815
13510.0 1581006.7556215634
13520.0 1569005.8832073745
13530.0 1572578.2852310936
13540.0 1571852.8007451063
13550.0 1538002.9646740782
13560.0 1540727.2348163123
13570.0 1540027.8840787983
13580.0 1560312.767570829
13590.0 1548333.8269844614
13600.0 1533835.1165650117
13610.0 1556082.4175944582
13620.0 1549626.4468272973
13630.0 1517254.4268244244
13640.0 1525087.5477136625
13650.0 1541537.852725595
13660.0 1540120.9425689173
13670.0 1520849.2953167248
13680.0 1506570.964618896
13690.0 1524026.0650997316
13700.0 1512822.372298121
13710.0 1516960.613070563
13720.0 1503632.4899164378
13730.0 1489268.9903634784
13740.0 1509681.3716752927
13750.0 1515509.6474906409
13760.0 1482463.0129477137
13770.0 1510514.3682652921
13780.0 1506958.742000313
13790.0 1511484.2080992684
13800.0 1507541.6257343122
13810.0 1505565.0057950793
13820.0 1482619.8808830213
13830.0 1491247.4821395723
13840.0 1503827.9854356365
13850.0 1475390.9339174407
13860.0 1473711.2603062273
13870.0 1486840.3897604207
13880.0 1491278.0812645329
13890.0 1486732.0839277608
13900.0 1458075.6480971156
13910.0 1485677.6890483561
13920.0 1480007.5232369879
13930.0 1480544.1178547302
13940.0 1466880.039905741
13950.0 1452187.3692461692
13960.0 1470896.3821932117
13970.0 1471217.892165776
13980.0 1464199.793856153
13990.0 1456376.2253043621
14000.0 1412526.8751564801
14010.0 1436048.5069506613
14020.0 1462623.6545604502
14030.0 1432872.7794306679
14040.0 1450600.1329028495
14050.0 1459203.2956722016
14060.0 1440053.7885465913
14070.0 1433451.134257956
14080.0 1423228.5176626595
14090.0 1439541.0440342997
14100.0 1432713.7566642044
14110.0 1404143.90361575
14120.0 1393022.6170908601
14130.0 1377780.3293520391
14140.0 1423152.0375257034
14150.0 1423469.4156389367
14160.0 1393934.226537364
14170.0 1420076.9611050037
14180.0 1397518.1647954942
14190.0 1411031.3485277388
14200.0 1394135.4442756986
14210.0 1384097.079200365
14220.0 1375701.9779050604
14230.0 1403109.7366121777
14240.0 1342313.540121605
14250.0 1368974.9194086315
14260.0 1362142.5338862957
14270.0 1352937.2250167797
14280.0 1382655.6963225547
14290.0 1297193.0683453893
14300.0 1384290.9534653856
14310.0 1352022.4027044307
14320.0 1377936.4121654553
14330.0 1391625.613170511
14340.0 1380533.354571996
14350.0 1374231.283394616
14360.0 1382594.9308594293
14370.0 1378364.0721771282
14380.0 1380106.2080290113
14390.0 1373688.3288441545
14400.0 1258359.5938416105
14410.0 1371382.5349305612
14420.0 1333342.9417710868
14430.0 1348016.818021356
14440.0 1321738.2259926263
14450.0 1373320.3534700363
14460.0 1334211.839939779
14470.0 1361415.726391269
14480.0 1321722.3937200622
14490.0 1343384.575809759
14500.0 1309135.5171519623
14510.0 1282724.6802449226
14520.0 1335055.1048955629
14530.0 1334723.0905607825
14540.0 1295108.0616573202
14550.0 1308952.5117501798
14560.0 1318748.0592728613
14570.0 1298566.3584486055
14580.0 1341676.780811657
14590.0 1312369.1036219022
14600.0 1304583.518986547
14610.0 1334184.3488118378
14620.0 1309855.541949097
14630.0 1312018.6757442055
14640.0 1310739.578381324
14650.0 1219198.8823277755
14660.0 1321619.5264709531
14670.0 1320021.1591781673
14680.0 1307878.1970403965
14690.0 1300570.6493701625
14700.0 1272607.953853682
14710.0 1290115.8690294393
14720.0 1258280.1253590477
14730.0 1312897.028004757
14740.0 1300213.51698225
14750.0 1243936.7860209902
14760.0 1301546.7346799306
14770.0 1283324.9676969324
14780.0 1273389.1673185583
14790.0 1302162.9537466886
14800.0 1294142.5586978372
14810.0 1270360.9075291222
14820.0 1289836.9000596958
14830.0 1240585.8883929902
14840.0 1276510.7544463878
14850.0 1278974.7143007733
14860.0 1256815.6999560508
14870.0 1216654.8863906134
14880.0 1040684.5053943789
14890.0 1276504.1758029887
14900.0 1244964.1309926352
14910.0 1249280.6075011238
14920.0 1277730.1830920062
14930.0 1275486.655208545
14940.0 1268928.1732223385
14950.0 1264922.767422612
14960.0 1223880.8563913202
14970.0 1247897.5640793198
14980.0 1237322.5585341575
14990.0 1247034.4749564573
15000.0 1258588.975262289
15010.0 1234473.7038618491
15020.0 1128706.8565131507
15030.0 1151625.3020848595
15040.0 1093884.1691383692
15050.0 1119691.302498814
15060.0 1241672.3077186102
15070.0 1253320.0053576326
15080.0 1223429.8115418793
15090.0 1242719.058792002
15100.0 1215731.8235395518
15110.0 1247692.1246670883
15120.0 1198655.315858385
15130.0 1241452.3115726544
15140.0 1202397.0516107334
15150.0 1243951.8565106736
15160.0 1201713.7433602028
15170.0 1234007.0440054704
15180.0 1214261.8992448112
15190.0 1228371.2461782629
15200.0 1202565.3619960933
15210.0 1184352.854164009
15220.0 1165252.1127215873
15230.0 1202186.8926236432
15240.0 1190884.58471218
15250.0 1214090.9624486747
15260.0 1196832.0788005814
15270.0 1219890.1039250696
15280.0 1209567.761066937
15290.0 1131505.1953552244
15300.0 1186428.8146476676
15310.0 1207944.7945333482
15320.0 1191894.1865431548
15330.0 1196484.1234553526
15340.0 1159579.0719318695
15350.0 1194211.4169519958
15360.0 1195843.3190560734
15370.0 1204450.3831498106
15380.0 1153241.1279328852
15390.0 1163585.140440547
15400.0 1148532.6303062355
15410.0 1194754.1686092853
15420.0 1163107.4179197312
15430.0 1185458.1357075316
15440.0 1187108.5930002374
15450.0 1183220.4104391872
15460.0 1183278.9912788097
15470.0 1174233.2510238918
15480.0 1161326.6113546886
15490.0 1164295.9767278216
15500.0 1153414.9385368999
15510.0 1169408.3543989526
15520.0 1167870.6066935032
15530.0 1139106.8946754548
15540.0 1135235.815270415
15550.0 1155761.4731413487
15560.0 1117682.231365461
15570.0 1146937.4087128334
15580.0 1163462.6112421486
15590.0 1097892.8010221142
15600.0 1157723.070517739
15610.0 1161300.90514723
15620.0 1107583.3957792772
15630.0 1118105.3863692754
15640.0 1145376.8123423436
15650.0 1133294.7886664981
15660.0 1116522.9420846303
15670.0 1115782.2108889243
15680.0 1120153.818654845
15690.0 1079273.8194331706
15700.0 1125142.7920173146
15710.0 1130418.257524762
15720.0 1102592.6910699534
15730.0 1129338.96950942
15740.0 1049659.4887839367
15750.0 1025974.1075149789
15760.0 1096855.4848129726
15770.0 942272.0792744752
15780.0 1129894.230134868
15790.0 1113303.4811912444
15800.0 1116467.0307570726
15810.0 1124699.990845259
15820.0 1031973.3017978646
15830.0 1096617.0632731048
15840.0 1096856.1450255513
15850.0 1101510.6513661454
15860.0 1086111.1362067803
15870.0 1061501.0468214497
15880.0 1028980.4236904618
15890.0 959731.464038547
15900.0 1037156.009885207
15910.0 1033151.5861058371
15920.0 1091758.0418447312
15930.0 1087005.4191493345
15940.0 1087965.2503237654
15950.0 1074784.0455890438
15960.0 1006952.3511241107
15970.0 1091397.395265062
15980.0 1068680.1939400688
15990.0 1096745.6106804344
16000.0 1085594.9619242868
16010.0 1034599.0541219676
16020.0 1082351.7165830634
16030.0 1093138.2493127508
16040.0 1042070.0623023786
16050.0 1079552.0882809162
16060.0 1037934.7542122563
16070.0 1058314.7311769624
16080.0 1073394.4193845135
16090.0 1021999.2078491255
16100.0 997106.5770828737
16110.0 1032466.8619261696
16120.0 1037752.2948119979
16130.0 1044425.8322651443
16140.0 1042448.91407673
16150.0 1022507.7040982433
16160.0 990278.9870356828
16170.0 1049930.2848032329
16180.0 1040890.3651353716
16190.0 1035441.7470105398
16200.0 979399.9192147143
16210.0 1034490.1928833381
16220.0 1046583.4809850545
16230.0 1026981.396582882
16240.0 1021822.3566112809
16250.0 1050481.3876580247
16260.0 1050303.7525120655
16270.0 1051676.4882071298
16280.0 1048468.9694613925
16290.0 1035713.1648366149
16300.0 1038648.3075797233
16310.0 1032323.173938523
16320.0 1001850.9061967335
16330.0 1018149.2267004881
16340.0 1037748.9524323965
16350.0 1027016.2149381123
16360.0 993382.2052786564
16370.0 1004146.1130329415
16380.0 931293.0837520158
16390.0 972116.0241701907
16400.0 940979.331036481
16410.0 942439.07680869
16420.0 985781.2291228167
16430.0 995946.4688659135
16440.0 958226.7760495119
16450.0 996055.0534727613
16460.0 1011344.3368275675
16470.0 986423.7499958624
16480.0 1003013.8805766922
16490.0 957065.4196289357
16500.0 1008164.2749326506
16510.0 995668.2274377184
16520.0 979667.1615232087
16530.0 998951.5924672259
16540.0 965808.4527861918
16550.0 978099.4566323584
16560.0 962073.3126286166
16570.0 985798.2088527317
16580.0 982726.9407466981
16590.0 968413.1655223216
16600.0 987611.3297649818
16610.0 976586.7560095232
16620.0 969455.6974582212
16630.0 957032.6753688675
16640.0 966696.148390082
16650.0 931879.1187766105
16660.0 968086.7216974195
16670.0 940656.945641098
16680.0 939342.3280300539
16690.0 965834.7160058804
16700.0 968371.1466179119
16710.0 952255.2980336264
16720.0 906458.9855120176
16730.0 955142.634340046
16740.0 951586.9458219989
16750.0 883969.4089454467
16760.0 923104.8746885277
16770.0 945173.0277478175
16780.0 928783.011998002
16790.0 911962.0967462641
16800.0 881753.0985675427
16810.0 864149.037231575
16820.0 868002.1606366728
16830.0 911970.7919221882
16840.0 923807.409536004
16850.0 930995.1858227687
16860.0 907143.0063825122
16870.0 916198.9586530422
16880.0 922647.6178887178
16890.0 897225.1053036816
16900.0 897350.2404669045
16910.0 924573.4906961434
16920.0 925163.4561477422
16930.0 916324.316675293
16940.0 923742.3868946077
16950.0 917826.9096735286
16960.0 912188.1522149699
16970.0 895538.5609682145
16980.0 903841.4690066227
16990.0 894246.129428054
17000.0 875543.169950877
17010.0 857945.1356206025
17020.0 894754.3497975455
17030.0 894550.9701149833
17040.0 902274.1513197855
17050.0 896655.6465604913
17060.0 886487.0954321035
17070.0 883674.4717090977
17080.0 891627.9727488194
17090.0 876896.669852856
17100.0 880662.474115534
17110.0 775721.5437824428
17120.0 879505.4654268392
17130.0 879854.9494135587
17140.0 883096.9900018014
17150.0 880369.186357681
17160.0 861820.5937962502
17170.0 878558.652066454
17180.0 873631.6587303656
17190.0 871426.9404505919
17200.0 860019.4121004076
17210.0 863992.3658336106
17220.0 859253.1567190553
17230.0 803752.1485315021
17240.0 862378.9595016455
17250.0 853914.7896555038
17260.0 860195.1954429144
17270.0 844565.4705355054
17280.0 839062.6812575565
17290.0 850026.552163329
17300.0 832627.5384367344
17310.0 844253.3707220929
17320.0 827125.1157961336
17330.0 763359.8083018595
17340.0 791610.9636924921
17350.0 801352.922348288
17360.0 747433.0719779675
17370.0 781282.9436462562
17380.0 809254.6532107944
17390.0 808402.7855895376
17400.0 821297.2873254083
17410.0 787825.6053357039
17420.0 818201.2659813211
17430.0 818201.4566453696
17440.0 829033.6873662695
17450.0 811208.6592117754
17460.0 808302.741762117
17470.0 770643.6287262235
17480.0 819366.2601659131
17490.0 821663.7673829955
17500.0 808787.9036306842
17510.0 798627.900684087
17520.0 813193.3026037071
17530.0 813066.4714087271
17540.0 810695.7283869322
17550.0 796762.5205886409
17560.0 804123.8483733882
17570.0 810136.3469957514
17580.0 799866.2321243725
17590.0 807284.41780827
17600.0 794782.920783056
17610.0 785129.1983096481
17620.0 751602.0843908039
17630.0 799357.8303904299
17640.0 760150.9665679582
17650.0 797747.1125862225
17660.0 777056.8648894355
17670.0 782438.8826147172
17680.0 756180.8669075374
17690.0 786387.503501496
17700.0 778355.6337296981
17710.0 769032.3573187828
17720.0 746896.9362670467
17730.0 776828.3372738815
17740.0 772291.3997486349
17750.0 767952.8356568586
17760.0 759602.0780199732
17770.0 748272.8920756528
17780.0 768346.3144941913
17790.0 765830.4885140009
17800.0 768270.5380090992
17810.0 761831.106826142
17820.0 761443.9596100323
17830.0 763240.8925188216
17840.0 750356.4622830976
17850.0 747971.3561788531
17860.0 748608.9219525257
17870.0 755981.1827187894
17880.0 760882.5290845844
17890.0 759046.3770140235
17900.0 758888.5901518518
17910.0 753946.3079061134
17920.0 749792.6786726681
17930.0 730384.5765326626
17940.0 728630.8351564016
17950.0 751025.8969031265
17960.0 748153.0198988826
17970.0 740706.8465389649
17980.0 738495.8091390897
17990.0 741055.6955077515
18000.0 733986.8972443438
18010.0 735936.2117409216
18020.0 728894.9062611749
18030.0 717257.6192481215
18040.0 732423.5738964634
18050.0 724500.632926913
18060.0 727875.3218367524
18070.0 725896.8277155953
18080.0 713741.6320024498
18090.0 721129.8255460215
18100.0 705960.311118221
18110.0 713371.3253563899
18120.0 716488.5281438438
18130.0 717662.8164967166
18140.0 708837.9773962382
18150.0 694564.2064957207
18160.0 670605.973920738
18170.0 626540.5598363356
18180.0 645822.517978936
18190.0 685172.5518339545
18200.0 698853.4318508288
18210.0 704765.5910066987
18220.0 678822.4839640026
18230.0 698943.4333597203
18240.0 704074.643391495
18250.0 703701.0497987926
18260.0 705136.4121945328
18270.0 702616.6943716431
18280.0 682890.3451585865
18290.0 699412.0726436853
18300.0 691939.328693427
18310.0 698984.469367371
18320.0 682799.5638626497
18330.0 698803.6369834656
18340.0 689902.9588585845
18350.0 688156.8717661095
18360.0 685576.4291010661
18370.0 654332.4096738503
18380.0 681532.0676461527
18390.0 681426.7148346986
18400.0 677499.7859316865
18410.0 662313.9022367769
18420.0 639161.4661519715
18430.0 668376.3032349931
18440.0 674695.440670739
18450.0 671923.9409252291
18460.0 676510.8924407869
18470.0 648156.5986145693
18480.0 675313.8633911741
18490.0 672496.8636826123
18500.0 671453.3408343137
18510.0 671636.4648019593
18520.0 654555.6822546198
18530.0 658503.0306458545
18540.0 668244.1157617263
18550.0 632146.4918901809
18560.0 657572.3673191762
18570.0 665920.7815436915
18580.0 636513.9996150516
18590.0 659347.7233422144
18600.0 660283.8203981511
18610.0 652037.9742615015
18620.0 650948.7470458122
18630.0 649242.2590796126
18640.0 650785.9610788785
18650.0 647626.1452033538
18660.0 633092.6464121689
18670.0 650193.0556755578
18680.0 639315.3514564484
18690.0 643707.1317984796
18700.0 642836.8173819815
18710.0 636209.351348569
18720.0 607675.3138307993
18730.0 624730.0094793134
18740.0 595523.874935539
18750.0 507957.83647893654
18760.0 585690.186289949
18770.0 599601.216234879
18780.0 626036.4678032463
18790.0 625051.8489693776
18800.0 631900.6784494744
18810.0 633316.9986190193
18820.0 624044.7922148012
18830.0 631455.1353414999
18840.0 621639.5561822378
18850.0 621915.2218846938
18860.0 596604.4549926318
18870.0 622230.8200435819
18880.0 603931.4232014803
18890.0 609422.1307959748
18900.0 588635.0547567855
18910.0 595830.1559699506
18920.0 598470.7441630843
18930.0 592764.9322398636
18940.0 602489.5075049711
18950.0 609550.9842596735
18960.0 595527.4511407125
18970.0 599874.8832273989
18980.0 613534.892380422
18990.0 593976.6750578333
19000.0 607484.6699030657
19010.0 609272.2893670667
19020.0 610084.4650217502
19030.0 591146.9875773194
19040.0 604727.3079371072
19050.0 598025.0475740263
19060.0 604684.8324109416
19070.0 606332.9218248449
19080.0 593033.596609669
19090.0 603270.3924854089
19100.0 599078.6731261737
19110.0 582454.0751784142
19120.0 586606.5091927834
19130.0 597672.2086342385
19140.0 590357.5115356005
19150.0 593159.6352162963
19160.0 588591.7294008986
19170.0 591267.8130591902
19180.0 591359.8468332202
19190.0 568226.8069797307
19200.0 579804.0149933625
19210.0 579538.7988670107
19220.0 583977.6420783412
19230.0 586863.4512541464
19240.0 585761.19756902
19250.0 578899.1965504445
19260.0 573799.661261555
19270.0 572531.706087708
19280.0 569787.7951084018
19290.0 578896.1581994077
19300.0 575648.1812606958
19310.0 554605.706549241
19320.0 575889.4319524528
19330.0 574244.9574677662
19340.0 552542.2630993805
19350.0 572403.908840465
19360.0 573032.81469851
19370.0 572045.4806697738
19380.0 568064.706750218
19390.0 545172.8129442305
19400.0 558173.7792516187
19410.0 558669.7608893949
19420.0 553031.35872272
19430.0 507760.4180130717
19440.0 504104.81674747093
19450.0 472586.79423946544
19460.0 533764.0497258304
19470.0 539348.0911744984
19480.0 541725.7675294189
19490.0 529993.2654613749
19500.0 551443.4109241049
19510.0 506481.7514468684
19520.0 556021.0398289307
19530.0 549047.2751564241
19540.0 543721.0868307365
19550.0 553953.610494831
19560.0 553137.114263919
19570.0 550612.2877612362
19580.0 543101.2021259501
19590.0 542499.4049526928
19600.0 540313.1442923894
19610.0 532821.6822109784
19620.0 539984.3734139223
19630.0 524634.9459639512
19640.0 534953.1511256465
19650.0 545206.1901395338
19660.0 543344.979257302
19670.0 542502.6577138697
19680.0 540437.3778103484
19690.0 539190.2972435661
19700.0 539195.6143959131
19710.0 536734.977975826
19720.0 502512.639056224
19730.0 520826.22396307363
19740.0 531679.5121757337
19750.0 532478.4237808284
19760.0 531149.9652339417
19770.0 530590.4119111877
19780.0 492455.4236381931
19790.0 517639.9067940788
19800.0 528662.0429296974
19810.0 526540.649272752
19820.0 525260.7261070523
19830.0 527204.0204948811
19840.0 526709.3692844436
19850.0 492503.656024152
19860.0 497067.83286354784
19870.0 519997.9100359543
19880.0 519376.7668409417
19890.0 521604.9439786426
19900.0 520039.4440251187
19910.0 517379.7287590659
19920.0 509879.5264001768
19930.0 487357.3241412746
19940.0 514879.22197994223
19950.0 511758.74991547025
19960.0 502959.5279497929
19970.0 491980.6777432796
19980.0 509835.3174121784
19990.0 511698.10453449684
20010.0 507675.3137016024
20020.0 498114.946439469
20030.0 502366.0792744304
20040.0 501321.23220715
20050.0 489618.60523434373
20060.0 502851.63835936954
20070.0 498229.8515763276
20080.0 500918.74489112553
20090.0 494713.97830134095
20100.0 500975.8192121023
20110.0 499336.09700101183
20120.0 500049.5822903372
20130.0 496967.42767395603
20140.0 489824.3331503555
20150.0 495713.69872032653
20160.0 496013.9243828372
20170.0 493141.870137443
20180.0 494415.6359855703
20190.0 489095.3419235874
20200.0 486850.34153770236
20210.0 470270.52248389
20220.0 488140.67710457643
20230.0 480974.43181627674
20240.0 481143.9266213751
20250.0 486676.9415162845
20260.0 479164.51650186826
20270.0 480528.61158014176
20280.0 479662.3467486101
20290.0 480962.8020080111
20300.0 452289.32576403307
20310.0 482384.0327941944
20320.0 481101.288324253
20330.0 478752.94071966363
20340.0 460823.59965142346
20350.0 472427.83544911444
20360.0 475203.8613366408
20370.0 472971.5073134167
20380.0 449467.9433767065
20390.0 475440.0995289628
20400.0 469085.7557712392
20410.0 460180.41398702667
20420.0 471068.4864919923
20430.0 472216.6309733329
20440.0 471366.4055414226
20450.0 468324.0701951993
20460.0 470050.3949369684
20470.0 465747.4897661044
20480.0 468386.0046801169
20490.0 467932.0196801592
20500.0 467093.50476818194
20510.0 463921.99046472664
20520.0 453188.1631857573
20530.0 462386.7065148505
20540.0 457533.59992779477
20550.0 461674.5734282211
20560.0 461386.28700968856
20570.0 459087.61067440244
20580.0 459015.84442299564
20590.0 450875.3582564631
20600.0 430870.6221711992
20610.0 455379.7006105971
20620.0 453973.7800251615
20630.0 402955.1739638179
20640.0 452692.2579842594
20650.0 454020.07208821614
20660.0 452123.0762741379
20670.0 437329.32054358174
20680.0 445758.86489424674
20690.0 448149.14932873595
20700.0 428732.4326609088
20710.0 442703.8626809838
20720.0 441366.7973915367
20730.0 446163.43642403034
20740.0 441256.05554069893
20750.0 444812.07473472017
20760.0 435651.7940116931
20770.0 430732.13336876966
20780.0 442164.37998825446
20790.0 442508.672326124
20800.0 435075.1919247259
20810.0 441063.2116053883
20820.0 437817.8287094523
20830.0 424812.9433541108
20840.0 425552.2354221178
20850.0 435351.74756932806
20860.0 436762.67979703733
20870.0 434117.5521005077
20880.0 431756.06448471313
20890.0 431176.71694537887
20900.0 434490.7894850411
20910.0 431290.3821025844
20920.0 404044.98743255384
20930.0 428039.2316498627
20940.0 430957.62857894273
20950.0 430372.22558663116
20960.0 424308.88267035404
20970.0 425663.899833595
20980.0 426227.0170705342
20990.0 424481.35438628925
21000.0 428580.13177709293
21010.0 421058.5292463984
21020.0 418477.80678860337
21030.0 425866.63688534603
21040.0 425301.2458778289
21050.0 424533.42742166313
21060.0 419838.86904209567
21070.0 416215.5700322156
21080.0 419711.2525075709
21090.0 408135.34435385466
21100.0 418674.70627364406
21110.0 417015.34826898674
21120.0 416433.55034139723
21130.0 417252.3960800187
21140.0 413139.0947034649
21150.0 416111.7869952854
21160.0 396032.6993634214
21170.0 411929.9049675333
21180.0 410810.35431789095
21190.0 393658.98690520495
21200.0 407930.04956606333
21210.0 404578.74229950644
21220.0 405849.31510540255
21230.0 394321.11798652407
21240.0 403525.6850916239
21250.0 408592.36396099173
21260.0 398470.06705811346
21270.0 405494.32022736635
21280.0 404294.12346751866
21290.0 405205.66678060766
21300.0 403242.2901643319
21310.0 405610.1536199204
21320.0 401372.8471459024
21330.0 403928.64074314287
21340.0 401882.1544125254
21350.0 384438.9081509445
21360.0 399352.7519617412
21370.0 401212.0558410934
21380.0 400385.47979167325
21390.0 398077.0638132341
21400.0 399039.7479037943
21410.0 398706.93206275196
21420.0 398513.07629283535
21430.0 393029.8705936011
21440.0 393882.5518637858
21450.0 392594.1847266991
21460.0 390761.1339072091
21470.0 394415.1384828785
21480.0 393454.38312720176
21490.0 391162.5078401594
21500.0 392370.3326227492
21510.0 391504.75747192296
21520.0 387682.8423887862
21530.0 387726.6448418127
21540.0 387043.1724279408
21550.0 387650.0375494872
21560.0 387685.2562135685
21570.0 386702.986734982
21580.0 386308.51079967007
21590.0 382216.01492923044
21600.0 383525.0391252711
21610.0 378724.5033862851
21620.0 378548.30771323136
21630.0 375213.2721034565
21640.0 365267.43655965326
21650.0 338336.4210817205
21660.0 336375.5856677898
21670.0 358371.6831864693
21680.0 370162.8331860277
21690.0 370370.6961187803
21700.0 373339.71911776625
21710.0 373301.082180492
21720.0 375530.1453088696
21730.0 375924.26850199956
21740.0 371480.2517598613
21750.0 372200.67508150183
21760.0 366507.93846693105
21770.0 372595.86191696976
21780.0 346236.9999875276
21790.0 370068.17212160735
21800.0 373279.13897483796
21810.0 372116.1356939039
21820.0 353231.7425746586
21830.0 370166.30951885897
21840.0 370218.63652629923
21850.0 369464.50359809
21860.0 368491.8707318224
21870.0 362602.29792837705
21880.0 344764.7651882754
21890.0 364501.16812966455
21900.0 361985.31252739904
21910.0 365481.38260652486
21920.0 365995.2427475237
21930.0 364694.3729489734
21940.0 360258.643212473
21950.0 363236.9735368084
21960.0 363416.3339233198
21970.0 362006.58437120816
21980.0 361864.05487947376
21990.0 359819.8654474389
22000.0 359578.9380856569
22010.0 359096.26057521906
22020.0 358959.21513222065
22030.0 356133.389751331
22040.0 354419.3444301358
22050.0 355992.1191690878
22060.0 322328.13396816957
22070.0 350479.29882648546
22080.0 347473.2437459046
22090.0 355226.1887239032
22100.0 353393.67376208404
22110.0 351079.63091019145
22120.0 353419.40418634226
22130.0 353268.51957218355
22140.0 352650.565017405
22150.0 351831.82052168105
22160.0 344139.51608402113
22170.0 346268.6178518791
22180.0 349601.1573854157
22190.0 350182.06312476797
22200.0 349118.76892090734
22210.0 347965.53477428854
22220.0 348556.57830384903
22230.0 346724.0946087821
22240.0 346325.1794741558
22250.0 346511.68895297835
22260.0 336166.97849120013
22270.0 344277.3080873597
22280.0 340947.61773892323
22290.0 344282.30744875123
22300.0 341111.71721342736
22310.0 342146.84703901067
22320.0 341960.116919906
22330.0 342162.73366989894
22340.0 340372.79010237806
22350.0 340703.57340465044
22360.0 340544.2167624976
22370.0 339544.8001746066
22380.0 330081.3836441683
22390.0 333831.4071693407
22400.0 338464.1707498939
22410.0 337067.63438473275
22420.0 332097.4980773153
22430.0 335921.3218234928
22440.0 334772.84951173427
22450.0 335164.1512974646
22460.0 334822.6170246141
22470.0 324712.9028022036
22480.0 332517.6886309567
22490.0 332310.6945109187
22500.0 332914.740441897
22510.0 329512.6464254295
22520.0 329020.47245776665
22530.0 328631.7985419654
22540.0 314439.85941918904
22550.0 325633.1974611105
22560.0 326778.9389169294
22570.0 327347.7970261504
22580.0 327527.63518838387
22590.0 327939.36340465536
22600.0 327083.371674455
22610.0 322570.12999667483
22620.0 314492.8883721228
22630.0 323001.60680028633
22640.0 323340.0252811882
22650.0 318789.3438153817
22660.0 323342.4055457637
22670.0 322399.1053117763
22680.0 322845.4459966064
22690.0 321515.7211648233
22700.0 321693.6671413633
22710.0 314776.2617819001
22720.0 320372.97381441836
22730.0 320158.6658990409
22740.0 314208.26803608186
22750.0 317613.0602233596
22760.0 317109.09284391545
22770.0 318210.67614338826
22780.0 316537.2903657163
22790.0 314839.91493472387
22800.0 312851.54193604784
22810.0 288004.88772481104
22820.0 310910.9083723405
22830.0 312606.24046456144
22840.0 314212.3522272599
22850.0 312622.98492665595
22860.0 310068.2376759348
22870.0 312249.4604761636
22880.0 312260.7733264113
22890.0 311039.8788357521
22900.0 312041.73543680867
22910.0 307999.4587504743
22920.0 310329.8850875422
22930.0 287558.1514724078
22940.0 294623.777906304
22950.0 300133.22439126536
22960.0 294066.5509244201
22970.0 297475.71750585746
22980.0 300758.76413668605
22990.0 301873.5908159086
23000.0 302604.977544644
23010.0 301110.11321894586
23020.0 301529.3578623859
23030.0 301986.9914523123
23040.0 300871.90509021963
23050.0 300398.4787766199
23060.0 300947.9525105248
23070.0 300272.12629445834
23080.0 300505.0401251222
23090.0 299332.2340051678
23100.0 301473.8479320653
23110.0 298729.4019075828
23120.0 298167.7415465332
23130.0 297782.1452068825
23140.0 292336.6545300827
23150.0 297954.8839024924
23160.0 293373.6533201277
23170.0 295347.3627849227
23180.0 293044.29229708953
23190.0 296134.9618561874
23200.0 295268.53146071505
23210.0 294843.32111231703
23220.0 273554.99081193795
23230.0 273216.9405566494
23240.0 282359.72491758835
23250.0 280799.44434781664
23260.0 284738.7383945761
23270.0 283919.1858380015
23280.0 286885.1866277455
23290.0 287959.4108132847
23300.0 281975.42504581827
23310.0 283914.88932173164
23320.0 287429.4136448372
23330.0 284233.3980120896
23340.0 287124.8124270072
23350.0 279303.11341570603
23360.0 285262.36202186596
23370.0 283799.6172035395
23380.0 275690.1024304909
23390.0 286892.9877015703
23400.0 283035.99301750597
23410.0 282925.038378943
23420.0 283474.4237853076
23430.0 283298.3792354226
23440.0 284758.6547308063
23450.0 281236.2902700419
23460.0 281090.2158546537
23470.0 282954.04589554365
23480.0 278705.44715466944
23490.0 280432.64287213504
23500.0 281292.0986320034
23510.0 278873.98443623487
23520.0 252882.03028445944
23530.0 262808.8361773104
23540.0 268585.26211154764
23550.0 268227.7280908249
23560.0 270451.834113205
23570.0 266355.12017890415
23580.0 270314.99628803803
23590.0 271617.6931352676
23600.0 272675.9786348239
23610.0 271292.7848730138
23620.0 271129.7911534373
23630.0 273051.35747642047
23640.0 271353.6449518334
23650.0 271549.8002531716
23660.0 270647.1567041112
23670.0 270720.6931972097
23680.0 269166.9697334157
23690.0 268598.7863121347
23700.0 271905.2029317193
23710.0 269595.6395945257
23720.0 265938.0363001498
23730.0 263104.17304575007
23740.0 255445.189833703
23750.0 266429.00666379364
23760.0 266624.9435353901
23770.0 268487.0604479243
23780.0 268334.377401705
23790.0 267541.01439783967
23800.0 266122.9314348645
23810.0 268596.8885130439
23820.0 255131.22563199117
23830.0 243459.96570330547
23840.0 245783.61999320931
23850.0 252843.55723491326
23860.0 245318.51451685134
23870.0 256404.73184068818
23880.0 262077.00920499634
23890.0 256809.18660890678
23900.0 257252.76405315654
23910.0 260330.66153858192
23920.0 254211.47906316532
23930.0 260959.21662909034
23940.0 257301.11423410414
23950.0 257067.13810775164
23960.0 258802.76956456888
23970.0 256192.60728978892
23980.0 258127.24505393996
23990.0 260301.5428585927
24000.0 251311.9207019334
24010.0 257493.31606644025
24020.0 255296.88650741315
24030.0 258189.2444698816
24040.0 256057.29247122825
24050.0 253039.3405111324
24060.0 257220.90859034014
24070.0 256619.73535239746
24080.0 252788.60798268934
24090.0 255894.40929485785
24100.0 254127.30064640517
24110.0 254175.47203810248
24120.0 254999.79283501173
24130.0 248809.33240561557
24140.0 232418.56644671405
24150.0 234736.04799320907
24160.0 235464.36957928538
24170.0 246910.24120407618
24180.0 246050.73286745144
24190.0 244126.31890721136
24200.0 248931.44319018137
24210.0 246744.06184924566
24220.0 246749.39054603878
24230.0 244326.00928020556
24240.0 244287.9880510365
24250.0 244537.2968605895
24260.0 244668.95570790683
24270.0 245495.07459212936
24280.0 242692.2735130338
24290.0 246332.6724716556
24300.0 244767.45146733386
24310.0 243632.65119538322
24320.0 246972.4035804702
24330.0 238947.10669675583
24340.0 243451.6898478137
24350.0 238877.38303279743
24360.0 243023.79625412417
24370.0 236403.82074528278
24380.0 243662.17280176253
24390.0 243868.43612772974
24400.0 240460.87948845918
24410.0 241973.48288495294
24420.0 242073.62631487005
24430.0 243925.96216306693
24440.0 236125.06927738033
24450.0 237633.10881182412
24460.0 227357.7683807288
24470.0 227223.82798633186
24480.0 235791.5276273399
24490.0 233802.44730448362
24500.0 229677.00701777523
24510.0 229282.34676589796
24520.0 231955.4865498723
24530.0 234480.06636929465
24540.0 233061.18622354462
24550.0 228722.34868576363
24560.0 226001.32095337077
24570.0 219581.39582864934
24580.0 236986.33073985996
24590.0 232508.9256850902
24600.0 236231.280665661
24610.0 234573.63567977364
24620.0 233227.19072817665
24630.0 234286.3258116859
24640.0 231988.70092945252
24650.0 229878.39608209458
24660.0 233905.27126919312
24670.0 232932.46648908197
24680.0 227924.92797930914
24690.0 224359.96211749734
24700.0 225413.90252503392
24710.0 230039.06296821154
24720.0 229746.58344432758
24730.0 223451.38395491597
24740.0 230980.54510468384
24750.0 227101.42507868345
24760.0 225073.61569032384
24770.0 229842.78633654243
24780.0 218501.09701517507
24790.0 220264.04772753466
24800.0 213703.83508701232
24810.0 222903.98925502232
24820.0 209410.47006755296
24830.0 221864.84091385672
24840.0 225474.70179398305
24850.0 223129.00270518078
24860.0 200784.23365121323
24870.0 218762.15463001493
24880.0 219325.30564181332
24890.0 222837.61668666583
24900.0 222744.57776430392
24910.0 222266.68887358523
24920.0 219718.1749932135
24930.0 224069.2953381388
24940.0 219360.47069056396
24950.0 219323.46607620106
24960.0 220096.1814934517
24970.0 221292.66694321085
24980.0 219500.7024230658
24990.0 220058.98666612752
