#lam[Angstrom] flux[erg/cm2/s/A]
1010.0 608.5892662936499
1020.0 630.1667432120875
1030.0 2174.040603966969
1040.0 856.9724549822331
1050.0 645.299173610415
1060.0 651.1327480903964
1070.0 687.5759883480094
1080.0 2080.8090529291167
1090.0 2119.873788107063
1100.0 679.5749668871837
1110.0 685.0226608396049
1120.0 711.6550943017014
1130.0 692.2227667670443
1140.0 751.7560452381447
1150.0 705.4657897884978
1160.0 718.8796293658578
1170.0 720.2095872889913
1180.0 723.3117854612601
1190.0 727.7143571675851
1200.0 1097.288586296109
1210.0 976.6460607639465
1220.0 6213.8174644426435
1230.0 898.839035111443
1240.0 3664.0604260233345
1250.0 1276.2204422715129
1260.0 1775.9689661893592
1270.0 1824.5956035862373
1280.0 1883.8072834255884
1290.0 2033.1460336501948
1300.0 2189.4805895389045
1310.0 2407.8277572788525
1320.0 2515.058418471513
1330.0 2557.523498423675
1340.0 2854.4330886672055
1350.0 2747.1815373586505
1360.0 2812.701872992185
1370.0 2854.3675951985942
1380.0 2914.920464053402
1390.0 6673.698613208115
1400.0 7421.669971653989
1410.0 5486.721580370082
1420.0 3095.227617723481
1430.0 3039.497086444135
1440.0 3055.1544972133597
1450.0 3075.56683928806
1460.0 3099.8670522355565
1470.0 3123.9318963056403
1480.0 3138.7985841644804
1490.0 4925.955313231108
1500.0 3107.997294574932
1510.0 3103.0979193665235
1520.0 3107.149991470899
1530.0 3257.0111611463876
1540.0 3097.686653353505
1550.0 43793.486590695415
1560.0 3103.57053074952
1570.0 3103.7351065408984
1580.0 3260.8570020925827
1590.0 3112.8164317163028
1600.0 3420.5580415952304
1610.0 3122.416599528521
1620.0 3123.490843205313
1630.0 3111.027909498424
1640.0 27950.86611583136
1650.0 3123.108412672057
1660.0 4034.2159460714142
1670.0 5440.421309097079
1680.0 3270.072506675281
1690.0 3358.892615796962
1700.0 3349.2665003541915
1710.0 3641.6941278884415
1720.0 3846.287901478162
1730.0 3745.261612534829
1740.0 3808.1925616177004
1750.0 5551.79577432418
1760.0 4112.782268332018
1770.0 3957.30747638746
1780.0 4388.229362861179
1790.0 5492.2323389673165
1800.0 5552.795008330202
1810.0 5554.314096745695
1820.0 5893.80890960991
1830.0 4648.8561668667635
1840.0 4429.845177614487
1850.0 4670.739440123002
1860.0 5406.127555243567
1870.0 5620.53378249993
1880.0 7731.74514645176
1890.0 9445.346434907535
1900.0 5916.170281047278
1910.0 22536.580963676108
1920.0 6860.918859109674
1930.0 7382.428112496085
1940.0 6831.088404742686
1950.0 8113.876823579756
1960.0 9012.149408553054
1970.0 9790.366085100777
1980.0 8744.283277209623
1990.0 9239.983991312769
2000.0 10213.96323049087
2010.0 9457.987959528677
2020.0 9766.257944949324
2030.0 10072.520558633278
2040.0 12695.986697195714
2050.0 13155.631739447135
2060.0 13107.948319187055
2070.0 44514.67523986694
2080.0 19003.30214445898
2090.0 19526.54169446939
2100.0 24913.511074347498
2110.0 32195.62763939846
2120.0 49051.706084191246
2130.0 33613.93501701261
2140.0 45775.87496292967
2150.0 35271.868142622996
2160.0 28268.276695509507
2170.0 22837.199682380826
2180.0 40538.3327443389
2190.0 47230.84940351478
2200.0 52927.146302661225
2210.0 31644.19970066224
2220.0 40690.53472482464
2230.0 98937.69612886092
2240.0 174204.5792289561
2250.0 93858.72986368688
2260.0 51357.888768607074
2270.0 46537.873742817435
2280.0 62442.77726566178
2290.0 50455.32149549303
2300.0 51340.23892226374
2310.0 82128.69632853223
2320.0 64899.57890884201
2330.0 67807.9030330341
2340.0 70485.36845761082
2350.0 72497.04368425945
2360.0 59898.7476307276
2370.0 57192.6339082609
2380.0 60930.95947116775
2390.0 62646.30050853812
2400.0 62268.490832123076
2410.0 59352.660874609624
2420.0 113173.79412447878
2430.0 148341.29798950732
2440.0 91250.04859316982
2450.0 112198.21275816357
2460.0 111153.16257575518
2470.0 85427.92213512774
2480.0 72386.64287185181
2490.0 49700.09801432026
2500.0 86985.70864980068
2510.0 73077.62283729564
2520.0 49047.27999304978
2530.0 73950.53313689287
2540.0 80679.81954869983
2550.0 118488.57856525302
2560.0 139408.87522097118
2570.0 183978.11941819327
2580.0 149666.48786324778
2590.0 169554.61180972712
2600.0 154186.46554214248
2610.0 134197.10319853202
2620.0 206775.8376181109
2630.0 166743.49136798258
2640.0 438268.08700764726
2650.0 453922.3522924902
2660.0 413166.36345227546
2670.0 387309.47474151326
2680.0 609593.2091347683
2690.0 662388.515087833
2700.0 584778.3593970374
2710.0 392803.7355626199
2720.0 161054.64193254051
2730.0 233777.8874033593
2740.0 181077.7501901636
2750.0 249732.48350290355
2760.0 397781.93390691106
2770.0 429229.64853781235
2780.0 252601.2302875323
2790.0 265868.8531641507
2800.0 126728.26678875765
2810.0 361101.07356000826
2820.0 669952.4049102771
2830.0 557621.224516956
2840.0 347540.49727545265
2850.0 156416.18256242637
2860.0 293799.35467286274
2870.0 543734.1377555823
2880.0 420724.59140463156
2890.0 888993.5654164405
2900.0 1997272.1247126032
2910.0 1449255.8382640448
2920.0 1548221.2060684941
2930.0 1452862.6152758598
2940.0 755846.3011652477
2950.0 1030089.6716081735
2960.0 1464123.1956528998
2970.0 545977.4826626244
2980.0 1113913.6440808645
2990.0 977469.801985994
3000.0 717630.0783169147
3010.0 936501.1648816031
3020.0 470273.5912371481
3030.0 1308434.773029404
3040.0 929614.2155505226
3050.0 968939.5924754521
3060.0 1237753.7862353076
3070.0 1909353.2172094288
3080.0 1389533.4339949472
3090.0 1564837.6777664523
3100.0 1075793.4759943679
3110.0 2589163.331344896
3120.0 2354247.605185893
3130.0 2125972.7042700686
3140.0 2365216.8901648754
3150.0 2835689.5086413124
3160.0 1562825.9441054983
3170.0 2506217.361638312
3180.0 1721632.863075751
3190.0 2124703.4283153056
3200.0 2007681.2678718227
3210.0 1561292.3771624835
3220.0 1669473.2696823054
3230.0 1011522.4367733378
3240.0 1902566.672106278
3250.0 2084890.9778953397
3260.0 3322436.692915861
3270.0 2974054.2482399032
3280.0 2703103.675710156
3290.0 3145462.3589593447
3300.0 3850108.7930890378
3310.0 2459992.7635897514
3320.0 2546937.6589153404
3330.0 3333704.31152575
3340.0 2527127.4808243867
3350.0 2478575.2852897123
3360.0 2295383.2973205
3370.0 1360714.7987408664
3380.0 2264556.6389861363
3390.0 2107635.7648674273
3400.0 2463367.5924135842
3410.0 1677677.3376282724
3420.0 1715411.0027149257
3430.0 2363140.9369393312
3440.0 1400365.7365416663
3450.0 2076939.3752221041
3460.0 2088140.4300059455
3470.0 2076168.9161749918
3480.0 2372546.6927430495
3490.0 2244854.417856685
3500.0 2860542.961212338
3510.0 2309970.7660445473
3520.0 1653814.3539412809
3530.0 2212020.7445429116
3540.0 3158546.645953107
3550.0 2759610.964266234
3560.0 2472232.781723602
3570.0 1218578.376158248
3580.0 1234223.8717414027
3590.0 1557078.836256294
3600.0 2922025.7826126735
3610.0 1414606.484655349
3620.0 1677088.1523390457
3630.0 2312667.174483249
3640.0 2562899.6926876926
3650.0 2179805.3258549343
3660.0 3724340.298608769
3670.0 3456190.1760112783
3680.0 2597759.95714848
3690.0 2656403.7522649546
3700.0 3572008.3003122066
3710.0 2607879.3156254464
3720.0 1569932.6417705026
3730.0 1822417.3220466247
3740.0 1331035.1064529847
3750.0 1422655.624260112
3760.0 1751557.2356708008
3770.0 3046845.4673111127
3780.0 4197359.130150533
3790.0 2770823.796241018
3800.0 3199225.063996099
3810.0 3032902.668142336
3820.0 1381595.3578229896
3830.0 1108582.8979310747
3840.0 1687214.6033990828
3850.0 3264816.4925652016
3860.0 1724204.0455457163
3870.0 2658271.932345361
3880.0 3052781.914084745
3890.0 2407664.741683056
3900.0 2361073.2729455205
3910.0 3665022.2534264354
3920.0 2890222.0974400654
3930.0 1435592.0311405233
3940.0 2273903.1763016013
3950.0 3868783.0220731557
3960.0 2880682.845099331
3970.0 1744212.008879127
3980.0 4505328.137471886
3990.0 5338654.33284982
4000.0 4938657.407205664
4010.0 5177719.197894862
4020.0 5604842.875292042
4030.0 4175383.467778942
4040.0 5017026.374818203
4050.0 4679421.1186320195
4060.0 4236650.944689044
4070.0 3798420.02303182
4080.0 5019216.143225738
4090.0 6780590.047621221
4100.0 5409483.857977239
4110.0 6097049.715134154
4120.0 6222450.4623665
4130.0 4864382.607290182
4140.0 5301665.230799212
4150.0 5473869.925358595
4160.0 5999936.314143517
4170.0 5632191.100250985
4180.0 5437980.688645894
4190.0 5138664.54634497
4200.0 3916311.642785946
4210.0 6094963.251303853
4220.0 4948199.462175433
4230.0 4076806.2576665925
4240.0 4860159.318040739
4250.0 4138259.6204994423
4260.0 5070824.118573715
4270.0 3662276.282326336
4280.0 4636420.06090412
4290.0 4129804.701738951
4300.0 3311148.8343969407
4310.0 3004445.888997258
4320.0 5581300.889504652
4330.0 5079175.936054286
4340.0 5330911.333650804
4350.0 5462156.193043344
4360.0 6350747.0013984125
4370.0 6118416.225466905
4380.0 4421976.210740229
4390.0 5320063.30047569
4400.0 5171760.02444629
4410.0 5742984.118415638
4420.0 6041482.773478067
4430.0 5949764.80732066
4440.0 5972853.560250729
4450.0 6104109.733645718
4460.0 5195074.983429052
4470.0 6359182.285390335
4480.0 6566131.485957147
4490.0 6843021.054485838
4500.0 7100379.301837284
4510.0 7907434.285139659
4520.0 7174159.668375504
4530.0 5899210.821624184
4540.0 7043279.528711197
4550.0 7038393.045064719
4560.0 7492106.91476059
4570.0 7462354.548030049
4580.0 6834025.96072948
4590.0 6860433.233592847
4600.0 6842849.899300152
4610.0 7132972.495267009
4620.0 7155831.801566628
4630.0 7371389.849802562
4640.0 7447154.493885779
4650.0 6872582.170715937
4660.0 7760895.1060174005
4670.0 7207878.698885113
4680.0 7327802.495838022
4690.0 7377349.206753866
4700.0 7059068.810394396
4710.0 7066350.455928365
4720.0 7625119.045000049
4730.0 7132812.8199100485
4740.0 7184990.364290592
4750.0 7632943.1444193125
4760.0 7293626.401928187
4770.0 7395994.968220605
4780.0 7743977.014471238
4790.0 7116990.553995616
4800.0 7491898.581366245
4810.0 7302839.734645383
4820.0 7407442.496388202
4830.0 7413185.908603167
4840.0 6930344.616072473
4850.0 7452743.347327456
4860.0 5927516.791169564
4870.0 6317344.335437952
4880.0 6821353.718999439
4890.0 6099699.357708706
4900.0 7224744.828369534
4910.0 7003604.309083773
4920.0 5849736.62849032
4930.0 7367537.740945509
4940.0 6596557.302486944
4950.0 7442275.071194283
4960.0 6729611.918039652
4970.0 7144588.263452098
4980.0 6297127.278121037
4990.0 6549276.8951659985
5000.0 6665295.842850449
5010.0 5557928.5042531
5020.0 6310873.460395857
5030.0 7365843.209341613
5040.0 6023286.894486369
5050.0 6429911.909188353
5060.0 7336942.775524394
5070.0 6541602.34740091
5080.0 5835164.8048343165
5090.0 7113711.891703431
5100.0 6793934.500531089
5110.0 6300893.389372133
5120.0 6525189.69918259
5130.0 6029556.854391709
5140.0 5852385.786274025
5150.0 6084829.123346416
5160.0 6304992.1918111
5170.0 3680595.4429419055
5180.0 4791685.04124978
5190.0 5397790.368979024
5200.0 6280798.593062853
5210.0 5876623.953143151
5220.0 6483898.617602146
5230.0 5539684.541346728
5240.0 6976312.751351695
5250.0 6932297.38843916
5260.0 6245127.080703031
5270.0 4430208.995750051
5280.0 6277015.92399336
5290.0 7295080.6670622025
5300.0 6587420.784580759
5310.0 7382501.773173186
5320.0 6711181.735596859
5330.0 5384157.852814385
5340.0 6444871.041633773
5350.0 6894942.151652625
5360.0 7255484.811152565
5370.0 5605644.023840613
5380.0 6836519.705545633
5390.0 6820217.828833711
5400.0 5760178.528369068
5410.0 5748712.646806815
5420.0 6531385.901698214
5430.0 5848144.487234859
5440.0 7034368.992862363
5450.0 6264792.595340013
5460.0 6412223.706180129
5470.0 7193143.331750883
5480.0 6604733.274075851
5490.0 6697968.6178046
5500.0 6803220.192957531
5510.0 6541368.832300029
5520.0 7216926.385069119
5530.0 6574117.8651368655
5540.0 7280268.46444709
5550.0 7042672.222233345
5560.0 6852206.406727818
5570.0 6379909.576099245
5580.0 6822428.435065079
5590.0 5786388.890979757
5600.0 6351137.194678196
5610.0 7167575.219954239
5620.0 6361840.615962966
5630.0 7132884.3016914595
5640.0 6942705.362275843
5650.0 6972166.784343914
5660.0 6544571.357116418
5670.0 7102729.433046629
5680.0 6977973.220324115
5690.0 6992169.364351183
5700.0 6916451.473601159
5710.0 6429182.8361837445
5720.0 7080381.146532318
5730.0 7120260.92456163
5740.0 7145633.616975676
5750.0 6664782.78758999
5760.0 6889349.375767528
5770.0 7129768.25144423
5780.0 6843628.904488524
5790.0 6808313.0236754315
5800.0 7048532.260265138
5810.0 6967307.797611981
5820.0 7035528.710015229
5830.0 7050944.515235535
5840.0 7053420.369378893
5850.0 6884684.11580119
5860.0 6452222.84606542
5870.0 6886078.246660454
5880.0 6912920.750344976
5890.0 6236154.324392562
5900.0 6474852.78282948
5910.0 6836403.4046352375
5920.0 6820360.094072246
5930.0 6592213.526278786
5940.0 6859050.171026311
5950.0 6726258.384462093
5960.0 6868749.204310565
5970.0 6903139.553332783
5980.0 6511235.340377712
5990.0 6732638.433537474
6000.0 6715065.052691237
6010.0 6571763.1925323885
6020.0 6335770.711993444
6030.0 6610029.292711369
6040.0 6835361.755982007
6050.0 6792874.037714726
6060.0 6594346.881178158
6070.0 6659312.050420284
6080.0 6593121.070838569
6090.0 6555765.343100163
6100.0 6339797.405655926
6110.0 6597062.993529516
6120.0 6292264.115570397
6130.0 6474929.828556449
6140.0 5999801.867646286
6150.0 6504391.001365572
6160.0 5764164.100616427
6170.0 6057148.884992868
6180.0 6512708.690168573
6190.0 6239773.895218707
6200.0 6505646.159422542
6210.0 6453390.711078282
6220.0 6294357.395546903
6230.0 6182709.637309719
6240.0 6179076.284093049
6250.0 5945913.451737162
6260.0 6222039.503420426
6270.0 6283141.3221446145
6280.0 6111521.032233474
6290.0 6228460.296050631
6300.0 6077137.859329174
6310.0 6335860.367536697
6320.0 5998794.23349792
6330.0 6393083.704425394
6340.0 6032823.401375397
6350.0 6384071.965921678
6360.0 6091407.47590464
6370.0 6347213.088797029
6380.0 6270077.8884889865
6390.0 6150848.751149332
6400.0 6007826.424585597
6410.0 6021462.3894104585
6420.0 6005741.282054498
6430.0 6179490.082437645
6440.0 5894167.1890930515
6450.0 6152511.04348843
6460.0 5809816.00468812
6470.0 6086209.881333523
6480.0 6100061.094122014
6490.0 5837583.25606893
6500.0 5667652.092651543
6510.0 6193330.946544431
6520.0 6147803.049202754
6530.0 6122046.0057780305
6540.0 6099176.848208511
6550.0 5864870.852656859
6560.0 5116435.950122145
6570.0 5719880.691270137
6580.0 6025345.217189189
6590.0 5847191.9967309665
6600.0 6059632.752171409
6610.0 5992941.758936177
6620.0 6070695.029362442
6630.0 5857886.581568243
6640.0 5954698.2214100305
6650.0 6033256.123761676
6660.0 5923537.883860136
6670.0 5986649.002383594
6680.0 5883578.297708744
6690.0 5989140.20603039
6700.0 5850348.231343168
6710.0 5727440.872822348
6720.0 5785583.728161291
6730.0 5852829.557779116
6740.0 5895195.951270789
6750.0 5794491.388831324
6760.0 5907475.26010686
6770.0 5747084.431265027
6780.0 5846204.006070555
6790.0 5789150.121240856
6800.0 5766606.919533481
6810.0 5721670.124066091
6820.0 5781158.361656211
6830.0 5768864.994473765
6840.0 5601861.311540958
6850.0 5764462.169925383
6860.0 5613592.449665742
6870.0 5747010.142209375
6880.0 5686723.739099742
6890.0 5706591.047352365
6900.0 5734625.62844634
6910.0 5637728.964494844
6920.0 5602979.817645125
6930.0 5614977.103470764
6940.0 5653257.083146862
6950.0 5545277.399291615
6960.0 5632398.79621249
6970.0 5598167.397018277
6980.0 5416973.651895515
6990.0 5588529.87451227
7000.0 5482505.350236523
7010.0 5484436.233370818
7020.0 5338121.50607309
7030.0 5459840.189830179
7040.0 5469470.053221842
7050.0 5513066.143952274
7060.0 5486883.884771622
7070.0 5405205.295241759
7080.0 5443947.209312874
7090.0 5383886.707818156
7100.0 5472467.001878735
7110.0 5345135.604996368
7120.0 5363404.641663394
7130.0 5227766.5196168525
7140.0 5387446.386665456
7150.0 5127026.801942351
7160.0 5222443.057680309
7170.0 5340980.070844331
7180.0 5195803.808110944
7190.0 5008188.78233436
7200.0 5253864.006056849
7210.0 5080376.304786984
7220.0 5220115.923683658
7230.0 5318418.917118507
7240.0 5251153.742128008
7250.0 5231367.672214117
7260.0 5206505.013468033
7270.0 5273128.807020136
7280.0 5127325.761270107
7290.0 4958476.310049381
7300.0 5173012.686559231
7310.0 5082368.25907864
7320.0 5167358.893834792
7330.0 4989061.757862914
7340.0 5185841.078347573
7350.0 5161481.418960081
7360.0 5015246.50728842
7370.0 5157238.435053369
7380.0 5136703.89645489
7390.0 4830037.5232003275
7400.0 5030221.633424434
7410.0 4816107.220171304
7420.0 4788944.9546607295
7430.0 5094843.611408474
7440.0 4991944.962280072
7450.0 4883694.530207086
7460.0 4994607.633948616
7470.0 5040014.724087508
7480.0 5009072.0089688385
7490.0 4910678.935384467
7500.0 4892687.95197664
7510.0 4757045.371493744
7520.0 4968485.390696575
7530.0 4930174.502360374
7540.0 4997098.06374483
7550.0 4949194.541837062
7560.0 4865460.996292823
7570.0 4865901.0246718535
7580.0 4879040.623630026
7590.0 4833169.981966792
7600.0 4873437.922226402
7610.0 4889453.9693373665
7620.0 4681269.056616624
7630.0 4917261.283420837
7640.0 4903256.068539451
7650.0 4851138.886233134
7660.0 4425175.946751172
7670.0 4820481.215325706
7680.0 4816287.268740484
7690.0 4729194.63834893
7700.0 4793199.089641956
7710.0 4694400.178004554
7720.0 4720639.782726883
7730.0 4750563.509502028
7740.0 4755330.297323856
7750.0 4553580.397735089
7760.0 4765395.504232279
7770.0 4750944.326685301
7780.0 4628145.2418087
7790.0 4703644.826743047
7800.0 4658816.336721818
7810.0 4645825.568203603
7820.0 4711532.175160274
7830.0 4520010.258871695
7840.0 4599710.354024423
7850.0 4630381.513769488
7860.0 4654125.569997316
7870.0 4654646.464402982
7880.0 4609027.0343793295
7890.0 4619898.568694365
7900.0 4576934.115751897
7910.0 4519929.893925991
7920.0 4492318.970694266
7930.0 4434996.448099188
7940.0 4272428.883712722
7950.0 4368141.637213944
7960.0 4519753.992283694
7970.0 4516277.175640083
7980.0 4526805.351674049
7990.0 4512338.658514603
8000.0 4331244.795446219
8010.0 4495964.4857142465
8020.0 4490867.147368417
8030.0 4387102.833410983
8040.0 4451307.486572661
8050.0 4275528.335300518
8060.0 4453171.9756371435
8070.0 4388523.098827154
8080.0 4345178.221086483
8090.0 4271772.645947789
8100.0 4305270.664337545
8110.0 4372986.024009632
8120.0 4380563.407579814
8130.0 4372056.252303834
8140.0 4351162.368545601
8150.0 4334173.665786399
8160.0 4322146.758839309
8170.0 4325043.193290151
8180.0 4235087.9294674955
8190.0 4223521.223347985
8200.0 4174786.0373463174
8210.0 4083247.845081923
8220.0 4085191.0478481078
8230.0 4160410.107648807
8240.0 4234545.049642143
8250.0 4209377.140693771
8260.0 4253415.436937082
8270.0 4236936.378803927
8280.0 4238425.521228313
8290.0 4173052.912187116
8300.0 4195085.408141319
8310.0 4092914.0815841774
8320.0 4160165.7078742203
8330.0 3876240.090975757
8340.0 4102449.174365136
8350.0 4061876.812730152
8360.0 4129038.5891697984
8370.0 4110157.189447995
8380.0 4090856.8341838615
8390.0 3889801.3744875668
8400.0 4068964.513554803
8410.0 4103505.8468645387
8420.0 4042400.5988266272
8430.0 4034316.7477224637
8440.0 3973854.7460003127
8450.0 4078150.567550794
8460.0 4072759.538229693
8470.0 3906068.143211683
8480.0 4042096.3727683737
8490.0 4048953.543149512
8500.0 3710814.1294510807
8510.0 3903181.2301421138
8520.0 3957694.873011261
8530.0 3924446.9276504265
8540.0 3255130.836936586
8550.0 3892249.8508242783
8560.0 3931502.32732024
8570.0 3969146.391700375
8580.0 3921216.5920693674
8590.0 3955124.1526647103
8600.0 3885719.5584509415
8610.0 3839335.0259533376
8620.0 3876041.7664726707
8630.0 3914193.7652359433
8640.0 3864553.4407414626
8650.0 3851784.7837939933
8660.0 3256168.1218171185
8670.0 3702136.7618874963
8680.0 3794384.9165834943
8690.0 3509547.858013701
8700.0 3774330.1695785644
8710.0 3768650.1326050754
8720.0 3813732.990617269
8730.0 3823182.0254061082
8740.0 3654002.2219853275
8750.0 3753676.910523861
8760.0 3684603.332250567
8770.0 3732420.4276421294
8780.0 3804567.7315552277
8790.0 3671457.2987867044
8800.0 3722468.4933210607
8810.0 3391016.1634388366
8820.0 3582825.2135803113
8830.0 3763502.46019968
8840.0 3662718.630212604
8850.0 3745841.5333804023
8860.0 3697355.0607778137
8870.0 3630278.2455189833
8880.0 3707370.336495893
8890.0 3719502.9831443448
8900.0 3732571.4447240457
8910.0 3704737.093235729
8920.0 3644542.6700375057
8930.0 3635576.7062956514
8940.0 3699364.9856027584
8950.0 3618668.776925938
8960.0 3673429.528663781
8970.0 3642607.213237461
8980.0 3611288.894315964
8990.0 3635254.8494691513
9000.0 3454145.251672763
9010.0 3440461.9095686483
9020.0 3495630.7735047503
9030.0 3625671.9851575727
9040.0 3623862.5462336605
9050.0 3608479.697576613
9060.0 3540711.1542739123
9070.0 3591869.617550964
9080.0 3531575.607362595
9090.0 3390125.6959637953
9100.0 3497343.1255325773
9110.0 3494931.2697816445
9120.0 3511451.658332987
9130.0 3561466.9040760533
9140.0 3521646.303185002
9150.0 3487776.2257396625
9160.0 3492345.9866492534
9170.0 3448291.8144696034
9180.0 3468706.466823183
9190.0 3461611.055983595
9200.0 3438752.9120741184
9210.0 3329035.45022504
9220.0 3368857.695041761
9230.0 3313103.301608478
9240.0 3356031.9861355196
9250.0 3348964.119667438
9260.0 3159527.3871153533
9270.0 3407307.8326342884
9280.0 3396138.817551708
9290.0 3326582.9059959683
9300.0 3381274.062975583
9310.0 3382487.0170666976
9320.0 3353474.4463968514
9330.0 3362764.2440458727
9340.0 3377169.2387190564
9350.0 3332089.7995844753
9360.0 3296001.5559836687
9370.0 3335877.310359665
9380.0 3323698.3182744407
9390.0 3312664.7152320663
9400.0 3262950.596441119
9410.0 3048416.78409864
9420.0 3179257.941998383
9430.0 3226988.9304193007
9440.0 3183519.096721157
9450.0 3233612.8921668814
9460.0 3256929.4474210255
9470.0 3282199.8802470327
9480.0 3262926.9516737
9490.0 3238902.324614158
9500.0 3252833.1746603427
9510.0 3226114.14669655
9520.0 3245548.70317538
9530.0 3207543.5616431707
9540.0 3163209.2171217916
9550.0 3102485.8013290586
9560.0 3177730.6627527326
9570.0 3153531.1719777165
9580.0 3199434.2212838274
9590.0 3201781.1777228196
9600.0 3142672.225762464
9610.0 3170913.8878941326
9620.0 3156246.3756792536
9630.0 3117419.799972515
9640.0 3116207.809179277
9650.0 3107534.935090636
9660.0 3090381.194267635
9670.0 3143510.7083347356
9680.0 3110853.166685348
9690.0 3101636.0623809006
9700.0 3136212.5679190666
9710.0 3111586.40478577
9720.0 3118386.5767077594
9730.0 3078624.2680457523
9740.0 3021731.831011948
9750.0 3059896.034442793
9760.0 3064969.5785856266
9770.0 3076957.9262273517
9780.0 3060777.3868883452
9790.0 3050509.4589399565
9800.0 3056724.37509314
9810.0 3069420.69360707
9820.0 3052973.3958842554
9830.0 3042289.2561048623
9840.0 3046678.3364710896
9850.0 3036351.2812629375
9860.0 3026005.930746398
9870.0 3039259.063821108
9880.0 3026973.738025436
9890.0 2972125.3132015783
9900.0 2982241.4161975947
9910.0 2990577.552560175
9920.0 3010713.3983275257
9930.0 2992219.3906614194
9940.0 2953725.354811152
9950.0 2979594.1337030367
9960.0 2985819.7020548466
9970.0 2957539.499488292
9980.0 2974139.4715989637
9990.0 2949348.1220632507
10010.0 2934854.4205658366
10020.0 2960396.7109773667
10030.0 2928935.560805615
10040.0 2910033.608943622
10050.0 2763472.3165949257
10060.0 2872015.1865223837
10070.0 2890816.5189454365
10080.0 2904461.9466015417
10090.0 2902136.0162536376
10100.0 2872860.2812487436
10110.0 2893770.0084300195
10120.0 2879784.1479442352
10130.0 2896300.8103601863
10140.0 2882911.96469584
10150.0 2803481.541996405
10160.0 2817103.4315369055
10170.0 2854145.7332957983
10180.0 2813739.297124808
10190.0 2809121.8229570948
10200.0 2824451.661381742
10210.0 2813340.4614516385
10220.0 2749921.723720729
10230.0 2828191.7478847853
10240.0 2818989.235235897
10250.0 2827126.632353793
10260.0 2822197.0425677514
10270.0 2804226.364683052
10280.0 2803270.8987537464
10290.0 2760176.9424504936
10300.0 2783952.0850403444
10310.0 2784526.737019035
10320.0 2787796.100384142
10330.0 2729015.37506583
10340.0 2670607.7404154274
10350.0 2748675.2456292473
10360.0 2759468.441540817
10370.0 2656376.249234793
10380.0 2740453.718459387
10390.0 2750476.3270806996
10400.0 2696535.4818026815
10410.0 2726893.625775352
10420.0 2711368.731113646
10430.0 2711442.598055904
10440.0 2723029.640644737
10450.0 2708193.857642093
10460.0 2643377.100296274
10470.0 2644203.854457669
10480.0 2684546.720045773
10490.0 2688746.1469188742
10500.0 2673442.0781100104
10510.0 2672964.282387464
10520.0 2669698.240593769
10530.0 2638241.2099730307
10540.0 2671046.640297851
10550.0 2662485.1165186097
10560.0 2661486.582544505
10570.0 2627611.694222554
10580.0 2554264.817120036
10590.0 2495009.200954775
10600.0 2537476.209728795
10610.0 2620110.865768379
10620.0 2609932.849619894
10630.0 2533895.983772546
10640.0 2621289.253444023
10650.0 2612712.468388276
10660.0 2501071.8961692443
10670.0 2589730.111432801
10680.0 2548882.6799716954
10690.0 2376256.2726808414
10700.0 2536465.5579220196
10710.0 2532628.2381541254
10720.0 2537472.7882768796
10730.0 2434614.1237425613
10740.0 2558466.199607954
10750.0 2413742.37364324
10760.0 2556959.3066078173
10770.0 2537712.7100636866
10780.0 2502821.9334035562
10790.0 2426427.891837989
10800.0 2506656.975095371
10810.0 2295314.6801229487
10820.0 2487390.3349578194
10830.0 2319132.7190205776
10840.0 2439769.5651160493
10850.0 2499779.943530538
10860.0 2472349.1953880885
10870.0 2249561.8133238945
10880.0 2437013.107036075
10890.0 2421639.7084808233
10900.0 2471211.922621613
10910.0 2455269.6701570833
10920.0 2460828.2640219573
10930.0 2387383.981286699
10940.0 2297448.4371255543
10950.0 2378974.2608470754
10960.0 2313326.956891482
10970.0 2337617.6527807885
10980.0 2265897.668972033
10990.0 2402920.9461387857
11000.0 2401567.9015602167
11010.0 2362505.7208896675
11020.0 2256308.0671316967
11030.0 2372654.387874394
11040.0 2384040.796395732
11050.0 2369443.2862649653
11060.0 2359441.2749942965
11070.0 2381908.2871643836
11080.0 2380322.0539215994
11090.0 2370197.8806096753
11100.0 2361030.8759434493
11110.0 2355935.7446955647
11120.0 2323723.307992842
11130.0 2304029.1064642644
11140.0 2363881.8749732263
11150.0 2347786.3008920886
11160.0 2337201.7737340736
11170.0 2342071.2535719033
11180.0 2319794.069622068
11190.0 2256720.495211765
11200.0 2266622.8203882775
11210.0 2314526.3973800954
11220.0 2334375.7554940647
11230.0 2316394.2652384625
11240.0 2303349.529182093
11250.0 2121024.432836791
11260.0 2258448.9711513263
11270.0 2317606.8430304728
11280.0 2284708.6991187544
11290.0 2219840.187271117
11300.0 2256095.153511283
11310.0 2253110.240764197
11320.0 2292970.9530760595
11330.0 2242702.0178609416
11340.0 2272215.898795255
11350.0 2253122.8235636093
11360.0 2269570.611079538
11370.0 2221160.4492090014
11380.0 2239424.856718442
11390.0 2210921.252032833
11400.0 2191832.174699023
11410.0 2220741.8717169226
11420.0 2199088.0167916664
11430.0 2227931.786546463
11440.0 2159550.5256162696
11450.0 2227295.528959736
11460.0 2222621.5624063066
11470.0 2219268.176643997
11480.0 2197061.4098946047
11490.0 2214544.5163615583
11500.0 2209861.949272758
11510.0 2221517.142544696
11520.0 2192139.629150633
11530.0 2202453.6117622782
11540.0 2202429.567336179
11550.0 2198702.1317739803
11560.0 2196314.791390239
11570.0 2195511.5882505085
11580.0 2188066.306627511
11590.0 2086952.8177192756
11600.0 2175954.630633117
11610.0 2000022.1491034513
11620.0 2173935.5144676147
11630.0 2159705.687725502
11640.0 2074808.5246925096
11650.0 2159657.835086966
11660.0 2140817.505807852
11670.0 2131935.6240608026
11680.0 2145949.826009258
11690.0 2060074.4412778253
11700.0 2135052.0004008613
11710.0 2134647.0683878474
11720.0 2132996.1008896697
11730.0 2134184.4332331577
11740.0 2121134.8629941824
11750.0 2062586.565178113
11760.0 2111847.6466662316
11770.0 2084294.3359600229
11780.0 2016537.9459996212
11790.0 2105569.3648747737
11800.0 2099620.498291027
11810.0 2060085.6230186962
11820.0 2061352.7927257183
11830.0 1834702.9889882924
11840.0 2054482.1906564513
11850.0 2077293.7197606354
11860.0 2076561.2896736828
11870.0 2071124.2920747926
11880.0 1870010.708401646
11890.0 2035099.4483945193
11900.0 2056208.918929854
11910.0 2064132.8377395628
11920.0 2063761.975886528
11930.0 2065386.7104998007
11940.0 2053428.4612501555
11950.0 2031376.6561549809
11960.0 2024748.4787831872
11970.0 1880023.347286417
11980.0 1898483.650991987
11990.0 1850524.9399846913
12000.0 2019729.3184923483
12010.0 2009863.5200257995
12020.0 2017691.013974928
12030.0 1791377.1966510646
12040.0 1966500.972083778
12050.0 2005444.4414401946
12060.0 2002993.0831154452
12070.0 1987330.5935491286
12080.0 1718685.945563703
12090.0 1918531.7193479375
12100.0 1895917.4954398691
12110.0 1971099.22522643
12120.0 1980138.3528936729
12130.0 1982620.926646309
12140.0 1989192.0362044715
12150.0 1977582.7629069155
12160.0 1984827.870765339
12170.0 1971418.1585585137
12180.0 1970556.8534271526
12190.0 1953670.997080597
12200.0 1934543.321231582
12210.0 1938981.928027595
12220.0 1954351.9773734512
12230.0 1939760.3573410478
12240.0 1946892.6870950863
12250.0 1940209.4391758908
12260.0 1939758.102337214
12270.0 1856364.0653405644
12280.0 1933934.194413235
12290.0 1939150.2780353741
12300.0 1929883.5664389734
12310.0 1925150.691691175
12320.0 1918902.7520240238
12330.0 1911304.65352761
12340.0 1875676.9877850641
12350.0 1902345.716433715
12360.0 1842071.4625280823
12370.0 1893764.9407084233
12380.0 1909799.1988772643
12390.0 1892059.7640014258
12400.0 1860051.4301062804
12410.0 1882545.0717381046
12420.0 1851366.078229505
12430.0 1841259.772951456
12440.0 1887607.389713225
12450.0 1885482.0132583699
12460.0 1877865.2704230538
12470.0 1860979.875930844
12480.0 1874215.4203551842
12490.0 1870306.4712616096
12500.0 1862308.1315025352
12510.0 1814477.1135800278
12520.0 1771762.9851288644
12530.0 1822621.8343504933
12540.0 1851300.9691530932
12550.0 1849942.3100221953
12560.0 1821220.7517553382
12570.0 1835499.1888314697
12580.0 1816570.611667599
12590.0 1836594.3400174116
12600.0 1835196.534987507
12610.0 1808878.9875427806
12620.0 1822893.1885675571
12630.0 1826464.9003814103
12640.0 1766467.7801504768
12650.0 1796319.082389103
12660.0 1815131.345667831
12670.0 1811286.8951906757
12680.0 1791183.0920383139
12690.0 1808269.8844359529
12700.0 1802365.2476516005
12710.0 1786390.4135917407
12720.0 1805499.9356410087
12730.0 1798216.8334329752
12740.0 1780776.3265578323
12750.0 1795989.4500127467
12760.0 1792921.596491948
12770.0 1787279.9127888628
12780.0 1782822.7558919648
12790.0 1769955.4579785538
12800.0 1756677.933735011
12810.0 1694231.5404688886
12820.0 1554477.556285642
12830.0 1719713.978557754
12840.0 1747933.362530146
12850.0 1757858.2071045337
12860.0 1762379.9309013998
12870.0 1754400.5214906891
12880.0 1739805.9691079482
12890.0 1755588.988195792
12900.0 1687790.4306387275
12910.0 1732487.0220564737
12920.0 1732945.0254297466
12930.0 1729924.726003932
12940.0 1731948.6502872612
12950.0 1730026.8820931928
12960.0 1720107.5263619358
12970.0 1706522.7347331902
12980.0 1700114.6301537969
12990.0 1719785.557343013
13000.0 1716507.183608581
13010.0 1717368.3024760191
13020.0 1716682.9045415865
13030.0 1685852.7257953542
13040.0 1695260.871665308
13050.0 1702459.164991265
13060.0 1681554.3839974978
13070.0 1698774.0146742917
13080.0 1701884.9075757281
13090.0 1692945.8818127117
13100.0 1672515.4588647014
13110.0 1691711.4706052595
13120.0 1534245.208811929
13130.0 1653240.2829024754
13140.0 1670468.3773614464
13150.0 1532187.516591057
13160.0 1670249.0051446778
13170.0 1677995.5495020805
13180.0 1619246.2294060912
13190.0 1670080.6909733713
13200.0 1658119.2480243472
13210.0 1647531.0551937064
13220.0 1662446.2938175974
13230.0 1665182.5883467218
13240.0 1664545.4623984885
13250.0 1651409.1086519226
13260.0 1645133.0943391984
13270.0 1643868.3138483358
13280.0 1635636.7345868337
13290.0 1572051.1494262032
13300.0 1634858.4308919723
13310.0 1637313.9366338279
13320.0 1561204.2257063354
13330.0 1627873.3012747567
13340.0 1632153.3906390606
13350.0 1606050.4203155255
13360.0 1630685.4052347147
13370.0 1623100.41892174
13380.0 1617104.1970274872
13390.0 1565282.8219950225
13400.0 1607810.5147773856
13410.0 1616308.7929825569
13420.0 1603190.1751400477
13430.0 1606918.2035324709
13440.0 1612234.3972187594
13450.0 1599813.9322973678
13460.0 1595963.1922832914
13470.0 1602350.0712508196
13480.0 1597603.4328944911
13490.0 1588446.2034921981
13500.0 1568974.5026210446
13510.0 1597078.1333613163
13520.0 1587319.0177578158
13530.0 1589564.343469979
13540.0 1588450.6564923106
13550.0 1550011.9809234773
13560.0 1551513.7381177722
13570.0 1548801.3762676953
13580.0 1577390.153088455
13590.0 1561541.2598224143
13600.0 1548471.4006291847
13610.0 1572178.7496250463
13620.0 1566479.7680907329
13630.0 1529399.1793804087
13640.0 1537716.7043457252
13650.0 1557336.7719539215
13660.0 1557077.0828498974
13670.0 1539038.3529837732
13680.0 1523851.7018324158
13690.0 1540179.4534126462
13700.0 1532551.9406477096
13710.0 1536128.2530480793
13720.0 1520913.8389408581
13730.0 1503399.6066407447
13740.0 1525959.5492472677
13750.0 1531593.8535171032
13760.0 1493487.5073381367
13770.0 1528114.65223147
13780.0 1525086.9205145163
13790.0 1526771.5638402028
13800.0 1523540.1898684762
13810.0 1519765.5022241285
13820.0 1499370.821197634
13830.0 1510214.8990636505
13840.0 1518244.345783616
13850.0 1487186.0320631755
13860.0 1482416.737776326
13870.0 1502457.9078259198
13880.0 1506676.1836895056
13890.0 1501461.45916921
13900.0 1459032.353617957
13910.0 1500228.0916783034
13920.0 1496133.6584250175
13930.0 1496695.3397951273
13940.0 1486003.142966146
13950.0 1472890.2002509437
13960.0 1486377.311643478
13970.0 1486517.9332915382
13980.0 1479288.330144713
13990.0 1467254.6775001753
14000.0 1421221.385592634
14010.0 1431381.3403463708
14020.0 1475861.834783069
14030.0 1448582.0192009786
14040.0 1465845.0813178304
14050.0 1473023.1471149034
14060.0 1457442.5970266194
14070.0 1451015.83904048
14080.0 1434526.706409003
14090.0 1455631.5318907755
14100.0 1448472.4411493298
14110.0 1416871.0592655523
14120.0 1402692.2571379784
14130.0 1382847.949642005
14140.0 1440751.4123374484
14150.0 1439366.924056512
14160.0 1414621.626835251
14170.0 1437167.3960613732
14180.0 1416328.672012144
14190.0 1427012.1249136594
14200.0 1406497.4402477806
14210.0 1399880.8553004228
14220.0 1392549.8783836316
14230.0 1412059.808436117
14240.0 1328835.3368725053
14250.0 1377844.6816291227
14260.0 1364564.7248440434
14270.0 1356628.21566007
14280.0 1385703.480150726
14290.0 1285940.5947350275
14300.0 1397163.752884036
14310.0 1369383.1018083491
14320.0 1395956.906932613
14330.0 1406765.4667927644
14340.0 1397405.3356278872
14350.0 1390894.3352744926
14360.0 1395846.9676298613
14370.0 1393840.6431152627
14380.0 1393925.3222350297
14390.0 1386487.5444718052
14400.0 1242952.6241527793
14410.0 1383487.2585515615
14420.0 1349711.2917873114
14430.0 1364847.6251601013
14440.0 1324902.5840524442
14450.0 1384110.3269272062
14460.0 1353851.2245040108
14470.0 1374170.9162542473
14480.0 1329463.0121259526
14490.0 1355385.4770661313
14500.0 1313542.017746886
14510.0 1279162.280226182
14520.0 1343312.9094670708
14530.0 1351127.9996948352
14540.0 1304834.8457548998
14550.0 1304768.7027188607
14560.0 1315588.9310919535
14570.0 1306659.547569846
14580.0 1354503.0339682382
14590.0 1325895.2295861056
14600.0 1321216.2253545425
14610.0 1345994.3835811985
14620.0 1322799.6047231907
14630.0 1331366.5382200964
14640.0 1326378.7166611701
14650.0 1217354.5823981748
14660.0 1332408.1650837045
14670.0 1334941.2691859424
14680.0 1325206.7482724085
14690.0 1311088.2054398279
14700.0 1268643.5874402828
14710.0 1305707.8463507737
14720.0 1261506.339916055
14730.0 1326132.6567703795
14740.0 1313548.2411887816
14750.0 1236122.3274070898
14760.0 1313175.0759179902
14770.0 1298739.6855195395
14780.0 1290465.8904189686
14790.0 1314978.3994182262
14800.0 1307859.063208578
14810.0 1286354.3248728865
14820.0 1297753.7602613282
14830.0 1223948.1508598137
14840.0 1287737.2119402871
14850.0 1288423.2646382793
14860.0 1265585.183667283
14870.0 1178050.8067027323
14880.0 969559.2884385347
14890.0 1263640.6338878218
14900.0 1256435.3611178661
14910.0 1259834.144250091
14920.0 1288429.004350578
14930.0 1286233.9263050694
14940.0 1278830.333093721
14950.0 1276258.574022851
14960.0 1225081.3396350075
14970.0 1256224.8349290667
14980.0 1247612.6303370201
14990.0 1248829.166882582
15000.0 1265684.5284441973
15010.0 1229779.8491602626
15020.0 1066415.389536739
15030.0 1076001.0429778674
15040.0 998896.0071666936
15050.0 1044144.3371493544
15060.0 1243049.6615336868
15070.0 1261271.3817571222
15080.0 1224044.743312636
15090.0 1247876.5339385322
15100.0 1229192.5374248389
15110.0 1258519.0501811309
15120.0 1209505.706091926
15130.0 1251736.6756502632
15140.0 1216996.717913536
15150.0 1254100.0350646323
15160.0 1209112.790376016
15170.0 1245983.7905519514
15180.0 1229092.0078362077
15190.0 1241702.059680165
15200.0 1219758.4343025063
15210.0 1181188.3780331968
15220.0 1163596.5291120831
15230.0 1221277.3861084695
15240.0 1204537.2471613258
15250.0 1224711.3513289487
15260.0 1212198.5000876137
15270.0 1234409.0690781313
15280.0 1225274.6840983273
15290.0 1124949.601268933
15300.0 1184089.675395919
15310.0 1221055.3237265148
15320.0 1208160.7498109916
15330.0 1209489.8672410953
15340.0 1167973.8919295238
15350.0 1212158.9719311344
15360.0 1212973.4008234348
15370.0 1214848.771912526
15380.0 1158762.9872190424
15390.0 1171132.6845525096
15400.0 1160663.4055071454
15410.0 1208354.566038327
15420.0 1185397.3392998117
15430.0 1203662.371416354
15440.0 1206963.6422538832
15450.0 1201804.072309415
15460.0 1198871.2514360617
15470.0 1190342.2035374076
15480.0 1179570.6574577256
15490.0 1179777.206155273
15500.0 1166439.5446009247
15510.0 1183141.7125251081
15520.0 1182271.2661388135
15530.0 1147343.162320357
15540.0 1150600.059966479
15550.0 1177562.165679735
15560.0 1138315.3723929126
15570.0 1167797.8594132336
15580.0 1176421.6732025002
15590.0 1107618.182960343
15600.0 1168021.7481383062
15610.0 1169937.4587789108
15620.0 1092027.8699360725
15630.0 1111963.8494660826
15640.0 1154838.579990453
15650.0 1142025.4726271515
15660.0 1109313.5368099748
15670.0 1127258.58324938
15680.0 1134783.6303613228
15690.0 1097609.4303705872
15700.0 1147684.2025350593
15710.0 1150830.0948998306
15720.0 1100120.1712589501
15730.0 1135675.848047931
15740.0 1011856.7868675495
15750.0 974864.26102269
15760.0 1053796.8117908977
15770.0 894416.4421205913
15780.0 1130284.0335497567
15790.0 1119652.658662539
15800.0 1124667.9964150458
15810.0 1130432.7928492373
15820.0 1009110.2731764795
15830.0 1098723.3900332628
15840.0 1106208.7605644935
15850.0 1116445.3339561098
15860.0 1103114.4564144197
15870.0 1069044.8745204879
15880.0 1042645.7861677973
15890.0 934664.9233620449
15900.0 1055785.2538197422
15910.0 1033832.2390477717
15920.0 1101101.611964337
15930.0 1096758.9259302535
15940.0 1093970.5911467634
15950.0 1080546.6727920761
15960.0 985385.3606939536
15970.0 1091787.800394506
15980.0 1070490.3957816106
15990.0 1104494.992183336
16000.0 1094367.8739376275
16010.0 1042153.2632938131
16020.0 1091296.285425304
16030.0 1099445.0051950994
16040.0 1039425.1075796632
16050.0 1087011.9146332415
16060.0 1034896.7412476678
16070.0 1067588.7155600782
16080.0 1084425.671024642
16090.0 1028050.5890743629
16100.0 997420.0697684818
16110.0 1071851.2183257672
16120.0 1062191.339007486
16130.0 1054662.0198709825
16140.0 1049762.3785997587
16150.0 1014372.6216777388
16160.0 982841.5286150749
16170.0 1052443.4860130849
16180.0 1047995.2056611753
16190.0 1044862.4477550603
16200.0 966166.6623358127
16210.0 1037705.5504083064
16220.0 1049318.677339687
16230.0 1035747.6530551079
16240.0 1025196.7178590152
16250.0 1057234.8783342356
16260.0 1058006.3034911524
16270.0 1057520.723672739
16280.0 1055392.9779733585
16290.0 1039159.0794444496
16300.0 1045164.2369520048
16310.0 1035111.7875625158
16320.0 998139.3216135814
16330.0 1024423.3083282768
16340.0 1042877.5186703264
16350.0 1035187.8469664557
16360.0 1002022.252804238
16370.0 1008969.3642813036
16380.0 925995.7251723657
16390.0 985658.3108144397
16400.0 969090.6627646233
16410.0 990527.4393173667
16420.0 1010655.2152395374
16430.0 1011336.3450382443
16440.0 957775.3844671327
16450.0 994228.1526305906
16460.0 1018172.6706313177
16470.0 997018.0812438056
16480.0 1005822.3812513012
16490.0 939741.1677774116
16500.0 1012282.1355368486
16510.0 1001603.9334631792
16520.0 987249.4524871301
16530.0 1002758.6031533642
16540.0 974628.1659731597
16550.0 985198.296753946
16560.0 964593.1355391038
16570.0 993063.9030232469
16580.0 989264.8476615596
16590.0 978310.107110463
16600.0 993613.6888414957
16610.0 983348.9328804913
16620.0 977150.0146406423
16630.0 963725.9640946777
16640.0 970931.7413503254
16650.0 934931.1436359889
16660.0 971783.4099476675
16670.0 947725.6333477197
16680.0 934205.6972770541
16690.0 971493.6338227446
16700.0 972656.8723887815
16710.0 956326.283344004
16720.0 887158.9053322483
16730.0 959733.1788375466
16740.0 955756.1776001801
16750.0 856462.6323924524
16760.0 920723.5781083662
16770.0 950930.0364157388
16780.0 940774.2362137133
16790.0 930963.3909361894
16800.0 922958.2647794847
16810.0 916680.9296104542
16820.0 887329.4299599868
16830.0 922129.7681024737
16840.0 932615.254607264
16850.0 937303.3332059657
16860.0 915422.2280605737
16870.0 922275.9911466994
16880.0 928520.9937841118
16890.0 903329.9107122407
16900.0 899863.1358957689
16910.0 926163.8383220134
16920.0 930078.0827814876
16930.0 922543.4594658628
16940.0 928324.5677134584
16950.0 922996.3185440307
16960.0 918295.3842060133
16970.0 901481.1421688114
16980.0 911109.1216250582
16990.0 900513.81881647
17000.0 876352.9231950261
17010.0 863881.239398614
17020.0 900277.3323201177
17030.0 901856.4777874548
17040.0 907031.150134024
17050.0 901732.4178466118
17060.0 893632.8134486766
17070.0 888291.585208848
17080.0 896394.6661594469
17090.0 884972.9223641139
17100.0 868527.8631068764
17110.0 720939.2460034454
17120.0 875802.2423236672
17130.0 884214.5037480927
17140.0 887021.1504973368
17150.0 885130.6211671056
17160.0 864048.0035559314
17170.0 882643.2879474667
17180.0 879285.7975577974
17190.0 876856.3098314931
17200.0 864699.8329132871
17210.0 868972.447674597
17220.0 853489.4687264842
17230.0 804713.3995485359
17240.0 866118.2837061117
17250.0 861354.8987487287
17260.0 864484.5757074234
17270.0 852082.5145886075
17280.0 847007.9553477558
17290.0 855177.4179531247
17300.0 835426.4857005683
17310.0 849038.5226639163
17320.0 830176.0196016431
17330.0 749902.7778198723
17340.0 804860.0667227096
17350.0 820936.9575183541
17360.0 803232.4056202681
17370.0 812170.9447329825
17380.0 821770.1029295924
17390.0 819910.4777044185
17400.0 824531.6157773373
17410.0 794277.3883239569
17420.0 824440.8101231863
17430.0 827016.5440581072
17440.0 833510.5038898122
17450.0 817022.2163832908
17460.0 812990.974102581
17470.0 763065.9182068318
17480.0 826139.16150007
17490.0 826390.9793294723
17500.0 813203.0891492717
17510.0 809064.5707073555
17520.0 819848.154103197
17530.0 819538.299275318
17540.0 816024.6817794808
17550.0 808136.7424225514
17560.0 809156.0604871621
17570.0 814901.5898961055
17580.0 806667.2561629907
17590.0 810366.7341956508
17600.0 801268.2384415515
17610.0 792524.5655519031
17620.0 749756.0388543096
17630.0 802689.8538823276
17640.0 772309.3907014292
17650.0 800711.7170992803
17660.0 782520.8880236053
17670.0 789208.0967891933
17680.0 758006.1288048419
17690.0 790884.08868744
17700.0 783130.6656648593
17710.0 774824.0754729648
17720.0 743478.4590342944
17730.0 780967.0661535388
17740.0 778701.2841715495
17750.0 774886.2534012945
17760.0 767147.9774041101
17770.0 751582.875274433
17780.0 774387.3555884238
17790.0 773263.7177941332
17800.0 774378.2663195357
17810.0 770756.8067242305
17820.0 766479.8290964536
17830.0 769259.6426654011
17840.0 757279.7559779283
17850.0 754484.3775184492
17860.0 756703.7614294289
17870.0 760776.6097531933
17880.0 765729.9867981492
17890.0 764374.0071669954
17900.0 763514.8845136078
17910.0 759311.4450661496
17920.0 755818.3484880828
17930.0 732334.7130578776
17940.0 732921.251951881
17950.0 755679.8503999874
17960.0 752877.9530105649
17970.0 747825.5221379279
17980.0 744733.883102798
17990.0 746297.4290889213
18000.0 740104.0545709858
18010.0 742323.6683805289
18020.0 736487.2063790063
18030.0 721400.9718089191
18040.0 737247.0010328848
18050.0 729741.632057769
18060.0 734698.0658818939
18070.0 731877.1456360208
18080.0 716698.3229276756
18090.0 727153.9286704141
18100.0 713061.1806151895
18110.0 719386.4544332597
18120.0 722358.653184982
18130.0 722888.7774704071
18140.0 715800.5233675897
18150.0 700439.8656177659
18160.0 683354.9631499907
18170.0 669293.1100367903
18180.0 675716.6516767335
18190.0 696116.8907630005
18200.0 706113.433006067
18210.0 710346.8732394578
18220.0 687396.0502291097
18230.0 704908.7996895919
18240.0 709997.5649314946
18250.0 708981.9766005367
18260.0 709866.2683192546
18270.0 707297.9032009535
18280.0 690280.3195683208
18290.0 701997.1483788238
18300.0 697906.5304678732
18310.0 702889.669659612
18320.0 692488.8803651631
18330.0 702650.8025252278
18340.0 695034.8248951765
18350.0 693100.211268259
18360.0 690176.2621346188
18370.0 657260.7480526306
18380.0 679525.1800008409
18390.0 685634.6775588874
18400.0 682499.7773891042
18410.0 663794.8823449456
18420.0 631619.7475894423
18430.0 671862.9072468345
18440.0 679588.6333555559
18450.0 677228.8829138507
18460.0 674504.5880721365
18470.0 646539.533137067
18480.0 679029.8606328309
18490.0 677059.4165211661
18500.0 676716.5456363756
18510.0 676061.4507477735
18520.0 661509.8124617547
18530.0 666004.4755943392
18540.0 671882.5304672515
18550.0 636109.510577057
18560.0 658224.0381950323
18570.0 669550.4825129756
18580.0 642330.6829130172
18590.0 664137.6388964076
18600.0 664308.5894475104
18610.0 657788.4060812988
18620.0 657308.2787835165
18630.0 655383.9206712359
18640.0 654853.4395140458
18650.0 653506.9045692642
18660.0 637594.7241187906
18670.0 654171.4186591937
18680.0 645626.7758539026
18690.0 648843.0765977305
18700.0 647126.2633159822
18710.0 639677.8806631233
18720.0 602899.3496388118
18730.0 626702.2436730965
18740.0 603688.3969130352
18750.0 515866.21124520653
18760.0 590652.8673527791
18770.0 598827.9313738316
18780.0 628906.5277767852
18790.0 630464.1699805816
18800.0 636460.1897729196
18810.0 637298.6515846474
18820.0 630258.6651314654
18830.0 635685.5403751534
18840.0 629562.7589311154
18850.0 625424.2767677014
18860.0 589540.7345409231
18870.0 627067.368670609
18880.0 610306.7253636433
18890.0 612650.9986765637
18900.0 575482.3084780806
18910.0 598803.106139132
18920.0 592916.5075990184
18930.0 601918.9844697473
18940.0 609974.3456356875
18950.0 615253.7673718174
18960.0 606926.9224490204
18970.0 605642.0203644326
18980.0 616927.0390049506
18990.0 589669.3051505296
19000.0 612375.5952140678
19010.0 613424.9090077791
19020.0 614058.3190162944
19030.0 591427.9061160655
19040.0 608390.2365456494
19050.0 600314.4489511525
19060.0 609229.5860052268
19070.0 609857.4534307538
19080.0 600118.2610029398
19090.0 606685.6073970413
19100.0 604121.840911281
19110.0 580585.6771499563
19120.0 588730.5844559462
19130.0 601547.1225984633
19140.0 594937.8644373743
19150.0 598085.5351936817
19160.0 594443.5551633593
19170.0 595707.001234817
19180.0 594610.1428293315
19190.0 567315.3188043059
19200.0 576635.0452366422
19210.0 583891.43323399
19220.0 588005.306809391
19230.0 590972.7184246631
19240.0 589428.264214452
19250.0 584523.9069203187
19260.0 577939.7307616749
19270.0 578436.7757602882
19280.0 569817.8915972135
19290.0 582424.7210840603
19300.0 580199.5377421993
19310.0 546060.8273917607
19320.0 579789.4181951936
19330.0 577906.1301260557
19340.0 553844.1032258894
19350.0 576043.1374287097
19360.0 577019.7328072758
19370.0 575796.5493246895
19380.0 570798.226940123
19390.0 547287.2656967842
19400.0 561530.7455964294
19410.0 563059.5782709013
19420.0 556243.3784679213
19430.0 510384.70216338604
19440.0 521160.94567292614
19450.0 480763.5816619219
19460.0 539556.1649365112
19470.0 544659.7971932564
19480.0 545584.1799107593
19490.0 527925.4090293318
19500.0 550523.8592486585
19510.0 505659.0932684131
19520.0 559409.3856069867
19530.0 552792.2691323559
19540.0 546180.2594639062
19550.0 557506.1571884697
19560.0 556865.6596550064
19570.0 554766.6270053335
19580.0 547963.6435428639
19590.0 546708.8611614732
19600.0 545148.46722247
19610.0 536741.4910642274
19620.0 540145.2252593692
19630.0 529291.7028593003
19640.0 539048.7445555448
19650.0 548781.7616788264
19660.0 547207.4398471729
19670.0 546098.099102485
19680.0 544525.4574795635
19690.0 543166.4576821519
19700.0 542830.022075065
19710.0 539925.074998202
19720.0 499508.3176246492
19730.0 523000.7882709877
19740.0 533352.8531826852
19750.0 536296.0900840554
19760.0 535174.8961042411
19770.0 529557.0327711268
19780.0 475898.67972630693
19790.0 518112.90046552464
19800.0 532223.9809626213
19810.0 530117.7333829022
19820.0 529140.205524059
19830.0 530851.0477596797
19840.0 529265.6209802869
19850.0 483418.63522790687
19860.0 491440.48047783814
19870.0 523290.17423169
19880.0 523579.18398145045
19890.0 525413.5722321576
19900.0 523593.39273916226
19910.0 521631.6138136345
19920.0 512516.5571288912
19930.0 481815.1314494786
19940.0 516911.94675059774
19950.0 515730.4630264435
19960.0 503782.20029734797
19970.0 498176.21189003275
19980.0 513007.8919465574
19990.0 515408.50227493286
20010.0 512050.02277821075
20020.0 499444.587362258
20030.0 506505.0929223766
20040.0 506829.6994659353
20050.0 495115.04696012975
20060.0 506577.2954382142
20070.0 502718.4048412981
20080.0 504853.615228064
20090.0 498462.5065741677
20100.0 504751.1133707083
20110.0 503449.58758057817
20120.0 503588.61723836686
20130.0 500404.4478446962
20140.0 496078.2593838812
20150.0 499255.53186518204
20160.0 499867.88527625037
20170.0 497301.9996143902
20180.0 497754.21489303233
20190.0 493081.57107593474
20200.0 489818.7048286569
20210.0 477907.51079825667
20220.0 491973.1343211548
20230.0 484849.6187599761
20240.0 486247.7641376052
20250.0 490319.27041966835
20260.0 484296.8576132221
20270.0 484570.4457392063
20280.0 483135.6947722243
20290.0 483982.50472110044
20300.0 453428.7001377675
20310.0 485219.027306554
20320.0 484619.53997717565
20330.0 482839.2292159657
20340.0 467183.2780045363
20350.0 474888.65336742566
20360.0 478983.6196343455
20370.0 476235.39679836546
20380.0 455263.6848321582
20390.0 478661.34376214544
20400.0 472936.0035972586
20410.0 466761.9403799622
20420.0 474355.0555246622
20430.0 475601.1976457754
20440.0 475063.5806400006
20450.0 472325.654496148
20460.0 473641.89923711587
20470.0 469456.0148571182
20480.0 471986.32133082894
20490.0 471258.70867003495
20500.0 470326.0868942493
20510.0 467325.2412395987
20520.0 461472.8450623165
20530.0 465415.58500172064
20540.0 461966.1157844296
20550.0 465288.8074476526
20560.0 464559.83992561174
20570.0 462791.763241156
20580.0 461863.8774004097
20590.0 453671.3824133328
20600.0 432340.7282441223
20610.0 456352.22760007036
20620.0 455372.20074267755
20630.0 388549.4774053173
20640.0 450608.14489012415
20650.0 456217.55321543536
20660.0 454363.3423652033
20670.0 447675.01235509064
20680.0 449007.8931620109
20690.0 450522.284812229
20700.0 429097.19952467736
20710.0 447441.7343929956
20720.0 444244.6776368798
20730.0 449581.26553967554
20740.0 444857.81428833795
20750.0 448091.62381547975
20760.0 439835.6941779953
20770.0 440039.88534341473
20780.0 445220.63349918363
20790.0 445765.67012438213
20800.0 439936.42372107186
20810.0 444145.3781434541
20820.0 441251.9478300302
20830.0 432754.93041163625
20840.0 426419.528257165
20850.0 438703.686899222
20860.0 440032.3063507308
20870.0 437997.2465646152
20880.0 435834.4275906854
20890.0 435589.0693861241
20900.0 437249.0319755798
20910.0 430741.7553489901
20920.0 397941.8865983032
20930.0 431675.9654722045
20940.0 433942.21221584897
20950.0 433582.31975026504
20960.0 427393.9680496383
20970.0 428892.53714868537
20980.0 429753.8869889889
20990.0 428631.3976216034
21000.0 431679.54901020194
21010.0 424948.10118773894
21020.0 424021.3540990519
21030.0 429123.2332981235
21040.0 428494.46020648355
21050.0 427722.7933704169
21060.0 424083.8073050136
21070.0 420213.71705654945
21080.0 423069.09743311285
21090.0 406810.43364029843
21100.0 421469.840585605
21110.0 420866.56829163164
21120.0 420149.00677256077
21130.0 420562.96224029624
21140.0 416822.5459204103
21150.0 419033.8666083606
21160.0 393679.07806400605
21170.0 412760.28087133577
21180.0 413394.2631706347
21190.0 404432.44683095964
21200.0 411364.97123123636
21210.0 409326.89636175707
21220.0 408653.0922212162
21230.0 404302.55883717636
21240.0 406166.85794238624
21250.0 411177.05420410703
21260.0 403815.73299298296
21270.0 408776.06250780006
21280.0 407752.7227347585
21290.0 408766.4936961212
21300.0 407660.21536782244
21310.0 408713.47776235134
21320.0 405325.40086528676
21330.0 407002.2146847089
21340.0 405321.08922991494
21350.0 383178.6944697632
21360.0 398615.6304373402
21370.0 404386.5970946937
21380.0 403571.68446851964
21390.0 402151.0825564784
21400.0 402382.12133826455
21410.0 402057.760808159
21420.0 401519.6609936514
21430.0 397150.8818901275
21440.0 397948.5226106445
21450.0 395642.26346554654
21460.0 394341.3287164129
21470.0 397766.3123783993
21480.0 396851.77673062
21490.0 394501.06177327223
21500.0 395647.6675164997
21510.0 394739.3339294172
21520.0 392027.0010232349
21530.0 391123.84297643753
21540.0 390942.9572772981
21550.0 390997.74643011735
21560.0 390855.11772293906
21570.0 390006.43291423394
21580.0 389359.19025314326
21590.0 386035.5482445758
21600.0 386626.22690465004
21610.0 383181.9662185067
21620.0 381852.02619548514
21630.0 378511.10680890497
21640.0 370321.5280860742
21650.0 348414.69002573285
21660.0 347173.6726092352
21670.0 364603.7863603235
21680.0 373173.62232213694
21690.0 375113.72945765767
21700.0 377190.717259277
21710.0 377543.46570198203
21720.0 378407.2548052581
21730.0 378731.2245598063
21740.0 375913.5149654038
21750.0 375901.0660127252
21760.0 371727.77770137193
21770.0 373985.09004041366
21780.0 342926.53417978477
21790.0 372338.4079590357
21800.0 375815.97971411917
21810.0 374448.7897535602
21820.0 352837.3966022136
21830.0 372918.7740896078
21840.0 373224.7122128234
21850.0 372479.8709832785
21860.0 371510.4503768398
21870.0 365638.5504025886
21880.0 340967.08106520877
21890.0 366610.7761370494
21900.0 364903.5901592203
21910.0 368944.7085895479
21920.0 368849.8676423365
21930.0 367707.3373031923
21940.0 364150.3075880166
21950.0 366085.8384851133
21960.0 366201.86000744725
21970.0 365326.7121471641
21980.0 364891.09489431034
21990.0 363405.6582418998
22000.0 362321.38300572446
22010.0 362413.8550916583
22020.0 361975.96856584086
22030.0 359769.6026644256
22040.0 357876.8973636553
22050.0 357729.16266777855
22060.0 315652.87857640116
22070.0 351376.5850815944
22080.0 347970.9222010532
22090.0 357588.65990991617
22100.0 356480.98822410597
22110.0 355173.9483537993
22120.0 356215.55835185817
22130.0 356198.490163283
22140.0 355738.68257198215
22150.0 354725.70557457703
22160.0 349495.97916130896
22170.0 350576.3121620559
22180.0 352698.95811239205
22190.0 353079.073479918
22200.0 352283.38941847434
22210.0 350968.84593290725
22220.0 351457.20498559426
22230.0 349834.12424768636
22240.0 349489.9272954455
22250.0 349233.5202787563
22260.0 337574.69385875773
22270.0 347037.70802281843
22280.0 343776.40274353046
22290.0 346971.71805071057
22300.0 344188.85390943836
22310.0 345048.41038067924
22320.0 345265.2874083347
22330.0 344947.59353329195
22340.0 343413.6818638109
22350.0 343602.44613387086
22360.0 343426.0575453578
22370.0 342260.98950266826
22380.0 331324.6820377864
22390.0 337061.4751320584
22400.0 341171.7087841927
22410.0 339981.6029819544
22420.0 335391.15776007605
22430.0 338856.6530782629
22440.0 337775.50804986706
22450.0 338029.44009850797
22460.0 337593.0117948208
22470.0 324611.4239986216
22480.0 334837.776716722
22490.0 335139.6299501549
22500.0 335420.7436965869
22510.0 333395.9579719005
22520.0 332555.5327377821
22530.0 331008.08802556404
22540.0 315173.68774114177
22550.0 329276.16123899445
22560.0 330309.2587868237
22570.0 330566.45799289475
22580.0 330668.17773230135
22590.0 330701.75801540137
22600.0 329873.47883692075
22610.0 325370.2101858348
22620.0 314125.1320701866
22630.0 325407.41448430996
22640.0 326933.20742940804
22650.0 320797.3809105794
22660.0 326085.8430476452
22670.0 325658.1808281108
22680.0 325507.51752904523
22690.0 324561.53349727526
22700.0 324411.3890547576
22710.0 318887.9504014732
22720.0 323116.379072722
22730.0 322789.86826800084
22740.0 316484.76799025264
22750.0 320504.25821851275
22760.0 320143.9526558606
22770.0 320688.76637487527
22780.0 319205.74799606984
22790.0 317599.78258093545
22800.0 312115.76716713206
22810.0 283151.0502638577
22820.0 311776.2690395692
22830.0 315092.25289775
22840.0 316927.6535910284
22850.0 315263.8989705082
22860.0 313897.1848515831
22870.0 315131.64124522964
22880.0 315000.20814213227
22890.0 314304.6317870792
22900.0 314536.4414654246
22910.0 311752.49678982684
22920.0 312980.99816946813
22930.0 297252.3000305157
22940.0 302123.7423836907
22950.0 305726.84525110066
22960.0 300326.1486047325
22970.0 302403.89244247926
22980.0 305476.2767765478
22990.0 306208.44159815117
23000.0 306548.0669179379
23010.0 305357.6022217734
23020.0 305553.7865655003
23030.0 305690.32090337673
23040.0 304545.47572358436
23050.0 304232.6110310119
23060.0 304549.9068166864
23070.0 303892.863105237
23080.0 303966.8798640052
23090.0 303086.8171206665
23100.0 304254.93484724313
23110.0 302149.5730631007
23120.0 301709.53179734206
23130.0 301449.6227032979
23140.0 295860.11412152887
23150.0 299822.7060335766
23160.0 296929.7784012115
23170.0 298598.7512435083
23180.0 296984.2245619888
23190.0 299034.11835260765
23200.0 298560.97260052676
23210.0 298135.60732167255
23220.0 282148.04252595745
23230.0 282014.7581823879
23240.0 288534.0726963457
23250.0 287360.4927715239
23260.0 289930.6317034682
23270.0 289296.57815682655
23280.0 291403.3109735122
23290.0 291918.15130273264
23300.0 287480.70210275386
23310.0 288103.5733422858
23320.0 291069.26505454164
23330.0 288728.53721098375
23340.0 290433.41984774725
23350.0 281588.8486093801
23360.0 288780.9428148327
23370.0 287591.9431640778
23380.0 277163.9939681489
23390.0 289707.98521698033
23400.0 286819.4069168033
23410.0 286780.7190727918
23420.0 286998.5816831635
23430.0 286793.49473233277
23440.0 287651.4782365139
23450.0 284875.3921829019
23460.0 284650.7565845872
23470.0 285850.9282325463
23480.0 282497.77670458483
23490.0 283765.33244344493
23500.0 284424.70860833535
23510.0 282416.30521993
23520.0 263121.83227401157
23530.0 270630.20977618353
23540.0 274759.3876951956
23550.0 274223.46606709424
23560.0 275404.18487397436
23570.0 269915.7341153912
23580.0 275229.41379342944
23590.0 276232.8308967419
23600.0 276819.7544434316
23610.0 275837.87541915354
23620.0 275567.86682136776
23630.0 276784.02865087945
23640.0 275465.7931406174
23650.0 275416.4136251914
23660.0 274723.4967421881
23670.0 274442.5202834523
23680.0 272845.32425755385
23690.0 272275.46865911793
23700.0 274438.9534728335
23710.0 272715.6187206344
23720.0 269461.3843992811
23730.0 266790.7304799934
23740.0 264587.21698649775
23750.0 269029.02391687786
23760.0 269746.3312653642
23770.0 271338.59902564384
23780.0 271414.72720011603
23790.0 270668.9558011678
23800.0 269729.6048130032
23810.0 271288.29423934803
23820.0 261039.22407580924
23830.0 252438.36135115105
23840.0 252222.1249882234
23850.0 257070.1760602403
23860.0 248674.88753588233
23870.0 261170.3194330613
23880.0 265551.2117375663
23890.0 262033.26443975876
23900.0 262141.95754878983
23910.0 264285.2310715717
23920.0 259607.60498835478
23930.0 264009.7393201761
23940.0 261812.0340465468
23950.0 261395.98838820908
23960.0 262534.78470880503
23970.0 260752.80064373897
23980.0 262012.49697113896
23990.0 263433.5137045241
24000.0 256676.7308276473
24010.0 260811.59283770833
24020.0 259437.02626867263
24030.0 261341.6145899526
24040.0 259632.38330228435
24050.0 257401.94240328472
24060.0 260198.08189818595
24070.0 259801.56588674706
24080.0 256763.91401251574
24090.0 258890.4466202313
24100.0 257611.1796244642
24110.0 257393.7630320761
24120.0 257814.12758300497
24130.0 252989.31898704212
24140.0 240388.8956045515
24150.0 242902.900568784
24160.0 243073.47593283863
24170.0 250560.47168506804
24180.0 250435.0278255984
24190.0 249325.57331245425
24200.0 252481.44929851984
24210.0 250893.39462679316
24220.0 250881.07033467464
24230.0 249032.98641915477
24240.0 249027.13287207854
24250.0 248951.44971434685
24260.0 248716.77693567818
24270.0 249359.23452934212
24280.0 247011.51249184064
24290.0 250103.7108337482
24300.0 248609.78954829441
24310.0 247754.8309515926
24320.0 249885.16607356755
24330.0 243293.90387223396
24340.0 247513.44202028404
24350.0 242673.83051061773
24360.0 246877.60936579577
24370.0 240245.31099772357
24380.0 246177.17813242768
24390.0 247159.4480410762
24400.0 244463.47829771304
24410.0 245531.56891564865
24420.0 245556.37986960047
24430.0 246641.4440199195
24440.0 241043.12493796268
24450.0 241750.01907258248
24460.0 234338.5735541881
24470.0 234265.66840385087
24480.0 240116.12360982475
24490.0 238030.63917954057
24500.0 235240.11511139068
24510.0 236063.15139581647
24520.0 236399.80804021773
24530.0 238410.62504058098
24540.0 237149.74239152804
24550.0 230545.48834178652
24560.0 225906.3270122384
24570.0 220060.03428022427
24580.0 239225.62190763696
24590.0 236580.54987819056
24600.0 239320.51820462497
24610.0 237963.72686814706
24620.0 236929.05587616825
24630.0 237782.5852379393
24640.0 235803.6749439931
24650.0 233314.70500126926
24660.0 236919.13540434226
24670.0 235970.08613767588
24680.0 231823.05177373588
24690.0 230003.07979806737
24700.0 229892.10271477903
24710.0 232981.72598935588
24720.0 232913.06959646087
24730.0 224469.15354977117
24740.0 233832.41210830913
24750.0 230884.6824885334
24760.0 229570.58745754237
24770.0 232632.6127755889
24780.0 223655.59841968934
24790.0 225008.9344017951
24800.0 213417.86724855987
24810.0 225314.0574014201
24820.0 204558.58439250276
24830.0 225630.57172260183
24840.0 228278.15939293648
24850.0 224865.11737597952
24860.0 195212.06570961786
24870.0 221520.204372716
24880.0 223710.6033673926
24890.0 226470.87269546703
24900.0 226372.06235280907
24910.0 226244.3923279829
24920.0 223584.15334883356
24930.0 227393.57439889153
24940.0 223489.40646505327
24950.0 223827.22886629222
24960.0 223889.08158474686
24970.0 224773.25463090496
24980.0 223345.31797884166
24990.0 223351.97918985452
