#lam[Angstrom] flux[erg/cm2/s/A]
1010.0 84.3407706515301
1020.0 87.33106443805445
1030.0 301.28737246161745
1040.0 118.7627159566875
1050.0 89.42817059365208
1060.0 90.23660839398205
1070.0 95.28705571989663
1080.0 288.3669488875787
1090.0 293.7806887855142
1100.0 94.17821198700811
1110.0 94.93315035646967
1120.0 98.623951490699
1130.0 95.93091207209379
1140.0 104.18126905656563
1150.0 97.76615199011646
1160.0 99.62510595764286
1170.0 99.80942921041502
1180.0 100.23926994085696
1190.0 100.84936426560834
1200.0 152.06590569532057
1210.0 135.3471959375671
1220.0 861.135579487492
1230.0 124.56319722948223
1240.0 507.77799091596
1250.0 176.860792522413
1260.0 246.1178133232441
1270.0 252.85609325380992
1280.0 261.06079406915575
1290.0 281.7556728161534
1300.0 303.4197461542192
1310.0 333.67817763532366
1320.0 348.5379076050788
1330.0 354.42162410306406
1340.0 395.56645300219657
1350.0 380.69970837311416
1360.0 389.77781393672404
1370.0 395.5504240640453
1380.0 403.93711959506476
1390.0 924.8358064672569
1400.0 1028.4884224882994
1410.0 760.3276987440827
1420.0 428.89545881148814
1430.0 421.16263533502695
1440.0 423.32305358104935
1450.0 426.1396087477892
1460.0 429.4931854236761
1470.0 432.82216604620254
1480.0 434.8604572747369
1490.0 682.5119588000466
1500.0 430.5594957975799
1510.0 429.85042808326614
1520.0 430.3223209730703
1530.0 449.6539060932793
1540.0 427.3003727550647
1550.0 6067.3212394989305
1560.0 427.47208886917383
1570.0 425.6377200990255
1580.0 445.97621677128194
1590.0 425.2341540462262
1600.0 466.2390312933424
1610.0 424.4059894055456
1620.0 424.3722863547968
1630.0 421.8606319381182
1640.0 3858.4442923503775
1650.0 418.32800819080865
1660.0 541.1201695760275
1670.0 736.8732608885737
1680.0 415.6479192135493
1690.0 414.3923415522558
1700.0 412.698735144825
1710.0 410.6129008163461
1720.0 440.8030697081226
1730.0 412.6755387089884
1740.0 420.48824338447474
1750.0 623.8737684699561
1760.0 409.00319601502673
1770.0 408.874490360793
1780.0 410.10651246058677
1790.0 438.59360590009436
1800.0 407.35817447199025
1810.0 502.4372401122995
1820.0 511.06778337584325
1830.0 399.83848756882503
1840.0 397.2880358989738
1850.0 428.93439757901564
1860.0 412.6273000765068
1870.0 392.63210843725
1880.0 643.7396968645876
1890.0 805.6245792629894
1900.0 388.7252318316418
1910.0 2611.7830222626026
1920.0 386.03683694886746
1930.0 387.7527850555915
1940.0 380.71737215524035
1950.0 380.50971597365344
1960.0 376.6388988220377
1970.0 374.42191265047455
1980.0 372.4183594357946
1990.0 370.78372272754933
2000.0 368.2758607548482
2010.0 365.0664787946562
2020.0 349.94296211420726
2030.0 330.0643974629887
2040.0 320.36424519282883
2050.0 305.79277345113655
2060.0 300.70097237723604
2070.0 302.97435801882926
2080.0 296.3122834765293
2090.0 305.5296961162554
2100.0 298.9370035233066
2110.0 298.9826348888979
2120.0 307.6133779043783
2130.0 307.18775659040057
2140.0 323.0956132241762
2150.0 295.5731890605274
2160.0 297.8504718375827
2170.0 290.67957842517046
2180.0 302.11979062953884
2190.0 295.52974742354695
2200.0 298.4956573956498
2210.0 302.10200982208124
2220.0 316.97170822738855
2230.0 310.13968355812364
2240.0 315.1462619307016
2250.0 334.72727453008815
2260.0 326.5975778170392
2270.0 333.1130212066813
2280.0 339.90574629843945
2290.0 347.000117566145
2300.0 362.88349219932053
2310.0 381.78183841179055
2320.0 400.7825484372158
2330.0 718.1779478133917
2340.0 455.31134117106495
2350.0 405.99175868907525
2360.0 396.34837533589484
2370.0 404.0961715002486
2380.0 411.8119138104044
2390.0 450.1425525754473
2400.0 427.3914651406322
2410.0 436.29286254171683
2420.0 442.2484802137151
2430.0 957.6997656921573
2440.0 457.0113688192067
2450.0 465.87377629147994
2460.0 471.39238805147835
2470.0 478.64098452953766
2480.0 485.91110759268685
2490.0 493.2744405493815
2500.0 500.16021576883253
2510.0 558.131030345433
2520.0 515.071783517946
2530.0 522.2139756571826
2540.0 528.260262386199
2550.0 535.5187612247255
2560.0 619.9311465586387
2570.0 548.6369177838164
2580.0 555.4847222106993
2590.0 575.8998363234967
2600.0 571.0952442424152
2610.0 575.4703847764608
2620.0 582.9124252515569
2630.0 591.1973194210653
2640.0 598.0586739079166
2650.0 601.3328818713768
2660.0 607.1670655344357
2670.0 680.2046030065843
2680.0 618.7419043008557
2690.0 623.4422417060057
2700.0 629.2061033303842
2710.0 634.9183177793382
2720.0 638.389609784657
2730.0 686.3279719825682
2740.0 691.6857427129928
2750.0 657.6778980056063
2760.0 668.165950235075
2770.0 675.2990630823654
2780.0 679.9046000947513
2790.0 2686.479149828037
2800.0 1697.119035905562
2810.0 699.8178609333843
2820.0 704.9581101106286
2830.0 1090.9008995696922
2840.0 710.7221457768284
2850.0 755.2807636580044
2860.0 735.9277486926369
2870.0 734.182037181313
2880.0 751.1592703764103
2890.0 767.2338274062389
2900.0 786.0303924528547
2910.0 791.3188748776361
2920.0 829.952831069178
2930.0 930.7179811095787
2940.0 795.7373531635056
2950.0 821.5304615627684
2960.0 831.3960156133744
2970.0 794.8626870712975
2980.0 829.0248479605812
2990.0 835.8520323511358
3000.0 820.5104635797389
3010.0 844.0463664967147
3020.0 824.9497653163562
3030.0 876.3040694990581
3040.0 876.7926895201894
3050.0 872.590173236798
3060.0 900.9491372440988
3070.0 1040.8920775790984
3080.0 931.5980203506824
3090.0 921.9406149385679
3100.0 963.4704961828533
3110.0 1238.5771251278743
3120.0 1543.7787225808324
3130.0 1401.3445566756807
3140.0 1665.0250011822093
3150.0 1977.6175888298897
3160.0 1953.9298007702487
3170.0 2285.13847474736
3180.0 1863.951704802655
3190.0 1479.623103768019
3200.0 1639.4547610880018
3210.0 2053.2367481521073
3220.0 1868.2518924985873
3230.0 1532.964562341339
3240.0 1905.9937613026245
3250.0 2028.4300916951056
3260.0 3342.4642337090245
3270.0 2451.7587847258583
3280.0 2801.236265198588
3290.0 3414.4968495162498
3300.0 2825.7110557266033
3310.0 3197.945688904136
3320.0 2685.233042771005
3330.0 4036.940801069263
3340.0 3021.141966321332
3350.0 2677.362692820851
3360.0 2360.1296779694894
3370.0 1499.8487594584374
3380.0 2150.1260380288077
3390.0 1846.3972734972408
3400.0 2919.151119072536
3410.0 2044.6254339368202
3420.0 2156.6820587530756
3430.0 2195.9490237631317
3440.0 1258.678235121279
3450.0 1689.6934732435552
3460.0 1591.3546677300092
3470.0 1619.2371124606057
3480.0 2086.560246326153
3490.0 1683.7703762832914
3500.0 2197.426536684235
3510.0 2135.6157722702746
3520.0 1816.1627896331286
3530.0 2644.343003184329
3540.0 4975.538371037379
3550.0 3677.2395358852486
3560.0 3026.428448880275
3570.0 1746.0072822408042
3580.0 1463.8916990719315
3590.0 1556.1139647342263
3600.0 1854.2834920227501
3610.0 1927.6130206380728
3620.0 2436.6882632922297
3630.0 2943.9802745779843
3640.0 3293.1284506764728
3650.0 2470.683975140417
3660.0 5073.480562541428
3670.0 4841.880709916287
3680.0 2812.170274036487
3690.0 3899.305458515276
3700.0 4055.549142744808
3710.0 2159.0391912421705
3720.0 1385.5720326485182
3730.0 2315.4741639780686
3740.0 1287.2611297078927
3750.0 1564.2073481999578
3760.0 2487.089579190409
3770.0 4315.356158029093
3780.0 5499.683170688175
3790.0 4305.211928939531
3800.0 4750.135448155082
3810.0 4918.794540079826
3820.0 1968.428081425218
3830.0 2372.0770630240663
3840.0 3791.2773324844848
3850.0 3712.2322374403784
3860.0 2384.5207603663266
3870.0 3827.6456939940804
3880.0 2733.1921191114775
3890.0 2953.0423550230944
3900.0 2910.1100770346984
3910.0 5265.266516790452
3920.0 3373.857350434858
3930.0 2476.052815207296
3940.0 3156.4098347965455
3950.0 3576.7236157279835
3960.0 2125.2014341849963
3970.0 4262.491578251238
3980.0 7721.681125491079
3990.0 8936.757717840343
4000.0 8732.646394186246
4010.0 11129.272146805233
4020.0 11320.127788733165
4030.0 4585.436557504255
4040.0 9471.109745523383
4050.0 10434.94151794816
4060.0 10770.498858146862
4070.0 11388.76618118714
4080.0 13577.717665480885
4090.0 16561.24473136113
4100.0 12642.070144855745
4110.0 11223.152510856235
4120.0 12350.84141046603
4130.0 10913.583627301818
4140.0 10989.523259325702
4150.0 11621.47842898406
4160.0 11847.960374722246
4170.0 9500.351486869748
4180.0 8572.489195325412
4190.0 7002.498181514623
4200.0 5488.096952316028
4210.0 3850.3193811045758
4220.0 1954.7423288529628
4230.0 1458.0027286920035
4240.0 3323.877689375325
4250.0 4037.453817280267
4260.0 5956.688988523417
4270.0 5968.977408672003
4280.0 6980.1244167599625
4290.0 6112.506770968935
4300.0 8063.535252139685
4310.0 10062.132324140439
4320.0 11898.638200409076
4330.0 13810.708552562355
4340.0 14227.212046791848
4350.0 15218.335237787072
4360.0 15801.010765049721
4370.0 17995.585932913807
4380.0 10813.343472023422
4390.0 16854.374794223146
4400.0 15523.313576208304
4410.0 15530.255364097455
4420.0 16982.059754163813
4430.0 10787.01740174616
4440.0 12857.572954679756
4450.0 14908.616768892287
4460.0 11304.710111223843
4470.0 15824.1798188507
4480.0 17848.53130841386
4490.0 19696.63373926846
4500.0 19807.207628930926
4510.0 16138.11859019363
4520.0 18267.82478863488
4530.0 14899.03098887673
4540.0 18867.079796027083
4550.0 15626.998608943753
4560.0 21227.328356902708
4570.0 25024.015357158372
4580.0 17072.97536462436
4590.0 10829.100029125413
4600.0 14593.055513696694
4610.0 17340.33469589848
4620.0 20793.92330417693
4630.0 13214.170966160122
4640.0 14075.221939515915
4650.0 15337.821264213448
4660.0 21207.687394437242
4670.0 15116.787098891453
4680.0 14824.7177261178
4690.0 20123.715364189906
4700.0 24210.714984445163
4710.0 25809.010419300175
4720.0 19274.37442350532
4730.0 23552.07551858068
4740.0 23483.783621929968
4750.0 27548.75443395602
4760.0 17150.14376123738
4770.0 10719.966823994768
4780.0 13924.200244528027
4790.0 15585.97591266335
4800.0 14863.677668133121
4810.0 5914.418365428064
4820.0 11028.279068667127
4830.0 14238.988078933718
4840.0 18852.061080531246
4850.0 14480.168854716241
4860.0 15440.722821721281
4870.0 19366.44730720928
4880.0 20591.725259543735
4890.0 30177.049078826916
4900.0 29400.063557575857
4910.0 33110.21349442951
4920.0 37422.3681705589
4930.0 42664.425705099646
4940.0 37040.44421242733
4950.0 45648.54448904348
4960.0 13002.946448426985
4970.0 16434.487555583484
4980.0 18294.47185447127
4990.0 19989.048611457165
5000.0 15022.829410366543
5010.0 17888.77392592856
5020.0 13584.81710923931
5030.0 22283.632378588445
5040.0 17483.70933880414
5050.0 17807.212346067543
5060.0 17834.51760466186
5070.0 20323.048859782066
5080.0 18038.670565129603
5090.0 20208.765956801453
5100.0 24133.477445373046
5110.0 18872.59318753872
5120.0 23014.5567750152
5130.0 23898.12229435934
5140.0 24120.114008400342
5150.0 23712.64664996964
5160.0 26148.055919380557
5170.0 9044.628620983924
5180.0 10641.912218805785
5190.0 14254.304321703845
5200.0 19867.6284758371
5210.0 14081.636427303354
5220.0 36998.0278612684
5230.0 35619.582913736696
5240.0 35259.35718870478
5250.0 31786.857589797113
5260.0 33044.52753113199
5270.0 21773.774282292612
5280.0 36017.98288000567
5290.0 43143.93050944638
5300.0 40114.22315126306
5310.0 41127.78059053314
5320.0 37245.71314980981
5330.0 28809.108406016905
5340.0 39485.932793324166
5350.0 40237.26908441952
5360.0 35733.933851879454
5370.0 30524.115730934092
5380.0 43117.794266276695
5390.0 42332.328527999816
5400.0 34177.501624096
5410.0 32275.53750762859
5420.0 43166.98245352697
5430.0 32319.70862106177
5440.0 43371.27024756918
5450.0 20512.483472089025
5460.0 20356.510286588968
5470.0 26880.419965329667
5480.0 28933.90193260296
5490.0 32171.39656265448
5500.0 23553.873602856886
5510.0 25285.72598251014
5520.0 31229.078998184916
5530.0 31988.08866198208
5540.0 34067.97268132102
5550.0 35626.87712571993
5560.0 36740.591661292245
5570.0 34175.76629143317
5580.0 34003.74608447035
5590.0 29996.978698366438
5600.0 23113.323516430846
5610.0 24348.13765479778
5620.0 23475.786868676772
5630.0 24638.201609976986
5640.0 22615.01881415679
5650.0 30426.21586382153
5660.0 26195.38303621223
5670.0 25951.15045910491
5680.0 29862.938795606842
5690.0 33586.2063129404
5700.0 33818.82085127132
5710.0 34738.93161612326
5720.0 38035.20793745556
5730.0 37830.58950385084
5740.0 41733.65738817288
5750.0 43396.598790556534
5760.0 35007.81600605364
5770.0 35061.268090691745
5780.0 41026.204196538645
5790.0 43843.404184164065
5800.0 47175.81119536401
5810.0 41573.74057877697
5820.0 41622.121461126546
5830.0 43438.631880272485
5840.0 40519.437433522304
5850.0 30493.49650838174
5860.0 27292.557835441155
5870.0 22843.000557560972
5880.0 15304.484404283146
5890.0 7863.8300686755465
5900.0 10751.782838488827
5910.0 15292.524939824076
5920.0 18615.708237377836
5930.0 21011.903394968078
5940.0 24554.540329252628
5950.0 22776.75580389166
5960.0 23053.19769650339
5970.0 25598.678569492127
5980.0 27913.569048881953
5990.0 32060.779322557257
6000.0 30901.79132554151
6010.0 33548.940792889574
6020.0 36741.59159666409
6030.0 40723.50815952573
6040.0 41195.01088241766
6050.0 44379.72171304688
6060.0 46571.23472841691
6070.0 50651.13521725547
6080.0 57887.42268841451
6090.0 54254.05823277429
6100.0 48914.19973245639
6110.0 53552.251555764946
6120.0 51735.85522053798
6130.0 62031.04179746079
6140.0 63791.19556349623
6150.0 53896.24489875055
6160.0 29976.234545955296
6170.0 27581.72606162498
6180.0 30468.777199138804
6190.0 21477.742065487564
6200.0 24590.19519775557
6210.0 26370.155758271027
6220.0 19129.582018562774
6230.0 17550.540318037827
6240.0 18854.218473137742
6250.0 23233.90002983167
6260.0 25760.58568664006
6270.0 27334.49994598948
6280.0 27895.899165339157
6290.0 31042.09496638846
6300.0 32694.92873367258
6310.0 37696.17798880781
6320.0 39754.58452388386
6330.0 39740.37504508875
6340.0 46791.421914809944
6350.0 38982.330720366226
6360.0 33020.387104870584
6370.0 37783.12649734566
6380.0 35565.873240750785
6390.0 34808.748335161305
6400.0 41882.56706418869
6410.0 50384.1594759706
6420.0 44773.88306444704
6430.0 47955.37828549911
6440.0 53613.51610003968
6450.0 54397.304861560355
6460.0 56941.338760193845
6470.0 64810.28983356472
6480.0 46692.59497306905
6490.0 43822.84264870445
6500.0 41945.99106815467
6510.0 45613.0726581391
6520.0 48727.12417050523
6530.0 57290.514524745624
6540.0 63256.21767278973
6550.0 55955.0473156572
6560.0 62277.904618167275
6570.0 58067.85742715494
6580.0 62640.74068650666
6590.0 66176.6436113386
6600.0 65399.47458834375
6610.0 64581.451781764474
6620.0 60817.35261434123
6630.0 59561.79845005195
6640.0 59785.517208987796
6650.0 49230.365707023
6660.0 45738.30045909336
6670.0 53698.39550469362
6680.0 40885.81736665803
6690.0 39536.15950363357
6700.0 44381.94209630482
6710.0 39400.90740514305
6720.0 28398.26884365573
6730.0 35508.175733667
6740.0 38755.13605532487
6750.0 34297.730625884964
6760.0 37434.15137634927
6770.0 45568.72187120122
6780.0 38891.37452768697
6790.0 33889.12093105478
6800.0 39806.52115867803
6810.0 42935.681638714246
6820.0 39501.6470190151
6830.0 46133.5503432592
6840.0 48555.8034831718
6850.0 41317.38224720548
6860.0 40972.33216008223
6870.0 43029.74084385185
6880.0 46908.568287091424
6890.0 45824.348992602674
6900.0 48659.05462656391
6910.0 57678.40422783204
6920.0 51808.88389816325
6930.0 59395.61869635192
6940.0 58775.592366793884
6950.0 67172.7192984134
6960.0 71690.45079018692
6970.0 76504.16334925429
6980.0 81568.3202472852
6990.0 84343.07820212327
7000.0 84672.4544416071
7010.0 93224.94387168302
7020.0 102262.00836413787
7030.0 111368.16563847766
7040.0 128916.23505642365
7050.0 135833.6307267234
7060.0 62776.679112475795
7070.0 80970.61317988142
7080.0 92586.96625329164
7090.0 53798.757712325605
7100.0 51907.666531047624
7110.0 67455.58601521555
7120.0 78489.63276055224
7130.0 31927.0994911795
7140.0 39065.685438374145
7150.0 46508.68255815646
7160.0 51297.93824766196
7170.0 55200.47358971441
7180.0 64768.34737137332
7190.0 79351.91920703206
7200.0 55033.21517226941
7210.0 56435.84922747722
7220.0 73599.76886830715
7230.0 76245.73741890653
7240.0 85185.2537693538
7250.0 104039.0782488103
7260.0 113504.22050176718
7270.0 105125.87047038977
7280.0 105822.98871122792
7290.0 123665.58929531478
7300.0 138527.22090746425
7310.0 145834.2654214345
7320.0 152510.74496839216
7330.0 154944.26809891826
7340.0 160366.98321961326
7350.0 158538.67256238923
7360.0 163938.76974006358
7370.0 184053.9764827491
7380.0 173871.8241524963
7390.0 175869.19086507062
7400.0 175268.9685279891
7410.0 175207.65710123166
7420.0 166390.20342804637
7430.0 177677.7934823461
7440.0 176429.20114458128
7450.0 160262.24149267067
7460.0 164566.35165346257
7470.0 171522.5396281865
7480.0 169253.40751598982
7490.0 171261.71928741504
7500.0 183807.73297595207
7510.0 171879.7078431138
7520.0 179979.7707160834
7530.0 186155.42831834665
7540.0 190843.14472744864
7550.0 200674.20099601493
7560.0 209592.29714965774
7570.0 201293.92837850432
7580.0 209368.57095761117
7590.0 166221.10020938303
7600.0 168649.342823095
7610.0 172009.60234941816
7620.0 195653.40619882566
7630.0 144771.91727649598
7640.0 152505.7657998895
7650.0 153131.2858683545
7660.0 120409.64111922
7670.0 84731.8137883276
7680.0 112007.65432538891
7690.0 119256.25813727092
7700.0 90790.00410724606
7710.0 115189.83816771826
7720.0 130177.56208959135
7730.0 147622.15138960295
7740.0 153751.3194926504
7750.0 122786.33357732145
7760.0 121282.24500478929
7770.0 137318.21536926556
7780.0 132979.7069689311
7790.0 135593.32976703122
7800.0 146022.87247784456
7810.0 163150.82033114566
7820.0 159715.30585841194
7830.0 141568.64834232235
7840.0 138394.19985082778
7850.0 157070.98256052358
7860.0 160815.12842531552
7870.0 162726.2021834902
7880.0 176080.74704171755
7890.0 188562.62569130026
7900.0 180513.8192956339
7910.0 163021.10959256746
7920.0 168576.3367910709
7930.0 179090.269793962
7940.0 183409.18576426842
7950.0 188571.36691819143
7960.0 202087.18077330248
7970.0 200965.15969916646
7980.0 200352.90065031854
7990.0 196774.46117321032
8000.0 203239.60644014867
8010.0 207693.92799561218
8020.0 214831.3343404616
8030.0 219663.45870666177
8040.0 226500.53872322163
8050.0 218162.94955157445
8060.0 234934.8140799621
8070.0 232675.11702813112
8080.0 238912.82782274854
8090.0 250189.34506784275
8100.0 258052.0602266098
8110.0 259945.43056731357
8120.0 260891.1812405549
8130.0 273860.9583249749
8140.0 279897.9619172221
8150.0 288326.5425606526
8160.0 284233.0577981669
8170.0 291580.7648017291
8180.0 240598.8229813287
8190.0 233202.86132020905
8200.0 224344.34710261863
8210.0 249989.39765012375
8220.0 258843.9865906409
8230.0 272195.7665077525
8240.0 274037.9293236285
8250.0 275440.79134792235
8260.0 276098.7263655052
8270.0 261654.13526438607
8280.0 256676.93390115685
8290.0 252020.07938709718
8300.0 246411.78014815474
8310.0 248348.3064484493
8320.0 261329.77530526705
8330.0 242681.08271583816
8340.0 250618.98526180224
8350.0 244256.30483864763
8360.0 247446.29905536142
8370.0 254313.79497829775
8380.0 234135.81669377943
8390.0 229434.59624368057
8400.0 247070.18284556805
8410.0 254311.3005234503
8420.0 247254.70097935523
8430.0 212956.28347809808
8440.0 168364.85911803576
8450.0 143911.4339805945
8460.0 140832.28014587238
8470.0 136050.50565978308
8480.0 156289.89518559136
8490.0 165821.51744763766
8500.0 163413.4909448215
8510.0 152157.33279911772
8520.0 150558.60294708287
8530.0 155216.57046808954
8540.0 162888.4409237945
8550.0 177497.43450498703
8560.0 182910.15792079843
8570.0 187876.47494916795
8580.0 188014.04009118475
8590.0 185340.55021509103
8600.0 184899.54881499457
8610.0 193003.1076555434
8620.0 207252.32312073818
8630.0 205867.29145263004
8640.0 211508.93305564512
8650.0 208921.5816092723
8660.0 199510.88873866625
8670.0 209374.2123515666
8680.0 203443.98811714293
8690.0 203878.77659242775
8700.0 219508.0543675783
8710.0 228085.75822619305
8720.0 230106.17324327354
8730.0 238683.62130144637
8740.0 239286.3554723749
8750.0 241636.5354690574
8760.0 253530.7459024635
8770.0 248915.85893114176
8780.0 260465.39062338969
8790.0 272548.8404523023
8800.0 274292.9755368593
8810.0 271950.0230230277
8820.0 265361.7664639299
8830.0 283223.95028765546
8840.0 289501.853867644
8850.0 300370.9690026266
8860.0 232516.60737959063
8870.0 216059.89556387404
8880.0 227121.92207026298
8890.0 235001.47688273335
8900.0 247676.8881224142
8910.0 261632.53290636122
8920.0 263811.6709919469
8930.0 271548.0617308278
8940.0 248515.50377076594
8950.0 244738.87991135713
8960.0 255382.73046091278
8970.0 263668.81318734976
8980.0 271526.72836370236
8990.0 281548.837513134
9000.0 273349.11130234995
9010.0 282243.51433293027
9020.0 277018.677809488
9030.0 275880.78873077873
9040.0 288835.74725721905
9050.0 292492.31521526445
9060.0 293262.7567089015
9070.0 299247.99700278847
9080.0 302581.0973513526
9090.0 297646.18373692984
9100.0 306492.31308715366
9110.0 309604.39046891127
9120.0 314629.1723207878
9130.0 319744.5503799565
9140.0 321559.08071351785
9150.0 321649.7871930839
9160.0 326920.58412143146
9170.0 327251.3006372638
9180.0 330220.2810836193
9190.0 333164.8205690341
9200.0 329555.1806413216
9210.0 302464.2528845081
9220.0 285363.9697959432
9230.0 271461.9056252214
9240.0 276987.1965913829
9250.0 266627.6287054189
9260.0 276694.00993945467
9270.0 287107.09458133765
9280.0 267663.2940333819
9290.0 252221.43976562298
9300.0 250598.93627784174
9310.0 258693.32445721107
9320.0 251768.77974460478
9330.0 263051.43552826147
9340.0 274910.6817106901
9350.0 263765.33608945156
9360.0 264429.9273243908
9370.0 262069.01804165484
9380.0 265143.4900083041
9390.0 268066.6254667425
9400.0 270488.51309776783
9410.0 279604.7072098104
9420.0 278775.0680874597
9430.0 284203.96045713994
9440.0 277747.18288855243
9450.0 274038.32716208935
9460.0 280268.5198942754
9470.0 289527.31487088895
9480.0 296676.98651990294
9490.0 301805.0836099294
9500.0 300759.63318711973
9510.0 297548.86106468504
9520.0 301555.4175409094
9530.0 303669.4909990729
9540.0 301822.3742526709
9550.0 297560.7511605429
9560.0 312164.23394428456
9570.0 311470.06441242405
9580.0 318260.0055230207
9590.0 317666.9365461989
9600.0 296070.78851563134
9610.0 316826.27436516766
9620.0 324017.2203335149
9630.0 323665.6696140786
9640.0 285106.4024847109
9650.0 304854.2523545755
9660.0 328855.69806002715
9670.0 313931.2303085639
9680.0 303221.0479474577
9690.0 315552.35144018417
9700.0 328166.9056345251
9710.0 311347.6636833168
9720.0 324411.36674882326
9730.0 290750.99761427694
9740.0 298832.56556814775
9750.0 312688.11116651737
9760.0 319827.87262198393
9770.0 307342.06529956864
9780.0 303168.7332460092
9790.0 307846.6155542043
9800.0 328903.33293500385
9810.0 317046.2501413094
9820.0 318868.9625101559
9830.0 310577.91097932565
9840.0 315646.68329111167
9850.0 322386.3871841874
9860.0 326069.3558868488
9870.0 326443.71142847714
9880.0 332126.88927161094
9890.0 334492.9347300885
9900.0 298878.26349489234
9910.0 281916.2666880061
9920.0 283707.2698265226
9930.0 291165.7589239432
9940.0 313278.95666114957
9950.0 317038.53543283156
9960.0 317573.09628488345
9970.0 305827.92709227605
9980.0 309976.97644243826
9990.0 305269.3445761399
10010.0 306663.3813859032
10020.0 308981.94126956054
10030.0 305445.2490750037
10040.0 308521.45463414054
10050.0 297280.40312763414
10060.0 294833.27832322975
10070.0 312691.6052503819
10080.0 316015.6338794853
10090.0 310282.6686030683
10100.0 324146.4850437506
10110.0 313894.13317370747
10120.0 314692.46801262774
10130.0 319669.66051725124
10140.0 309789.8406349746
10150.0 313213.01342738204
10160.0 309043.0979159798
10170.0 315825.7440977244
10180.0 310969.20695228584
10190.0 315533.59918704745
10200.0 319623.2027335486
10210.0 316897.1406104477
10220.0 311937.9601783749
10230.0 314663.60639412655
10240.0 328145.5782961615
10250.0 307506.96883481526
10260.0 297994.42004681914
10270.0 303703.5979083881
10280.0 300236.1074264022
10290.0 312765.8444202968
10300.0 306453.0981100687
10310.0 318379.9592426593
10320.0 308413.79195368395
10330.0 315623.9812322749
10340.0 278961.89011774666
10350.0 307179.0178077717
10360.0 319418.18510853674
10370.0 327060.9940421771
10380.0 313215.8795736179
10390.0 314211.92391872656
10400.0 306945.119086474
10410.0 313704.1780479768
10420.0 319222.00858409476
10430.0 314638.44072857563
10440.0 328449.7966749224
10450.0 327800.13129609707
10460.0 327281.53972059017
10470.0 313853.49473980063
10480.0 320272.1313424581
10490.0 326036.5495090878
10500.0 315967.64406207285
10510.0 319723.3117344684
10520.0 319230.4407391245
10530.0 336135.7012919178
10540.0 325593.30836182233
10550.0 327029.9814380521
10560.0 327154.7307387065
10570.0 321398.0360121615
10580.0 322529.4728402265
10590.0 324589.01118421525
10600.0 331767.26562627946
10610.0 325758.699371202
10620.0 325710.0895001302
10630.0 332731.66775418405
10640.0 329254.4928646586
10650.0 324653.2427292343
10660.0 316688.4541731106
10670.0 326236.5294022753
10680.0 322250.3889902337
10690.0 328847.3559849739
10700.0 330200.35769786336
10710.0 333189.2803581452
10720.0 333091.06301528186
10730.0 316645.855520492
10740.0 335858.551934483
10750.0 328839.92226946197
10760.0 330916.1671294703
10770.0 338771.22288131993
10780.0 339049.4952795513
10790.0 332369.8676554272
10800.0 329640.5844113305
10810.0 326343.46658625646
10820.0 335295.31691931933
10830.0 335404.444417294
10840.0 335752.1218112097
10850.0 335398.7395003528
10860.0 327847.66078775015
10870.0 336272.0324623446
10880.0 338823.0411906655
10890.0 333604.1361739816
10900.0 336862.2414409566
10910.0 329260.29592657695
10920.0 332732.4424991063
10930.0 333698.98538966227
10940.0 338568.020204888
10950.0 332511.3983980167
10960.0 324721.8400591915
10970.0 327866.38539335364
10980.0 328378.66707882757
10990.0 332637.6622184991
11000.0 328643.58596241963
11010.0 327229.16527639
11020.0 322138.3385560704
11030.0 314396.071292767
11040.0 314899.34569075756
11050.0 304849.03152613464
11060.0 313749.0802089302
11070.0 313157.587753057
11080.0 308189.21755962283
11090.0 320279.0748925061
11100.0 319698.6187621917
11110.0 311817.63950778666
11120.0 310294.57814736007
11130.0 318914.1485281842
11140.0 322194.12694107264
11150.0 310415.1080449783
11160.0 317728.03774254356
11170.0 317662.6315136957
11180.0 322881.2453755799
11190.0 312931.0822403577
11200.0 312209.9419496323
11210.0 322146.8725401155
11220.0 317139.00133512146
11230.0 326217.50602814654
11240.0 325025.62502332684
11250.0 304984.6812578484
11260.0 317049.6661488077
11270.0 327928.7598187252
11280.0 320133.3417001174
11290.0 320823.0712163714
11300.0 311319.1999578753
11310.0 321022.2325217533
11320.0 324174.83877964685
11330.0 317990.84533895866
11340.0 313954.93429184705
11350.0 320508.72678987397
11360.0 319448.5799855986
11370.0 309776.29563504946
11380.0 276288.4222929394
11390.0 308907.48602845054
11400.0 268664.6640632189
11410.0 296999.02596996847
11420.0 310222.61645696725
11430.0 319382.72484637087
11440.0 308398.7254700769
11450.0 315338.0021562131
11460.0 320009.63274503796
11470.0 318284.3429984853
11480.0 316110.5522789064
11490.0 321860.17547132296
11500.0 324759.8911520233
11510.0 319908.27558694896
11520.0 320343.4180021977
11530.0 322723.25274032017
11540.0 314924.74108104204
11550.0 321897.8512038823
11560.0 322083.2680808012
11570.0 321687.4481680628
11580.0 323153.86841597816
11590.0 306523.12217435264
11600.0 319173.9324581362
11610.0 292995.67767775885
11620.0 320579.6494030583
11630.0 320254.29735715466
11640.0 306195.4563580676
11650.0 319398.06106255826
11660.0 318382.4068618433
11670.0 320839.9527083307
11680.0 318169.7580591271
11690.0 284513.0159423582
11700.0 318860.15996727825
11710.0 318722.6379135841
11720.0 317502.217654424
11730.0 317615.3482905058
11740.0 313508.7391012977
11750.0 312677.36688361265
11760.0 310737.708927914
11770.0 268275.090938891
11780.0 293922.30708031025
11790.0 314465.4205450959
11800.0 312276.3113463697
11810.0 311738.5044083849
11820.0 313185.465221799
11830.0 298947.0659038192
11840.0 315650.6683460597
11850.0 312170.9437988699
11860.0 314090.73374840384
11870.0 315552.20160110475
11880.0 279323.9733451315
11890.0 304183.1154383408
11900.0 315897.9034646841
11910.0 310648.76763537456
11920.0 315160.04639344855
11930.0 315337.80137692194
11940.0 310930.10647459084
11950.0 300179.67911841546
11960.0 302837.17152979854
11970.0 275943.187550532
11980.0 304349.3678724967
11990.0 307351.77987604216
12000.0 309570.8287247942
12010.0 312765.6221630907
12020.0 308147.92070848175
12030.0 304784.586411886
12040.0 314645.0868802587
12050.0 309302.6000565827
12060.0 314814.9714880983
12070.0 307932.12103713455
12080.0 309787.3631325018
12090.0 306590.80617853126
12100.0 313244.97096734954
12110.0 307776.9297642487
12120.0 310540.171230598
12130.0 306947.9286155741
12140.0 315514.05399597064
12150.0 315261.7236865012
12160.0 309595.8591458206
12170.0 313977.02578769403
12180.0 313845.1988566985
12190.0 311558.959130691
12200.0 311301.15922561905
12210.0 310771.43861183146
12220.0 311292.76582919736
12230.0 312627.2390169138
12240.0 312934.2571752567
12250.0 313579.5071248349
12260.0 314696.92645122786
12270.0 311088.0484156861
12280.0 314373.04213667364
12290.0 311443.0540895214
12300.0 312597.08245766757
12310.0 311291.6272877565
12320.0 307697.64597999066
12330.0 309496.51687381987
12340.0 310364.3971062969
12350.0 312334.37112488865
12360.0 309281.50876517897
12370.0 311948.3952582537
12380.0 313301.7434539641
12390.0 307073.9585067333
12400.0 308682.1059245491
12410.0 304057.4231790716
12420.0 295039.7130825674
12430.0 285066.89487714064
12440.0 299627.6690878781
12450.0 303109.5935718514
12460.0 304547.31508008006
12470.0 303247.24131162075
12480.0 303649.36629905115
12490.0 305970.53324576025
12500.0 303283.13245095336
12510.0 302397.6645580655
12520.0 282483.53342038026
12530.0 301706.73118464526
12540.0 304656.34752374963
12550.0 304984.58820269554
12560.0 299947.8229846054
12570.0 301394.08658271295
12580.0 301974.6233850952
12590.0 296734.55141637486
12600.0 301704.59490261896
12610.0 302090.29120601737
12620.0 300207.0785561331
12630.0 299427.23832714034
12640.0 297023.7292861929
12650.0 303293.9484401057
12660.0 302728.39917172876
12670.0 298493.7210728732
12680.0 293102.6826173126
12690.0 303435.8234933958
12700.0 300700.2741710499
12710.0 302557.8513915028
12720.0 303121.8802540283
12730.0 302310.4332150558
12740.0 294713.8256447656
12750.0 300072.09663572686
12760.0 304792.6192849
12770.0 301139.22539368673
12780.0 299123.43292238057
12790.0 303115.1405902291
12800.0 301519.7965122741
12810.0 299788.644566594
12820.0 277583.62221126485
12830.0 289909.4427420254
12840.0 298220.5507303814
12850.0 292562.7074243103
12860.0 295909.3909124369
12870.0 298111.1326640156
12880.0 296414.19245873345
12890.0 297460.415025652
12900.0 282844.6504596301
12910.0 292341.1542460692
12920.0 297780.50789883366
12930.0 297956.0786203422
12940.0 299245.83390972705
12950.0 297813.8524537258
12960.0 299564.4356094619
12970.0 298417.4700045837
12980.0 295705.3843506147
12990.0 297353.2402670859
13000.0 300266.5452470155
13010.0 293433.7846286184
13020.0 299989.37037938344
13030.0 296513.69252376613
13040.0 299265.6984001939
13050.0 297988.36237129994
13060.0 297658.00018722785
13070.0 295301.83835375524
13080.0 291611.2465017753
13090.0 290309.80663530284
13100.0 296180.01849277504
13110.0 293969.2640945029
13120.0 258420.6042657274
13130.0 279788.53997048584
13140.0 288897.35052894376
13150.0 259962.86130615918
13160.0 292635.0382043351
13170.0 293043.57415872754
13180.0 291436.6891619962
13190.0 294620.60726376757
13200.0 290672.63483628596
13210.0 289314.7450053051
13220.0 290637.2404615259
13230.0 290461.2621274766
13240.0 291954.20720066957
13250.0 281950.3357435701
13260.0 289061.9726445829
13270.0 280869.1403329203
13280.0 283263.53026673367
13290.0 271954.46987048246
13300.0 280962.1304530493
13310.0 273319.7662303238
13320.0 242161.0567678947
13330.0 273535.6052083557
13340.0 247750.41514366397
13350.0 228065.4296077871
13360.0 243825.5797047898
13370.0 235452.63403824376
13380.0 245194.37867613373
13390.0 248770.8150097417
13400.0 244048.04059892998
13410.0 242311.4988976676
13420.0 233222.94901657707
13430.0 233925.09375717846
13440.0 228155.28970469872
13450.0 248296.4639772705
13460.0 242368.51855797163
13470.0 237062.12374386154
13480.0 240501.29198560325
13490.0 248852.16964417748
13500.0 217493.1508768656
13510.0 244789.88560662483
13520.0 234371.57108500192
13530.0 238639.64517742165
13540.0 228617.98480531876
13550.0 230094.5694475575
13560.0 244794.78209231544
13570.0 235572.91490991923
13580.0 232632.94302667616
13590.0 229587.60820255333
13600.0 239864.2713460326
13610.0 233099.5357881275
13620.0 221074.86170880412
13630.0 229124.31988571456
13640.0 224020.00938186422
13650.0 236543.50387605728
13660.0 231762.78264669748
13670.0 236836.79297778828
13680.0 229885.48282139507
13690.0 232638.3985011919
13700.0 234529.90397614703
13710.0 219724.6528306779
13720.0 240598.13338346189
13730.0 229474.9153266578
13740.0 234599.69714371374
13750.0 233521.0828942359
13760.0 231325.51638297274
13770.0 239002.17157789035
13780.0 231366.85738505007
13790.0 234182.10190236362
13800.0 238176.72028894039
13810.0 241633.64005000464
13820.0 225896.77083925626
13830.0 236124.80339102296
13840.0 238029.37031409764
13850.0 234735.3031260647
13860.0 221399.47960893836
13870.0 238933.18205920025
13880.0 225702.08603674718
13890.0 233338.55968150418
13900.0 216777.72481875028
13910.0 214280.5689998033
13920.0 212956.32892339726
13930.0 218653.13929371664
13940.0 223321.71101286556
13950.0 214858.2998479046
13960.0 226941.23895693754
13970.0 214616.38112148433
13980.0 209484.07328777542
13990.0 220770.645703891
14000.0 205814.3561758623
14010.0 215694.18295307143
14020.0 220453.24299013347
14030.0 224418.87768930878
14040.0 215613.8427448898
14050.0 215553.26393608272
14060.0 220248.3911889054
14070.0 211747.1694352584
14080.0 211800.63424529874
14090.0 210622.8377799913
14100.0 209680.03692546242
14110.0 211167.87367915123
14120.0 207304.34255755073
14130.0 214004.58254058595
14140.0 197539.6018666609
14150.0 211198.5715531984
14160.0 208531.7749657916
14170.0 196009.7543457779
14180.0 204045.6387658668
14190.0 194363.89214492988
14200.0 210825.565693143
14210.0 207241.00325075473
14220.0 203819.76381546908
14230.0 202835.3284180054
14240.0 202651.19742949362
14250.0 199401.39120467874
14260.0 198325.7568101773
14270.0 198518.78251355118
14280.0 196601.56536417396
14290.0 196686.91714090965
14300.0 211646.47190649994
14310.0 203244.23920794128
14320.0 200736.90417657612
14330.0 206283.68006261584
14340.0 197430.11737204407
14350.0 200499.16468957352
14360.0 202792.98975363962
14370.0 208603.83640931945
14380.0 203853.06033845598
14390.0 195419.18528722064
14400.0 208434.91347990942
14410.0 193599.50390824265
14420.0 203944.31032019926
14430.0 213774.4931249708
14440.0 201219.9887982488
14450.0 198114.67791196296
14460.0 205909.5837320238
14470.0 196911.8158468007
14480.0 205455.47166094527
14490.0 209960.63705447048
14500.0 195768.63427777056
14510.0 204289.3897734876
14520.0 211582.20420830802
14530.0 201395.48220963424
14540.0 203726.16593561287
14550.0 208590.22694002013
14560.0 193518.99791392667
14570.0 199342.07837062175
14580.0 210971.28107930854
14590.0 206024.84625209033
14600.0 199809.52176560106
14610.0 196602.06235841522
14620.0 197706.56212532878
14630.0 194448.7379583027
14640.0 201277.86093706108
14650.0 205286.31281246757
14660.0 198420.1757513322
14670.0 193250.12935203486
14680.0 190002.80148340558
14690.0 191830.9768548424
14700.0 192768.10336665064
14710.0 197772.66578093846
14720.0 200662.37091830524
14730.0 200226.24718069722
14740.0 187984.031817243
14750.0 192360.51897605433
14760.0 198437.70267244958
14770.0 189121.21054081948
14780.0 199785.3702758262
14790.0 195671.37750319275
14800.0 191143.99447396625
14810.0 191836.7359232429
14820.0 193781.26666063574
14830.0 201120.70426324123
14840.0 195412.24482524637
14850.0 195636.58221415008
14860.0 199359.04056662007
14870.0 195887.13324944995
14880.0 188906.98102395883
14890.0 197584.90971629551
14900.0 191953.4487332709
14910.0 201780.7028732618
14920.0 192447.37283143148
14930.0 200824.87153150453
14940.0 193228.40929749882
14950.0 194986.18343331452
14960.0 197493.07980432065
14970.0 201832.53752800118
14980.0 202852.34585462295
14990.0 198464.8068812895
15000.0 189930.25642549407
15010.0 196309.11753156496
15020.0 186453.47132782737
15030.0 196823.80454666028
15040.0 199106.7056522737
15050.0 194495.6348167305
15060.0 198038.40620179605
15070.0 196558.02508317857
15080.0 195072.65473136964
15090.0 205187.97179121125
15100.0 197176.09192626775
15110.0 198236.66629326477
15120.0 201163.62917648294
15130.0 187827.62068348823
15140.0 207122.15876329984
15150.0 198285.82392751623
15160.0 193291.0683320776
15170.0 184014.15004162403
15180.0 204005.6669158618
15190.0 198538.96682601047
15200.0 198186.17137540726
15210.0 208395.86455386825
15220.0 198630.0621959677
15230.0 207592.9795727587
15240.0 194244.27869816823
15250.0 197474.16276309418
15260.0 190093.2389448128
15270.0 198914.53921989384
15280.0 192957.31522526534
15290.0 203795.8783972262
15300.0 202853.97612348327
15310.0 200852.65147950564
15320.0 185991.3562488521
15330.0 196515.95890799537
15340.0 200618.97168195917
15350.0 197645.1232368129
15360.0 202095.0000236748
15370.0 198228.95219354876
15380.0 195923.36722507596
15390.0 197717.14659628205
15400.0 192798.30266780683
15410.0 196782.55263189826
15420.0 190315.45150588948
15430.0 195066.70453422228
15440.0 197749.34053129778
15450.0 202892.63961652704
15460.0 200587.49892107653
15470.0 195040.45820582047
15480.0 198440.60386743143
15490.0 202942.99704984773
15500.0 192734.32715542274
15510.0 196491.75049657817
15520.0 204562.88121061763
15530.0 197740.21055172704
15540.0 191981.9762159675
15550.0 201381.0217837933
15560.0 198893.1383157618
15570.0 192138.45569606565
15580.0 195362.4162178431
15590.0 200370.39603238026
15600.0 198019.3336557108
15610.0 197938.77959049688
15620.0 202245.1859522366
15630.0 200788.34419419258
15640.0 203322.69988689883
15650.0 190075.94747835502
15660.0 198050.8693704961
15670.0 206344.37544369357
15680.0 205858.26707766176
15690.0 199272.38822378294
15700.0 198812.02159491266
15710.0 203177.1015344363
15720.0 194992.17195732277
15730.0 197457.6362888728
15740.0 206279.9978409753
15750.0 202024.65479733454
15760.0 197416.69139393832
15770.0 203568.71686248586
15780.0 196665.04577580147
15790.0 206460.2301356224
15800.0 200605.2617232718
15810.0 204487.9267136703
15820.0 205775.55466499217
15830.0 202588.4094371753
15840.0 198527.4445957639
15850.0 203093.30015075475
15860.0 206559.1198825883
15870.0 206244.34535307114
15880.0 204906.33740742796
15890.0 199063.97278953783
15900.0 200405.30519810988
15910.0 201218.00358817884
15920.0 204582.63283762717
15930.0 202714.22639098638
15940.0 204680.1624498147
15950.0 208604.51588066132
15960.0 208513.10353348547
15970.0 203691.73285476211
15980.0 205502.01091327585
15990.0 203093.7153253276
16000.0 204885.38792892764
16010.0 207938.17976794444
16020.0 206100.58197404648
16030.0 207553.1945545461
16040.0 199494.1774973979
16050.0 205530.88430881983
16060.0 200744.0982870624
16070.0 204446.788015798
16080.0 205629.7021730952
16090.0 206938.32668866837
16100.0 205378.8615707149
16110.0 207083.85444466458
16120.0 204100.5424227987
16130.0 203934.92662727827
16140.0 201765.47368400454
16150.0 194787.2513956214
16160.0 196948.85844101998
16170.0 208885.4149867775
16180.0 206212.26099931536
16190.0 193917.57103456734
16200.0 189651.132653466
16210.0 200556.58905667122
16220.0 205412.0517459096
16230.0 204806.1605925412
16240.0 207154.696922163
16250.0 202053.83847095334
16260.0 203225.57147759007
16270.0 208850.1595872052
16280.0 208071.4177234819
16290.0 208186.38564554343
16300.0 207507.38400882095
16310.0 205425.4244378752
16320.0 205154.67706520355
16330.0 211595.79484863963
16340.0 206537.90664144472
16350.0 202532.44831345527
16360.0 205007.39099594433
16370.0 208611.19731295423
16380.0 208001.01329844052
16390.0 207420.85135656476
16400.0 207549.3137179608
16410.0 204791.50818601882
16420.0 208179.4828141811
16430.0 208960.83834995847
16440.0 206655.25502050185
16450.0 207019.1520243784
16460.0 206467.55100597875
16470.0 209297.65460802108
16480.0 211509.74501183667
16490.0 206737.83396543315
16500.0 208538.1219777649
16510.0 207373.53190319025
16520.0 208840.8002465119
16530.0 206679.8198649285
16540.0 206426.88100294085
16550.0 210477.16663100323
16560.0 213022.79376560758
16570.0 210112.34121741043
16580.0 207239.7289853574
16590.0 209016.5370648118
16600.0 208255.40520071634
16610.0 204737.25417599466
16620.0 208348.3042320537
16630.0 209703.5916597775
16640.0 209707.82910898337
16650.0 208915.44414662683
16660.0 205071.6613389511
16670.0 204852.9381407731
16680.0 210200.91916381757
16690.0 209418.19048808079
16700.0 204681.82517482564
16710.0 203554.21073032252
16720.0 195924.98439115047
16730.0 206368.60988303446
16740.0 207629.04448340207
16750.0 191350.77869783225
16760.0 203159.08670437458
16770.0 205337.81383578005
16780.0 209764.85500284785
16790.0 209515.83312588496
16800.0 208564.05409606438
16810.0 208302.80980781984
16820.0 208097.04340318387
16830.0 208509.27702723365
16840.0 206135.6062738753
16850.0 206329.6958106024
16860.0 206073.82535551445
16870.0 201903.5524282877
16880.0 200344.91215384912
16890.0 200711.43974917463
16900.0 200268.09674439495
16910.0 203725.25333132432
16920.0 198200.23997059735
16930.0 207185.25162600854
16940.0 201693.77356656568
16950.0 201386.53591854076
16960.0 201616.43277705897
16970.0 195572.61133253708
16980.0 202300.838281707
16990.0 198619.45825897978
17000.0 196384.24454812202
17010.0 199946.0459510276
17020.0 198606.9607960259
17030.0 198020.64126989598
17040.0 195169.24057984247
17050.0 190832.76363451112
17060.0 196308.03656825345
17070.0 190645.58433712876
17080.0 186380.8239495393
17090.0 193569.02266118425
17100.0 185858.4166887281
17110.0 176741.5889233381
17120.0 188358.33096041583
17130.0 188305.0235318378
17140.0 183018.82634367596
17150.0 188276.4244469713
17160.0 183793.4228240489
17170.0 182946.00147874778
17180.0 178049.53254602914
17190.0 178367.03976206412
17200.0 185170.75907659307
17210.0 179734.8588175112
17220.0 184198.15458838773
17230.0 172472.49530333598
17240.0 181990.69177934586
17250.0 187361.41864985882
17260.0 171837.9657859509
17270.0 177512.15718842077
17280.0 181324.68085115615
17290.0 175061.38699752605
17300.0 187071.7296347182
17310.0 170249.1517409166
17320.0 170383.64183658303
17330.0 179763.08153365785
17340.0 167876.13649660666
17350.0 167550.8858989491
17360.0 176202.40731342818
17370.0 173032.71530598443
17380.0 169958.0161226563
17390.0 171742.06470901746
17400.0 166863.73675834245
17410.0 172515.04099545686
17420.0 168283.62277158385
17430.0 168202.38029208878
17440.0 168258.83006842918
17450.0 167948.7814538615
17460.0 168073.79562700586
17470.0 166132.4209255168
17480.0 169052.58015122617
17490.0 164731.5422439328
17500.0 155161.44502082438
17510.0 164906.71403841444
17520.0 166881.14731073542
17530.0 163769.77282931312
17540.0 160871.34340240853
17550.0 156474.77619049576
17560.0 149691.94562024513
17570.0 161393.48029596746
17580.0 153340.7699821496
17590.0 158671.26791304382
17600.0 157535.87735116275
17610.0 161275.28878663506
17620.0 148185.10916930306
17630.0 158125.11006956184
17640.0 154483.8632183506
17650.0 158984.5960251259
17660.0 160874.72383231684
17670.0 148230.9841200771
17680.0 143418.91561570307
17690.0 161429.45294260717
17700.0 154694.25312299494
17710.0 148691.2315447229
17720.0 141604.9316516676
17730.0 151214.9353400024
17740.0 150589.01434529462
17750.0 147924.3975030849
17760.0 138836.18656132615
17770.0 147910.72702426568
17780.0 146039.74495069106
17790.0 137858.82777563372
17800.0 154999.19043625094
17810.0 133660.17874315486
17820.0 138163.08453314015
17830.0 148387.44346451474
17840.0 148896.46582193635
17850.0 137732.83492683727
17860.0 138701.55505875094
17870.0 136171.71423015537
17880.0 140006.03667045065
17890.0 145900.20523029266
17900.0 143111.58554268998
17910.0 133594.4171330625
17920.0 138197.78366860736
17930.0 136671.29963318497
17940.0 137148.2312054091
17950.0 143928.260718277
17960.0 125860.73161155381
17970.0 144392.92827128983
17980.0 146666.71065729903
17990.0 127747.85240458035
18000.0 130554.96060460202
18010.0 131426.92590290282
18020.0 132262.47393602555
18030.0 130598.30669459482
18040.0 137973.7803685375
18050.0 128437.22329624835
18060.0 139113.45271468308
18070.0 126774.58415388163
18080.0 129111.37095336565
18090.0 136669.73732974502
18100.0 127832.06704125297
18110.0 130041.62004554724
18120.0 122348.3625485128
18130.0 135543.96051640104
18140.0 141721.55875090443
18150.0 132163.17455567708
18160.0 139354.30248423654
18170.0 124872.35102614276
18180.0 127402.56526327344
18190.0 124275.57332827273
18200.0 128805.03127459115
18210.0 124844.99598655166
18220.0 123616.37877459511
18230.0 140204.28022049266
18240.0 136457.0182175805
18250.0 130629.00886628726
18260.0 119737.93378302375
18270.0 120554.7755730472
18280.0 132065.1198893523
18290.0 133999.82580096478
18300.0 126664.78559531378
18310.0 129525.1692459185
18320.0 116517.71010691086
18330.0 128106.86895366745
18340.0 128041.95243554305
18350.0 126959.18827323009
18360.0 129399.40521243437
18370.0 117794.16862047276
18380.0 131163.92717266834
18390.0 116857.88779382891
18400.0 125958.60904915363
18410.0 133332.4315676894
18420.0 116746.67182284864
18430.0 118838.18890002031
18440.0 113776.11282966295
18450.0 122346.07654906476
18460.0 118553.7590101092
18470.0 113326.48537570119
18480.0 107915.23859826701
18490.0 120540.13954123683
18500.0 117073.64991725302
18510.0 124307.58940526929
18520.0 125962.59351062411
18530.0 111251.87321904949
18540.0 118420.06046350164
18550.0 121924.10919928446
18560.0 106530.10357868827
18570.0 109122.37884673828
18580.0 106543.0367017862
18590.0 106798.5420166366
18600.0 107031.4862979639
18610.0 107717.33803859825
18620.0 116621.62579305239
18630.0 116839.58128731305
18640.0 115749.11147655768
18650.0 105893.43205847306
18660.0 121283.95695109892
18670.0 113468.86029517115
18680.0 111661.29378741547
18690.0 118897.7746399758
18700.0 118403.67467265514
18710.0 111634.89090100501
18720.0 114413.8172757193
18730.0 102247.5583799606
18740.0 116403.21709156428
18750.0 116472.99193450129
18760.0 112256.11681119425
18770.0 111109.26600278422
18780.0 107230.83269642612
18790.0 109857.64780375903
18800.0 120008.8470196568
18810.0 113271.0666987337
18820.0 119442.27557881914
18830.0 123447.08294137927
18840.0 115194.24148338857
18850.0 108607.43999043532
18860.0 114226.27472694515
18870.0 121633.0279858714
18880.0 112137.41056406408
18890.0 117556.35702514822
18900.0 117242.32803675685
18910.0 109834.89828531953
18920.0 103549.92902868401
18930.0 112004.20189682301
18940.0 110358.82865484165
18950.0 119376.5544886224
18960.0 114134.1705617386
18970.0 115687.26361535005
18980.0 106919.70809252546
18990.0 119525.28956316797
19000.0 120769.38918818076
19010.0 112193.63902507584
19020.0 116081.32817494683
19030.0 112713.27714878929
19040.0 117622.03110223143
19050.0 113286.07535119854
19060.0 109481.04537210347
19070.0 116533.63610971419
19080.0 118298.69224452983
19090.0 115254.68230253592
19100.0 111719.4838642378
19110.0 104488.22409654043
19120.0 116769.48183354587
19130.0 117368.69473341588
19140.0 117585.9542594469
19150.0 115887.63501607945
19160.0 107595.25211009505
19170.0 112256.31356781478
19180.0 112226.2351867427
19190.0 114025.68324518781
19200.0 111195.8989203415
19210.0 114421.39303575335
19220.0 109152.84920717675
19230.0 112209.46827342504
19240.0 110728.11435028333
19250.0 113943.1591182864
19260.0 104907.6940436343
19270.0 115654.39712924318
19280.0 113599.69610079775
19290.0 108287.55169853651
19300.0 101815.27735428617
19310.0 86035.3310845659
19320.0 107162.77297467882
19330.0 107032.79702109205
19340.0 113220.61322938067
19350.0 112944.78959059648
19360.0 114424.83406407933
19370.0 113141.08879668587
19380.0 104507.32163090771
19390.0 106583.58062319162
19400.0 107479.79577389937
19410.0 110450.04045742603
19420.0 112162.25925142712
19430.0 101351.79352664333
19440.0 101048.63692162876
19450.0 84806.77054579531
19460.0 100865.60699920522
19470.0 107956.02556815297
19480.0 102164.65642662311
19490.0 106452.83836644626
19500.0 98216.32119293124
19510.0 91469.47514855035
19520.0 106622.87570730667
19530.0 108699.901646598
19540.0 108360.87957290087
19550.0 101885.3135228245
19560.0 105136.44526159378
19570.0 115271.28902403361
19580.0 112722.73293713873
19590.0 109587.02900004116
19600.0 103643.85019744145
19610.0 108157.51135819792
19620.0 110082.90804455415
19630.0 99851.2633904884
19640.0 109806.65545097507
19650.0 107016.2253743506
19660.0 112035.51244266517
19670.0 104800.53166176913
19680.0 107774.76002200063
19690.0 108380.13853003569
19700.0 112018.129560252
19710.0 102920.96381437582
19720.0 110279.7577184912
19730.0 101338.65674423361
19740.0 107068.96213511811
19750.0 93799.69073056575
19760.0 96791.57946696373
19770.0 91135.81381382537
19780.0 80130.83536936155
19790.0 96649.22824750128
19800.0 95869.32748912608
19810.0 100635.6855111673
19820.0 98787.61235870734
19830.0 103055.65183326698
19840.0 101048.85344412482
19850.0 96835.28919736265
19860.0 85322.79008954739
19870.0 100212.98043436809
19880.0 101564.17229017768
19890.0 98562.19850954971
19900.0 96609.98990142316
19910.0 98456.52891824083
19920.0 97750.86792806642
19930.0 100269.00507724349
19940.0 98696.47936244273
19950.0 100279.26278256373
19960.0 104836.70134074103
19970.0 91870.89940622998
19980.0 105616.48107103717
19990.0 98465.13629550522
20010.0 102254.52490925051
20020.0 99930.98902416187
20030.0 102692.98527433889
20040.0 99113.87966089133
20050.0 101542.67417920542
20060.0 100053.60883362497
20070.0 102143.50961647846
20080.0 98440.45453556038
20090.0 99084.39758758296
20100.0 95154.26509589943
20110.0 99002.97037121099
20120.0 99359.43410270491
20130.0 95480.8739653489
20140.0 105114.10595753018
20150.0 99068.0560801447
20160.0 96935.20433163208
20170.0 96459.65071161772
20180.0 98513.02922205473
20190.0 92501.69585757602
20200.0 96408.46355813571
20210.0 103835.36723497455
20220.0 97971.3499744362
20230.0 100284.65484103044
20240.0 100782.4058375836
20250.0 97402.47695953061
20260.0 94322.28820756577
20270.0 93800.41758519878
20280.0 100761.63908831301
20290.0 94712.1227186156
20300.0 96818.53819307023
20310.0 98985.73835106821
20320.0 102093.67435843976
20330.0 98081.08570469006
20340.0 98083.67874515307
20350.0 92578.76112548848
20360.0 98570.33963120339
20370.0 99932.41826123348
20380.0 98284.66101179247
20390.0 92362.53788660654
20400.0 96397.38488662195
20410.0 95880.53992221788
20420.0 100954.54642814332
20430.0 95680.25697337984
20440.0 91196.20763963897
20450.0 93546.13042538443
20460.0 98765.07933376098
20470.0 100753.24036399767
20480.0 93761.3975123901
20490.0 90182.67078080463
20500.0 98026.03817186526
20510.0 99462.61441118913
20520.0 97649.4865623467
20530.0 96937.88756098029
20540.0 89981.0846765446
20550.0 95642.18991422204
20560.0 98232.95326470549
20570.0 96500.70773119199
20580.0 100148.15231462671
20590.0 96844.68101652608
20600.0 94600.5718316954
20610.0 97190.82891185874
20620.0 94325.09343630039
20630.0 90955.78822514633
20640.0 90754.83012788437
20650.0 92849.79014716164
20660.0 99198.427280666
20670.0 93104.79653060716
20680.0 96790.88789373398
20690.0 92112.12437371655
20700.0 101509.87798508024
20710.0 92738.78146435703
20720.0 94942.01244843358
20730.0 91951.6453384015
20740.0 94568.24634548082
20750.0 96102.43346047282
20760.0 90776.59669117413
20770.0 96101.71203325537
20780.0 95475.16005532337
20790.0 95419.18305685325
20800.0 96396.31073577404
20810.0 90212.14052924082
20820.0 96615.11461150233
20830.0 94632.07950383976
20840.0 94543.45268483511
20850.0 92448.57997633505
20860.0 95450.18537991894
20870.0 93506.16088925238
20880.0 94526.54651108847
20890.0 90373.9202395899
20900.0 97163.8440781395
20910.0 95418.88402515832
20920.0 99237.09969392487
20930.0 92734.03193086827
20940.0 92834.59188838775
20950.0 94829.18395553455
20960.0 91835.05412869321
20970.0 93517.35041278812
20980.0 97539.52279945546
20990.0 91248.23329599953
21000.0 95758.20189725395
21010.0 94528.51660790993
21020.0 93939.38542018233
21030.0 95030.30773395706
21040.0 95681.29462764916
21050.0 92880.61501835888
21060.0 96823.90151582184
21070.0 94076.73219841815
21080.0 90291.76582393312
21090.0 94706.94063636364
21100.0 97307.55355102387
21110.0 92127.94157119255
21120.0 92043.22269877484
21130.0 95455.58390948853
21140.0 97280.51825677515
21150.0 93603.92669013873
21160.0 94813.80022985402
21170.0 89848.19531236541
21180.0 97033.14861369804
21190.0 93897.07745905023
21200.0 93626.54140686992
21210.0 95492.58345594486
21220.0 95551.46760606683
21230.0 93135.92186097961
21240.0 97176.81200425231
21250.0 94233.22166670328
21260.0 93765.6032227583
21270.0 91463.573879381
21280.0 93053.97463479012
21290.0 92972.34549187082
21300.0 94351.63844747291
21310.0 97044.10450322682
21320.0 94017.50665715366
21330.0 96155.01691029356
21340.0 92839.075264121
21350.0 96648.6337141899
21360.0 93971.15826504707
21370.0 93620.88691159843
21380.0 92883.54765733547
21390.0 95113.42250213861
21400.0 91855.80344301881
21410.0 95441.36447930738
21420.0 91804.57961477604
21430.0 97798.24684872577
21440.0 96706.1764944056
21450.0 95501.89561038888
21460.0 96665.61312394931
21470.0 95226.0377412061
21480.0 92997.15045411508
21490.0 93321.74526264597
21500.0 92246.8121683083
21510.0 95184.22516678195
21520.0 93337.59825958079
21530.0 95128.3586621694
21540.0 95409.45273161195
21550.0 94135.666109828
21560.0 93867.71177034355
21570.0 96008.46951106445
21580.0 96010.59153517566
21590.0 94247.65364974951
21600.0 94032.8158570092
21610.0 96743.33015483405
21620.0 93894.80454455286
21630.0 93756.07102247383
21640.0 96032.50559243954
21650.0 94100.30425415198
21660.0 95296.84700514673
21670.0 95249.9073243142
21680.0 96923.33808215661
21690.0 96746.98440908758
21700.0 92327.08682835588
21710.0 94864.51333642616
21720.0 93857.29393599027
21730.0 94808.53662589258
21740.0 95394.0914060016
21750.0 93198.00827506861
21760.0 93412.26723294627
21770.0 94216.79428099823
21780.0 91416.8212334248
21790.0 94481.71498371508
21800.0 93307.30151207506
21810.0 96025.28838110414
21820.0 92758.74121163393
21830.0 93650.85913071151
21840.0 94228.23313787936
21850.0 95112.438234747
21860.0 94141.4534179236
21870.0 94155.58568872865
21880.0 94692.95004786277
21890.0 94088.36857013158
21900.0 92333.05075593678
21910.0 94819.75410478913
21920.0 93771.49453988507
21930.0 93642.28205923444
21940.0 94198.19066510772
21950.0 94918.09335579534
21960.0 95079.50913317685
21970.0 93760.90599605736
21980.0 94905.86294315218
21990.0 94382.94597343198
22000.0 94456.66383010935
22010.0 93822.66859879917
22020.0 93944.78419001668
22030.0 92194.87986774558
22040.0 93861.00762874367
22050.0 89712.1724735407
22060.0 84162.10740213205
22070.0 93157.93841336921
22080.0 86072.80550977254
22090.0 92218.88668781443
22100.0 93511.80194975427
22110.0 93714.55609341782
22120.0 94660.49695863173
22130.0 93831.17970525642
22140.0 94754.85553462528
22150.0 93558.97044631936
22160.0 93909.69343895359
22170.0 93107.2801064135
22180.0 94925.536670608
22190.0 92537.7829100332
22200.0 92438.36122860933
22210.0 90701.34962695763
22220.0 94649.7981894925
22230.0 91754.07821163686
22240.0 96212.70277509345
22250.0 95672.79022749209
22260.0 93015.19576256987
22270.0 91124.41737856758
22280.0 91270.99507174733
22290.0 93055.37084614186
22300.0 94106.1566970488
22310.0 92854.62863276947
22320.0 94132.11664565704
22330.0 91800.77023426596
22340.0 92276.08506918556
22350.0 92643.39434155615
22360.0 92607.63526110318
22370.0 93747.92825624964
22380.0 92426.77333148767
22390.0 94386.23848418408
22400.0 94468.58171420274
22410.0 92796.73301983176
22420.0 92095.80640593145
22430.0 93199.52586683206
22440.0 90870.78682307406
22450.0 94990.84390878082
22460.0 92721.36648896252
22470.0 93138.96513950128
22480.0 93899.49986138775
22490.0 92191.48265459786
22500.0 92306.05151895122
22510.0 93528.21845657488
22520.0 92363.83746219582
22530.0 93138.00854013427
22540.0 90716.35981764425
22550.0 92395.70762971744
22560.0 93929.77437486731
22570.0 90108.79591793931
22580.0 93073.52853493013
22590.0 91684.10022725115
22600.0 91360.49099419953
22610.0 91140.58483425387
22620.0 90800.55374847194
22630.0 89871.472736139
22640.0 89909.85479736999
22650.0 91300.87293296045
22660.0 91029.7368680264
22670.0 92719.13328227396
22680.0 91504.76451034842
22690.0 92412.14176162008
22700.0 89113.15484196198
22710.0 90999.68011193481
22720.0 90869.53612431178
22730.0 91250.83220919767
22740.0 90352.95736719095
22750.0 92684.24459528134
22760.0 91691.73606248437
22770.0 91344.56054314051
22780.0 89870.13863634628
22790.0 91089.71925656199
22800.0 86868.67881768582
22810.0 92338.0181999378
22820.0 90594.90359935105
22830.0 88778.51603356459
22840.0 88801.74987965493
22850.0 90793.75582165635
22860.0 91093.59283310584
22870.0 91207.66191564668
22880.0 90686.99306790665
22890.0 91118.2349270398
22900.0 91305.46237281148
22910.0 88295.36622560347
22920.0 88649.24529823972
22930.0 73931.27843754768
22940.0 75095.34564511631
22950.0 81078.0489239524
22960.0 78612.99227003317
22970.0 81221.58168332762
22980.0 82117.59916540368
22990.0 84156.75471501176
23000.0 84208.69433369407
23010.0 81534.19842273205
23020.0 83960.0131344033
23030.0 83009.55431787051
23040.0 84990.04956816098
23050.0 82982.5508860284
23060.0 84032.92027013368
23070.0 83972.86772394877
23080.0 85252.10124292216
23090.0 82430.68483084577
23100.0 84167.40048388975
23110.0 82891.22820480262
23120.0 82919.54946299462
23130.0 83004.93316201026
23140.0 80272.63239745762
23150.0 85804.96170141872
23160.0 81926.6750685205
23170.0 81608.6385013188
23180.0 85107.0360001565
23190.0 84929.14356441518
23200.0 79749.30519205985
23210.0 82465.4788852931
23220.0 71619.31664542403
23230.0 70567.244468333
23240.0 76798.78947434848
23250.0 73951.7801113157
23260.0 77024.4359314727
23270.0 78230.02808354553
23280.0 76306.0107666152
23290.0 81036.63178038187
23300.0 72146.63185943384
23310.0 77551.35199927444
23320.0 81371.30520471362
23330.0 79626.08147173225
23340.0 75952.44580529975
23350.0 74140.3253026895
23360.0 76663.97753859036
23370.0 77155.73894098341
23380.0 72797.62940643207
23390.0 78147.0149334216
23400.0 76418.38052297341
23410.0 75988.52617580892
23420.0 81007.56989152567
23430.0 75958.9036680516
23440.0 74955.63550771582
23450.0 78292.4124085433
23460.0 78336.43937254207
23470.0 80573.82829651954
23480.0 79492.24048298142
23490.0 76078.155632289
23500.0 77118.10884066508
23510.0 73314.8711108744
23520.0 64842.22044244747
23530.0 68574.88683612224
23540.0 69654.21028761075
23550.0 71715.03780174289
23560.0 72348.98837624537
23570.0 74430.69101089211
23580.0 71202.4497061365
23590.0 72614.15543033367
23600.0 74650.13027584297
23610.0 71668.47115091584
23620.0 71813.03308500133
23630.0 75252.42607839996
23640.0 74398.98822645003
23650.0 75006.54024743439
23660.0 75401.441419194
23670.0 68141.42664976067
23680.0 73819.24394036914
23690.0 75545.53729023872
23700.0 75345.56469710766
23710.0 74588.53416422046
23720.0 73831.49969097586
23730.0 75442.57927352768
23740.0 73448.04691505492
23750.0 73407.27261530804
23760.0 69238.85837349125
23770.0 76858.09218879208
23780.0 71472.74406146526
23790.0 71580.17199320954
23800.0 71857.90798198782
23810.0 72662.69802814763
23820.0 65368.08013112832
23830.0 62688.55456060783
23840.0 69157.76450894371
23850.0 67003.45278316826
23860.0 65001.03911339875
23870.0 67155.9015019322
23880.0 68589.85794695318
23890.0 67955.36244711005
23900.0 69894.25300362744
23910.0 65652.24961746896
23920.0 64047.93828596759
23930.0 72097.36101196687
23940.0 68606.75379263633
23950.0 69084.59364204812
23960.0 65769.31152156628
23970.0 68278.41246976983
23980.0 68479.51547227147
23990.0 67782.28053111139
24000.0 65584.67764388019
24010.0 66580.61292845053
24020.0 64007.63703511377
24030.0 68450.40331397818
24040.0 64553.07664700669
24050.0 64910.77903391623
24060.0 66728.24247543288
24070.0 63264.214291851524
24080.0 61145.452807399575
24090.0 65190.414696209424
24100.0 62442.70663997665
24110.0 65481.85763967037
24120.0 60931.9031482671
24130.0 64204.54707894018
24140.0 59355.365964269935
24150.0 65137.72617975427
24160.0 58470.21945051049
24170.0 60494.5707751109
24180.0 67021.5381535706
24190.0 57890.5890961566
24200.0 67106.43078244815
24210.0 60418.160032357584
24220.0 60207.769334841345
24230.0 62410.36468957044
24240.0 64426.06209538898
24250.0 58983.68555510405
24260.0 59587.7340673636
24270.0 59449.113631252825
24280.0 60431.60024626444
24290.0 62954.78191377435
24300.0 59144.70563303234
24310.0 58137.7658363563
24320.0 64181.00105586787
24330.0 56804.02575788506
24340.0 58552.221508325245
24350.0 63604.76930619795
24360.0 54312.454154651416
24370.0 54531.956035093666
24380.0 62252.66799787845
24390.0 61493.68099229327
24400.0 60646.948034977686
24410.0 57662.299127627426
24420.0 56016.83826698777
24430.0 57424.37388284348
24440.0 54629.632873808376
24450.0 61314.80434411013
24460.0 56406.0618625673
24470.0 55455.12743201722
24480.0 55906.58705079584
24490.0 57186.86272003227
24500.0 58836.534439444564
24510.0 54188.76620770145
24520.0 54114.706025850945
24530.0 53619.40589334041
24540.0 48045.63580938763
24550.0 57938.02712255757
24560.0 57664.62270111687
24570.0 58771.20367645594
24580.0 56331.606701649136
24590.0 53363.43777441245
24600.0 51509.484896429756
24610.0 49280.27006524731
24620.0 58105.6012817218
24630.0 55758.87454725604
24640.0 57698.77586053656
24650.0 53577.17322245384
24660.0 55653.89463226363
24670.0 50572.34808795441
24680.0 53095.097091919255
24690.0 54643.2002323158
24700.0 52576.500919685284
24710.0 53741.9916567309
24720.0 53788.31243978398
24730.0 49278.16927082668
24740.0 49141.828517944836
24750.0 50474.938075988735
24760.0 57479.592047809456
24770.0 53175.852068009226
24780.0 50744.11213338707
24790.0 50088.12924553188
24800.0 49556.6186241951
24810.0 49844.08361350196
24820.0 50063.046865528566
24830.0 53997.40816455547
24840.0 53195.98851074481
24850.0 52622.799900286256
24860.0 49293.449338305305
24870.0 47490.08982206211
24880.0 47611.469351818305
24890.0 47647.37292772518
24900.0 45244.630549252994
24910.0 47875.11821483497
24920.0 51655.871791680016
24930.0 49060.50052482946
24940.0 48594.04216520171
24950.0 52518.33685190708
24960.0 50383.03658262125
24970.0 47954.41335880577
24980.0 45631.72317670346
24990.0 46316.08562552983
