#lam[Angstrom] flux[erg/cm2/s/A]
1010.0 1123.8961034968638
1020.0 1163.748884396175
1030.0 4014.7970848029076
1040.0 1582.6118651023871
1050.0 1191.736063339189
1060.0 1202.5252163503503
1070.0 1269.8494930308682
1080.0 3842.7382825750547
1090.0 3914.916266697758
1100.0 1255.4085237497688
1110.0 1266.1324845473416
1120.0 1316.0424318344556
1130.0 1280.2039594986043
1140.0 1390.174498874296
1150.0 1304.9004924912078
1160.0 1329.403126790175
1170.0 1332.0405028270961
1180.0 1338.4599165414284
1190.0 1346.9952195705764
1200.0 2036.3681453301965
1210.0 1809.658734029954
1220.0 11482.107644780162
1230.0 1677.909026711864
1240.0 6802.913828634724
1250.0 2433.144926143533
1260.0 3363.7239064993796
1270.0 3489.181766107336
1280.0 3626.5063536930475
1290.0 3946.210582107966
1300.0 4245.114796778164
1310.0 4708.559275149412
1320.0 4973.371088952057
1330.0 5064.226257731487
1340.0 5703.99914209379
1350.0 5604.004501537574
1360.0 5748.1815016497385
1370.0 5856.987074148087
1380.0 6087.120133952385
1390.0 13177.999648246452
1400.0 14593.588047029061
1410.0 11080.93582452894
1420.0 6811.815584769072
1430.0 6742.64937606254
1440.0 7036.090857247088
1450.0 7238.368273530081
1460.0 7513.886706490879
1470.0 7452.036724768994
1480.0 7858.745668314121
1490.0 11440.553817421765
1500.0 8333.060750866578
1510.0 8546.040426227475
1520.0 9281.161352527093
1530.0 12837.522878364813
1540.0 15404.181683534101
1550.0 89823.51528136342
1560.0 13825.416761787796
1570.0 17098.37112697649
1580.0 21000.238212426775
1590.0 22291.57811003122
1600.0 24772.923199255034
1610.0 23480.110492884334
1620.0 24103.539956017597
1630.0 23376.0660305082
1640.0 76312.5871949299
1650.0 27805.539826275002
1660.0 29159.793065387097
1670.0 33805.9544747691
1680.0 200940.9010608964
1690.0 99908.89603205268
1700.0 130750.33506044064
1710.0 296879.3806054359
1720.0 366331.6246376517
1730.0 515432.2090530307
1740.0 516747.4069349647
1750.0 602495.339256749
1760.0 735798.4412183455
1770.0 571919.5227521125
1780.0 758262.6908916115
1790.0 1241625.9429530113
1800.0 1457023.142051185
1810.0 857518.2771600158
1820.0 876076.5298341872
1830.0 715271.4133057086
1840.0 657884.7356668018
1850.0 635601.5094401868
1860.0 1045634.8264260087
1870.0 1354827.601960409
1880.0 1439956.1328989682
1890.0 1437421.5421232688
1900.0 1082050.4013013477
1910.0 1230148.5023564615
1920.0 1355041.2076469052
1930.0 706107.4713825865
1940.0 1231761.025228952
1950.0 1723446.056786463
1960.0 2269345.471292243
1970.0 2174961.0747377803
1980.0 1947936.4851152836
1990.0 2051993.2522692988
2000.0 2112419.764218568
2010.0 1892870.9389920458
2020.0 1745633.9792772103
2030.0 2156093.7130305255
2040.0 2564578.2064463794
2050.0 3091011.695806002
2060.0 2243748.57886958
2070.0 3785108.981331331
2080.0 3716527.5463917684
2090.0 4175603.5821785787
2100.0 3678872.313882791
2110.0 4111680.885678645
2120.0 4602818.416993022
2130.0 2795889.2851508902
2140.0 3907043.258032852
2150.0 3542300.1017689807
2160.0 4098687.1999181956
2170.0 2585411.9696617494
2180.0 3720923.5720956805
2190.0 4159930.0257268674
2200.0 5148354.6543373745
2210.0 3069937.7998146424
2220.0 2582299.5304821134
2230.0 3810063.2725961525
2240.0 5190866.456578335
2250.0 3403354.1859700694
2260.0 3348737.3307190267
2270.0 3535582.9345082813
2280.0 4342090.822805673
2290.0 4326433.584291225
2300.0 3480696.6226980514
2310.0 4534293.037644893
2320.0 4537081.361263799
2330.0 2097317.4004846388
2340.0 2110711.549756101
2350.0 2293526.5931664603
2360.0 1573063.592803325
2370.0 1734859.8251345872
2380.0 1339782.0517569624
2390.0 1479463.765992887
2400.0 1248709.3753149477
2410.0 1317642.9254984895
2420.0 3630664.624428388
2430.0 3874176.8397896555
2440.0 3722542.871828212
2450.0 4045629.166143596
2460.0 4393691.368972606
2470.0 3975412.28696012
2480.0 3726857.9938855474
2490.0 2899882.3916700897
2500.0 3640083.0455463002
2510.0 3459385.5960455537
2520.0 2439317.4676280166
2530.0 2259617.0523164677
2540.0 2320208.2133425088
2550.0 3215952.7423480623
2560.0 3166709.987226637
2570.0 4124998.655301581
2580.0 3422868.735613308
2590.0 3138185.2701991275
2600.0 2543844.8182499856
2610.0 1627773.9281201437
2620.0 3598266.5842965185
2630.0 2488862.343241901
2640.0 6811897.66514996
2650.0 7183942.486283904
2660.0 5903483.192932628
2670.0 6073229.875370904
2680.0 7038137.366315159
2690.0 6652837.538622803
2700.0 7410697.3848999385
2710.0 5629555.023498446
2720.0 4233923.097180449
2730.0 4756187.008685091
2740.0 3648273.9778775885
2750.0 3240039.3041380094
2760.0 4798709.712921307
2770.0 5799951.177067958
2780.0 4709154.680366945
2790.0 3032658.9478930663
2800.0 1009260.8579152281
2810.0 4490490.95819473
2820.0 8839839.617445521
2830.0 8136677.10116533
2840.0 6998838.583155911
2850.0 5333611.77090258
2860.0 8349612.1962544015
2870.0 7889692.324140037
2880.0 7121603.187029069
2890.0 8713660.522864556
2900.0 10795433.037559694
2910.0 11012445.772542601
2920.0 10439538.527897311
2930.0 9587483.400276285
2940.0 9062912.79733814
2950.0 9306182.58351406
2960.0 11189865.93570137
2970.0 10234806.0037436
2980.0 9781180.218656976
2990.0 10253727.06305347
3000.0 10775159.349990884
3010.0 11855443.080765976
3020.0 10609449.65675486
3030.0 10685680.80059444
3040.0 10911877.139310323
3050.0 11994578.283352178
3060.0 11148493.686242491
3070.0 11687010.328668572
3080.0 11142272.017129937
3090.0 12203184.849080846
3100.0 10602387.38505028
3110.0 11978842.598153047
3120.0 11345734.03637855
3130.0 10803038.616800545
3140.0 12272420.382593174
3150.0 12562895.356371475
3160.0 10390504.701185428
3170.0 12574444.098777616
3180.0 10521931.739183214
3190.0 11201259.103850326
3200.0 11776291.14113643
3210.0 10702179.686681427
3220.0 11843392.586659444
3230.0 8612484.904796211
3240.0 11044143.835058745
3250.0 11425384.083014391
3260.0 13449168.324911918
3270.0 12618252.279140158
3280.0 11087992.462583875
3290.0 13427466.96285874
3300.0 13814115.09081501
3310.0 12244672.897123951
3320.0 12830065.094656775
3330.0 14065682.164961485
3340.0 12011460.60806259
3350.0 11673870.334451865
3360.0 12110973.885576539
3370.0 10767023.66092258
3380.0 12278096.228271503
3390.0 12262882.320741396
3400.0 12789226.383188482
3410.0 11914981.355740337
3420.0 12022169.847307997
3430.0 13116392.28375032
3440.0 12065048.766641373
3450.0 12698319.639931407
3460.0 12246892.32575806
3470.0 12698676.588714447
3480.0 11563723.127454322
3490.0 12827312.634382008
3500.0 12355365.393575003
3510.0 12458544.160642989
3520.0 11691599.829555942
3530.0 12272694.616735911
3540.0 13444569.611358326
3550.0 12623451.578377495
3560.0 13640285.059322078
3570.0 10834888.22509167
3580.0 12118809.960638467
3590.0 10331535.299949031
3600.0 13409513.038256705
3610.0 11205862.736984693
3620.0 11988595.08707387
3630.0 12722491.583782492
3640.0 12631825.708310539
3650.0 12477080.9799345
3660.0 13876018.308578517
3670.0 12753898.321514243
3680.0 11538303.119303593
3690.0 11952420.893905234
3700.0 12701987.839053458
3710.0 12478582.436401425
3720.0 13363607.917713106
3730.0 13955447.518080192
3740.0 14358312.333045872
3750.0 12094670.907879837
3760.0 16300982.84272122
3770.0 13486942.297772035
3780.0 19928891.16597831
3790.0 17316606.067180052
3800.0 14844729.562871601
3810.0 19883180.19922841
3820.0 18592187.573738806
3830.0 14247880.295395367
3840.0 14616824.971927881
3850.0 21240210.81126266
3860.0 19774317.000194523
3870.0 20229673.008407548
3880.0 19936806.757268883
3890.0 13440391.308127077
3900.0 19197551.932316165
3910.0 21099368.011981897
3920.0 20949464.08509489
3930.0 11904507.128589554
3940.0 16605908.0774688
3950.0 21297258.68411966
3960.0 18865468.5842632
3970.0 9160505.313647544
3980.0 20672940.60082009
3990.0 23107092.511620957
4000.0 22895150.43183876
4010.0 23182354.476745095
4020.0 24072153.97227104
4030.0 22369082.749225136
4040.0 24170556.64391721
4050.0 23286693.840027492
4060.0 22784885.71876162
4070.0 22270320.528991602
4080.0 22259502.25351896
4090.0 23298670.000673443
4100.0 15197485.512259765
4110.0 20890831.8230195
4120.0 23817979.00505113
4130.0 22346920.134381652
4140.0 24282457.23203003
4150.0 23170699.41203716
4160.0 24030191.29001613
4170.0 23045629.69174304
4180.0 22813612.584601477
4190.0 24204442.075723656
4200.0 21742101.525587678
4210.0 24117490.779842317
4220.0 23200465.94272211
4230.0 22069827.318201646
4240.0 22986863.987852756
4250.0 22116028.857392114
4260.0 23528650.387546882
4270.0 22005044.566764828
4280.0 23415962.434719205
4290.0 20938719.543799136
4300.0 20101826.989870813
4310.0 20047549.454615027
4320.0 22488639.08554861
4330.0 20490820.246690184
4340.0 14106427.314846806
4350.0 20605248.118040174
4360.0 23801874.804892596
4370.0 23072798.08574772
4380.0 22380067.973353103
4390.0 22806325.603968535
4400.0 21784744.58791824
4410.0 23129092.94212172
4420.0 22144940.07509717
4430.0 22799310.445906702
4440.0 22245201.637664184
4450.0 22464849.936260894
4460.0 21100217.560854957
4470.0 22648878.23225738
4480.0 22613624.634587314
4490.0 22926770.526754927
4500.0 23212008.004745882
4510.0 24268642.202438697
4520.0 22404205.678769223
4530.0 21448649.376740806
4540.0 23115171.43474019
4550.0 22081679.72880102
4560.0 22726517.489942513
4570.0 23110462.052864626
4580.0 21803732.829631858
4590.0 21877958.907135215
4600.0 22433228.94523392
4610.0 22661673.727695026
4620.0 22244716.29031583
4630.0 22308144.68133767
4640.0 22908974.829496827
4650.0 22247209.129681084
4660.0 22968612.97474701
4670.0 22054668.794051286
4680.0 22783882.94574795
4690.0 22661175.05229255
4700.0 22317302.442303963
4710.0 22019071.362498347
4720.0 22469446.54278332
4730.0 21857933.178880963
4740.0 22169784.086260334
4750.0 22536093.615487993
4760.0 21869173.214376558
4770.0 22143355.947475955
4780.0 22323509.67809888
4790.0 21609410.987431854
4800.0 22079883.26712799
4810.0 21483787.138858087
4820.0 21477067.12002849
4830.0 21540552.507553898
4840.0 20556074.05436379
4850.0 19470015.697109476
4860.0 13399584.101830205
4870.0 17679870.51033681
4880.0 19864365.933721494
4890.0 19990716.70014665
4900.0 20948271.81300167
4910.0 20785557.392961424
4920.0 19608133.513049114
4930.0 21065600.15817421
4940.0 20484172.794081993
4950.0 21147324.158305332
4960.0 20753612.78355463
4970.0 20782980.35682579
4980.0 19589830.662270736
4990.0 20106073.143874988
5000.0 20215754.06119056
5010.0 19388004.654551603
5020.0 19348727.835188355
5030.0 20739501.00572365
5040.0 19161643.494646095
5050.0 20073849.6716413
5060.0 20808203.646313757
5070.0 19880092.222089507
5080.0 19119623.369632043
5090.0 20464293.413252722
5100.0 19898519.980452713
5110.0 19683341.435575783
5120.0 19853281.22642109
5130.0 19046445.373370286
5140.0 18888971.798730392
5150.0 19002952.874561526
5160.0 19596939.741215244
5170.0 17577975.253381513
5180.0 18685470.806067154
5190.0 18448915.979262993
5200.0 18758585.89284018
5210.0 18860023.17781199
5220.0 18974057.14863964
5230.0 17852944.493285764
5240.0 18983491.575181942
5250.0 19124510.760040842
5260.0 18125462.325819418
5270.0 16853622.1699616
5280.0 17895203.46870871
5290.0 19410430.57734501
5300.0 18540531.14114025
5310.0 19050521.023126774
5320.0 18538979.31009126
5330.0 17454324.28259654
5340.0 17945117.545475744
5350.0 18588445.51656589
5360.0 18782333.71181413
5370.0 17870747.270359103
5380.0 18368743.175704286
5390.0 18543574.17590148
5400.0 17635210.676302653
5410.0 17521360.76168567
5420.0 17932136.295935508
5430.0 17672824.47541891
5440.0 18658274.734155554
5450.0 18104391.125439145
5460.0 17862511.2501408
5470.0 18462989.31682005
5480.0 17819029.40100578
5490.0 17609028.98797071
5500.0 17903292.890024558
5510.0 17571537.50635967
5520.0 18277193.6270094
5530.0 17330999.790381785
5540.0 18199442.652127277
5550.0 17793821.44102114
5560.0 17717688.01746045
5570.0 17217518.61079774
5580.0 17534944.26819823
5590.0 16745085.24026672
5600.0 16962367.85350546
5610.0 17811819.55224212
5620.0 16991249.983085345
5630.0 17626581.00572938
5640.0 17358020.75432505
5650.0 17377139.437380858
5660.0 16619516.810327167
5670.0 17274097.191468224
5680.0 17097500.97456223
5690.0 17173837.26316982
5700.0 17143695.346547384
5710.0 16589423.865046607
5720.0 17189456.71759745
5730.0 17221951.809694193
5740.0 17243659.706880007
5750.0 16566354.332188256
5760.0 16881072.117168844
5770.0 17050733.26213789
5780.0 16837400.49255338
5790.0 16699392.308040261
5800.0 16846108.278960507
5810.0 16726704.212106157
5820.0 16732846.938576961
5830.0 16750473.80525313
5840.0 16701300.651614971
5850.0 16535672.619093867
5860.0 16077461.550101517
5870.0 16457952.39733994
5880.0 16434236.757100832
5890.0 16150752.5083262
5900.0 16120377.068613954
5910.0 16176655.798493605
5920.0 16259053.489679525
5930.0 15855120.414067643
5940.0 16171359.770129895
5950.0 15936391.587736543
5960.0 16067560.19023259
5970.0 16066831.53041541
5980.0 15629998.110704938
5990.0 15770433.354704238
6000.0 15749447.222031582
6010.0 15533860.735126453
6020.0 15318831.185884498
6030.0 15508035.547392014
6040.0 15723278.271783138
6050.0 15586571.249070406
6060.0 15454266.317100916
6070.0 15401284.457292255
6080.0 15298258.689306406
6090.0 15331154.374869144
6100.0 15056992.979042422
6110.0 15218911.424157083
6120.0 15001881.550372124
6130.0 15030109.021851351
6140.0 14465136.401828539
6150.0 14851993.504692007
6160.0 14242863.182701698
6170.0 14563281.56545664
6180.0 14907812.230325453
6190.0 14702131.41770584
6200.0 14863130.332079258
6210.0 14833155.305862576
6220.0 14583610.345545715
6230.0 14471407.144498866
6240.0 14172809.53637346
6250.0 13984103.80877857
6260.0 14494897.42858275
6270.0 14447081.969618957
6280.0 14179752.133086266
6290.0 14302981.922596281
6300.0 14120305.854406262
6310.0 14300166.157198522
6320.0 13945774.962661259
6330.0 14328736.500903884
6340.0 13905341.2876911
6350.0 14167881.956212986
6360.0 13934124.137488661
6370.0 14051502.942839608
6380.0 14019795.995122865
6390.0 13882310.629971536
6400.0 13766455.285737468
6410.0 13717702.523166843
6420.0 13594826.938002555
6430.0 13708900.037411574
6440.0 13632014.278678183
6450.0 13713720.929881807
6460.0 13277363.60185467
6470.0 13581837.530395294
6480.0 13577308.56567642
6490.0 13293507.478321988
6500.0 13071891.273845917
6510.0 13499176.330745421
6520.0 13290864.07141177
6530.0 13215801.335624611
6540.0 12952549.744883057
6550.0 12173989.553743577
6560.0 9151948.427794406
6570.0 11145726.006597104
6580.0 12563231.688936017
6590.0 12704332.107065015
6600.0 12985850.396916812
6610.0 12996626.114529168
6620.0 13064344.835271327
6630.0 12888462.998973118
6640.0 12934296.20474621
6650.0 12993422.868803833
6660.0 12828019.179664282
6670.0 12900055.409956347
6680.0 12779511.829565933
6690.0 12849681.289623078
6700.0 12712034.008603191
6710.0 12572481.844837619
6720.0 12573305.887391916
6730.0 12630835.623501481
6740.0 12621402.285540763
6750.0 12488844.393238548
6760.0 12525628.280073388
6770.0 12417005.910850054
6780.0 12464509.197329996
6790.0 12394659.443178624
6800.0 12350048.420684364
6810.0 12308181.8322186
6820.0 12304258.757519472
6830.0 12232316.404208632
6840.0 12101763.504858125
6850.0 12230221.363528864
6860.0 12014933.996014405
6870.0 12156965.629922912
6880.0 12099283.44839458
6890.0 12041454.816681625
6900.0 12056587.923523676
6910.0 11938860.834467266
6920.0 11871442.910770185
6930.0 11904020.756175434
6940.0 11888272.495070448
6950.0 11773515.95921031
6960.0 11800595.018104326
6970.0 11765858.714697974
6980.0 11588777.282182164
6990.0 11693048.23968147
7000.0 11523285.620942533
7010.0 11560043.033726213
7020.0 11363026.22233212
7030.0 11493252.319836525
7040.0 11473307.021914229
7050.0 11491071.045825303
7060.0 11415405.18181131
7070.0 11344293.531138789
7080.0 11357831.606950693
7090.0 11298583.139418447
7100.0 11316854.754370626
7110.0 11107985.68604348
7120.0 11077550.85749681
7130.0 11044510.612613764
7140.0 11165637.0060661
7150.0 10978259.350939695
7160.0 10951514.597396985
7170.0 11017995.271880256
7180.0 10918640.044597726
7190.0 10705107.13820208
7200.0 10930418.539978111
7210.0 10702731.143206198
7220.0 10760345.064832792
7230.0 10863211.687580228
7240.0 10751338.78260407
7250.0 10756467.169788275
7260.0 10735932.926111078
7270.0 10757790.719900344
7280.0 10578561.266107284
7290.0 10397570.500302486
7300.0 10601729.042667016
7310.0 10439648.533627639
7320.0 10555497.21711657
7330.0 10380369.394679816
7340.0 10530760.176810058
7350.0 10474150.833137734
7360.0 10347697.100115083
7370.0 10429710.69502069
7380.0 10394151.065994795
7390.0 10081367.142024048
7400.0 10271273.501346577
7410.0 9997854.932716357
7420.0 9918735.106045997
7430.0 10230448.238515774
7440.0 10130200.22809148
7450.0 9988473.070572995
7460.0 10070409.752192322
7470.0 10077348.626318624
7480.0 9922311.650222361
7490.0 9989784.037733367
7500.0 9940836.106407534
7510.0 9837621.81999253
7520.0 9891005.462463409
7530.0 9880303.836719923
7540.0 9929533.020134095
7550.0 9857119.195992893
7560.0 9747138.510573745
7570.0 9752246.08521929
7580.0 9743588.568406913
7590.0 9703788.792450678
7600.0 9680363.95716178
7610.0 9696623.118694834
7620.0 9487189.36428656
7630.0 9673006.141251298
7640.0 9636675.759025032
7650.0 9594900.27909461
7660.0 9128216.10778793
7670.0 9501520.414986616
7680.0 9474239.054711524
7690.0 9376949.279858189
7700.0 9387491.638845924
7710.0 9258489.556977255
7720.0 9309504.320634069
7730.0 9338301.191558141
7740.0 9309820.727859577
7750.0 9128985.934069738
7760.0 9280392.685213111
7770.0 9107402.761758337
7780.0 9082215.444124764
7790.0 9199994.000669917
7800.0 9099910.430338886
7810.0 9091253.256888252
7820.0 9131379.431543894
7830.0 8955890.814850625
7840.0 8964959.990511239
7850.0 8947256.13072766
7860.0 8968622.735643698
7870.0 9008343.589548375
7880.0 8900863.137400318
7890.0 8952846.8522106
7900.0 8832884.540282017
7910.0 8862119.014098419
7920.0 8776635.045152
7930.0 8682918.86203176
7940.0 8607423.31565544
7950.0 8673189.297848057
7960.0 8755235.15198301
7970.0 8719953.847630654
7980.0 8715119.924163124
7990.0 8676486.846210448
8000.0 8535171.967227224
8010.0 8630220.608485779
8020.0 8592777.040240072
8030.0 8494418.311979488
8040.0 8549739.883032277
8050.0 8375643.684373511
8060.0 8502168.797895852
8070.0 8452450.377564574
8080.0 8437410.277392447
8090.0 8328641.408236668
8100.0 8348099.930616331
8110.0 8397423.682678051
8120.0 8375263.830767423
8130.0 8342442.550542297
8140.0 8316369.3880074555
8150.0 8273034.481306088
8160.0 8241028.4187430255
8170.0 8239517.2779845
8180.0 8117303.437511189
8190.0 8101715.341056692
8200.0 8020207.818490336
8210.0 7960705.5212306185
8220.0 7965187.006836422
8230.0 7961838.975217398
8240.0 8054552.330232499
8250.0 7880235.944226446
8260.0 8020558.809979072
8270.0 8001552.532233052
8280.0 7974113.735784292
8290.0 7893207.169492113
8300.0 7901687.981636977
8310.0 7766414.093029408
8320.0 7777036.379602255
8330.0 7539471.26719419
8340.0 7644466.244901976
8350.0 7690882.8656621585
8360.0 7680830.1318680085
8370.0 7616257.050831851
8380.0 7614644.136522659
8390.0 7438784.194961832
8400.0 7545311.637415036
8410.0 7509211.409035005
8420.0 7461551.981732486
8430.0 7483090.611369907
8440.0 7334101.226240539
8450.0 7416187.997361233
8460.0 7426450.746326924
8470.0 7188601.549928905
8480.0 7468735.414273227
8490.0 7436802.146891014
8500.0 6794142.350400125
8510.0 7218163.0002058875
8520.0 7417297.776622926
8530.0 7329752.419240505
8540.0 6330936.2207887685
8550.0 7009832.950489289
8560.0 7310708.774541509
8570.0 7397973.39354259
8580.0 7302587.898618339
8590.0 7106323.251550236
8600.0 6638288.704873931
8610.0 7115535.748784607
8620.0 7269868.621963405
8630.0 7311704.543582713
8640.0 7240128.632350988
8650.0 7107527.791191484
8660.0 6050981.224092323
8670.0 6498549.315633847
8680.0 7014360.976675517
8690.0 6949731.244879577
8700.0 7143320.728609886
8710.0 7092226.440535723
8720.0 7127891.9517058
8730.0 7050011.987775775
8740.0 6662344.97040645
8750.0 6008852.448951831
8760.0 6650899.689222644
8770.0 6944329.298339137
8780.0 7063659.689904691
8790.0 6960465.661961779
8800.0 7083484.640440219
8810.0 6866811.003142304
8820.0 6916438.146383051
8830.0 7000039.330695251
8840.0 6813106.850806817
8850.0 6675963.475874827
8860.0 5844555.820143047
8870.0 6270223.471432459
8880.0 6676363.097973815
8890.0 6820634.455366123
8900.0 6877660.462099619
8910.0 6781689.253427624
8920.0 6811696.721661005
8930.0 6710787.911068215
8940.0 6858842.297356951
8950.0 6758711.35800389
8960.0 6793598.457845033
8970.0 6720032.391215071
8980.0 6659803.405606872
8990.0 6627796.215502997
9000.0 6352114.985381588
9010.0 5669629.42538977
9020.0 5746087.677884417
9030.0 6425379.370046312
9040.0 6539878.09475952
9050.0 6579815.703773814
9060.0 6370146.693210115
9070.0 6598078.899128979
9080.0 6461317.93542376
9090.0 6257435.345249108
9100.0 6464175.244107598
9110.0 6405375.705672317
9120.0 6491625.950870323
9130.0 6503166.120821244
9140.0 6499514.2715123175
9150.0 6454510.890944543
9160.0 6444750.265339295
9170.0 6420717.354998378
9180.0 6360445.958755583
9190.0 6359976.161898166
9200.0 6292891.387174266
9210.0 5999349.506972631
9220.0 5757717.692360248
9230.0 4964699.472525953
9240.0 5752635.301019087
9250.0 6088079.697885558
9260.0 5960260.204028581
9270.0 6195186.440106109
9280.0 6227311.062820306
9290.0 6181011.5884867525
9300.0 6202105.222913278
9310.0 6195997.973948512
9320.0 6156739.954690413
9330.0 6150317.540398553
9340.0 6154808.2533615865
9350.0 6119061.568764297
9360.0 6097510.9595638905
9370.0 6108973.828014441
9380.0 6090124.410229467
9390.0 6046787.698599152
9400.0 6006684.583478143
9410.0 5660096.183958249
9420.0 5899631.370478715
9430.0 5931821.650615282
9440.0 5871897.307875391
9450.0 5945875.083360694
9460.0 5921916.662439686
9470.0 5948067.719219597
9480.0 5912573.492517255
9490.0 5890721.671214116
9500.0 5864944.964411249
9510.0 5794393.630918676
9520.0 5754230.145672831
9530.0 5582566.663887131
9540.0 5072664.629522494
9550.0 4735444.486118037
9560.0 5490598.78056393
9570.0 5630073.850596421
9580.0 5700660.041608246
9590.0 5709470.004935736
9600.0 5628311.611369126
9610.0 5670084.308583093
9620.0 5618233.724738187
9630.0 5613271.374016366
9640.0 5654706.573623507
9650.0 5602988.081161485
9660.0 5490736.382742809
9670.0 5627325.782894533
9680.0 5575464.680213484
9690.0 5547546.764313832
9700.0 5596797.528859523
9710.0 5592232.6231421335
9720.0 5576098.7427285
9730.0 5548059.88102556
9740.0 5474227.361269155
9750.0 5485143.624474213
9760.0 5493228.8151775645
9770.0 5495762.7125182105
9780.0 5484819.243540737
9790.0 5459050.350915047
9800.0 5433254.74828861
9810.0 5443844.250895454
9820.0 5423473.489080439
9830.0 5407604.403387518
9840.0 5384012.343013193
9850.0 5332584.106758667
9860.0 5332024.2422726415
9870.0 5365143.68164152
9880.0 5350016.6426630635
9890.0 5218192.702817232
9900.0 5263601.654597289
9910.0 5260282.035470787
9920.0 5272169.271058885
9930.0 5233114.689068145
9940.0 5211558.677589145
9950.0 5234066.146101749
9960.0 5223280.148049588
9970.0 5187710.771736274
9980.0 5195516.7412270075
9990.0 5160949.670344033
10010.0 5089193.871734645
10020.0 5074074.343297082
10030.0 4950483.286087632
10040.0 4652196.533752126
10050.0 3928120.8028238113
10060.0 4692288.194565117
10070.0 4900954.459382064
10080.0 4983797.496400471
10090.0 4992580.69896248
10100.0 4979812.023928735
10110.0 4989273.771399646
10120.0 4927681.241645931
10130.0 5016176.933977668
10140.0 5008120.921135351
10150.0 4923880.080495828
10160.0 4906791.912459318
10170.0 4963701.316986533
10180.0 4873386.593803564
10190.0 4891352.212121479
10200.0 4914412.0650233915
10210.0 4891214.708765339
10220.0 4842056.775035706
10230.0 4893168.913271624
10240.0 4861723.110527725
10250.0 4860113.406484743
10260.0 4865906.511293294
10270.0 4834709.788079479
10280.0 4832495.736944202
10290.0 4780221.918917187
10300.0 4803723.490839394
10310.0 4789548.445431797
10320.0 4792705.921051249
10330.0 4650514.417569863
10340.0 4696234.30000301
10350.0 4740488.350094558
10360.0 4736992.536157533
10370.0 4625168.5939789815
10380.0 4708740.923093109
10390.0 4709423.397020598
10400.0 4675198.727293559
10410.0 4659529.852109825
10420.0 4666373.247914495
10430.0 4629760.615148584
10440.0 4652085.557168609
10450.0 4592807.46641424
10460.0 4389000.950465081
10470.0 4547017.555766269
10480.0 4571469.282168811
10490.0 4582096.729410538
10500.0 4548387.211628855
10510.0 4535230.986139141
10520.0 4511467.644906428
10530.0 4511700.124306396
10540.0 4513146.823919967
10550.0 4519049.06995744
10560.0 4506026.016163305
10570.0 4460992.108343518
10580.0 4421527.971242232
10590.0 4326553.454338817
10600.0 4402344.038700267
10610.0 4430254.474580652
10620.0 4429512.236837805
10630.0 4318613.409996312
10640.0 4430870.052837425
10650.0 4416986.848070217
10660.0 4340781.752258839
10670.0 4378039.231545304
10680.0 4249229.599486182
10690.0 3999079.9246507753
10700.0 4294170.19080339
10710.0 4241710.052022597
10720.0 4305346.482706212
10730.0 4134423.0892110495
10740.0 4300771.325723056
10750.0 4192880.319935782
10760.0 4295107.2636751365
10770.0 4257690.303319519
10780.0 4232699.8026325125
10790.0 4183538.1282981965
10800.0 4226529.336140563
10810.0 4080018.8140245182
10820.0 4233749.776396511
10830.0 4062102.4600989157
10840.0 4127105.071043517
10850.0 4183608.2124068527
10860.0 4150947.564631094
10870.0 3951374.2631466193
10880.0 4105843.3594839387
10890.0 4052430.0285234833
10900.0 4083908.072622449
10910.0 3953366.182701775
10920.0 3896980.616124803
10930.0 3644069.102475819
10940.0 3141320.9946456808
10950.0 3723135.28820839
10960.0 3876208.26812443
10970.0 3927427.469265137
10980.0 3879028.1326544364
10990.0 4026253.201483213
11000.0 4036828.1592191933
11010.0 4012652.1624423102
11020.0 3920288.563250267
11030.0 4005906.3773194845
11040.0 4008056.798214589
11050.0 3981444.0989664095
11060.0 3987039.976730554
11070.0 3986882.129533275
11080.0 3972151.8961124476
11090.0 3968307.6290513813
11100.0 3953065.043687412
11110.0 3951106.8334944933
11120.0 3920313.9775587283
11130.0 3867859.208256718
11140.0 3915483.676457402
11150.0 3898502.6969587775
11160.0 3893049.4092997652
11170.0 3896154.746159039
11180.0 3871490.662903566
11190.0 3783359.124811092
11200.0 3810262.3040235853
11210.0 3853675.5896854284
11220.0 3851878.570933223
11230.0 3842360.193156853
11240.0 3833434.700880484
11250.0 3692630.246921884
11260.0 3798738.158242826
11270.0 3801722.731908655
11280.0 3797714.8289648886
11290.0 3684448.5708372947
11300.0 3722549.5967428274
11310.0 3751531.262636563
11320.0 3751807.307054948
11330.0 3670294.658826491
11340.0 3715091.8848094856
11350.0 3712528.3433466475
11360.0 3695828.136774014
11370.0 3669481.2047185637
11380.0 3670606.006035741
11390.0 3627452.1474674516
11400.0 3563605.2582729645
11410.0 3635216.1306070876
11420.0 3638706.9031991446
11430.0 3657585.608601003
11440.0 3604922.9252774203
11450.0 3570724.21691007
11460.0 3638402.330020671
11470.0 3628133.347110487
11480.0 3611583.829163026
11490.0 3612808.4289063453
11500.0 3598741.440930268
11510.0 3598385.563378622
11520.0 3564499.9556349143
11530.0 3581603.5061827973
11540.0 3572203.20495977
11550.0 3569794.093669523
11560.0 3556805.8206076478
11570.0 3548071.086178464
11580.0 3541226.6659845547
11590.0 3459148.1315425313
11600.0 3497339.594432269
11610.0 3384534.267957981
11620.0 3480987.610690855
11630.0 3454813.9992659227
11640.0 3432319.913487621
11650.0 3431217.7232846757
11660.0 3385446.9460722758
11670.0 3394121.2465994325
11680.0 3459248.8858319684
11690.0 3405454.2179908096
11700.0 3431354.727248704
11710.0 3438708.6035780143
11720.0 3429320.9167465083
11730.0 3412064.3339771153
11740.0 3403442.5337949945
11750.0 3186462.2469442114
11760.0 3355782.1612654985
11770.0 3370153.470118141
11780.0 3290844.2846441874
11790.0 3371289.149466552
11800.0 3339036.429081238
11810.0 3331127.3604220743
11820.0 3332898.0471312697
11830.0 3254609.391601854
11840.0 3270256.6415367597
11850.0 3300510.0527276876
11860.0 3294955.112398721
11870.0 3306759.154053908
11880.0 3174972.86482879
11890.0 3238054.0271284985
11900.0 3249836.0532813086
11910.0 3284352.74618451
11920.0 3280453.932575791
11930.0 3270580.4202822796
11940.0 3262639.3664033557
11950.0 3189843.341510263
11960.0 3231888.0848830426
11970.0 3172467.0752254333
11980.0 3160313.476636914
11990.0 3150432.054735396
12000.0 3214423.8640261153
12010.0 3194184.145761138
12020.0 3202177.2551007946
12030.0 3105227.4956332394
12040.0 3159800.317035978
12050.0 3178384.3249253337
12060.0 3169738.362338081
12070.0 3157567.0142351603
12080.0 2970290.651130229
12090.0 3132319.0039435835
12100.0 3085081.80619295
12110.0 3088964.018132132
12120.0 3126104.5366316796
12130.0 3122187.2646873263
12140.0 3121500.1206657644
12150.0 3101832.185483215
12160.0 3108091.4787305044
12170.0 3081458.1107104807
12180.0 3080014.307680633
12190.0 3071125.245862123
12200.0 3048224.2517395034
12210.0 3035151.7733794735
12220.0 3060871.157785832
12230.0 3037341.0451552803
12240.0 3036025.320727309
12250.0 3004609.83388964
12260.0 3010094.7264555786
12270.0 2984156.9444295573
12280.0 3008694.031084021
12290.0 3016249.346430326
12300.0 3006992.946255045
12310.0 2965147.443894806
12320.0 2991858.466873187
12330.0 2969734.6738551375
12340.0 2926992.599103601
12350.0 2947613.9133168594
12360.0 2915351.2949035135
12370.0 2948294.8960151915
12380.0 2959146.3743011244
12390.0 2942324.6613771287
12400.0 2910086.3225640417
12410.0 2921992.3615686167
12420.0 2898642.9473225162
12430.0 2886702.0568055566
12440.0 2919690.4737075064
12450.0 2912773.778650537
12460.0 2889613.751206766
12470.0 2882159.6585275466
12480.0 2891498.013765137
12490.0 2883761.3766546515
12500.0 2873851.8615277065
12510.0 2824783.110802619
12520.0 2789347.19062839
12530.0 2830485.46611997
12540.0 2849922.490371577
12550.0 2830355.804036688
12560.0 2808521.8654315993
12570.0 2811658.957978066
12580.0 2787577.8717121803
12590.0 2815733.1857501967
12600.0 2796909.776628126
12610.0 2759965.803554065
12620.0 2797561.423121726
12630.0 2795778.17277902
12640.0 2745354.453788258
12650.0 2771918.638015455
12660.0 2770368.9416870433
12670.0 2767160.0150080943
12680.0 2742816.476285775
12690.0 2754706.0526039503
12700.0 2743298.4698971314
12710.0 2723512.246636734
12720.0 2735834.529930824
12730.0 2726102.9692896754
12740.0 2708073.6862925533
12750.0 2704119.4075778862
12760.0 2689899.890093214
12770.0 2668058.921347167
12780.0 2638975.236102749
12790.0 2589789.2817782923
12800.0 2506626.246421108
12810.0 2317084.0732992524
12820.0 1971118.3225479287
12830.0 2398140.7815670907
12840.0 2522228.6359950164
12850.0 2580111.3460038644
12860.0 2605402.5493082805
12870.0 2612366.710953609
12880.0 2616428.137630412
12890.0 2627406.271647685
12900.0 2586502.4191007446
12910.0 2616637.974696928
12920.0 2609388.4976450214
12930.0 2610583.5124677126
12940.0 2602282.985329669
12950.0 2598001.478571475
12960.0 2593341.6302068597
12970.0 2568292.774565079
12980.0 2580609.4498871663
12990.0 2584272.876293549
13000.0 2578401.8825685633
13010.0 2578033.9670165414
13020.0 2570534.5764692957
13030.0 2542451.7134602373
13040.0 2550422.0399251143
13050.0 2549898.5708390307
13060.0 2531708.22547832
13070.0 2543404.287161985
13080.0 2540030.228871251
13090.0 2532379.7095511677
13100.0 2514652.073678518
13110.0 2527475.8522751736
13120.0 2432724.7781136944
13130.0 2506288.270218001
13140.0 2502847.9752841154
13150.0 2423191.814136028
13160.0 2486493.4274106687
13170.0 2494104.011081285
13180.0 2443983.670069239
13190.0 2482527.834161253
13200.0 2473290.520766455
13210.0 2460967.217255777
13220.0 2464623.5896952115
13230.0 2465082.0037909173
13240.0 2459372.8266557837
13250.0 2448070.7835045857
13260.0 2440700.128906832
13270.0 2436774.047148124
13280.0 2429840.839280356
13290.0 2394587.6037200317
13300.0 2420638.2641835925
13310.0 2419390.5754000973
13320.0 2379480.926230088
13330.0 2406639.4154804065
13340.0 2405516.2960595763
13350.0 2385219.831704649
13360.0 2398678.98076095
13370.0 2384590.325630628
13380.0 2384478.065948379
13390.0 2346354.5599926
13400.0 2371302.1072399807
13410.0 2367649.9872854035
13420.0 2362881.7277023993
13430.0 2354763.711503953
13440.0 2359176.2597834286
13450.0 2346528.1176349106
13460.0 2337555.7913404433
13470.0 2342745.354700527
13480.0 2335712.174594806
13490.0 2328425.3404554566
13500.0 2298494.706382159
13510.0 2326904.0944945193
13520.0 2315506.777888795
13530.0 2313011.462153169
13540.0 2309580.330054237
13550.0 2286770.6997310715
13560.0 2270899.6810280676
13570.0 2278540.3373188106
13580.0 2286450.0083524245
13590.0 2281687.0627468843
13600.0 2272532.8016586145
13610.0 2277546.787015363
13620.0 2268565.14623519
13630.0 2254471.2294879435
13640.0 2254829.1525799637
13650.0 2251639.0021754387
13660.0 2251765.493132128
13670.0 2236836.5773895048
13680.0 2223503.4181021955
13690.0 2230834.160546027
13700.0 2193899.7572619515
13710.0 2210449.173899824
13720.0 2207751.220115979
13730.0 2196112.0549378507
13740.0 2171658.863756579
13750.0 2207724.2513993597
13760.0 2178624.3398644566
13770.0 2185747.3398123244
13780.0 2175053.484079164
13790.0 2193761.405546752
13800.0 2171892.5878169634
13810.0 2182212.381569854
13820.0 2169260.7275848747
13830.0 2144877.4278002228
13840.0 2172528.1106644114
13850.0 2157583.7744607218
13860.0 2150921.2548137144
13870.0 2153727.052577798
13880.0 2153960.376489877
13890.0 2146935.0106623224
13900.0 2121866.2273299424
13910.0 2138854.1960997037
13920.0 2125898.068695776
13930.0 2125297.238521973
13940.0 2093330.7725744355
13950.0 2102560.643971084
13960.0 2112362.21341279
13970.0 2110573.5426096413
13980.0 2107224.716771455
13990.0 2098465.1172362943
14000.0 2069767.5481207713
14010.0 2078932.4427871911
14020.0 2093124.2994366607
14030.0 2066925.385556887
14040.0 2080678.9406938276
14050.0 2082110.4936000665
14060.0 2073576.2917207438
14070.0 2065955.0195403518
14080.0 2052880.6529464668
14090.0 2062454.136070203
14100.0 2058180.829776938
14110.0 2021904.7663955635
14120.0 2029083.6563766245
14130.0 2018822.60925601
14140.0 2039494.6162318652
14150.0 2037459.0780498716
14160.0 2014999.0218847042
14170.0 2028077.891881804
14180.0 2017737.3432407249
14190.0 2021721.710340281
14200.0 2004228.9649748076
14210.0 1999544.391948409
14220.0 1982733.1506246647
14230.0 2007157.6959140466
14240.0 1951871.0596511734
14250.0 1981631.3682215242
14260.0 1968036.9624118244
14270.0 1965543.4668999766
14280.0 1978533.052918582
14290.0 1913289.7542920038
14300.0 1972529.6553450748
14310.0 1947774.1312955809
14320.0 1966305.8283788569
14330.0 1965759.3657573552
14340.0 1960817.308444441
14350.0 1954790.6621563616
14360.0 1951356.6593449726
14370.0 1952453.4031810919
14380.0 1944623.7586072015
14390.0 1941350.7366828888
14400.0 1798598.9829387616
14410.0 1932458.7802109965
14420.0 1881025.1107831413
14430.0 1891783.3378596671
14440.0 1884516.5401690628
14450.0 1916187.8476996222
14460.0 1902759.90808674
14470.0 1902236.518829255
14480.0 1884989.6262633735
14490.0 1893576.2375154998
14500.0 1860974.6824716865
14510.0 1852266.9268896894
14520.0 1868888.6377306238
14530.0 1875686.9307552467
14540.0 1803048.776399838
14550.0 1858630.6904894528
14560.0 1861288.5262249827
14570.0 1844000.4443757876
14580.0 1870843.3069595047
14590.0 1850591.3364416086
14600.0 1853964.911560663
14610.0 1857839.8256229535
14620.0 1841532.9228176668
14630.0 1824631.0987086713
14640.0 1817432.1380122183
14650.0 1783444.9586615828
14660.0 1841167.7214969236
14670.0 1827102.5895254721
14680.0 1830787.6453326286
14690.0 1820749.0906296535
14700.0 1791710.1250088087
14710.0 1807243.5410106152
14720.0 1786831.5287616304
14730.0 1815683.0929023153
14740.0 1797283.3118264233
14750.0 1772243.1879920631
14760.0 1796303.6061460357
14770.0 1789044.8676739724
14780.0 1749299.9957976528
14790.0 1792103.0248249162
14800.0 1787593.2287191928
14810.0 1761798.2110136189
14820.0 1779205.3147579369
14830.0 1727014.9973767016
14840.0 1766626.4397647083
14850.0 1745789.1849155887
14860.0 1750833.8064074945
14870.0 1734701.6968849767
14880.0 1604060.6918732591
14890.0 1752852.1778024964
14900.0 1731714.9220517348
14910.0 1732272.6898902745
14920.0 1740272.5262430157
14930.0 1736647.201453528
14940.0 1727263.679570634
14950.0 1725951.1393334772
14960.0 1691589.6869398511
14970.0 1701325.0951934003
14980.0 1698765.5050184855
14990.0 1688993.023281634
15000.0 1696934.910336999
15010.0 1679486.4372505948
15020.0 1649575.4332943636
15030.0 1665565.703058322
15040.0 1638575.0302413509
15050.0 1612454.161984004
15060.0 1681516.0287867407
15070.0 1678292.0732754546
15080.0 1660567.3230817611
15090.0 1665138.7859701843
15100.0 1654365.8690234583
15110.0 1663241.249330978
15120.0 1634453.9289487037
15130.0 1653702.8369755843
15140.0 1628241.1357746688
15150.0 1645824.744790112
15160.0 1629342.6409015493
15170.0 1638369.2023570433
15180.0 1626732.1401514052
15190.0 1628283.860706572
15200.0 1614269.9401687782
15210.0 1600158.6673114202
15220.0 1593697.858807266
15230.0 1609783.3631070189
15240.0 1598131.8438650856
15250.0 1604998.5125559096
15260.0 1591817.4775193601
15270.0 1601421.8016136207
15280.0 1602354.8512830737
15290.0 1551962.9156982265
15300.0 1592499.9003145753
15310.0 1596292.0511020944
15320.0 1582977.353101245
15330.0 1577814.9570559175
15340.0 1541161.9384804887
15350.0 1567333.9713770128
15360.0 1576738.9963763603
15370.0 1581698.4438324932
15380.0 1549430.2272360406
15390.0 1561259.7776695094
15400.0 1522252.403146737
15410.0 1564587.1669855763
15420.0 1522785.1070119545
15430.0 1537079.6095645488
15440.0 1522956.2424980372
15450.0 1535048.5088135167
15460.0 1547456.9940181253
15470.0 1536112.173637839
15480.0 1524979.4316240835
15490.0 1545980.0451106618
15500.0 1536592.5048004878
15510.0 1542955.6577773395
15520.0 1533199.342970897
15530.0 1509540.5411221401
15540.0 1496446.9720480966
15550.0 1478682.7385561725
15560.0 1451028.3931439526
15570.0 1489527.536431281
15580.0 1509232.185339711
15590.0 1488438.7149844165
15600.0 1517453.713566929
15610.0 1523374.8146044193
15620.0 1492655.808510252
15630.0 1495230.227023253
15640.0 1510505.6384921263
15650.0 1497160.1714715033
15660.0 1478760.3569406217
15670.0 1470315.9044586627
15680.0 1458944.3700576948
15690.0 1410459.7267545757
15700.0 1396189.1463074943
15710.0 1426231.4209480805
15720.0 1436096.2407649145
15730.0 1462305.9188775977
15740.0 1428425.7228391555
15750.0 1424610.822932957
15760.0 1473766.4390229767
15770.0 1361893.0194036146
15780.0 1473890.1138771921
15790.0 1469901.138868819
15800.0 1470531.1159234266
15810.0 1469529.2884428015
15820.0 1415340.8312593305
15830.0 1440320.6895445755
15840.0 1432786.2929790625
15850.0 1415094.1016957525
15860.0 1394516.064834961
15870.0 1344237.789961237
15880.0 1280526.6581403248
15890.0 1309466.8756387255
15900.0 1362931.2342048634
15910.0 1376990.764907861
15920.0 1416924.5483099585
15930.0 1420287.0416973464
15940.0 1425206.2134924256
15950.0 1416554.0533832794
15960.0 1379337.278282814
15970.0 1430412.5280807528
15980.0 1418503.293450412
15990.0 1428506.3595017209
16000.0 1410354.39635254
16010.0 1389781.5222996618
16020.0 1399753.3531380321
16030.0 1414726.4889653807
16040.0 1384787.229621376
16050.0 1394489.0545999391
16060.0 1361477.5856269908
16070.0 1365483.5071194274
16080.0 1354489.6304648963
16090.0 1298974.8585842957
16100.0 1248132.9693647984
16110.0 1197058.0454312405
16120.0 1270311.4201916002
16130.0 1310681.0773261779
16140.0 1332786.77171276
16150.0 1336073.2262216187
16160.0 1326022.5905832627
16170.0 1359804.6110884955
16180.0 1360459.6034339361
16190.0 1358258.2021040784
16200.0 1331231.8804835256
16210.0 1360246.4082634489
16220.0 1365086.2661027724
16230.0 1355796.1946483187
16240.0 1348363.726345251
16250.0 1363386.8065856886
16260.0 1359512.064180592
16270.0 1358555.4324842643
16280.0 1354550.2795050447
16290.0 1345346.6724722502
16300.0 1344397.5551107794
16310.0 1338096.35621851
16320.0 1316723.944328192
16330.0 1311364.604401272
16340.0 1323008.0474137794
16350.0 1310435.46409803
16360.0 1281045.7520965247
16370.0 1275683.8577924757
16380.0 1213535.3767367809
16390.0 1208650.086652477
16400.0 1131440.2019884228
16410.0 1080163.2154615924
16420.0 1182096.3867981269
16430.0 1231141.0713059977
16440.0 1231986.2560390343
16450.0 1266579.2890308704
16460.0 1280142.490372313
16470.0 1267337.982775721
16480.0 1285617.0092065148
16490.0 1262399.3488074827
16500.0 1290226.0120447723
16510.0 1282766.586147121
16520.0 1279571.7142940196
16530.0 1287512.8564853154
16540.0 1262644.2957957012
16550.0 1274721.0133094008
16560.0 1258489.4895681727
16570.0 1273733.8105598772
16580.0 1271670.4015891769
16590.0 1253656.832209967
16600.0 1269981.861982063
16610.0 1265550.2555097188
16620.0 1260547.0403730238
16630.0 1251957.4629511868
16640.0 1255780.1045953364
16650.0 1226699.7537540954
16660.0 1250480.9323809566
16670.0 1237440.6332596743
16680.0 1230916.0468158084
16690.0 1241956.1322111443
16700.0 1239483.5263689153
16710.0 1229798.7944775305
16720.0 1198870.4869406726
16730.0 1220190.0871037534
16740.0 1212091.6718943657
16750.0 1169193.123630899
16760.0 1179585.0741317428
16770.0 1174436.0909153554
16780.0 1143825.4221561125
16790.0 1102400.0018549524
16800.0 1009739.8095968671
16810.0 959849.3164155454
16820.0 1068444.5433445731
16830.0 1121786.5507808956
16840.0 1150532.2084492678
16850.0 1165871.6699844508
16860.0 1165508.6276620647
16870.0 1173415.0289903795
16880.0 1179731.3654621958
16890.0 1147852.7120642664
16900.0 1170632.5151397618
16910.0 1185162.4342877916
16920.0 1184807.9381031804
16930.0 1180445.5654976435
16940.0 1183244.285105283
16950.0 1179616.327944729
16960.0 1174151.825844415
16970.0 1160745.2693069405
16980.0 1168457.83933534
16990.0 1158697.2868937186
17000.0 1153842.1600364621
17010.0 1138357.3706941567
17020.0 1160104.4570760631
17030.0 1156264.3718484982
17040.0 1157379.9886862803
17050.0 1156762.9425396651
17060.0 1150127.282851556
17070.0 1149215.2687767148
17080.0 1148270.9328561367
17090.0 1116328.4997893302
17100.0 1144840.4128375356
17110.0 1097769.4238892659
17120.0 1138184.9535834542
17130.0 1135721.9797194246
17140.0 1135707.7890853165
17150.0 1132337.6139770434
17160.0 1122038.3712866686
17170.0 1128422.6143201198
17180.0 1124339.9927823755
17190.0 1120139.8846133696
17200.0 1114738.225194638
17210.0 1114351.1092847271
17220.0 1111733.927310085
17230.0 1054800.9254856252
17240.0 1104077.6922815994
17250.0 1099024.8517813797
17260.0 1099601.414819579
17270.0 1077016.7662180997
17280.0 1072664.691464315
17290.0 1081157.524930064
17300.0 1067067.7299495544
17310.0 1063977.7762785808
17320.0 1027409.2081036139
17330.0 993253.9458435018
17340.0 963687.574141209
17350.0 943606.3859344919
17360.0 814431.9830510028
17370.0 900522.3264877202
17380.0 975409.6710344623
17390.0 1002967.9388430339
17400.0 1025694.1994228486
17410.0 1017166.4622716783
17420.0 1042191.4540377026
17430.0 1033308.2171692144
17440.0 1052957.2432036665
17450.0 1025710.8808883377
17460.0 1027778.9692669897
17470.0 1021872.9467290764
17480.0 1038892.2306860405
17490.0 1051912.9759357693
17500.0 1044571.4284047198
17510.0 1016906.683071044
17520.0 1037742.5836627054
17530.0 1038946.5396866031
17540.0 1040973.9570665818
17550.0 1013564.740244719
17560.0 1036709.4294338451
17570.0 1039071.3462422951
17580.0 1033084.8304318433
17590.0 1035421.4773758516
17600.0 1024137.7692311711
17610.0 1005336.9810345534
17620.0 996312.3389759182
17630.0 1026375.7355470335
17640.0 980856.8184637122
17650.0 1023184.2899378958
17660.0 1012100.3599318571
17670.0 1005239.2793321689
17680.0 996936.8159372377
17690.0 1013390.8714700544
17700.0 1008376.9491313213
17710.0 1003168.6156147128
17720.0 987373.0356661467
17730.0 1003350.919966351
17740.0 999626.9353084697
17750.0 995737.5453386231
17760.0 989852.3959319012
17770.0 967167.5771702563
17780.0 990247.2596545153
17790.0 978920.2412736857
17800.0 989497.5554249538
17810.0 969580.0058447086
17820.0 983918.5343452359
17830.0 976057.9800776789
17840.0 971998.4046899028
17850.0 965463.0144449115
17860.0 970978.1653817752
17870.0 974864.5181116497
17880.0 975793.7745802478
17890.0 972267.3066074674
17900.0 972378.7183139725
17910.0 968618.2387755801
17920.0 964749.2998957455
17930.0 954850.8153402756
17940.0 952359.7574014564
17950.0 961220.711576339
17960.0 958318.983381533
17970.0 952213.6426281353
17980.0 951397.9948265782
17990.0 951190.6196280988
18000.0 946656.9798169073
18010.0 945329.7963966768
18020.0 927117.6709574568
18030.0 933186.6699508817
18040.0 939786.5258205951
18050.0 932328.9603538824
18060.0 924136.5663965864
18070.0 928407.3044476901
18080.0 919607.1887602501
18090.0 916855.2402150403
18100.0 908892.5075204745
18110.0 905479.7579380332
18120.0 900695.4116515043
18130.0 891801.2384162394
18140.0 873371.5941068351
18150.0 849016.5313943714
18160.0 800122.7396455958
18170.0 687587.6216558049
18180.0 731395.5703547035
18190.0 816009.2055061361
18200.0 849229.0932304935
18210.0 867615.5835062636
18220.0 848524.6480766899
18230.0 880528.2083892887
18240.0 880662.0312548615
18250.0 890697.2957924079
18260.0 893374.3755656882
18270.0 893562.8680884386
18280.0 882134.6792132097
18290.0 893297.7416716262
18300.0 889697.159884822
18310.0 891395.7725312242
18320.0 867542.6079667297
18330.0 889923.5321641132
18340.0 885942.0379474774
18350.0 884451.0416380825
18360.0 881913.0551957918
18370.0 863565.2099959608
18380.0 878740.1693219244
18390.0 877868.0131203192
18400.0 874742.2530235001
18410.0 865105.109981775
18420.0 849425.2323926504
18430.0 865892.0773308524
18440.0 868808.2077721498
18450.0 865863.9134838707
18460.0 866776.888334372
18470.0 845213.4846881684
18480.0 864591.1276739623
18490.0 861948.6612479989
18500.0 859384.7596751666
18510.0 857314.1560124293
18520.0 843887.418686563
18530.0 846691.1409424733
18540.0 854226.8163456185
18550.0 819882.9924054571
18560.0 846715.1783535526
18570.0 848410.1891143073
18580.0 835215.4913675828
18590.0 842548.2669808778
18600.0 842713.4779953068
18610.0 836198.5653893619
18620.0 833283.5553055682
18630.0 831770.0271618819
18640.0 831468.635950798
18650.0 827053.5681617762
18660.0 819067.0873420518
18670.0 822256.9807010649
18680.0 813145.4902465012
18690.0 810356.4652437901
18700.0 803608.7641869412
18710.0 793050.4444718318
18720.0 762962.863890322
18730.0 754079.1758494828
18740.0 709967.4589964775
18750.0 576998.846345227
18760.0 691695.4266819058
18770.0 734889.4849000395
18780.0 766483.433806477
18790.0 777982.1920561792
18800.0 787486.3737589387
18810.0 792993.742185696
18820.0 786342.0280797301
18830.0 797461.3179304465
18840.0 779235.9360146517
18850.0 785117.3131952838
18860.0 781234.5529333343
18870.0 794818.3139464209
18880.0 786035.8781024517
18890.0 788886.3776126929
18900.0 780460.8911618581
18910.0 777547.100408756
18920.0 779885.980492096
18930.0 750874.1372033891
18940.0 773195.5087701875
18950.0 778844.5030404517
18960.0 763235.8505426127
18970.0 778476.1983492859
18980.0 784181.5857017513
18990.0 771306.4982360938
19000.0 779376.5435540768
19010.0 779382.4969563512
19020.0 778902.9746476945
19030.0 766010.8205276631
19040.0 774780.2086501406
19050.0 769861.7580881704
19060.0 772321.187886075
19070.0 772708.5708249337
19080.0 765041.1632483325
19090.0 769120.5901396974
19100.0 765974.0548091887
19110.0 756603.9892657134
19120.0 757672.1007073763
19130.0 762278.8840442223
19140.0 758390.2352641297
19150.0 758379.8849963178
19160.0 754683.6485567103
19170.0 755967.3519538838
19180.0 754916.9475006724
19190.0 736030.1844692535
19200.0 749239.0344311275
19210.0 746506.1773625693
19220.0 747621.1702243867
19230.0 747461.0410323052
19240.0 745996.4140963266
19250.0 741906.0355865837
19260.0 739489.0105660864
19270.0 732087.0256574235
19280.0 732581.9410123836
19290.0 737403.7363297123
19300.0 734362.7638322893
19310.0 722197.0675123872
19320.0 731516.1733232876
19330.0 729302.3012162243
19340.0 717434.4312677957
19350.0 723914.1433563443
19360.0 721058.4176160595
19370.0 717871.8339788795
19380.0 712345.8323693508
19390.0 694691.2328673177
19400.0 695777.2754760252
19410.0 686310.6334587216
19420.0 668911.5643696964
19430.0 627902.2974125558
19440.0 564161.4487791051
19450.0 542029.1252301196
19460.0 631861.5766094957
19470.0 659086.5596559887
19480.0 672677.3773119464
19490.0 672937.090675893
19500.0 690998.3660726263
19510.0 668753.633427263
19520.0 698050.450849521
19530.0 696492.6799444811
19540.0 694881.3971338312
19550.0 700042.025301353
19560.0 699847.7007562733
19570.0 698397.541487764
19580.0 694954.1864887427
19590.0 693808.9163617368
19600.0 693012.1752420919
19610.0 688734.6363756021
19620.0 691842.8348899054
19630.0 680547.5705100718
19640.0 688723.044784713
19650.0 692089.6076666664
19660.0 690292.7924785182
19670.0 689367.3666394441
19680.0 687643.3417988437
19690.0 685939.5586736773
19700.0 685574.1257754631
19710.0 684054.7625878281
19720.0 655884.7055807842
19730.0 673824.3155222241
19740.0 679496.1632560538
19750.0 678746.0533501904
19760.0 677266.6635264308
19770.0 677623.0353333793
19780.0 655717.3556474117
19790.0 668501.4899749804
19800.0 673087.4146216784
19810.0 671410.6791658959
19820.0 669674.2813289885
19830.0 670045.9982515096
19840.0 669028.321676441
19850.0 650434.2776309076
19860.0 653399.6301198818
19870.0 663802.8753837362
19880.0 662704.0806447518
19890.0 661899.4986751297
19900.0 661494.0364989314
19910.0 659020.4841171778
19920.0 657342.9615003023
19930.0 640793.6607397548
19940.0 655853.8517899829
19950.0 654022.6046402493
19960.0 649298.8393280997
19970.0 639986.2585809976
19980.0 650728.5837633585
19990.0 650587.1721896888
20010.0 646781.7364143684
20020.0 641243.9784743349
20030.0 643086.3423367465
20040.0 640182.4280152908
20050.0 633707.2554493331
20060.0 641225.5847002909
20070.0 638196.7956594506
20080.0 638815.5084351301
20090.0 635167.2229824108
20100.0 636985.4168623392
20110.0 635287.5012296268
20120.0 635402.3049249311
20130.0 633245.1903718583
20140.0 627156.1175414689
20150.0 630888.2664509427
20160.0 630593.3370772483
20170.0 628510.5094156653
20180.0 628274.3634908334
20190.0 625300.7192358922
20200.0 623677.3690281009
20210.0 611624.2920453593
20220.0 622691.5490792859
20230.0 618354.2878045888
20240.0 617769.3282635384
20250.0 619886.2703927455
20260.0 615133.954205163
20270.0 615259.4397394644
20280.0 615042.5669487535
20290.0 612575.0558494064
20300.0 594677.1825814403
20310.0 613355.8386139211
20320.0 612086.1525407099
20330.0 609853.6932692722
20340.0 596883.1153547039
20350.0 607144.1642532191
20360.0 606613.6448212527
20370.0 604652.6570459035
20380.0 588575.6708767758
20390.0 604219.3363625526
20400.0 599796.6335198424
20410.0 595253.3864539491
20420.0 600368.2650691668
20430.0 599923.7995143827
20440.0 598971.5055720069
20450.0 596889.2632213195
20460.0 596959.3425045762
20470.0 594708.293411192
20480.0 594710.2558942465
20490.0 593944.0099756477
20500.0 593123.4556913686
20510.0 590421.3627108268
20520.0 583431.7186970857
20530.0 588569.0459788489
20540.0 584638.7948179212
20550.0 587080.8452830863
20560.0 586523.657252763
20570.0 584599.7307691763
20580.0 584327.7558436629
20590.0 579674.4024945789
20600.0 565282.2106558749
20610.0 580583.7279368412
20620.0 579207.5731918237
20630.0 548529.59755705
20640.0 578250.2934405011
20650.0 577053.3608761377
20660.0 575740.4498342688
20670.0 564914.8403438248
20680.0 571411.0723622006
20690.0 571671.3059378532
20700.0 559069.6047565364
20710.0 564682.487889553
20720.0 566376.0350726574
20730.0 567787.9740619246
20740.0 565550.0146132249
20750.0 565592.5966021594
20760.0 559844.220133895
20770.0 552566.2851479341
20780.0 562902.9442711651
20790.0 562728.7997011314
20800.0 558481.7292051822
20810.0 560479.8802340626
20820.0 557889.6349193733
20830.0 549623.2808794356
20840.0 550714.3904955698
20850.0 554468.1815825654
20860.0 555141.0341643078
20870.0 552851.9481539825
20880.0 550901.4036434458
20890.0 548192.9005537747
20900.0 552051.7189302909
20910.0 550277.0787546155
20920.0 531926.5547245009
20930.0 546595.1785054157
20940.0 547926.0784205254
20950.0 546993.5197959647
20960.0 543676.7825840137
20970.0 543748.1268488333
20980.0 542291.2524824911
20990.0 541144.259579219
21000.0 542451.5480721423
21010.0 537243.2180218926
21020.0 526753.989326765
21030.0 538679.4338443951
21040.0 538767.7063294834
21050.0 537801.2319679154
21060.0 534578.7590295213
21070.0 531561.2832516684
21080.0 534043.5473241615
21090.0 526786.4185825482
21100.0 531184.4212040112
21110.0 530493.5952302184
21120.0 530296.7406874334
21130.0 529589.8100852779
21140.0 525099.2256387707
21150.0 527167.3551716169
21160.0 509606.246122187
21170.0 525002.9489064267
21180.0 524123.27207737014
21190.0 499468.79709922743
21200.0 521488.52348759136
21210.0 510006.61122446804
21220.0 518939.0203074676
21230.0 511070.73078748374
21240.0 517483.93973139825
21250.0 518652.8256901761
21260.0 497159.9801828264
21270.0 515050.3260162021
21280.0 514150.0531644665
21290.0 512292.7616690177
21300.0 507555.7214853521
21310.0 513579.00263649464
21320.0 510923.0350958653
21330.0 511140.0188783346
21340.0 510257.41400108964
21350.0 497644.3904066896
21360.0 507364.2981560731
21370.0 506703.29717927834
21380.0 507083.60752559773
21390.0 502187.8791906672
21400.0 504998.7121370526
21410.0 503144.90635411453
21420.0 503547.1018926917
21430.0 497556.1387441686
21440.0 498679.35342663876
21450.0 498986.2755206165
21460.0 497119.55693817604
21470.0 497092.95889670943
21480.0 497018.4221298633
21490.0 495720.5266380129
21500.0 494964.2324399387
21510.0 492578.5194785334
21520.0 490696.8077745559
21530.0 489991.7178366399
21540.0 487486.74818257167
21550.0 487682.60028090567
21560.0 486340.0215437236
21570.0 484149.45331145264
21580.0 481659.7942577409
21590.0 477538.0764090348
21600.0 474358.1397950656
21610.0 467815.28438845335
21620.0 461573.2302064037
21630.0 450839.57719965844
21640.0 431187.2654186444
21650.0 374992.4548610215
21660.0 370518.085492378
21670.0 426631.537408114
21680.0 446314.72755188274
21690.0 450396.27899136586
21700.0 460489.97166088223
21710.0 464163.44551430485
21720.0 467694.78058759304
21730.0 467698.9768635418
21740.0 468517.93434177944
21750.0 468922.91300508997
21760.0 467257.69285269943
21770.0 470388.89390139777
21780.0 456061.9126185197
21790.0 469316.6773833437
21800.0 470309.2579642724
21810.0 469498.963423168
21820.0 458217.68819999456
21830.0 467988.93415636267
21840.0 467666.36128689046
21850.0 467030.22961266316
21860.0 466300.92908909306
21870.0 462237.47973298794
21880.0 451425.0815530112
21890.0 463468.2417861776
21900.0 462073.3518051594
21910.0 462249.70023538463
21920.0 462281.189815093
21930.0 461282.3905177152
21940.0 459024.3223725642
21950.0 459913.5453581494
21960.0 459267.4794983
21970.0 458107.12477856834
21980.0 457726.1311805663
21990.0 456037.718691402
22000.0 456116.9604188309
22010.0 453663.98786558775
22020.0 454326.3594773174
22030.0 451476.1522420767
22040.0 449979.79611604655
22050.0 451998.8811070714
22060.0 428816.45721438347
22070.0 447589.7244234334
22080.0 444142.8027667598
22090.0 449496.68219855963
22100.0 447662.06274819904
22110.0 446081.7482518403
22120.0 446669.1903096831
22130.0 446711.6073176005
22140.0 445745.9154284888
22150.0 444864.48463609006
22160.0 427389.20492243354
22170.0 433829.49870581564
22180.0 442588.0287777726
22190.0 442239.1723526607
22200.0 441223.21698204265
22210.0 440574.2226748973
22220.0 439926.72279926727
22230.0 438976.5560873049
22240.0 437968.71238043316
22250.0 437662.66541954956
22260.0 433259.37956049497
22270.0 436355.0347801088
22280.0 434221.9710276582
22290.0 434929.98835821345
22300.0 432588.28670729103
22310.0 433173.52618749015
22320.0 432237.6666951945
22330.0 431956.9948033686
22340.0 430658.4133417003
22350.0 430468.58379681053
22360.0 429499.82313261117
22370.0 428963.6834763741
22380.0 424104.06488713506
22390.0 426127.8473304808
22400.0 427189.99080406077
22410.0 426070.53528521396
22420.0 423333.0208380756
22430.0 424485.1673883027
22440.0 423859.82716560573
22450.0 423081.22273779724
22460.0 422901.5315264911
22470.0 416915.12125236366
22480.0 420763.83192795387
22490.0 420435.8835551928
22500.0 420140.6161297881
22510.0 415125.02968104
22520.0 413952.2241382662
22530.0 414894.279559222
22540.0 407383.3284482595
22550.0 410019.9418820868
22560.0 410795.5698071987
22570.0 414393.8874041957
22580.0 412373.0759860785
22590.0 413507.5055719997
22600.0 412659.79615220206
22610.0 410876.2477063372
22620.0 406272.2702492685
22630.0 410153.7637704707
22640.0 406075.3382722143
22650.0 407136.8237639852
22660.0 407823.9019861884
22670.0 407960.6692565015
22680.0 407353.8924429423
22690.0 406490.9652214758
22700.0 406294.1774069394
22710.0 396431.2380713273
22720.0 404569.92854777235
22730.0 404233.90999192704
22740.0 401178.77240925713
22750.0 402231.03576100577
22760.0 401629.82010665763
22770.0 401657.74934406043
22780.0 400523.59471666056
22790.0 398345.3534940637
22800.0 397184.21693737066
22810.0 383518.8509905103
22820.0 396839.6650607629
22830.0 396524.2940254962
22840.0 396852.52898795536
22850.0 395897.35185236257
22860.0 393720.3956430212
22870.0 394755.1903802522
22880.0 394308.98604685435
22890.0 391281.30110846966
22900.0 393274.80116969685
22910.0 386402.22920574044
22920.0 391685.3038830425
22930.0 389623.279449427
22940.0 390621.9959244598
22950.0 388444.99334918737
22960.0 385691.2116720162
22970.0 387027.73088863544
22980.0 387809.3710217026
22990.0 386097.4720552219
23000.0 386473.13400872494
23010.0 386470.0621336886
23020.0 384765.025351205
23030.0 384455.2947589392
23040.0 384146.7450573509
23050.0 383389.03625540785
23060.0 383228.12833670265
23070.0 382522.5613465807
23080.0 382205.13522483886
23090.0 380509.8100226929
23100.0 380730.9256881362
23110.0 380257.2622571492
23120.0 379628.69859086524
23130.0 376521.24898646015
23140.0 375834.25913541444
23150.0 377345.99019617215
23160.0 376111.74209830567
23170.0 376220.9748770362
23180.0 373382.82853508106
23190.0 375179.26306503057
23200.0 374764.7784395054
23210.0 374144.1946878273
23220.0 373335.55182837223
23230.0 372751.42980367085
23240.0 372223.7544935226
23250.0 370173.3056722421
23260.0 371039.52356356435
23270.0 370666.35415892425
23280.0 369913.08194312325
23290.0 369173.4024149387
23300.0 368731.3737559146
23310.0 367660.5659089687
23320.0 367620.43893468805
23330.0 366373.2127806983
23340.0 366564.767513853
23350.0 361930.8943580713
23360.0 364924.02118736185
23370.0 364344.25016289775
23380.0 357184.14997825323
23390.0 363413.68061510404
23400.0 362437.89208473073
23410.0 362178.4043965399
23420.0 361661.5075477925
23430.0 361029.49150916445
23440.0 359421.196310759
23450.0 359652.8519291236
23460.0 358769.80838810594
23470.0 358419.90858585294
23480.0 357085.9637375928
23490.0 357334.77266603126
23500.0 356210.5823811285
23510.0 356350.0529212029
23520.0 355773.6642784339
23530.0 355306.95646298694
23540.0 354670.0494173895
23550.0 354188.4032081053
23560.0 353479.9178022958
23570.0 349281.75319879496
23580.0 351932.1794014831
23590.0 351904.4593163965
23600.0 350726.0541965792
23610.0 350032.8827956252
23620.0 350143.3621824989
23630.0 349435.1223583805
23640.0 348753.10869342554
23650.0 348422.76513893955
23660.0 347558.6476923968
23670.0 346680.4710293858
23680.0 345887.795165547
23690.0 345117.6200911072
23700.0 345103.9657779166
23710.0 344121.7722662379
23720.0 342841.15955021523
23730.0 340035.1875766743
23740.0 334151.4963893971
23750.0 341233.20598487277
23760.0 340704.7163525426
23770.0 340887.2274806785
23780.0 340432.3393735781
23790.0 339758.8120543117
23800.0 338900.6654935546
23810.0 338416.99969834526
23820.0 338105.1546604698
23830.0 336736.85725999676
23840.0 331076.3068735542
23850.0 335123.46411745384
23860.0 329103.58210659336
23870.0 335268.62087416387
23880.0 335516.0603939933
23890.0 334744.2606480928
23900.0 334527.8616536659
23910.0 334066.2634232184
23920.0 332495.24592039007
23930.0 332792.68918390194
23940.0 332133.95317620377
23950.0 330590.75488982943
23960.0 330989.84339410614
23970.0 330198.6896181449
23980.0 328525.656567067
23990.0 327342.06426552136
24000.0 326682.3326837597
24010.0 327482.72834555927
24020.0 327197.98172656
24030.0 326353.9323573857
24040.0 325355.24371035764
24050.0 324676.40578117233
24060.0 325264.53857922443
24070.0 324679.74970897654
24080.0 323531.4300137477
24090.0 323875.58862832445
24100.0 323361.3779752161
24110.0 322366.74806693394
24120.0 321485.66962700186
24130.0 321317.4200222082
24140.0 320356.19268122833
24150.0 315008.5356474631
24160.0 315203.03935226524
24170.0 318892.2837737442
24180.0 318672.0489122846
24190.0 318607.7371877327
24200.0 317866.6576290989
24210.0 317909.3411995477
24220.0 316830.77547103004
24230.0 316140.35043807706
24240.0 314073.04608542955
24250.0 315664.3924518105
24260.0 314405.93951805047
24270.0 313418.07727203256
24280.0 313580.2057071077
24290.0 311785.2848428255
24300.0 312235.4146666809
24310.0 312004.66993241006
24320.0 311850.59784135147
24330.0 309828.22116988944
24340.0 309235.5451435441
24350.0 307280.76974942087
24360.0 309527.83502897306
24370.0 307186.6801144127
24380.0 309743.06753868045
24390.0 308945.6347637645
24400.0 308462.0226312348
24410.0 307978.5911661145
24420.0 306128.9803214931
24430.0 306523.4407964046
24440.0 305942.9292723762
24450.0 305505.80910542916
24460.0 304372.1495792982
24470.0 303574.95073270856
24480.0 302946.33254414063
24490.0 302280.5750272739
24500.0 301183.17817900784
24510.0 299375.06198211043
24520.0 300503.82644988917
24530.0 301309.9915749081
24540.0 302161.81734740536
24550.0 297865.5346047058
24560.0 298964.17640856496
24570.0 291769.3096941026
24580.0 300800.86364316207
24590.0 300233.2382259905
24600.0 300025.493466067
24610.0 299445.74932859046
24620.0 298524.60582724435
24630.0 296747.6829792298
24640.0 297481.780766964
24650.0 295338.27920332906
24660.0 295313.43827818765
24670.0 294810.11796297075
24680.0 293138.92932451406
24690.0 288042.17371760024
24700.0 289366.16976829246
24710.0 292673.3264797442
24720.0 292350.98380543053
24730.0 288625.7017703887
24740.0 292527.1596732064
24750.0 292096.4196063263
24760.0 290295.849446824
24770.0 291237.18993205467
24780.0 290596.77101940115
24790.0 291395.0027307661
24800.0 284625.9879196725
24810.0 290531.5680657904
24820.0 281492.47164058086
24830.0 289742.5558413376
24840.0 289349.24067040504
24850.0 288531.956076957
24860.0 276289.60213098075
24870.0 284705.5087933729
24880.0 284638.27606805204
24890.0 284131.91395852674
24900.0 283634.9824569819
24910.0 284248.4115423066
24920.0 282126.09737934516
24930.0 281741.4228283978
24940.0 280400.9649744288
24950.0 278217.5377393851
24960.0 280422.7310900429
24970.0 280694.75504594046
24980.0 278232.74955899594
24990.0 280500.9389111137
