#lam[Angstrom] flux[erg/cm2/s/A]
1010.0 9.715553941627663
1020.0 10.060814794559445
1030.0 34.69934323003906
1040.0 13.683970274993122
1050.0 10.308660566324807
1060.0 10.404334370617228
1070.0 10.98986329510589
1080.0 33.22867166264966
1090.0 33.85826432544969
1100.0 10.92008622584763
1110.0 11.132423704115714
1120.0 11.692800883691495
1130.0 11.392628737857182
1140.0 12.354226593000336
1150.0 11.659426294835045
1160.0 11.82929930778189
1170.0 11.880621880043982
1180.0 12.076647757121538
1190.0 12.235261315868684
1200.0 19.50596136091423
1210.0 16.86931592225974
1220.0 100.68151882684165
1230.0 18.09230279236282
1240.0 65.79044136327123
1250.0 34.80832580033573
1260.0 45.24583353741971
1270.0 53.86767998917445
1280.0 59.94428260590889
1290.0 73.69720925840028
1300.0 77.16825414413199
1310.0 95.81633619157408
1320.0 110.47782222413016
1330.0 116.10740527553875
1340.0 145.9724460119769
1350.0 166.8852157751582
1360.0 178.4609034617663
1370.0 189.1571319709276
1380.0 219.07955659671734
1390.0 313.8437226815982
1400.0 337.6914282494483
1410.0 324.4651601266714
1420.0 325.4276476165901
1430.0 339.4316740863614
1440.0 401.01468948452555
1450.0 449.8374954224212
1460.0 513.3206962489655
1470.0 496.6706938383094
1480.0 589.0133666598726
1490.0 706.9034699966465
1500.0 751.1254438791128
1510.0 822.5306590099837
1520.0 1009.4915852590968
1530.0 1918.6868799679362
1540.0 2744.262180538384
1550.0 3194.556773577053
1560.0 2211.2094912863363
1570.0 3228.556660939713
1580.0 4326.291225747432
1590.0 4937.401894024588
1600.0 5453.648207349548
1610.0 5132.450841802853
1620.0 5287.0280508809055
1630.0 5209.551140261514
1640.0 7437.363070379577
1650.0 6311.247951870549
1660.0 5946.900735350107
1670.0 6760.097409247713
1680.0 46127.75564422913
1690.0 33488.585096255825
1700.0 42823.00022522808
1710.0 71578.24285032782
1720.0 109112.698838807
1730.0 161640.65356526457
1740.0 154110.43514080803
1750.0 169478.97540168618
1760.0 217158.8776484116
1770.0 172677.1675926822
1780.0 225269.06492999342
1790.0 422544.84933936875
1800.0 541421.4739580549
1810.0 293247.545582906
1820.0 266255.5341725361
1830.0 237229.71579813657
1840.0 235030.65930502609
1850.0 229278.73514590104
1860.0 421382.54724034504
1870.0 495479.1992290137
1880.0 494085.0751473745
1890.0 497380.11512609996
1900.0 397580.40475999925
1910.0 368071.463677423
1920.0 499395.1099403
1930.0 226365.53196223482
1940.0 413764.2688027777
1950.0 614091.9984825099
1960.0 820656.3818265373
1970.0 778678.7756893856
1980.0 700899.3302068585
1990.0 828805.2291740405
2000.0 849604.5445727038
2010.0 749474.6491480628
2020.0 699317.0130434025
2030.0 821838.7490056558
2040.0 1002497.1381829972
2050.0 1235350.7423652194
2060.0 810112.7371964176
2070.0 1820952.9170537966
2080.0 1876549.8401063324
2090.0 2178001.4404236213
2100.0 2023556.2775111704
2110.0 2234466.029564985
2120.0 2407044.6135040727
2130.0 1469577.4679632343
2140.0 2033967.8989867682
2150.0 1799070.2542580992
2160.0 2124580.8796552005
2170.0 1332817.0686473893
2180.0 1927625.082541955
2190.0 2162063.751716577
2200.0 2727057.144569123
2210.0 1556433.9243040225
2220.0 1333958.3725877171
2230.0 1723955.190852033
2240.0 2661362.327961101
2250.0 1699937.3100855409
2260.0 1682253.9854172457
2270.0 1808868.2876674356
2280.0 2169022.1996841286
2290.0 2068665.2575065175
2300.0 1803541.026385194
2310.0 2222263.4509716085
2320.0 2327118.378050811
2330.0 795138.6602391005
2340.0 838524.8638250106
2350.0 907303.7733930337
2360.0 565877.7170350223
2370.0 671056.021961312
2380.0 496286.123322698
2390.0 551830.3813358176
2400.0 445325.03438640817
2410.0 514967.1733824287
2420.0 1859676.7345982061
2430.0 1964047.6722752396
2440.0 2044560.7949281854
2450.0 2230500.5633816165
2460.0 2381313.7639876474
2470.0 2135922.6618540236
2480.0 1938408.3668703982
2490.0 1626722.832648271
2500.0 2225645.336774158
2510.0 1896701.8042608518
2520.0 1296014.0586229258
2530.0 1198446.5908243125
2540.0 1466353.074135878
2550.0 1897370.9974175289
2560.0 1668469.4202435135
2570.0 2259487.4703345266
2580.0 1654093.4059122412
2590.0 1450876.7358675597
2600.0 1044128.5557152964
2610.0 674879.2128725465
2620.0 1553655.6296092311
2630.0 1086408.5712423562
2640.0 3749301.978943786
2650.0 4050216.2770180856
2660.0 3228206.9651829656
2670.0 3669006.82195528
2680.0 3838397.050254915
2690.0 3850606.4392035697
2700.0 4151674.447128731
2710.0 3172715.5453009023
2720.0 2409654.1466357447
2730.0 2551264.4538623053
2740.0 1884268.0356552876
2750.0 1594006.3767914404
2760.0 2433209.1676027323
2770.0 2899047.779535615
2780.0 2388386.0136514455
2790.0 1086452.3801231775
2800.0 391471.1082739781
2810.0 1728848.9676773492
2820.0 4267392.616862136
2830.0 4338595.928176686
2840.0 3787017.9314721385
2850.0 3118654.081375591
2860.0 4738642.285718505
2870.0 4645043.773644003
2880.0 4102719.036020465
2890.0 4941269.853828375
2900.0 6645037.471769771
2910.0 6426604.917407559
2920.0 5942123.90668415
2930.0 5612109.7948475145
2940.0 5588389.2921516895
2950.0 5687652.230841672
2960.0 6844681.646762586
2970.0 6116892.242465546
2980.0 5959339.875571439
2990.0 6233810.610101902
3000.0 6670541.688745051
3010.0 7550648.27214744
3020.0 6556417.054278538
3030.0 6515821.976773711
3040.0 6256817.82594575
3050.0 7482099.623977618
3060.0 6824669.63174947
3070.0 7334468.150064967
3080.0 6883407.054089302
3090.0 7400906.148502539
3100.0 6844990.32575981
3110.0 7513950.4859628845
3120.0 6870462.30302821
3130.0 6279318.255187335
3140.0 7438849.404947075
3150.0 7747760.7009559125
3160.0 6466579.026819742
3170.0 7850187.435545969
3180.0 6493454.496804338
3190.0 6811643.374898956
3200.0 7318687.448731765
3210.0 6768518.828553608
3220.0 7503427.697893761
3230.0 5237788.053379541
3240.0 6965083.10106785
3250.0 7249349.36553098
3260.0 8723870.666847985
3270.0 8162982.150398587
3280.0 6924015.961520923
3290.0 8556172.843128769
3300.0 8904773.452486502
3310.0 7860412.709075574
3320.0 8135555.082972428
3330.0 8869811.372796468
3340.0 7616378.828154391
3350.0 7578820.12618284
3360.0 7699726.008671326
3370.0 6813348.03415851
3380.0 7733669.5349367475
3390.0 7710965.799796689
3400.0 8268148.082899044
3410.0 7691222.687946368
3420.0 7763959.3995024385
3430.0 8635330.269325584
3440.0 7890221.609222776
3450.0 8410949.684482614
3460.0 7794619.732450325
3470.0 8279251.62296439
3480.0 7417683.850147775
3490.0 8557252.075434366
3500.0 8001280.212913222
3510.0 8105253.174885568
3520.0 7591729.393039768
3530.0 8109255.811192764
3540.0 9154926.651861804
3550.0 8357021.11138494
3560.0 9152499.932856413
3570.0 7452429.963502599
3580.0 8262700.478282478
3590.0 6838623.028638522
3600.0 9021940.257203648
3610.0 7578339.450819469
3620.0 8182869.387930234
3630.0 8584836.789529134
3640.0 8576690.507862704
3650.0 8359095.76378336
3660.0 8987566.175939193
3670.0 8016898.201152462
3680.0 8080897.57336194
3690.0 8811826.015814546
3700.0 9590741.306138976
3710.0 9840283.226161158
3720.0 10454292.806022367
3730.0 10775164.318004606
3740.0 11288230.076499408
3750.0 9586782.158053868
3760.0 12815838.907634895
3770.0 10687204.379864672
3780.0 15705915.63749469
3790.0 13437234.183166701
3800.0 11798684.543025123
3810.0 15831513.475338418
3820.0 15007135.200235765
3830.0 11690666.012793109
3840.0 11884048.199066887
3850.0 16408841.036611175
3860.0 15714639.603930978
3870.0 15857585.01525837
3880.0 15936116.708824972
3890.0 10736481.036494745
3900.0 15294384.269080224
3910.0 15909167.803358916
3920.0 15467041.917269694
3930.0 7265601.40127767
3940.0 10784495.938840982
3950.0 16182465.88898487
3960.0 14122726.427593218
3970.0 5828150.3466000585
3980.0 15661230.215181246
3990.0 18165712.864039086
4000.0 17856921.74966614
4010.0 18264466.934421573
4020.0 18886452.97282808
4030.0 17819254.375017513
4040.0 19018997.23910576
4050.0 18500071.36309967
4060.0 18444786.900746632
4070.0 17712801.200390246
4080.0 17322404.571301773
4090.0 18824090.513392586
4100.0 12600812.143194
4110.0 16798231.190872975
4120.0 19017735.013415184
4130.0 17841203.50829956
4140.0 19590531.000713162
4150.0 18546696.849931113
4160.0 19386364.62508086
4170.0 18315241.723821852
4180.0 18069286.58190307
4190.0 19574831.15372137
4200.0 17440447.19404396
4210.0 19196076.469661046
4220.0 18776277.853879306
4230.0 17823358.23245541
4240.0 18479923.275601685
4250.0 18162938.721281417
4260.0 18764170.11237223
4270.0 17983861.07351616
4280.0 18656247.0410805
4290.0 16683626.25102182
4300.0 15674260.640034655
4310.0 15986662.70325916
4320.0 18104264.505282387
4330.0 16735776.623617008
4340.0 11647227.402637567
4350.0 16716437.543615105
4360.0 19406712.876167584
4370.0 18532875.709689766
4380.0 18099944.19826233
4390.0 18305329.1479515
4400.0 17744055.605255354
4410.0 18453434.987069495
4420.0 18025623.843500044
4430.0 18275309.915758085
4440.0 18005034.649486043
4450.0 18171357.927945603
4460.0 16745379.138216611
4470.0 18322386.95359696
4480.0 18480982.2051539
4490.0 18450589.707619216
4500.0 18863780.12231032
4510.0 19945105.206646435
4520.0 18144777.005041145
4530.0 17281112.738711927
4540.0 18688468.38867249
4550.0 17996944.62051851
4560.0 18432295.636693384
4570.0 18809900.60821746
4580.0 17555862.085704956
4590.0 17757240.937498465
4600.0 18137495.326664943
4610.0 18407347.10567964
4620.0 18230260.526505657
4630.0 18210872.675897643
4640.0 18690058.84006095
4650.0 18335475.790111538
4660.0 18705400.215985246
4670.0 17981186.564940304
4680.0 18648051.598099217
4690.0 18558885.00996077
4700.0 18169595.50315662
4710.0 18077041.01944637
4720.0 18402590.39494979
4730.0 17825122.597473778
4740.0 18130696.44584825
4750.0 18592772.74365831
4760.0 17819752.455882132
4770.0 18241796.63604177
4780.0 18400025.092211045
4790.0 17742355.02735129
4800.0 18146728.75542524
4810.0 17610509.134263534
4820.0 17719244.91539131
4830.0 17852211.151247486
4840.0 16932990.227358896
4850.0 16188799.511205278
4860.0 11364354.095062112
4870.0 14803756.49923575
4880.0 16410344.017105468
4890.0 16532210.701992821
4900.0 17312235.601533443
4910.0 17072607.17124042
4920.0 16217723.649142597
4930.0 17497136.373837568
4940.0 16806685.237214256
4950.0 17478799.483866118
4960.0 17282490.148290098
4970.0 17285551.681542836
4980.0 16192342.925687756
4990.0 16480094.607473457
5000.0 16606103.99461734
5010.0 15852198.302051943
5020.0 15742317.476522444
5030.0 17163640.701773368
5040.0 15716501.764742665
5050.0 16585093.270393986
5060.0 17273737.141597416
5070.0 16392943.467561452
5080.0 15691011.213910433
5090.0 16886182.535123654
5100.0 16333923.057913138
5110.0 16189750.32930631
5120.0 16283334.481815804
5130.0 15647055.58109144
5140.0 15687757.225665035
5150.0 15594836.078067107
5160.0 16254246.54946772
5170.0 14784465.192454671
5180.0 15652141.334046233
5190.0 15318280.482368315
5200.0 15434471.95536805
5210.0 15537510.171338828
5220.0 15675871.850014541
5230.0 14798123.807731822
5240.0 15721694.979643062
5250.0 15674557.22704488
5260.0 14885375.845039671
5270.0 13930493.985533977
5280.0 14649513.362366559
5290.0 16136534.375156391
5300.0 15322141.647022512
5310.0 15669237.810570527
5320.0 15334813.996587256
5330.0 14494476.759158127
5340.0 15023050.998920068
5350.0 15366629.322668623
5360.0 15638454.505863586
5370.0 14982074.2541999
5380.0 15349667.769393066
5390.0 15440069.749444623
5400.0 14616169.616178738
5410.0 14604463.982975129
5420.0 14908466.114611205
5430.0 14659424.225887183
5440.0 15543424.653625553
5450.0 15141120.224178806
5460.0 14862503.617093245
5470.0 15363245.889931042
5480.0 14711276.93197947
5490.0 14643933.836437248
5500.0 14863705.629983513
5510.0 14497588.737396257
5520.0 15258679.278477132
5530.0 14389613.399713852
5540.0 15200076.197104486
5550.0 14822363.021615438
5560.0 14772026.190071858
5570.0 14411572.971918987
5580.0 14632114.621647911
5590.0 13942273.634361535
5600.0 14155668.866236724
5610.0 14892592.223832218
5620.0 14178864.709096543
5630.0 14730440.3908515
5640.0 14434298.789757669
5650.0 14500889.475389069
5660.0 13729450.216571946
5670.0 14374439.551894926
5680.0 14246312.775545288
5690.0 14333127.205512369
5700.0 14315974.155117603
5710.0 13729661.43591128
5720.0 14398203.596523888
5730.0 14403481.35338753
5740.0 14458081.241716316
5750.0 13844919.474980721
5760.0 14159313.852601478
5770.0 14301604.999977764
5780.0 14072129.77556654
5790.0 13998569.505232276
5800.0 14112987.517900236
5810.0 14004289.6696667
5820.0 14008011.932301557
5830.0 14056338.040850021
5840.0 14020819.55187142
5850.0 13813238.167422194
5860.0 13491776.741719289
5870.0 13806890.602834376
5880.0 13794378.830987299
5890.0 13534465.77466802
5900.0 13528045.056707935
5910.0 13571083.593014114
5920.0 13649383.335168066
5930.0 13334153.536356486
5940.0 13592379.082321014
5950.0 13383132.77414351
5960.0 13496418.11254334
5970.0 13516677.57904263
5980.0 13112018.951086309
5990.0 13224761.569229344
6000.0 13222963.322195018
6010.0 13019897.393591182
6020.0 12869867.87446844
6030.0 13024311.710724672
6040.0 13235660.53666743
6050.0 13089030.776896447
6060.0 13009270.763528628
6070.0 12968318.434559427
6080.0 12845241.784414046
6090.0 12871652.690792015
6100.0 12648279.777301177
6110.0 12767952.405839736
6120.0 12620417.698190914
6130.0 12616354.12580315
6140.0 12125012.738436775
6150.0 12432460.114231952
6160.0 11952169.750100506
6170.0 12207158.588624861
6180.0 12514193.827787086
6190.0 12367472.37887728
6200.0 12508736.690530727
6210.0 12491771.394603364
6220.0 12257346.041818872
6230.0 12165714.483041352
6240.0 11856404.940521747
6250.0 11749613.084087104
6260.0 12172090.131631227
6270.0 12133481.033468463
6280.0 11865873.31526116
6290.0 12039581.05405866
6300.0 11875180.652906217
6310.0 12024103.724606484
6320.0 11711843.83763286
6330.0 12101070.31257128
6340.0 11680822.114883028
6350.0 11970306.887847196
6360.0 11730539.898517383
6370.0 11851071.2848917
6380.0 11828470.407594847
6390.0 11703825.702893848
6400.0 11625047.237873238
6410.0 11588572.19503922
6420.0 11454328.814000748
6430.0 11553371.979202123
6440.0 11528459.168086654
6450.0 11587567.811244838
6460.0 11181050.306023825
6470.0 11476614.084384836
6480.0 11466335.861147817
6490.0 11204549.767220877
6500.0 11026362.279534675
6510.0 11448059.204028051
6520.0 11282277.59064144
6530.0 11235542.261332804
6540.0 11049871.307917058
6550.0 10485117.575877042
6560.0 8023777.064978133
6570.0 9780728.62051318
6580.0 10780302.098850608
6590.0 10791925.00453794
6600.0 11012402.33492685
6610.0 10994168.229987787
6620.0 11094908.227371814
6630.0 10905334.001586374
6640.0 10950012.450317921
6650.0 11017948.72872526
6660.0 10851747.69348822
6670.0 10934637.219928358
6680.0 10815031.933018694
6690.0 10906674.447405115
6700.0 10773308.162799383
6710.0 10650411.397504287
6720.0 10649198.8607416
6730.0 10709556.807721071
6740.0 10701520.880662536
6750.0 10570198.530812418
6760.0 10626222.731885253
6770.0 10508830.627493517
6780.0 10580686.788218802
6790.0 10485303.016715044
6800.0 10467041.960050661
6810.0 10445166.400232757
6820.0 10457636.471683234
6830.0 10367964.119211724
6840.0 10256416.622491237
6850.0 10394456.842530435
6860.0 10188104.674505094
6870.0 10328896.051714785
6880.0 10274213.735743895
6890.0 10241381.455589326
6900.0 10256323.158636743
6910.0 10124892.426512094
6920.0 10079609.778906152
6930.0 10112472.394996325
6940.0 10107900.686555851
6950.0 10004572.220208798
6960.0 10032665.638730632
6970.0 10002495.756950272
6980.0 9839745.985693889
6990.0 9943102.266564615
7000.0 9750511.463412866
7010.0 9826597.400988933
7020.0 9627338.608480219
7030.0 9769944.499224706
7040.0 9757077.473353324
7050.0 9779656.919698915
7060.0 9717815.16468614
7070.0 9637130.49535924
7080.0 9658160.312725192
7090.0 9606584.087428108
7100.0 9639667.089413103
7110.0 9440396.310087165
7120.0 9419678.147523025
7130.0 9382306.041707406
7140.0 9508824.187842535
7150.0 9364473.379365917
7160.0 9318928.45117587
7170.0 9395298.797232172
7180.0 9277902.749990422
7190.0 9085363.983397968
7200.0 9315487.342179125
7210.0 9098030.909097694
7220.0 9117497.409031287
7230.0 9262914.195528658
7240.0 9152859.870350191
7250.0 9167344.472896356
7260.0 9138577.014423009
7270.0 9184583.427632438
7280.0 9008071.199051429
7290.0 8843423.525545299
7300.0 9038664.250333698
7310.0 8852076.471857406
7320.0 8999391.79149001
7330.0 8849877.727633888
7340.0 8995560.528536815
7350.0 8929271.472882386
7360.0 8805185.898304095
7370.0 8903369.980338858
7380.0 8879650.538025947
7390.0 8578804.853885252
7400.0 8768567.118372366
7410.0 8528445.219090998
7420.0 8447029.055173023
7430.0 8726621.260115117
7440.0 8647775.139005061
7450.0 8496986.853433222
7460.0 8599651.240070127
7470.0 8607990.61194773
7480.0 8447307.473811429
7490.0 8543065.223928288
7500.0 8486496.723958857
7510.0 8400119.353750594
7520.0 8423074.080107566
7530.0 8443234.660941228
7540.0 8501330.560054779
7550.0 8435804.002516787
7560.0 8324156.647236604
7570.0 8343905.562891908
7580.0 8321362.027356527
7590.0 8292427.41365247
7600.0 8292381.652758108
7610.0 8304260.8526687315
7620.0 8125963.428706523
7630.0 8290643.719823253
7640.0 8261575.875567454
7650.0 8227639.876562701
7660.0 7772003.900350512
7670.0 8143371.228891965
7680.0 8114061.724764227
7690.0 8040851.133891274
7700.0 8058508.615201626
7710.0 7909688.023344213
7720.0 7962971.013660815
7730.0 7998085.145462276
7740.0 7987887.348027266
7750.0 7811155.048526114
7760.0 7963067.125412158
7770.0 7843414.676139961
7780.0 7802136.898892157
7790.0 7888176.844963712
7800.0 7798154.629826033
7810.0 7800097.995341638
7820.0 7838165.351597845
7830.0 7683352.210457093
7840.0 7672567.48338618
7850.0 7672169.128642726
7860.0 7695043.322976029
7870.0 7739917.864234262
7880.0 7629301.842213203
7890.0 7690941.897720998
7900.0 7581812.661594798
7910.0 7602525.237285516
7920.0 7534657.112925863
7930.0 7447065.691745262
7940.0 7404630.310947312
7950.0 7444015.002211055
7960.0 7523838.116048426
7970.0 7494608.917922481
7980.0 7494703.36467066
7990.0 7461925.485910383
8000.0 7339670.501449757
8010.0 7420087.310296514
8020.0 7384825.013924195
8030.0 7299370.749939832
8040.0 7355497.22252499
8050.0 7197922.548361358
8060.0 7313615.289762046
8070.0 7267979.531087853
8080.0 7252879.487619884
8090.0 7161063.54752441
8100.0 7191834.3349094875
8110.0 7228568.488910453
8120.0 7212437.085524138
8130.0 7181394.238121493
8140.0 7160641.467584323
8150.0 7118468.766861218
8160.0 7090091.416190919
8170.0 7095766.578867412
8180.0 7001046.053946164
8190.0 6980833.340620751
8200.0 6901714.944639623
8210.0 6850860.527516725
8220.0 6860304.237925962
8230.0 6848615.390388622
8240.0 6931974.100444208
8250.0 6767762.724533597
8260.0 6892767.261740559
8270.0 6867367.667968594
8280.0 6810276.664851241
8290.0 6675525.738029891
8300.0 6779698.070216399
8310.0 6616658.343652296
8320.0 6619529.246515557
8330.0 6453669.177995414
8340.0 6511029.391578752
8350.0 6548611.784001383
8360.0 6536774.824956525
8370.0 6510081.260212818
8380.0 6550060.345106695
8390.0 6347189.167441091
8400.0 6529036.104032676
8410.0 6402870.670027117
8420.0 6453827.776368826
8430.0 6488285.965787573
8440.0 6217900.248063855
8450.0 6488315.3699280415
8460.0 6440600.895576243
8470.0 6077707.287865482
8480.0 6536424.983106766
8490.0 6509394.1698396215
8500.0 5719725.559627268
8510.0 6261283.09972644
8520.0 6502907.027563732
8530.0 6425652.836918113
8540.0 5372265.8827070175
8550.0 5974315.247144278
8560.0 6402845.487110248
8570.0 6497302.537256135
8580.0 6404807.245267024
8590.0 6214429.7347936435
8600.0 5587274.597434908
8610.0 6233754.678510335
8620.0 6375832.318911388
8630.0 6420498.020801209
8640.0 6358530.635743308
8650.0 6251036.262724883
8660.0 5190509.431655646
8670.0 5602553.789217936
8680.0 6146727.755863082
8690.0 6113051.219152566
8700.0 6277291.481138941
8710.0 6221102.064393529
8720.0 6268708.163259236
8730.0 6202738.429443549
8740.0 5883592.422107893
8750.0 5199783.08265331
8760.0 5871766.961065705
8770.0 6117833.750083633
8780.0 6217381.423931787
8790.0 6109778.922983941
8800.0 6223989.499309881
8810.0 6070280.845986916
8820.0 6079301.583486693
8830.0 6161007.873874581
8840.0 5996309.6226649415
8850.0 5908779.880709195
8860.0 5149841.307521116
8870.0 5567977.332249085
8880.0 5881238.82025311
8890.0 6007925.096842669
8900.0 6054654.671369502
8910.0 5971012.060485641
8920.0 5976579.674777661
8930.0 5883588.955997169
8940.0 6030893.050637226
8950.0 5924769.211714646
8960.0 5972235.207956654
8970.0 5903413.272643242
8980.0 5832438.634883953
8990.0 5841945.291722524
9000.0 5640433.598059447
9010.0 5067239.8561540125
9020.0 5124889.677199741
9030.0 5695874.167686522
9040.0 5765051.20252336
9050.0 5797203.1118310625
9060.0 5631675.53097165
9070.0 5802870.869229124
9080.0 5675070.121921862
9090.0 5528187.565749121
9100.0 5681629.3221636545
9110.0 5639269.441031615
9120.0 5697282.946764362
9130.0 5717276.150375331
9140.0 5720293.814617418
9150.0 5673940.364872112
9160.0 5670097.0775413485
9170.0 5649541.437444336
9180.0 5587006.9570136
9190.0 5607499.567181276
9200.0 5553678.799241952
9210.0 5316458.337671852
9220.0 5165386.605089259
9230.0 4487802.332794765
9240.0 5130141.859503469
9250.0 5370372.233786073
9260.0 5264195.904433013
9270.0 5463861.557779538
9280.0 5488215.648885464
9290.0 5435528.3282980295
9300.0 5457984.015310485
9310.0 5453122.798872499
9320.0 5416606.832771274
9330.0 5406689.10638271
9340.0 5420714.309198319
9350.0 5385615.33787395
9360.0 5366775.348070076
9370.0 5380161.244753149
9380.0 5362804.200951718
9390.0 5324022.472434133
9400.0 5291767.519943234
9410.0 4991807.570358846
9420.0 5208757.39788383
9430.0 5221103.124092326
9440.0 5176956.035568223
9450.0 5224673.12784574
9460.0 5209514.751529738
9470.0 5246925.050337108
9480.0 5215020.490137337
9490.0 5197050.171425404
9500.0 5179504.164361373
9510.0 5122106.84592193
9520.0 5099977.553371056
9530.0 4972445.455156164
9540.0 4605518.879975234
9550.0 4289100.810563891
9560.0 4900353.287771772
9570.0 4985379.009299024
9580.0 5046301.502493912
9590.0 5046335.766259351
9600.0 4978548.983269124
9610.0 5005228.048329093
9620.0 4967134.412981639
9630.0 4936784.136591777
9640.0 4983359.629280339
9650.0 4934944.961766979
9660.0 4863232.869721856
9670.0 4964603.584851537
9680.0 4904182.898488955
9690.0 4880003.049980317
9700.0 4941318.865599377
9710.0 4935934.937860512
9720.0 4923419.413913706
9730.0 4894646.491601493
9740.0 4827255.554282973
9750.0 4833871.735309755
9760.0 4848850.708055873
9770.0 4851568.2915925365
9780.0 4844285.716605576
9790.0 4818351.416821474
9800.0 4795535.926237042
9810.0 4809218.671368785
9820.0 4791861.2251420915
9830.0 4776138.758573798
9840.0 4752980.292927907
9850.0 4703740.511214528
9860.0 4705722.942631375
9870.0 4743284.1592849875
9880.0 4730692.779393385
9890.0 4612511.164682722
9900.0 4667606.733909263
9910.0 4648786.65360629
9920.0 4661557.354358431
9930.0 4627746.793236633
9940.0 4606440.292634273
9950.0 4628924.309943492
9960.0 4619917.746448561
9970.0 4589884.918901749
9980.0 4599936.076877521
9990.0 4571580.225078198
10010.0 4515686.530480691
10020.0 4515111.487771562
10030.0 4421395.26397133
10040.0 4204097.811404266
10050.0 3591036.377746817
10060.0 4237008.594285573
10070.0 4373206.661023446
10080.0 4428659.334867193
10090.0 4429946.495018379
10100.0 4413124.812276428
10110.0 4401631.429728435
10120.0 4367223.397377997
10130.0 4447264.310523592
10140.0 4440424.136470059
10150.0 4359297.557913719
10160.0 4353676.679553046
10170.0 4398948.751387348
10180.0 4325177.373414025
10190.0 4316461.748824358
10200.0 4353649.818051721
10210.0 4333258.090656855
10220.0 4287252.66345647
10230.0 4337621.736446146
10240.0 4308639.611241923
10250.0 4294363.033002523
10260.0 4315784.256566904
10270.0 4285395.230321916
10280.0 4285467.254267212
10290.0 4234828.226770237
10300.0 4258446.539681629
10310.0 4248208.251146761
10320.0 4252454.31279342
10330.0 4096359.7246219744
10340.0 4159051.3026776467
10350.0 4203142.858986171
10360.0 4203425.181524896
10370.0 4101493.654251943
10380.0 4174054.427162556
10390.0 4179369.786874956
10400.0 4141887.6733813393
10410.0 4132248.146686857
10420.0 4140386.6701742597
10430.0 4108524.9438461605
10440.0 4130763.950378791
10450.0 4072759.044792403
10460.0 3894313.5720663453
10470.0 4029320.199524407
10480.0 4058135.1771647707
10490.0 4063798.854984954
10500.0 4028324.385267412
10510.0 4019819.905546202
10520.0 4004319.778280937
10530.0 3998354.3511946066
10540.0 4004440.6242824965
10550.0 4013830.8520921296
10560.0 4000989.772558265
10570.0 3958112.3977422942
10580.0 3926130.023105631
10590.0 3844127.448643144
10600.0 3915270.2525563547
10610.0 3930344.591479283
10620.0 3936812.3496785457
10630.0 3851475.989424039
10640.0 3939597.4802771
10650.0 3928289.47792617
10660.0 3869663.9321548957
10670.0 3891992.947859414
10680.0 3796609.19301244
10690.0 3601559.7830693275
10700.0 3815923.845967948
10710.0 3779633.4519197014
10720.0 3825379.152756866
10730.0 3703500.5650382335
10740.0 3822566.531559038
10750.0 3721792.549374357
10760.0 3821557.8367469264
10770.0 3790806.849695884
10780.0 3768700.852067147
10790.0 3729482.105153394
10800.0 3760024.8581848526
10810.0 3657872.561625913
10820.0 3759506.2949599694
10830.0 3624749.2911957647
10840.0 3677668.437974528
10850.0 3727172.5931034028
10860.0 3693516.127906944
10870.0 3548230.299610236
10880.0 3660806.220325072
10890.0 3625595.3587427167
10900.0 3652018.391140716
10910.0 3535147.201998469
10920.0 3515699.176033196
10930.0 3346667.7350695
10940.0 2900564.9091965067
10950.0 3396862.4409530545
10960.0 3494884.204217717
10970.0 3528673.349679014
10980.0 3453362.7380046067
10990.0 3597044.625311236
11000.0 3604225.860234833
11010.0 3575783.8382831747
11020.0 3503972.755942531
11030.0 3572827.90869334
11040.0 3574815.2175829136
11050.0 3545430.637322442
11060.0 3554251.646908104
11070.0 3556803.238804738
11080.0 3542568.081126202
11090.0 3538581.3688628715
11100.0 3524611.471430976
11110.0 3523252.6263408987
11120.0 3488564.4356575087
11130.0 3439677.049820055
11140.0 3491357.637795144
11150.0 3475796.0846141214
11160.0 3469109.932562593
11170.0 3475817.721035602
11180.0 3451803.099642097
11190.0 3373979.954371389
11200.0 3392046.5650921776
11210.0 3434707.156705074
11220.0 3436072.8706954275
11230.0 3428644.2365557663
11240.0 3419919.81895762
11250.0 3296239.758815623
11260.0 3394930.9887740933
11270.0 3392082.630966589
11280.0 3390525.689216358
11290.0 3266409.251379421
11300.0 3321058.527042028
11310.0 3347282.381208571
11320.0 3347491.541148773
11330.0 3284754.855648696
11340.0 3312322.1170808715
11350.0 3309629.2690699385
11360.0 3295282.1298282505
11370.0 3274048.1162643535
11380.0 3277749.7630734425
11390.0 3239711.5977965724
11400.0 3169206.243078979
11410.0 3242238.2042146344
11420.0 3242737.5868471307
11430.0 3266080.4962257817
11440.0 3223638.860998289
11450.0 3186225.030401652
11460.0 3251677.2881998396
11470.0 3240825.366302719
11480.0 3225194.424715422
11490.0 3229137.924303771
11500.0 3217187.765847291
11510.0 3216405.3295906982
11520.0 3178722.721761921
11530.0 3202871.841519651
11540.0 3195891.9278849442
11550.0 3192944.798580001
11560.0 3180959.871087535
11570.0 3173216.795360552
11580.0 3164892.1206464386
11590.0 3084129.1021409556
11600.0 3123766.05501159
11610.0 3018211.661887061
11620.0 3111681.245527384
11630.0 3092140.552607039
11640.0 3066153.884145144
11650.0 3062248.3226442365
11660.0 3037136.373307779
11670.0 3048394.866795194
11680.0 3096678.5167648178
11690.0 3035104.178412321
11700.0 3068702.0699895816
11710.0 3078368.438340648
11720.0 3069634.1968569877
11730.0 3051655.036481998
11740.0 3044991.406206951
11750.0 2878859.330951875
11760.0 3006492.9129699236
11770.0 3015693.8437676146
11780.0 2953998.7191952015
11790.0 3018539.1046804357
11800.0 2990717.973808526
11810.0 2987451.941108131
11820.0 2978783.5322349733
11830.0 2930077.2442944553
11840.0 2917295.885128076
11850.0 2953723.2039315393
11860.0 2949032.6813222268
11870.0 2959980.626722316
11880.0 2852233.702722512
11890.0 2901629.7205335465
11900.0 2914437.6680242443
11910.0 2942891.8305842383
11920.0 2940085.712162138
11930.0 2931331.033061928
11940.0 2924427.7523082793
11950.0 2856999.6629453716
11960.0 2895852.964964425
11970.0 2842673.5741499662
11980.0 2841499.815083997
11990.0 2839803.037296672
12000.0 2882087.158010153
12010.0 2859938.20245486
12020.0 2871570.5135656567
12030.0 2806024.489743961
12040.0 2832504.6394851287
12050.0 2848337.386173308
12060.0 2842711.9329853943
12070.0 2832032.1286962177
12080.0 2685882.160897735
12090.0 2812762.1837715497
12100.0 2767382.8415735154
12110.0 2769403.688116678
12120.0 2803567.2925309143
12130.0 2800569.2036102205
12140.0 2801172.3835659404
12150.0 2782497.288351042
12160.0 2789013.255674377
12170.0 2761809.0551153417
12180.0 2761715.0647410206
12190.0 2753794.885876685
12200.0 2739685.8875348982
12210.0 2720662.775412026
12220.0 2746896.2928021294
12230.0 2721194.380709158
12240.0 2719949.448377535
12250.0 2694388.209357391
12260.0 2699419.2470894735
12270.0 2683154.3107854594
12280.0 2698947.4769929633
12290.0 2708957.805732281
12300.0 2700045.0321420794
12310.0 2660326.6868992695
12320.0 2687201.0121700694
12330.0 2664553.4468662855
12340.0 2628485.6940809237
12350.0 2644027.2155271103
12360.0 2618608.442249495
12370.0 2647269.9840493496
12380.0 2659441.3209226714
12390.0 2642306.1967245038
12400.0 2613429.959023388
12410.0 2623440.695872067
12420.0 2604666.300470267
12430.0 2601762.507325953
12440.0 2624486.744178527
12450.0 2617737.28731996
12460.0 2592819.7645308604
12470.0 2588499.2763263695
12480.0 2598997.38447511
12490.0 2592410.197173536
12500.0 2582571.1271958007
12510.0 2541288.810235939
12520.0 2501416.121947313
12530.0 2545813.528771291
12540.0 2562181.270907448
12550.0 2544975.4144797334
12560.0 2519951.8457861585
12570.0 2523864.9639136894
12580.0 2508610.2978556002
12590.0 2533157.6559376484
12600.0 2515471.973843773
12610.0 2482327.5196009194
12620.0 2516290.0727077816
12630.0 2516579.437140544
12640.0 2472382.9219350885
12650.0 2491920.4955980424
12660.0 2492696.4438775033
12670.0 2490909.5902024196
12680.0 2465586.1977941315
12690.0 2480662.748172497
12700.0 2470875.423675801
12710.0 2450990.249679861
12720.0 2466588.172718203
12730.0 2458683.979445571
12740.0 2440932.380501682
12750.0 2442806.6679226914
12760.0 2432269.2568843407
12770.0 2416491.065630773
12780.0 2397528.0830728975
12790.0 2362834.257329273
12800.0 2307869.224724926
12810.0 2157217.937719519
12820.0 1814721.8838029786
12830.0 2222994.0021958402
12840.0 2313757.0740984934
12850.0 2350208.4164581206
12860.0 2365101.810332967
12870.0 2363819.9644153807
12880.0 2362938.3759036
12890.0 2374355.438232949
12900.0 2327991.4234307506
12910.0 2359880.407104656
12920.0 2353272.626111524
12930.0 2353166.8800760517
12940.0 2344820.3110553506
12950.0 2341004.5656275153
12960.0 2337899.530944987
12970.0 2310291.3076753533
12980.0 2323687.929791528
12990.0 2329939.569531797
13000.0 2325308.5179217453
13010.0 2324129.356608313
13020.0 2316603.8170506787
13030.0 2291454.9403512096
13040.0 2298127.319326682
13050.0 2297864.4216703847
13060.0 2283392.9897855804
13070.0 2293833.6559616867
13080.0 2291068.905602966
13090.0 2283461.9171080035
13100.0 2264397.6933496534
13110.0 2279790.064616863
13120.0 2200693.0961264973
13130.0 2260808.193335741
13140.0 2257299.06203296
13150.0 2206671.515939787
13160.0 2241442.7957214336
13170.0 2249981.7613085103
13180.0 2206453.401853338
13190.0 2239601.022005119
13200.0 2230441.7832933967
13210.0 2217411.9523507087
13220.0 2222609.723349226
13230.0 2224768.4182863296
13240.0 2220114.706240674
13250.0 2207906.439206876
13260.0 2203028.7206521034
13270.0 2197612.0409386447
13280.0 2189385.485388753
13290.0 2157056.4445051197
13300.0 2183976.2401104425
13310.0 2184008.677124555
13320.0 2144393.231067052
13330.0 2171596.584754906
13340.0 2171647.08051862
13350.0 2151935.20552075
13360.0 2166229.005129108
13370.0 2151936.6307428926
13380.0 2152911.4670681916
13390.0 2114533.4824649193
13400.0 2141581.6899914765
13410.0 2136457.699489092
13420.0 2132892.4309271206
13430.0 2125970.1093859123
13440.0 2131363.1210647323
13450.0 2120359.0885086753
13460.0 2110344.828566592
13470.0 2116854.9012554204
13480.0 2110262.5730311037
13490.0 2103393.6919165566
13500.0 2074568.0173931692
13510.0 2103070.5333846128
13520.0 2092084.1374650034
13530.0 2090491.8024686947
13540.0 2086583.377076282
13550.0 2063784.1574731471
13560.0 2051693.1887769466
13570.0 2059221.7569421406
13580.0 2066197.4916355065
13590.0 2061169.219147958
13600.0 2050985.1162414995
13610.0 2059262.6364464266
13620.0 2050552.8477744155
13630.0 2033028.3450243983
13640.0 2035733.4776021389
13650.0 2036572.1665843355
13660.0 2035719.5865003825
13670.0 2022491.3887896957
13680.0 2008481.4742973696
13690.0 2018132.6792817733
13700.0 1985331.4803612207
13710.0 1996161.1229823343
13720.0 1994283.4173917142
13730.0 1982588.7523361326
13740.0 1961321.53954905
13750.0 1995391.1058619427
13760.0 1969085.1057867217
13770.0 1974730.3266917763
13780.0 1966875.3240481508
13790.0 1984875.6233741445
13800.0 1965405.3331951823
13810.0 1974759.6206904019
13820.0 1959786.071518237
13830.0 1939793.6791242943
13840.0 1966578.8629570378
13850.0 1948935.4060087
13860.0 1943603.3589632718
13870.0 1948610.6945703547
13880.0 1949736.9541559294
13890.0 1943114.6562539185
13900.0 1919534.6601662494
13910.0 1935120.4376899886
13920.0 1922760.5822205134
13930.0 1921481.504349787
13940.0 1895646.8075898667
13950.0 1900504.7109698711
13960.0 1912675.125806112
13970.0 1911249.4647460482
13980.0 1908098.7818328934
13990.0 1899625.3199798414
14000.0 1872424.7216614801
14010.0 1880076.8946606081
14020.0 1896022.8817575853
14030.0 1871595.3916590733
14040.0 1883425.351434041
14050.0 1886779.2601473106
14060.0 1878413.0902029471
14070.0 1870720.8271048982
14080.0 1859047.7058909587
14090.0 1868495.8940937428
14100.0 1864862.0438283964
14110.0 1833283.933306224
14120.0 1840949.1631255117
14130.0 1829034.8997144054
14140.0 1848067.2739505253
14150.0 1845817.4264062194
14160.0 1824485.6110211038
14170.0 1836324.1576351672
14180.0 1828799.8876780395
14190.0 1832106.4226843917
14200.0 1814919.0244259408
14210.0 1810472.6667442822
14220.0 1796075.3724317208
14230.0 1819854.3235718682
14240.0 1777438.964105717
14250.0 1796261.4384601794
14260.0 1784761.2534802586
14270.0 1779444.78150553
14280.0 1795731.3511118959
14290.0 1732394.432514438
14300.0 1787285.7534130884
14310.0 1759149.1660983134
14320.0 1783521.8120406268
14330.0 1782238.8861280363
14340.0 1778457.1319745623
14350.0 1772832.0696463226
14360.0 1769268.7058417979
14370.0 1771432.8499097638
14380.0 1763939.1794287392
14390.0 1761204.4273261696
14400.0 1638181.041559963
14410.0 1753247.519428221
14420.0 1717636.0296766348
14430.0 1715090.861554271
14440.0 1712248.132397615
14450.0 1738447.9659235831
14460.0 1723546.2319420413
14470.0 1725806.9886698045
14480.0 1709871.3130411282
14490.0 1718767.3796870806
14500.0 1686094.8986697
14510.0 1683890.3501721565
14520.0 1694157.4341372773
14530.0 1699901.2018039497
14540.0 1640212.381607495
14550.0 1688403.623395462
14560.0 1689803.3035480827
14570.0 1672575.8186281996
14580.0 1698749.1372251462
14590.0 1678493.26843489
14600.0 1679890.9291160586
14610.0 1686920.24296215
14620.0 1670759.8469243112
14630.0 1651121.425703312
14640.0 1652423.2624302646
14650.0 1612888.7715579977
14660.0 1672139.5750641762
14670.0 1657362.0668595994
14680.0 1661903.3458020408
14690.0 1653926.5649987243
14700.0 1626489.3209847745
14710.0 1635065.494093697
14720.0 1617315.3725249006
14730.0 1647358.9334123884
14740.0 1629184.4140292616
14750.0 1605387.2488871987
14760.0 1626957.2723375561
14770.0 1620256.3229413445
14780.0 1587074.306327121
14790.0 1623467.2940227883
14800.0 1618507.6018807997
14810.0 1593241.6060242895
14820.0 1608681.9708724834
14830.0 1565444.9277462976
14840.0 1588994.2063149223
14850.0 1570110.23682974
14860.0 1568139.9664534992
14870.0 1558797.689303845
14880.0 1476644.501685669
14890.0 1590593.9187146479
14900.0 1563045.3464015
14910.0 1562474.131594912
14920.0 1566436.1017587245
14930.0 1562391.5691182676
14940.0 1553443.2436911808
14950.0 1551914.850587665
14960.0 1521501.6801662808
14970.0 1534216.663259472
14980.0 1530175.6418762843
14990.0 1524618.9991812122
15000.0 1529664.8948846005
15010.0 1517347.3556776685
15020.0 1494424.2016783278
15030.0 1498755.9688686568
15040.0 1478948.0008571087
15050.0 1457949.3176100727
15060.0 1515951.201300281
15070.0 1511769.536524962
15080.0 1487830.573928268
15090.0 1498860.3401946453
15100.0 1498805.5504980346
15110.0 1508721.3753194641
15120.0 1475406.6778109085
15130.0 1482210.6438715532
15140.0 1464825.689102243
15150.0 1495578.0028789598
15160.0 1482128.4564135652
15170.0 1489997.0754103046
15180.0 1471004.2519649062
15190.0 1454267.139964405
15200.0 1453746.2316035149
15210.0 1457627.8855481162
15220.0 1454270.502398687
15230.0 1470524.8006879254
15240.0 1455992.2243698675
15250.0 1449092.7486515157
15260.0 1411210.4125976015
15270.0 1444275.2018584053
15280.0 1461218.7218618612
15290.0 1422785.7901720214
15300.0 1461077.8479948677
15310.0 1464387.6237729052
15320.0 1445139.030890584
15330.0 1425403.4504916025
15340.0 1354998.5051634985
15350.0 1405147.9415328163
15360.0 1436512.742417276
15370.0 1451126.546255272
15380.0 1425227.0567992607
15390.0 1434866.2633943905
15400.0 1397842.2301392583
15410.0 1435775.4175573923
15420.0 1394814.7200287268
15430.0 1376727.500135197
15440.0 1323428.4668950946
15450.0 1381662.711119721
15460.0 1413551.0371662497
15470.0 1409407.8113161891
15480.0 1400199.7400104608
15490.0 1424134.200400335
15500.0 1414510.9068792346
15510.0 1422228.5269228963
15520.0 1410465.8044475387
15530.0 1383128.1820208363
15540.0 1358289.559643075
15550.0 1302689.537312484
15560.0 1260863.8749773197
15570.0 1346237.39279625
15580.0 1381713.0080663848
15590.0 1366396.4539465108
15600.0 1398578.9303803325
15610.0 1406929.9103367513
15620.0 1380080.7004689514
15630.0 1379350.8405594944
15640.0 1394635.7669486024
15650.0 1380672.3800071538
15660.0 1363401.052433904
15670.0 1350768.359577913
15680.0 1333026.4119016146
15690.0 1263982.117928997
15700.0 1184258.0736490705
15710.0 1272824.0593382108
15720.0 1311291.5929760078
15730.0 1343285.1625089697
15740.0 1321349.684306689
15750.0 1322783.5711220368
15760.0 1365873.8100031938
15770.0 1270782.591828346
15780.0 1359590.767902301
15790.0 1357008.546919342
15800.0 1358533.7259816711
15810.0 1358630.7067330617
15820.0 1307149.9103073936
15830.0 1331160.3469920103
15840.0 1321912.248010534
15850.0 1302360.2290747026
15860.0 1277924.6101825684
15870.0 1206907.8522971342
15880.0 1086759.3535605825
15890.0 1178112.6715463968
15900.0 1245050.1390028805
15910.0 1266194.0574646622
15920.0 1307948.0739317255
15930.0 1311272.4217112337
15940.0 1317184.0209181465
15950.0 1308646.7944743377
15960.0 1277769.5080740645
15970.0 1321764.226764596
15980.0 1310757.6883919775
15990.0 1319987.0606246337
16000.0 1301102.7761172275
16010.0 1280058.8693994207
16020.0 1293754.6989264693
16030.0 1308674.2184966428
16040.0 1279075.2470984368
16050.0 1290234.395750203
16060.0 1260264.978337546
16070.0 1263588.4404789617
16080.0 1253351.2706349457
16090.0 1196401.4426043662
16100.0 1127217.6480336182
16110.0 1002927.7309728327
16120.0 1152937.8195239229
16130.0 1208211.5039462454
16140.0 1232463.1258629798
16150.0 1236416.719348137
16160.0 1225232.0678112952
16170.0 1258434.48289649
16180.0 1256969.6738088133
16190.0 1254026.354422722
16200.0 1229950.0528093413
16210.0 1255480.0907820594
16220.0 1258604.3297605496
16230.0 1250216.3564697292
16240.0 1243184.76167376
16250.0 1258931.5479303917
16260.0 1254913.0073115458
16270.0 1255296.968886819
16280.0 1251048.7195967592
16290.0 1242425.5428472701
16300.0 1242061.911787093
16310.0 1237372.3083691404
16320.0 1218380.5041380783
16330.0 1209519.3096779967
16340.0 1226651.4575779536
16350.0 1215055.575485616
16360.0 1186745.223913389
16370.0 1186378.550446279
16380.0 1126557.9070578031
16390.0 1116967.5572852998
16400.0 1019924.2004358734
16410.0 929874.5734096298
16420.0 1089639.6841923639
16430.0 1143122.4262946926
16440.0 1143057.0376382421
16450.0 1176188.0666447347
16460.0 1186293.9701612464
16470.0 1170825.9450195637
16480.0 1189898.6352931263
16490.0 1168628.2316369147
16500.0 1194025.2284726063
16510.0 1184253.8563357934
16520.0 1179933.752441634
16530.0 1189623.0224499668
16540.0 1162681.525314588
16550.0 1175127.6181565996
16560.0 1158374.7943236977
16570.0 1175146.6681257028
16580.0 1171456.648293207
16590.0 1151999.7449524975
16600.0 1171117.773293234
16610.0 1167060.1890129428
16620.0 1160777.4627906384
16630.0 1154520.772362989
16640.0 1159058.3198148264
16650.0 1128192.2449292555
16660.0 1153747.1147573509
16670.0 1141477.0490973766
16680.0 1137257.9911605571
16690.0 1147416.5303368266
16700.0 1146109.386308829
16710.0 1137366.0240963278
16720.0 1111910.197573689
16730.0 1130352.00504547
16740.0 1124237.2002955796
16750.0 1087150.960829849
16760.0 1096104.304777006
16770.0 1095987.4842579325
16780.0 1068771.1254583772
16790.0 1030440.4385755304
16800.0 921375.6601090496
16810.0 851649.0292927488
16820.0 995077.5421860559
16830.0 1048150.7050430243
16840.0 1073826.7299868187
16850.0 1085611.0124323703
16860.0 1080787.8230123192
16870.0 1086494.1390754757
16880.0 1092885.044052849
16890.0 1067706.0421946917
16900.0 1083452.4646950448
16910.0 1095821.9922928282
16920.0 1094686.4876266308
16930.0 1090135.6873434547
16940.0 1092671.713253408
16950.0 1088911.4180074274
16960.0 1083775.69396436
16970.0 1068492.459412052
16980.0 1076892.7500549487
16990.0 1066787.283435108
17000.0 1061952.4908728804
17010.0 1045095.8025874823
17020.0 1068967.2466564775
17030.0 1064980.1606427596
17040.0 1066521.5296389319
17050.0 1066454.0200011076
17060.0 1059627.2895276987
17070.0 1059894.8846391435
17080.0 1058053.6979952364
17090.0 1025075.7566139193
17100.0 1056420.6039800025
17110.0 1022060.1337317694
17120.0 1050392.2372228731
17130.0 1046930.1962776444
17140.0 1047681.3475168077
17150.0 1044698.7334803707
17160.0 1034397.1794756573
17170.0 1041395.9966418471
17180.0 1037409.907777445
17190.0 1033934.9625971636
17200.0 1027889.2561770487
17210.0 1028080.7299242007
17220.0 1028064.6356192748
17230.0 975473.1677469773
17240.0 1020806.3931559137
17250.0 1015218.0631179806
17260.0 1017294.9055157229
17270.0 997245.2879442064
17280.0 993715.7704025293
17290.0 1002374.8928904034
17300.0 991271.9094210018
17310.0 990647.0170766239
17320.0 956003.4654970068
17330.0 933777.103849298
17340.0 904940.8940648767
17350.0 886324.4673488708
17360.0 726019.3954057394
17370.0 840633.2913611421
17380.0 917488.6362070671
17390.0 939515.956939605
17400.0 958957.6296921591
17410.0 945894.9683012759
17420.0 967774.6754895229
17430.0 956906.4483832046
17440.0 975866.6473821806
17450.0 949727.3612104947
17460.0 951280.1811645348
17470.0 948246.0080995818
17480.0 956983.3890110096
17490.0 971560.719233636
17500.0 965574.3034324086
17510.0 939841.4076589842
17520.0 955698.7219147881
17530.0 957227.8179710769
17540.0 961103.6310996956
17550.0 931015.2783672694
17560.0 956268.3918421036
17570.0 958701.6294927226
17580.0 952332.7399195431
17590.0 955471.8783491959
17600.0 944824.7387601386
17610.0 925762.6612422946
17620.0 920311.6677306314
17630.0 946617.097537909
17640.0 902979.5307912728
17650.0 944122.6168498902
17660.0 933127.4548382836
17670.0 925209.9755830641
17680.0 918837.3351547467
17690.0 934231.946005885
17700.0 929161.9070370742
17710.0 923914.9826241022
17720.0 911059.3679225378
17730.0 924847.7243118794
17740.0 920843.30856185
17750.0 917075.4263849502
17760.0 912334.1566185233
17770.0 891906.4234282842
17780.0 912650.8137970142
17790.0 898228.428340859
17800.0 912195.2903087296
17810.0 893257.5975845008
17820.0 907451.8381524609
17830.0 896892.9884896522
17840.0 894819.348176243
17850.0 885998.4387656837
17860.0 895290.1192669596
17870.0 898724.4634162128
17880.0 899972.8906766375
17890.0 896082.3342636799
17900.0 897192.91517791
17910.0 893409.8105316091
17920.0 888903.5535852099
17930.0 879579.1544087395
17940.0 877588.0574141653
17950.0 886725.9805088211
17960.0 883967.3996400526
17970.0 877416.4424821237
17980.0 877270.6155304373
17990.0 877830.267861652
18000.0 873229.1566621151
18010.0 872290.2986518048
18020.0 855438.0251133428
18030.0 860692.9878350842
18040.0 867746.21257879
18050.0 860811.6835237548
18060.0 852092.3996126043
18070.0 858697.4865472957
18080.0 849155.3030989602
18090.0 848011.8084235
18100.0 841795.310572883
18110.0 840575.9820597575
18120.0 839015.65978521
18130.0 834349.2701019472
18140.0 819259.1556852886
18150.0 800549.3356928263
18160.0 753518.6648623698
18170.0 628723.5075752474
18180.0 680854.1206369513
18190.0 771833.3027679573
18200.0 800456.1877378565
18210.0 814237.9326072375
18220.0 793699.2102291838
18230.0 819199.8622884906
18240.0 817084.8231183323
18250.0 826406.0904717626
18260.0 828170.6317944182
18270.0 827041.9477961607
18280.0 814832.5114909079
18290.0 826648.3632117676
18300.0 821876.3872745167
18310.0 824061.9735550034
18320.0 798476.8423762548
18330.0 822392.4899430434
18340.0 817936.0291496472
18350.0 816260.0559747071
18360.0 813730.138965998
18370.0 797977.8824223276
18380.0 812305.3864439233
18390.0 809676.2485690991
18400.0 806389.183736558
18410.0 797739.5642461708
18420.0 786529.716675927
18430.0 798663.2625468743
18440.0 801607.9246699432
18450.0 798600.943567015
18460.0 800868.0043901701
18470.0 780873.7510158257
18480.0 797924.0128209761
18490.0 795555.8781642636
18500.0 792525.4067752642
18510.0 790746.3453268734
18520.0 776819.2944616232
18530.0 780004.7105293234
18540.0 788598.9838494101
18550.0 754033.390381005
18560.0 782084.9292588894
18570.0 783448.9042288997
18580.0 769716.9544624363
18590.0 778073.1134055492
18600.0 778889.5015438384
18610.0 772333.5647547735
18620.0 769771.647761123
18630.0 768811.4553706286
18640.0 769604.8167200338
18650.0 764900.1652088611
18660.0 757266.6165501429
18670.0 762803.972010606
18680.0 754859.2002696216
18690.0 754559.1566917507
18700.0 750067.5204258555
18710.0 742497.1956814001
18720.0 717498.2044136327
18730.0 713786.0806832291
18740.0 673724.4774185808
18750.0 543559.3794348778
18760.0 660077.9453476771
18770.0 697313.8675560404
18780.0 722018.0562995499
18790.0 728751.3498332137
18800.0 735150.8208674763
18810.0 738490.2139948684
18820.0 729585.5760133713
18830.0 739761.0009100226
18840.0 722205.9186355817
18850.0 727253.9155533117
18860.0 721801.125948734
18870.0 734935.7439900667
18880.0 725380.8455473351
18890.0 728072.3667718092
18900.0 720481.5758656907
18910.0 717591.0295898163
18920.0 719934.8674343947
18930.0 695261.1923358709
18940.0 713073.7531298294
18950.0 717877.9666484569
18960.0 702020.3565164563
18970.0 718134.4693536134
18980.0 724157.6002637815
18990.0 711082.571169412
19000.0 719205.6415033966
19010.0 719348.8331174762
19020.0 719036.492469681
19030.0 707181.4339341067
19040.0 715359.6613260465
19050.0 710344.6274250398
19060.0 713061.4330686857
19070.0 713490.6712003531
19080.0 705222.4653031888
19090.0 710390.1289954563
19100.0 706778.929082586
19110.0 698357.3765087333
19120.0 698878.9278008307
19130.0 703386.5903960273
19140.0 699958.9392948267
19150.0 700102.1167988364
19160.0 696426.0531488613
19170.0 697790.7398080489
19180.0 697182.9845663371
19190.0 682216.3024311329
19200.0 693057.9131776773
19210.0 688695.5657790093
19220.0 690236.9398456587
19230.0 690461.5334546523
19240.0 689082.001323007
19250.0 685040.9760775355
19260.0 682627.7341874857
19270.0 675624.5546979293
19280.0 677288.2209323716
19290.0 681767.8908906403
19300.0 678805.9282393565
19310.0 667086.759456927
19320.0 676926.5906928425
19330.0 675192.7257442629
19340.0 664135.4347384194
19350.0 671013.4298260533
19360.0 669012.3489831135
19370.0 667363.8071456995
19380.0 663550.1584903691
19390.0 647716.4698533718
19400.0 651403.9717606852
19410.0 645346.0481383367
19420.0 632370.7499078477
19430.0 593453.2347906713
19440.0 526848.4979993076
19450.0 500842.15911476046
19460.0 599286.6076701444
19470.0 622081.4548668817
19480.0 632442.0682683628
19490.0 630271.6626149403
19500.0 645441.5243209056
19510.0 619721.8572240492
19520.0 649014.7032771031
19530.0 646178.2695709688
19540.0 644059.5019968821
19550.0 648568.0125507512
19560.0 647965.2670686973
19570.0 646261.0580596606
19580.0 642646.7290679276
19590.0 640909.46009356
19600.0 640100.8982561443
19610.0 636103.7086059677
19620.0 640560.9390229159
19630.0 629003.7663098434
19640.0 635842.9575399642
19650.0 639515.5693555181
19660.0 637986.8911877443
19670.0 636954.373037307
19680.0 635304.2649031538
19690.0 633316.3767860131
19700.0 633417.976328905
19710.0 631956.9092460133
19720.0 608002.5918558595
19730.0 623043.7720615652
19740.0 627636.2710260287
19750.0 626855.9716523073
19760.0 625367.0755859397
19770.0 625960.6130066594
19780.0 604845.9191932667
19790.0 616631.8712604968
19800.0 621843.1359117166
19810.0 620075.0112418886
19820.0 618159.8978164373
19830.0 618894.3292348275
19840.0 618149.8406689403
19850.0 600612.2093345858
19860.0 602126.5435859052
19870.0 612932.371545215
19880.0 611881.8465668489
19890.0 610945.5080812182
19900.0 610959.271667753
19910.0 608428.9311910365
19920.0 606352.4827862226
19930.0 591581.9643973927
19940.0 605776.296024352
19950.0 603985.0676668119
19960.0 599081.2693250839
19970.0 590578.9692860629
19980.0 600828.6444502656
19990.0 600959.1042670265
20010.0 597047.7385123969
20020.0 592083.910925717
20030.0 594002.7433546523
20040.0 590719.5757992738
20050.0 584929.8429425552
20060.0 592082.3807345082
20070.0 589073.3132247312
20080.0 590024.1857306812
20090.0 586531.8182519901
20100.0 588334.1919772234
20110.0 586822.4019909116
20120.0 586990.5932085713
20130.0 584937.1444413752
20140.0 578266.9956890735
20150.0 582719.3669517919
20160.0 582493.0782293682
20170.0 580484.3895217294
20180.0 580466.3808290969
20190.0 577454.4521508968
20200.0 575999.2656680311
20210.0 565039.0561885046
20220.0 575115.6489040958
20230.0 571041.9816342607
20240.0 570184.0943794531
20250.0 572662.6071390304
20260.0 567706.5799131835
20270.0 568062.7727022106
20280.0 567967.2655057122
20290.0 565203.7183237872
20300.0 550252.8925057588
20310.0 566621.8840029115
20320.0 565533.0768644621
20330.0 563165.2988587631
20340.0 550532.1726304524
20350.0 560799.305534917
20360.0 560255.638453839
20370.0 558569.8013871092
20380.0 543617.1943343249
20390.0 558292.1372956663
20400.0 553705.2202715283
20410.0 549286.3828270187
20420.0 554671.8659401417
20430.0 554334.6686333464
20440.0 553395.8813404754
20450.0 551402.2540613462
20460.0 551622.6667963634
20470.0 549333.9995454008
20480.0 549640.3223080458
20490.0 548847.0950845077
20500.0 548065.9378751003
20510.0 545753.2907633621
20520.0 537183.211568785
20530.0 544100.4024717717
20540.0 539532.8633882415
20550.0 542490.0443187496
20560.0 542052.805262267
20570.0 540058.1562191515
20580.0 539848.117189496
20590.0 535277.86817345
20600.0 523057.35917045764
20610.0 536606.4526416013
20620.0 535245.672773671
20630.0 509078.01537973684
20640.0 534424.4279989838
20650.0 533351.1506316043
20660.0 532296.8432773851
20670.0 520289.92593655427
20680.0 528366.5586088081
20690.0 528394.1812944794
20700.0 517353.76751971233
20710.0 520784.5205959816
20720.0 523072.99011553597
20730.0 524682.8835392593
20740.0 522433.35697654315
20750.0 522572.9704262381
20760.0 517207.04388923245
20770.0 508872.3973651459
20780.0 520281.74675173656
20790.0 520156.66435590206
20800.0 515566.617870539
20810.0 518094.33139835467
20820.0 515731.9477230199
20830.0 506560.4172319432
20840.0 509144.4695377748
20850.0 512291.80185629387
20860.0 513086.2541877432
20870.0 510733.08653135767
20880.0 508932.7588878979
20890.0 505990.211256751
20900.0 510380.2036382595
20910.0 508968.53603227646
20920.0 494869.29046698345
20930.0 504996.58151254087
20940.0 506392.3345986499
20950.0 505650.0276973888
20960.0 502301.1208083135
20970.0 502367.33393202483
20980.0 501064.56706756505
20990.0 499921.04021576163
21000.0 501545.5533760017
21010.0 496441.42654885346
21020.0 486830.89973339415
21030.0 497600.6949332238
21040.0 498338.4667453272
21050.0 497297.1005722209
21060.0 493991.8744114026
21070.0 491417.2133003942
21080.0 493715.65212584665
21090.0 487012.6560012465
21100.0 490746.9498885494
21110.0 490243.7437879125
21120.0 490160.96769965335
21130.0 489696.5067777781
21140.0 485267.67555801047
21150.0 487360.84950498404
21160.0 470537.90346422367
21170.0 485459.7056627167
21180.0 484915.2714176507
21190.0 460996.94541203155
21200.0 482485.06941824465
21210.0 471632.52343611664
21220.0 480008.9274655807
21230.0 471159.6215071595
21240.0 478768.5262267607
21250.0 479811.28962433705
21260.0 460563.9037005332
21270.0 476511.5977883677
21280.0 475316.6218875742
21290.0 473962.49599846016
21300.0 469256.1401207153
21310.0 475138.3242544892
21320.0 472608.9783995562
21330.0 472705.1325560773
21340.0 472000.85672416777
21350.0 461316.2309033766
21360.0 469713.285094154
21370.0 468616.0792959366
21380.0 469148.14350917574
21390.0 463792.95773376874
21400.0 467406.30196950614
21410.0 465395.6462161989
21420.0 466057.9904742891
21430.0 459569.20474369323
21440.0 461013.5847419326
21450.0 461899.4954071954
21460.0 460157.91761811613
21470.0 459907.7719316796
21480.0 460374.3262562723
21490.0 459245.44059187797
21500.0 458754.79493867274
21510.0 456237.66929613776
21520.0 454871.5436645064
21530.0 454704.2241196727
21540.0 451957.55243415094
21550.0 453131.7468353583
21560.0 452304.6794627633
21570.0 450699.3722575276
21580.0 449295.24327861815
21590.0 445993.2543101097
21600.0 444310.1253522875
21610.0 439211.45640488283
21620.0 435073.7874680705
21630.0 426685.5385414165
21640.0 409378.22962535074
21650.0 349608.300719855
21660.0 344410.271824643
21670.0 404405.0279302813
21680.0 422303.0769791701
21690.0 423042.5710290296
21700.0 432146.245089501
21710.0 434447.7991602147
21720.0 437101.7532414685
21730.0 435530.54733309697
21740.0 435680.00143513875
21750.0 436009.9355474143
21760.0 433456.2696699478
21770.0 436935.14380281745
21780.0 424845.3531244922
21790.0 435291.1525990489
21800.0 436117.90469277906
21810.0 435183.43193586107
21820.0 425659.576619492
21830.0 433568.50131323136
21840.0 433119.13601716177
21850.0 432631.49073142785
21860.0 431713.2354556301
21870.0 427853.02018989646
21880.0 419839.8049344042
21890.0 428948.01172041724
21900.0 427609.21327061404
21910.0 427818.48686239374
21920.0 427814.52046409715
21930.0 426983.5940755093
21940.0 424692.65769687545
21950.0 425638.16132802155
21960.0 425082.6749691341
21970.0 424055.81862010655
21980.0 423613.12228076695
21990.0 421841.7259510261
22000.0 422201.24155881285
22010.0 419342.3039323006
22020.0 420547.6882428635
22030.0 417533.7025634126
22040.0 416179.5468935335
22050.0 418424.78123332857
22060.0 399006.80558281165
22070.0 414156.51994172833
22080.0 410986.4343104835
22090.0 416083.1686886242
22100.0 414117.453076439
22110.0 412536.35940818343
22120.0 413499.1719079288
22130.0 413393.0163515518
22140.0 412609.3308047107
22150.0 411828.5052673493
22160.0 394478.6397393298
22170.0 400915.97880517336
22180.0 409537.02871158894
22190.0 409477.4832119599
22200.0 408374.71772145084
22210.0 407620.8722401245
22220.0 407243.7024380899
22230.0 406232.4815975099
22240.0 405362.21694225277
22250.0 405190.67204289
22260.0 400330.38715309504
22270.0 403780.2022725491
22280.0 401692.69740094093
22290.0 402656.25253864855
22300.0 400015.8476851695
22310.0 400970.84284148505
22320.0 400010.5780066688
22330.0 399982.47427450825
22340.0 398596.8586733141
22350.0 398419.76139007614
22360.0 397402.415508159
22370.0 397214.3696349581
22380.0 392012.60377098114
22390.0 394108.3579159261
22400.0 395482.93206975877
22410.0 394422.106232308
22420.0 391614.64040414535
22430.0 392865.63458454644
22440.0 392424.60939776147
22450.0 391448.9736321003
22460.0 391487.5384991221
22470.0 386019.90337423806
22480.0 389541.92825757834
22490.0 389075.853149129
22500.0 389004.4980488736
22510.0 383677.88295702595
22520.0 382746.28787309164
22530.0 383610.93279742985
22540.0 377564.7712350941
22550.0 379223.52657161094
22560.0 379855.59754250664
22570.0 383570.3224233015
22580.0 381364.757312603
22590.0 382575.2722105689
22600.0 381990.8471171409
22610.0 380271.602032114
22620.0 375560.7169556323
22630.0 379638.5618876378
22640.0 375285.6868280525
22650.0 376905.59177709365
22660.0 377262.41489673033
22670.0 377535.37865873676
22680.0 377164.83768015413
22690.0 376386.0797480578
22700.0 376224.2292221516
22710.0 366914.7141617735
22720.0 374664.9796723118
22730.0 374336.65519125026
22740.0 371279.9607186184
22750.0 372318.2862540123
22760.0 371843.4736967578
22770.0 371920.42326268944
22780.0 370858.85221189784
22790.0 368598.88063090935
22800.0 367647.7240556835
22810.0 357285.9439447139
22820.0 367347.5813099086
22830.0 366849.3541265488
22840.0 367462.8764449007
22850.0 366579.3020625143
22860.0 364420.62768814137
22870.0 365511.23332195694
22880.0 364982.9789637913
22890.0 361488.4250324968
22900.0 364273.70025197824
22910.0 357243.2937821382
22920.0 362763.7883784782
22930.0 360377.8829824815
22940.0 361647.05759433226
22950.0 359361.252214384
22960.0 357082.70684221224
22970.0 358710.52147776814
22980.0 359023.9161212107
22990.0 357206.7507724529
23000.0 358007.8254316487
23010.0 357856.901526802
23020.0 356140.47585126327
23030.0 355712.41161183274
23040.0 355772.467380117
23050.0 354820.7831561668
23060.0 354893.8989398521
23070.0 354347.59473155893
23080.0 353928.4305307707
23090.0 352304.54633793124
23100.0 352586.5821525843
23110.0 352123.1379750509
23120.0 351618.8243380268
23130.0 348403.26887327415
23140.0 347697.0839489347
23150.0 349443.4590325022
23160.0 348186.9541233148
23170.0 348255.8092217163
23180.0 345608.3243277034
23190.0 347571.7594412418
23200.0 347078.0145620694
23210.0 346395.78969044605
23220.0 345551.7648265348
23230.0 345079.5599698365
23240.0 344543.1295640636
23250.0 342627.0909470393
23260.0 343545.6867809358
23270.0 343126.4443351498
23280.0 342384.2484711577
23290.0 341838.0943273483
23300.0 341281.9701910489
23310.0 340064.39606177615
23320.0 340325.9519400252
23330.0 338947.35782537167
23340.0 339219.7937183865
23350.0 334728.3206666343
23360.0 337679.0856271887
23370.0 337085.4716432728
23380.0 330130.2676665994
23390.0 336157.3936970633
23400.0 334946.2297347004
23410.0 334624.5757796225
23420.0 333929.50183179375
23430.0 333207.1078909677
23440.0 331377.713957396
23450.0 331725.90003088984
23460.0 330778.43611165154
23470.0 330269.0066176116
23480.0 329024.37829416874
23490.0 329421.8143962668
23500.0 328206.260505166
23510.0 328820.80662118556
23520.0 329016.272744269
23530.0 328662.11887450184
23540.0 327924.9850113871
23550.0 327221.2911554999
23560.0 326560.5073065564
23570.0 322224.70346455404
23580.0 324724.3396294986
23590.0 324813.21591295017
23600.0 323690.8619800604
23610.0 322811.29816573334
23620.0 322894.62435819773
23630.0 322210.2905574861
23640.0 321676.7014993711
23650.0 321195.37297705543
23660.0 320542.9691968881
23670.0 319689.345423496
23680.0 318860.62165700423
23690.0 318003.61789733963
23700.0 318379.2941442565
23710.0 317539.0703980905
23720.0 316439.1466588078
23730.0 314550.4429259381
23740.0 306485.93919985887
23750.0 315313.2154805483
23760.0 314609.13176790543
23770.0 314918.8080618426
23780.0 314426.7643623857
23790.0 313919.78066973423
23800.0 313047.4569836363
23810.0 312471.85330415756
23820.0 312137.9496312211
23830.0 310856.21458914113
23840.0 306038.8823051394
23850.0 309954.35865190404
23860.0 305139.99500514346
23870.0 309969.3513650822
23880.0 309551.6077315285
23890.0 308550.84410432406
23900.0 308187.3404836119
23910.0 307417.8168695009
23920.0 305900.17326167313
23930.0 306684.74966047896
23940.0 306569.1060655783
23950.0 305405.92842339544
23960.0 306112.0188950705
23970.0 305642.6553194532
23980.0 303715.57175009634
23990.0 302652.74818724423
24000.0 301928.12463058153
24010.0 302445.36556397635
24020.0 301459.68753631925
24030.0 300616.74399878597
24040.0 300065.83046749484
24050.0 300081.76694239356
24060.0 301192.9634235913
24070.0 300997.23785031826
24080.0 299872.04851037357
24090.0 300433.4071157692
24100.0 300032.0557274964
24110.0 299045.60434566124
24120.0 297761.6944889387
24130.0 297487.3045119725
24140.0 296000.4902376457
24150.0 289769.62888064876
24160.0 290162.23753003415
24170.0 294663.1061856152
24180.0 295051.31484739017
24190.0 295272.2886587771
24200.0 295016.75008351484
24210.0 295167.00665779505
24220.0 294345.6932381319
24230.0 293773.34982448816
24240.0 291279.9864167036
24250.0 293239.2230151531
24260.0 291744.57961964107
24270.0 290444.61623007536
24280.0 290182.3828463916
24290.0 287754.30946876755
24300.0 287006.7560970868
24310.0 286632.54729003523
24320.0 287510.4735944416
24330.0 286407.83446329355
24340.0 286212.7553377102
24350.0 284802.1762175885
24360.0 287300.23710330395
24370.0 285248.42769244825
24380.0 288103.1788915593
24390.0 287381.9897940783
24400.0 287035.76070214494
24410.0 286456.551615979
24420.0 284301.802535184
24430.0 284785.9579210287
24440.0 283941.8301688616
24450.0 283111.82688367733
24460.0 281242.10360402166
24470.0 279390.3203302526
24480.0 277320.21706216375
24490.0 277194.79379986704
24500.0 277794.1905433702
24510.0 276028.4672924829
24520.0 278872.0240473507
24530.0 279917.5208078863
24540.0 280959.2175740302
24550.0 277017.801179754
24560.0 278797.45030710596
24570.0 271882.3862740096
24580.0 280147.68224668485
24590.0 279648.39822481293
24600.0 279373.59420862136
24610.0 278829.47019780875
24620.0 277871.9261924938
24630.0 275804.0021928171
24640.0 276601.9181986482
24650.0 274004.1942100686
24660.0 273674.27022702526
24670.0 272425.3462492411
24680.0 269493.93538263126
24690.0 262308.0591265754
24700.0 265277.3759815385
24710.0 269713.1728422047
24720.0 270636.7497081779
24730.0 267704.00657968665
24740.0 271809.46970358305
24750.0 271645.30033914547
24760.0 269825.64722685685
24770.0 271220.99412012537
24780.0 270546.8110186006
24790.0 271462.46792248427
24800.0 265282.7358933899
24810.0 270721.6817467547
24820.0 263359.5786667382
24830.0 269980.27559211425
24840.0 269648.1125229298
24850.0 268896.45945873234
24860.0 258626.81640013348
24870.0 264906.96334678715
24880.0 264552.4902987476
24890.0 263874.34725601115
24900.0 263295.55421853386
24910.0 263505.9611861264
24920.0 260657.69785217664
24930.0 258901.60419767865
24940.0 254679.55024116513
24950.0 252424.4262899896
24960.0 257528.74234389488
24970.0 259149.24840301878
24980.0 257614.22446696743
24990.0 260508.7543000703
