#lam[Angstrom] flux[erg/cm2/s/A]
1010.0 17713.41126150152
1020.0 18341.43852784305
1030.0 63276.95484737662
1040.0 24942.774580107896
1050.0 18781.876805868837
1060.0 18951.666471364715
1070.0 20012.37115603139
1080.0 60563.38257774031
1090.0 61700.38666881202
1100.0 19779.489657395992
1110.0 19938.043269273825
1120.0 20713.19243936069
1130.0 20147.595108476882
1140.0 21880.350989069488
1150.0 20533.035734408248
1160.0 20923.456830737152
1170.0 20962.168755660165
1180.0 21052.444734601842
1190.0 21180.577920949876
1200.0 31937.17469766863
1210.0 28425.879040621025
1220.0 180857.3546760288
1230.0 26161.002840366105
1240.0 106644.51264970987
1250.0 37144.6446337132
1260.0 51690.137670054464
1270.0 53105.324212496496
1280.0 54828.49129642402
1290.0 59174.8696306588
1300.0 63724.8000815199
1310.0 70079.73419953111
1320.0 73200.60333738454
1330.0 74436.31282011504
1340.0 83077.62911286845
1350.0 79955.28674273884
1360.0 81861.8879758238
1370.0 83074.26268437403
1380.0 84835.65264937366
1390.0 194235.7991605537
1400.0 216005.1214198572
1410.0 159685.48920438968
1420.0 90077.45117135947
1430.0 88453.38867592365
1440.0 88907.12388124518
1450.0 89498.66222768863
1460.0 90202.98686686072
1470.0 90902.14579548711
1480.0 91330.23164912833
1490.0 143342.4774723277
1500.0 90426.93542741289
1510.0 90278.01565895605
1520.0 90377.12351349162
1530.0 94437.180291802
1540.0 89742.44812243129
1550.0 1274270.5045336906
1560.0 89778.51227175674
1570.0 89393.25460590518
1580.0 93664.78488967958
1590.0 89308.49688537602
1600.0 97920.4202623237
1610.0 89134.56415080445
1620.0 89127.48577102428
1630.0 88599.98326764375
1640.0 810357.9093711069
1650.0 87858.05481677032
1660.0 113647.10129384692
1670.0 154759.542944211
1680.0 87295.17736094294
1690.0 87031.47852001316
1700.0 86675.78403561251
1710.0 86237.71308477633
1720.0 92578.31056432085
1730.0 86670.91226901449
1740.0 88311.7515690471
1750.0 131027.17167625278
1760.0 85899.63976974634
1770.0 85872.60875826495
1780.0 86131.3604054705
1790.0 92114.27468801902
1800.0 85554.14914585602
1810.0 105522.83782794539
1820.0 107335.44114780093
1830.0 83974.85000001054
1840.0 83439.19921017904
1850.0 90085.62909869911
1860.0 86660.78106257424
1870.0 82461.35233286515
1880.0 135199.45218664221
1890.0 169198.8271920468
1900.0 81640.82246927434
1910.0 548531.7055296648
1920.0 81076.20045303628
1930.0 81436.58707162246
1940.0 79958.99604421543
1950.0 79915.38363615781
1960.0 79102.42698880417
1970.0 78636.81114837763
1980.0 78216.02083562178
1990.0 77872.71118955048
2000.0 77346.00510788483
2010.0 76671.96427501155
2020.0 73495.69415945832
2030.0 69320.75915651323
2040.0 67283.51438181881
2050.0 64223.18549574271
2060.0 63153.79529122131
2070.0 63631.23328608069
2080.0 62232.05473383478
2090.0 64167.86549128148
2100.0 62783.25411090024
2110.0 62792.82984338986
2120.0 64605.446042550735
2130.0 64515.99433913197
2140.0 67857.01067059812
2150.0 62076.738880648394
2160.0 62554.82398355718
2170.0 61048.828727283195
2180.0 63451.636861710314
2190.0 62067.28590211057
2200.0 62690.382736311345
2210.0 63447.54561797495
2220.0 66570.72354072034
2230.0 65135.19786418146
2240.0 66186.35140412272
2250.0 70297.682544528
2260.0 68592.35748847866
2270.0 69959.9395312914
2280.0 71386.06491736164
2290.0 72876.2877083438
2300.0 76212.057910632
2310.0 80180.72394145078
2320.0 84167.88138827296
2330.0 150826.67762242942
2340.0 95619.75013169697
2350.0 85265.82076005354
2360.0 83236.89792677379
2370.0 84867.16781586153
2380.0 86476.30060860295
2390.0 94530.40433756889
2400.0 89745.01239834684
2410.0 91606.78440635485
2420.0 92874.11017962518
2430.0 201095.031649708
2440.0 95946.56108007433
2450.0 97774.23799356377
2460.0 98977.74003169408
2470.0 100496.5716415366
2480.0 102027.90277088083
2490.0 103591.69812963552
2500.0 105003.47652473206
2510.0 117189.20412576092
2520.0 108157.45126919479
2530.0 109609.24085845833
2540.0 110833.58136602868
2550.0 112295.61425472164
2560.0 130086.31847784609
2570.0 115051.53189232029
2580.0 116527.53882722576
2590.0 120829.41226065131
2600.0 119374.56688764482
2610.0 120628.67313301266
2620.0 121854.03843899004
2630.0 123183.82896565823
2640.0 124573.85852833874
2650.0 125674.6706010748
2660.0 126527.1394785058
2670.0 142043.38979682623
2680.0 128691.18871529373
2690.0 129981.4066837754
2700.0 131207.85853503988
2710.0 132171.96140800076
2720.0 133839.8227827565
2730.0 143432.48693955844
2740.0 144669.21758492265
2750.0 137172.1537842043
2760.0 138960.55559706577
2770.0 139752.12138472873
2780.0 141021.4668689254
2790.0 562593.9965150332
2800.0 355320.2068848825
2810.0 145016.09795451124
2820.0 146201.30398705724
2830.0 227838.70968336888
2840.0 148550.41959475158
2850.0 158482.57605378862
2860.0 153928.29729258848
2870.0 152366.47760828762
2880.0 153702.31052789566
2890.0 154842.97699259457
2900.0 156013.67998383852
2910.0 157087.96932537237
2920.0 158239.11619367148
2930.0 184435.29906330898
2940.0 160570.6406230963
2950.0 165243.56371590006
2960.0 162953.45511604415
2970.0 164186.38163983758
2980.0 165871.78977542982
2990.0 166599.00835268828
3000.0 167607.55280824692
3010.0 168805.48970673114
3020.0 170091.91034915845
3030.0 171176.98399392437
3040.0 172461.61886685423
3050.0 173494.33450953916
3060.0 174598.78745182167
3070.0 175722.22410268759
3080.0 176758.77592083905
3090.0 177709.4979386313
3100.0 179570.60263543634
3110.0 180454.72628760093
3120.0 181582.85665326062
3130.0 182102.92944268874
3140.0 183048.8718073358
3150.0 184055.70483806796
3160.0 185004.09788780293
3170.0 185838.92503016262
3180.0 186999.24064975695
3190.0 194036.0988557381
3200.0 189321.97036534388
3210.0 222220.4503339873
3220.0 191543.11141062935
3230.0 192768.73773570487
3240.0 194266.0637767372
3250.0 194666.71375308576
3260.0 196213.1022192245
3270.0 196367.1706022882
3280.0 197205.6789931715
3290.0 198245.30453323768
3300.0 198859.3063653671
3310.0 199726.10156357434
3320.0 200559.29790795923
3330.0 201464.6079149291
3340.0 223475.83547682065
3350.0 203378.00418026926
3360.0 205584.7802173059
3370.0 205165.69771927554
3380.0 206120.73471494325
3390.0 207198.60716573123
3400.0 207973.22093133017
3410.0 208756.71133332537
3420.0 236635.3395654075
3430.0 237453.72496005977
3440.0 211507.95996690835
3450.0 211968.53436831431
3460.0 213262.99774032223
3470.0 214535.8033535769
3480.0 215978.63249929168
3490.0 216907.8402187015
3500.0 215997.32745350926
3510.0 214931.72354829832
3520.0 214585.77687518232
3530.0 215845.34984020147
3540.0 215881.79323586947
3550.0 217003.49021190178
3560.0 217149.84979809105
3570.0 217773.47610967155
3580.0 224737.05669571343
3590.0 218239.35422591705
3600.0 218077.8037525734
3610.0 218238.138078584
3620.0 219891.3546983524
3630.0 220829.09984090342
3640.0 219979.1742265514
3650.0 220546.257487189
3660.0 223520.28520156196
3670.0 224074.30822621624
3680.0 222208.41153090267
3690.0 223358.23381911885
3700.0 223284.36290904463
3710.0 221733.14694309843
3720.0 195185.54449679927
3730.0 325410.4143178657
3740.0 169835.7660271116
3750.0 178684.33703315633
3760.0 170690.08385726853
3770.0 189905.10694017887
3780.0 171520.57180270136
3790.0 171926.95291975487
3800.0 185478.79474058253
3810.0 172722.22503175325
3820.0 175152.89459511166
3830.0 173494.32231398253
3840.0 191532.79151403788
3850.0 175093.52605500308
3860.0 349172.38769073284
3870.0 177282.74773383376
3880.0 213082.9810552262
3890.0 177993.12955600736
3900.0 210662.4979633111
3910.0 178681.71178695039
3920.0 178639.84102543764
3930.0 176322.514818859
3940.0 175371.1315587032
3950.0 173927.7496387872
3960.0 228280.46268783585
3970.0 174450.52652309227
3980.0 212370.20951928917
3990.0 174960.7980775149
4000.0 175263.59575827615
4010.0 175528.35471847144
4020.0 181086.44566789977
4030.0 176075.4492828808
4040.0 176341.80965867345
4050.0 176603.14570772718
4060.0 176979.88112548934
4070.0 177111.1009760608
4080.0 199348.35880316244
4090.0 177585.3990923591
4100.0 237663.25564108987
4110.0 177997.99274742472
4120.0 178726.86038971122
4130.0 178398.25276957187
4140.0 179182.33507540685
4150.0 178686.4845690808
4160.0 178761.3131808665
4170.0 178695.3659639041
4180.0 178743.20835293777
4190.0 178773.85407886413
4200.0 180274.6360510373
4210.0 179152.58882702567
4220.0 179360.2923783725
4230.0 179465.8961370284
4240.0 179469.3851145198
4250.0 179572.7674956137
4260.0 179705.00496975423
4270.0 180130.38314171764
4280.0 180028.99550093032
4290.0 180243.45145673965
4300.0 180338.9492297305
4310.0 180488.50661124982
4320.0 180634.68976398723
4330.0 285684.7475542285
4340.0 180788.03927470883
4350.0 200948.20331676802
4360.0 180831.09937765248
4370.0 180960.35669867357
4380.0 181169.87228682463
4390.0 181209.539736631
4400.0 182307.54742903763
4410.0 181351.43027703936
4420.0 181406.39175608434
4430.0 181439.5211027682
4440.0 181705.23675148035
4450.0 181584.3072249609
4460.0 189880.65512487048
4470.0 181739.89622603814
4480.0 181759.33983345033
4490.0 181831.47994275996
4500.0 181891.02540141312
4510.0 181997.90637696895
4520.0 182066.50539123933
4530.0 184404.77921051971
4540.0 182232.23188346907
4550.0 182311.21859258547
4560.0 182388.3388555376
4570.0 182462.4588342119
4580.0 182866.35267280767
4590.0 182604.33846189542
4600.0 183567.0196381057
4610.0 182737.41363325226
4620.0 182985.3599765544
4630.0 183357.3175686398
4640.0 184125.3215220734
4650.0 197370.6789717625
4660.0 184738.30818994288
4670.0 185273.699705845
4680.0 184847.21436374995
4690.0 251404.25222124613
4700.0 186355.38260408005
4710.0 188416.45447990444
4720.0 195602.63315147607
4730.0 185797.21616691374
4740.0 193071.6714155047
4750.0 182670.6731754372
4760.0 186629.25671244794
4770.0 182698.76660825533
4780.0 182727.66509303785
4790.0 183674.07432787397
4800.0 182777.602696613
4810.0 182803.8360845094
4820.0 182819.51510985664
4830.0 182837.04767056485
4840.0 182852.4041943488
4850.0 182864.54966734967
4860.0 393180.79500815464
4870.0 182883.93677106724
4880.0 186849.70493841486
4890.0 186853.99349374385
4900.0 182894.0424564991
4910.0 182900.18908157633
4920.0 182909.07926652368
4930.0 187324.22276539647
4940.0 182790.43011441498
4950.0 182564.51289548463
4960.0 708684.0560369736
4970.0 182335.61317202292
4980.0 187508.2985027663
4990.0 182291.41132223653
5000.0 182265.46859659563
5010.0 1767006.4774225866
5020.0 182153.54157439404
5030.0 182088.44354309526
5040.0 181998.58560435835
5050.0 181916.52928497273
5060.0 182206.84701081243
5070.0 181790.46342445532
5080.0 182095.84931902654
5090.0 181692.68841713198
5100.0 181640.4027623819
5110.0 181594.76019962563
5120.0 181526.09629084644
5130.0 181465.4282335426
5140.0 181354.04708791032
5150.0 181190.43478741913
5160.0 184540.41587996742
5170.0 180942.5822121125
5180.0 180868.66141894393
5190.0 186021.79710192236
5200.0 180664.87275918285
5210.0 181197.8711105524
5220.0 180451.59238604063
5230.0 180360.34752664992
5240.0 180276.6553180715
5250.0 180152.78057206405
5260.0 184192.24643816456
5270.0 184060.72123304653
5280.0 179765.4384268614
5290.0 179641.03206184797
5300.0 179493.36387439695
5310.0 179365.45380661052
5320.0 182580.30410247212
5330.0 179121.58093084546
5340.0 179017.29053451653
5350.0 178878.34737528308
5360.0 178708.43093680227
5370.0 178560.3915239046
5380.0 178395.28583188273
5390.0 178244.75139468905
5400.0 178112.79039359407
5410.0 177961.85396328516
5420.0 180480.57848221576
5430.0 180339.26897299988
5440.0 177550.59406909917
5450.0 177409.60683712608
5460.0 177216.63576789977
5470.0 177003.79854738992
5480.0 176813.6370900261
5490.0 176638.3516212336
5500.0 176484.0208006285
5510.0 176942.7148758636
5520.0 176169.00221918567
5530.0 176526.26352453657
5540.0 176334.7342067726
5550.0 175598.9645370965
5560.0 175394.2038211119
5570.0 175192.01511530092
5580.0 175020.9499190853
5590.0 175095.4322765853
5600.0 174636.94410629867
5610.0 174418.82010961417
5620.0 174459.49335995733
5630.0 174024.65832954296
5640.0 173842.6737702209
5650.0 173671.48401480145
5660.0 173473.57096257916
5670.0 173296.97573687145
5680.0 172945.78114459864
5690.0 172420.2164544264
5700.0 172000.3402898456
5710.0 171611.43783898416
5720.0 171415.66618785606
5730.0 178599.2470904526
5740.0 170981.75381920353
5750.0 170744.15891607275
5760.0 172519.2020663087
5770.0 170301.7008345153
5780.0 170099.3943764261
5790.0 169905.21229792768
5800.0 169680.0593127278
5810.0 169463.28545451403
5820.0 172454.99167684885
5830.0 168987.64026749265
5840.0 168730.73278089197
5850.0 168499.92861446342
5860.0 168267.82941303882
5870.0 168047.83013863757
5880.0 189186.7083350807
5890.0 167576.3629531302
5900.0 167358.12921208714
5910.0 167183.73868179592
5920.0 166969.34653771252
5930.0 166761.1226948664
5940.0 166520.98060340513
5950.0 166238.779006612
5960.0 165954.40680317866
5970.0 166078.69163644224
5980.0 165475.68617665407
5990.0 165254.96605128795
6000.0 165245.75923725282
6010.0 164810.1115683722
6020.0 164586.64816857988
6030.0 164440.8141385168
6040.0 164104.42401728526
6050.0 163854.63014506706
6060.0 163622.06061059952
6070.0 163387.83121952016
6080.0 163161.25253641757
6090.0 174501.55532252687
6100.0 162604.2418727922
6110.0 162316.13865250433
6120.0 162154.48036912523
6130.0 161818.96591873505
6140.0 161588.373944266
6150.0 161367.78340752432
6160.0 161082.6685172141
6170.0 160818.4136383905
6180.0 160679.79054072636
6190.0 160324.52587536184
6200.0 160092.87876396108
6210.0 159863.01002326817
6220.0 159583.1758327738
6230.0 159313.77029153332
6240.0 159180.40536748222
6250.0 158810.78305107134
6260.0 158576.3467120866
6270.0 158351.5562904574
6280.0 158103.25050448722
6290.0 157867.1007666961
6300.0 174812.39006641076
6310.0 157391.33083014667
6320.0 157154.7688869313
6330.0 156915.63342577792
6340.0 156647.89998038005
6350.0 156344.77137345195
6360.0 156031.81226461128
6370.0 159297.99783095342
6380.0 155500.74272182008
6390.0 155261.43185348233
6400.0 155212.7461050752
6410.0 154794.28306472904
6420.0 154552.9251560276
6430.0 155847.9408784417
6440.0 154076.31250573313
6450.0 153835.51577473656
6460.0 153593.88509499902
6470.0 153356.91709259085
6480.0 153103.51281122054
6490.0 152860.50658197486
6500.0 152581.92997774231
6510.0 152267.81708580407
6520.0 151952.2265735389
6530.0 152097.01590381944
6540.0 151370.9244228868
6550.0 151098.86809053156
6560.0 705868.8305346498
6570.0 150584.07526141696
6580.0 150341.34352907547
6590.0 223952.01900689444
6600.0 149851.60187899525
6610.0 149608.08083221986
6620.0 149364.7029362657
6630.0 149116.0495635474
6640.0 148834.84424994243
6650.0 148553.85219844236
6660.0 148288.79784884886
6670.0 148036.80524962995
6680.0 147782.9090522868
6690.0 152702.74536534832
6700.0 147266.72116627326
6710.0 146975.25664862362
6720.0 146680.59845694428
6730.0 183360.7814740864
6740.0 146159.24280511474
6750.0 145895.99693618534
6760.0 145660.30318128617
6770.0 145400.46681678537
6780.0 145149.0815480551
6790.0 146896.84496729542
6800.0 144652.35291491027
6810.0 144402.927410871
6820.0 144146.5378104226
6830.0 143892.7268516738
6840.0 143584.97568656434
6850.0 143278.94849925503
6860.0 142996.60662478887
6870.0 142716.49670588344
6880.0 142469.13493396927
6890.0 142213.52022765295
6900.0 142502.11108679292
6910.0 141696.18911860132
6920.0 141415.9062391915
6930.0 141192.79936739977
6940.0 140915.0632329088
6950.0 140682.22556894546
6960.0 140435.69868003347
6970.0 140185.7958855707
6980.0 139902.1029386785
6990.0 139627.5457380788
7000.0 142520.1902952693
7010.0 139118.56506091045
7020.0 138882.10010028162
7030.0 138650.34140265462
7040.0 138436.0456584759
7050.0 138185.92661404546
7060.0 137883.95774081268
7070.0 152214.63159174673
7080.0 137388.5971718006
7090.0 137073.46881300723
7100.0 136796.21373685726
7110.0 136553.8819033881
7120.0 136308.33733449085
7130.0 136020.2869280808
7140.0 155322.5118242784
7150.0 135562.2833080652
7160.0 135325.03430618375
7170.0 135088.17945343434
7180.0 135717.40401752898
7190.0 134631.55495187227
7200.0 134374.92665086544
7210.0 134138.55127214736
7220.0 133873.67859668244
7230.0 133573.84251797613
7240.0 133275.32750210614
7250.0 137621.31929723668
7260.0 132739.56445233748
7270.0 132482.9346468772
7280.0 132223.18297321227
7290.0 137420.16313827466
7300.0 131745.19966306485
7310.0 131499.10062730647
7320.0 156064.6330870692
7330.0 131014.72542157829
7340.0 130637.70548824538
7350.0 130318.78095230798
7360.0 130115.45552255848
7370.0 129864.01822425782
7380.0 129536.45300864527
7390.0 129256.5330527767
7400.0 129010.74149065815
7410.0 128743.09607738278
7420.0 128478.45619596893
7430.0 128280.2814404329
7440.0 128031.32532445858
7450.0 127748.29508925143
7460.0 127531.93484836371
7470.0 127332.10039053726
7480.0 127065.97949786036
7490.0 126858.61144499986
7500.0 126640.57948772998
7510.0 126376.90746853192
7520.0 126160.17758067636
7530.0 125954.07218092331
7540.0 125721.0735493628
7550.0 125983.68389533774
7560.0 125299.30306779941
7570.0 125068.76846069434
7580.0 125656.95186362129
7590.0 124621.40982293716
7600.0 124411.52204056551
7610.0 124194.37783881043
7620.0 125543.39149578723
7630.0 123728.78088719603
7640.0 123440.31825519935
7650.0 123058.20753280759
7660.0 122938.84095363907
7670.0 122383.20665263968
7680.0 122154.24332144446
7690.0 121818.69792071871
7700.0 122398.33957799265
7710.0 121314.03850572326
7720.0 121197.68480999647
7730.0 121016.88589122701
7740.0 125474.26306528188
7750.0 120605.2538562692
7760.0 120395.80805422732
7770.0 120186.13299604996
7780.0 120007.21195189716
7790.0 119731.69653144985
7800.0 119395.47213782431
7810.0 119283.32526269049
7820.0 119062.92355649316
7830.0 118840.36580852298
7840.0 118623.98944340192
7850.0 118408.74693198445
7860.0 118167.90535038199
7870.0 117887.30758945431
7880.0 117646.69188258753
7890.0 117422.21332468065
7900.0 117153.16344519061
7910.0 116906.91013219886
7920.0 116643.09303112992
7930.0 116386.68508931108
7940.0 116150.3082568117
7950.0 115890.8136940488
7960.0 115739.69260490542
7970.0 120843.5481691362
7980.0 115195.07700189624
7990.0 114957.29423224987
8000.0 114753.39306552858
8010.0 114480.75347056109
8020.0 114262.24208553751
8030.0 114073.12151929464
8040.0 113871.65573146396
8050.0 114530.44095610354
8060.0 113415.18098099128
8070.0 113232.98609130947
8080.0 113034.54458717517
8090.0 112874.47120593864
8100.0 112690.10282452188
8110.0 112487.6952350514
8120.0 112284.45502433236
8130.0 112122.02136907802
8140.0 111061.56631821558
8150.0 109415.1359214222
8160.0 107750.39344720525
8170.0 106722.50196741386
8180.0 105204.31819385718
8190.0 105000.54588449007
8200.0 104803.73411577902
8210.0 104964.91056608807
8220.0 104813.23121574735
8230.0 104355.84619644696
8240.0 104204.64770004619
8250.0 104008.65807757548
8260.0 104955.63847155766
8270.0 103562.9204504634
8280.0 103343.35268073899
8290.0 103151.84215732395
8300.0 102926.71000732318
8310.0 102751.76565311234
8320.0 102605.32717590332
8330.0 102401.84449876421
8340.0 103603.4730742938
8350.0 101969.80429814733
8360.0 101817.90023240235
8370.0 101627.04207625496
8380.0 102963.87961821794
8390.0 101174.95892179856
8400.0 101051.42680892776
8410.0 100897.01209887036
8420.0 101434.5113852289
8430.0 101259.5972058828
8440.0 102117.14673796119
8450.0 103104.64902239433
8460.0 104163.09258382591
8470.0 104720.21469152159
8480.0 104565.46280816647
8490.0 104400.85090789077
8500.0 104213.01255509596
8510.0 104119.78525803638
8520.0 103709.73810414772
8530.0 103359.62824441794
8540.0 103096.77007764757
8550.0 103437.37614103912
8560.0 101834.70803308455
8570.0 100587.53655790974
8580.0 99209.16160978946
8590.0 99805.2604720389
8600.0 97209.65665558119
8610.0 97071.27212609246
8620.0 96924.69855474835
8630.0 96657.53779922605
8640.0 106768.98966827244
8650.0 96262.51894698711
8660.0 96085.77124434602
8670.0 95858.38644548066
8680.0 97264.10568236202
8690.0 95508.94411144077
8700.0 95293.6846493833
8710.0 95146.92556999286
8720.0 94972.9907952536
8730.0 94828.88253717634
8740.0 94635.5088853084
8750.0 94428.99502269433
8760.0 94302.30011167545
8770.0 95981.17115291537
8780.0 93773.7537006689
8790.0 93500.84947751161
8800.0 93226.28946810108
8810.0 93035.85699944319
8820.0 92659.50316806203
8830.0 92544.03976453065
8840.0 92452.753956144
8850.0 93565.65131369926
8860.0 93327.43433456423
8870.0 91944.6297498616
8880.0 91836.27703008326
8890.0 91703.67632295797
8900.0 94992.61063734283
8910.0 91543.07374527855
8920.0 91355.97903585757
8930.0 91345.61940925343
8940.0 90855.55890607185
8950.0 90821.36892189183
8960.0 90805.30654260541
8970.0 90655.38867485053
8980.0 90608.6707163502
8990.0 90631.16864818548
9000.0 90184.69652182041
9010.0 89891.47117198077
9020.0 89419.75002863258
9030.0 94053.4696510392
9040.0 89002.70600122989
9050.0 88921.22395434498
9060.0 88636.8117492072
9070.0 88575.17613548053
9080.0 139986.94550498397
9090.0 88535.44142511947
9100.0 88551.19392042082
9110.0 88513.31433555094
9120.0 88405.41710665755
9130.0 88417.2404184041
9140.0 88147.87415254948
9150.0 88083.4400268427
9160.0 88188.58243900267
9170.0 88061.70808647557
9180.0 87874.2385455131
9190.0 88115.28434990683
9200.0 87715.59350608433
9210.0 86474.5647069833
9220.0 92123.73702658221
9230.0 85590.00221082626
9240.0 85492.13322768608
9250.0 85208.58682854011
9260.0 86187.649808556
9270.0 85093.96613038942
9280.0 84620.77647370458
9290.0 84449.91594012226
9300.0 84254.33817232885
9310.0 84214.63728363572
9320.0 83984.8749979801
9330.0 83968.22445114098
9340.0 84015.85730554779
9350.0 83772.73083215197
9360.0 85265.6094172528
9370.0 83540.79669245957
9380.0 83460.05606301806
9390.0 83289.5006727491
9400.0 83414.39964572553
9410.0 83324.77026503689
9420.0 83086.32974429101
9430.0 83090.95863741443
9440.0 82724.45483705678
9450.0 82988.41610388845
9460.0 82543.98499944314
9470.0 82510.24888172369
9480.0 82600.68577086594
9490.0 82490.86135060934
9500.0 82863.61788368624
9510.0 82010.51027899046
9520.0 81859.87039015708
9530.0 81835.40971568436
9540.0 145629.1891403418
9550.0 145592.80278095597
9560.0 81305.89680965016
9570.0 81289.46306017629
9580.0 81339.56962078143
9590.0 81006.3176562559
9600.0 80401.44259522774
9610.0 80653.73452642436
9620.0 80713.44068046652
9630.0 80781.09140029928
9640.0 79863.18745124384
9650.0 80222.01007392792
9660.0 80635.98006925013
9670.0 80046.79430374043
9680.0 79873.21036139893
9690.0 80067.29728662781
9700.0 80373.17594949881
9710.0 79742.5387354494
9720.0 79720.92334120107
9730.0 78643.47601756807
9740.0 78495.87422708912
9750.0 78549.43204516503
9760.0 78502.11540441023
9770.0 78447.0080828889
9780.0 78236.16902731893
9790.0 78376.88459193033
9800.0 78528.15615279641
9810.0 77951.04926294288
9820.0 77760.6617944368
9830.0 77495.74298947942
9840.0 77423.06417371222
9850.0 77597.35345070873
9860.0 77716.47417868901
9870.0 77669.3941772644
9880.0 77938.76535684025
9890.0 77882.05514157785
9900.0 75435.3307556605
9910.0 74608.68821961299
9920.0 74557.61193936592
9930.0 74677.5027643657
9940.0 75252.06320070325
9950.0 75419.62498297195
9960.0 75376.14357046547
9970.0 74647.66656235332
9980.0 74486.57634776531
9990.0 74313.35243871972
10010.0 73747.23449771048
10020.0 73841.18160988529
10030.0 82064.90646323809
10040.0 73711.21426290688
10050.0 73217.70018843011
10060.0 72991.74735683248
10070.0 73466.66722695083
10080.0 73572.61514638415
10090.0 73187.82457820798
10100.0 74082.653063773
10110.0 72988.83435402413
10120.0 73033.57100098829
10130.0 84236.8581912926
10140.0 72809.70297801524
10150.0 72993.89005679256
10160.0 72391.79678084425
10170.0 73029.14648393559
10180.0 72298.87425242485
10190.0 72530.22695212314
10200.0 72636.22086269205
10210.0 72728.87429010186
10220.0 72074.07879194191
10230.0 71994.81684442915
10240.0 72857.3596375764
10250.0 71367.35056202374
10260.0 70700.6201273218
10270.0 70905.7480781393
10280.0 70512.16671668601
10290.0 71212.93195745678
10300.0 70783.83645585598
10310.0 71347.65305465473
10320.0 70442.34641447262
10330.0 70883.52185172065
10340.0 79478.5095526602
10350.0 70504.04137516797
10360.0 70854.14197408382
10370.0 71721.82830760762
10380.0 70257.23464254156
10390.0 70172.37618660006
10400.0 70931.33703115955
10410.0 70424.22733283133
10420.0 70372.31982927832
10430.0 69720.2823339581
10440.0 71264.42958170881
10450.0 71227.32262837644
10460.0 70660.85402623341
10470.0 69108.07284764048
10480.0 69548.86685091033
10490.0 70026.11730727242
10500.0 69753.92141343042
10510.0 68987.75134876069
10520.0 68540.67864515889
10530.0 70379.42097860797
10540.0 68997.19560539321
10550.0 68974.55983172615
10560.0 68724.97446568002
10570.0 68126.54871249126
10580.0 69038.37055206147
10590.0 68373.56813847224
10600.0 69082.46687492792
10610.0 68903.13992207845
10620.0 67907.21941998972
10630.0 69155.82846844154
10640.0 68548.79799802767
10650.0 67944.89077751576
10660.0 68267.68540496957
10670.0 68151.81818399165
10680.0 68094.48254732037
10690.0 68128.56108241742
10700.0 68396.67745660795
10710.0 68519.29787579595
10720.0 68930.2907148686
10730.0 67737.01449191179
10740.0 68078.33426949219
10750.0 69123.90010240948
10760.0 67989.32441830357
10770.0 69114.676623034
10780.0 69225.95965261843
10790.0 68560.35784806315
10800.0 68567.70295513149
10810.0 67712.53565241914
10820.0 253579.9286338899
10830.0 69279.6875549285
10840.0 69481.4967522294
10850.0 67778.15534823784
10860.0 67521.94581567004
10870.0 68332.21349751233
10880.0 69002.67844802712
10890.0 67819.07821427603
10900.0 68497.306481676
10910.0 66708.13294414042
10920.0 79668.54929850172
10930.0 67044.67349447061
10940.0 67681.79590262972
10950.0 66628.50938258666
10960.0 66055.53188286854
10970.0 66434.87807690821
10980.0 65582.5250040589
10990.0 66508.48554577958
11000.0 65949.34225606317
11010.0 66063.24841124177
11020.0 64903.227573678836
11030.0 64631.94969671874
11040.0 64700.26506761933
11050.0 63614.93532421685
11060.0 64427.752360915154
11070.0 64254.03514194763
11080.0 63853.37924940425
11090.0 64134.713222790146
11100.0 63659.00204836609
11110.0 63630.47290078286
11120.0 63493.368408047616
11130.0 63737.73234547008
11140.0 64274.60432893561
11150.0 63248.4238998134
11160.0 63918.56222837621
11170.0 63070.79684720661
11180.0 64634.78183492785
11190.0 62572.14634117481
11200.0 62870.64270661241
11210.0 63005.444784679385
11220.0 62787.51102603006
11230.0 63751.707035322295
11240.0 63814.34384360011
11250.0 63467.56045749155
11260.0 64125.1783524187
11270.0 64127.431452622404
11280.0 62637.83583074907
11290.0 63207.081203962356
11300.0 62297.656638690096
11310.0 62631.17706894886
11320.0 63250.44729071361
11330.0 62047.42102922211
11340.0 61158.85046579536
11350.0 61926.59121224815
11360.0 61613.729388134765
11370.0 60715.31971918252
11380.0 59436.50955501428
11390.0 60627.87947976503
11400.0 59433.13965777611
11410.0 59951.357367228266
11420.0 61065.45493564535
11430.0 61329.23918841722
11440.0 60999.06385998423
11450.0 61177.792953172204
11460.0 61259.60364903628
11470.0 62231.52974723473
11480.0 61857.66423264259
11490.0 62284.311455995965
11500.0 62434.699691674316
11510.0 61681.559655143756
11520.0 61170.50127924262
11530.0 61171.181414192106
11540.0 60688.46325803225
11550.0 61627.815178341014
11560.0 61108.95452527462
11570.0 61131.87245480683
11580.0 61417.3249857555
11590.0 60546.0077635121
11600.0 60664.49906217482
11610.0 60182.664589158565
11620.0 60216.813161205006
11630.0 60768.90908414924
11640.0 60324.92436532302
11650.0 59951.50738778972
11660.0 62102.79460323334
11670.0 59761.48119911902
11680.0 57875.22597857981
11690.0 55422.550523670514
11700.0 57583.70375802722
11710.0 58926.50597315346
11720.0 59440.84051137041
11730.0 58987.942123216315
11740.0 58423.54079431738
11750.0 57484.99586962142
11760.0 56428.091327379334
11770.0 54547.156921924776
11780.0 55510.36325584656
11790.0 57292.4692466853
11800.0 57412.11767735421
11810.0 57590.95920838758
11820.0 57847.19003976988
11830.0 57723.67400249962
11840.0 58385.39780806385
11850.0 57724.53483186491
11860.0 58376.55600121665
11870.0 59190.615083644254
11880.0 56937.898214234556
11890.0 58127.6195479664
11900.0 58762.726884709045
11910.0 58044.53859030026
11920.0 58606.26705105159
11930.0 58965.38495923049
11940.0 57943.953701906335
11950.0 57920.40604523966
11960.0 57670.83407235263
11970.0 56509.65432558565
11980.0 57275.53041441404
11990.0 56883.05172742693
12000.0 57170.17692143386
12010.0 57648.96742629251
12020.0 57686.548577786016
12030.0 56583.47357778813
12040.0 58394.839592744465
12050.0 57928.84716731812
12060.0 59174.8641535276
12070.0 57655.43492700485
12080.0 58638.79431375324
12090.0 57146.95263757548
12100.0 58581.72301731144
12110.0 56550.46541460879
12120.0 58224.49778774784
12130.0 57206.33698996603
12140.0 59160.9040071752
12150.0 59232.15507929031
12160.0 57742.401826537796
12170.0 59222.08888470255
12180.0 58604.721508772986
12190.0 58667.22094467588
12200.0 57409.28130200101
12210.0 58063.61127226788
12220.0 57708.11380474378
12230.0 58448.85543670222
12240.0 58522.93136261613
12250.0 58961.087994944624
12260.0 59032.32177412662
12270.0 58224.8291438716
12280.0 59938.62334855225
12290.0 58362.9890755652
12300.0 59074.705947112874
12310.0 58723.59764619722
12320.0 58316.20922771619
12330.0 58331.29136459846
12340.0 58388.64782378102
12350.0 58893.41664003511
12360.0 58037.720666477995
12370.0 58287.785878035764
12380.0 59841.62437296131
12390.0 57067.22739498358
12400.0 56997.15345686743
12410.0 55956.14058650551
12420.0 54762.70286696617
12430.0 51835.75982740327
12440.0 54486.311061026514
12450.0 57251.288116388765
12460.0 57020.65823240734
12470.0 57182.13348593387
12480.0 56845.40119912136
12490.0 57667.62073767577
12500.0 57956.869612962895
12510.0 55044.86730998348
12520.0 50696.21280354257
12530.0 53923.5457674623
12540.0 56094.11073902181
12550.0 56915.48623483634
12560.0 57198.8024578404
12570.0 87987.57569778436
12580.0 57601.220249679245
12590.0 56170.62224285333
12600.0 57841.76362301708
12610.0 57896.555636657395
12620.0 56801.15581182034
12630.0 56996.765629072615
12640.0 55742.52864393572
12650.0 57451.38437949976
12660.0 57691.48720392129
12670.0 57298.48001200457
12680.0 58050.25965544069
12690.0 58905.11858821158
12700.0 56815.91747473691
12710.0 57755.59892769574
12720.0 58659.08501008956
12730.0 57554.77469387451
12740.0 56291.71827463157
12750.0 56784.20542604949
12760.0 58207.60425433596
12770.0 57808.361503477034
12780.0 56539.65471822741
12790.0 58295.346404103264
12800.0 57193.99482460736
12810.0 57785.798298899244
12820.0 79797.66618258826
12830.0 56985.390377996024
12840.0 57175.86683299723
12850.0 57312.73450858616
12860.0 54668.59057010827
12870.0 56955.28821643741
12880.0 56411.94385486191
12890.0 56360.70717114378
12900.0 55444.67875959848
12910.0 55241.443528050906
12920.0 56041.794120799896
12930.0 56441.54616810876
12940.0 57007.56920907454
12950.0 59605.38258708628
12960.0 56948.77747829498
12970.0 56313.04030174295
12980.0 57093.940880856826
12990.0 55764.23817652771
13000.0 57153.5797964942
13010.0 56535.699982174425
13020.0 57080.3357447513
13030.0 57014.55431401151
13040.0 57337.62637990422
13050.0 56657.92242839375
13060.0 56527.896749547515
13070.0 55656.28469758681
13080.0 55648.30585440646
13090.0 54699.427899574366
13100.0 56436.466688589775
13110.0 56356.345232198946
13120.0 54932.69647281148
13130.0 54447.948843287835
13140.0 54715.798935454324
13150.0 54449.05535668459
13160.0 55622.18655273753
13170.0 55752.759206312396
13180.0 54189.91285948056
13190.0 55390.789566872605
13200.0 54814.43175283281
13210.0 61701.957258598144
13220.0 54362.7423630244
13230.0 53245.49307583001
13240.0 54103.32462771521
13250.0 51558.91858511267
13260.0 53762.987090096154
13270.0 52213.267116817966
13280.0 54765.92505801151
13290.0 50539.7272888878
13300.0 51141.158489225745
13310.0 49517.59938734583
13320.0 46547.9107356258
13330.0 48841.346474673635
13340.0 46394.46441408982
13350.0 45075.70953008303
13360.0 45900.52779735291
13370.0 45065.242085652346
13380.0 45552.28501379458
13390.0 46114.80395594166
13400.0 45270.73736450187
13410.0 45489.45956291728
13420.0 44766.916726335636
13430.0 44709.683238837104
13440.0 44325.008072359764
13450.0 45075.973877471784
13460.0 44971.690621522095
13470.0 44709.831856702294
13480.0 44588.195458189904
13490.0 45036.982538502925
13500.0 43620.266125894435
13510.0 44598.75031144403
13520.0 44029.468626504204
13530.0 44523.81225854896
13540.0 43467.6827063605
13550.0 44002.316202546506
13560.0 44417.73163183514
13570.0 43706.83142109183
13580.0 43750.255913695015
13590.0 43572.47424171775
13600.0 44437.492012558476
13610.0 43565.39935929816
13620.0 43397.521174814094
13630.0 44131.848117520916
13640.0 43490.26025693363
13650.0 43869.85704728453
13660.0 43723.45883194037
13670.0 43802.678962919825
13680.0 43345.35178662039
13690.0 43689.63742608744
13700.0 43313.102810483324
13710.0 42788.9719760767
13720.0 43659.586932470054
13730.0 43139.843647191905
13740.0 43244.66888739766
13750.0 46864.44151907279
13760.0 43099.82339036033
13770.0 43435.179186698486
13780.0 43275.94604247335
13790.0 43360.0575414505
13800.0 43389.3336327161
13810.0 43846.176442829645
13820.0 42515.41622421103
13830.0 43085.82255163575
13840.0 43335.83142486793
13850.0 43039.453316951156
13860.0 42765.87291645368
13870.0 43401.617556028345
13880.0 42488.582143606036
13890.0 43386.83335671475
13900.0 42364.24566748114
13910.0 42421.700841047576
13920.0 42010.0321873504
13930.0 42724.62436801361
13940.0 42390.008134333446
13950.0 41896.471272287
13960.0 42695.51138331694
13970.0 42052.05239106719
13980.0 41632.19207410984
13990.0 42126.60158708917
14000.0 41827.7585554685
14010.0 41782.307868533215
14020.0 42267.84444549913
14030.0 42247.4868177885
14040.0 41801.342624049415
14050.0 41571.00044665802
14060.0 42118.27782616051
14070.0 41310.13511014731
14080.0 41562.53643367323
14090.0 41175.34381630026
14100.0 41230.091763591045
14110.0 41363.531007083315
14120.0 40972.51079199185
14130.0 41695.41058138194
14140.0 40669.3202684439
14150.0 41297.026663861376
14160.0 41245.68962668984
14170.0 40545.69885754843
14180.0 41054.54607067852
14190.0 40461.62194261685
14200.0 40939.29708786619
14210.0 40990.14474960556
14220.0 40700.686202181845
14230.0 40653.21592715962
14240.0 40700.409371095055
14250.0 40461.33136443194
14260.0 40498.357788548616
14270.0 40514.309121226805
14280.0 40116.60477759827
14290.0 40282.607005265265
14300.0 41163.25007764503
14310.0 40365.95258845277
14320.0 40151.412084138356
14330.0 40335.87132414839
14340.0 40149.28897051119
14350.0 40368.6729616009
14360.0 40328.3651298948
14370.0 40567.06867907461
14380.0 40465.0386116372
14390.0 39641.73905587796
14400.0 40240.627470273415
14410.0 39380.125161568045
14420.0 39637.9414400862
14430.0 40257.10485712295
14440.0 39147.63684072596
14450.0 38857.23223973447
14460.0 39243.99995188792
14470.0 38969.57898234872
14480.0 39324.83383466257
14490.0 39718.37935053398
14500.0 38665.90775099429
14510.0 39426.80787884613
14520.0 39695.56211232609
14530.0 39082.339850548444
14540.0 39015.48549617192
14550.0 39562.26992550297
14560.0 38820.225643121405
14570.0 38952.9826571435
14580.0 39695.34221997776
14590.0 39393.98844194488
14600.0 39129.56784800547
14610.0 38923.36357988916
14620.0 38644.03506191545
14630.0 38479.16403111894
14640.0 39308.04037718423
14650.0 39450.47618016901
14660.0 38874.489699492275
14670.0 38745.58761111069
14680.0 38192.21265910552
14690.0 38394.16692042722
14700.0 38607.54478185346
14710.0 38834.81831091471
14720.0 38837.40059247713
14730.0 38833.80808004826
14740.0 38698.69796124322
14750.0 38414.245237055424
14760.0 38495.68154265846
14770.0 38519.775706672895
14780.0 39335.93032097778
14790.0 38537.19496122435
14800.0 38252.8542576723
14810.0 38551.4111752633
14820.0 38266.12180366
14830.0 38825.81879416223
14840.0 38678.11170840496
14850.0 38329.986086957215
14860.0 39027.56758113003
14870.0 38453.99567688788
14880.0 38245.090559106415
14890.0 38471.40170780111
14900.0 38192.20580213507
14910.0 38792.96650462947
14920.0 38258.09259728756
14930.0 38543.82957308518
14940.0 38103.845884426984
14950.0 38233.421469693734
14960.0 38191.594952128085
14970.0 38891.93573564847
14980.0 38742.831224741436
14990.0 38236.71692672872
15000.0 38163.567224789396
15010.0 38135.52287942445
15020.0 38164.012383631896
15030.0 38391.45433409515
15040.0 38910.11316653069
15050.0 38477.83511533496
15060.0 38578.92944717905
15070.0 38493.72046582207
15080.0 38413.823197829624
15090.0 39506.0481376766
15100.0 38898.970880562636
15110.0 39015.867933493864
15120.0 39877.855883434735
15130.0 38740.541780892105
15140.0 40356.70560935466
15150.0 39649.26233647211
15160.0 39228.69754490891
15170.0 38401.35853576016
15180.0 39529.83753597921
15190.0 39292.58256702567
15200.0 39004.81060890706
15210.0 39725.08882482743
15220.0 38787.176974883536
15230.0 39799.63463324412
15240.0 38390.72126632716
15250.0 38319.83081952462
15260.0 38047.22329283432
15270.0 38464.82985398214
15280.0 38374.79405040943
15290.0 38958.89736379637
15300.0 38606.19039945248
15310.0 38516.454183964626
15320.0 37417.066424716
15330.0 38598.102996968715
15340.0 38924.05790774684
15350.0 42356.19649950038
15360.0 38536.69590983777
15370.0 38391.55251517704
15380.0 38589.16888487307
15390.0 38551.22771781722
15400.0 38150.835212917154
15410.0 38847.8861096403
15420.0 38346.22604463763
15430.0 38502.8524304584
15440.0 38214.091127609885
15450.0 39078.38180905307
15460.0 39123.423987316426
15470.0 38166.84882773559
15480.0 38817.4349535417
15490.0 38896.82835072419
15500.0 38368.35377844839
15510.0 38671.37743948992
15520.0 39329.841645108376
15530.0 38692.682965272266
15540.0 39028.73270108345
15550.0 38995.710524890645
15560.0 39085.250593502205
15570.0 38221.31529068304
15580.0 38231.97679853322
15590.0 39070.589762802316
15600.0 38622.32992851788
15610.0 38727.86892169615
15620.0 39225.761577023535
15630.0 39320.10047864831
15640.0 39109.45926936474
15650.0 38197.029188652654
15660.0 38993.3525741965
15670.0 40143.0620321549
15680.0 40021.57619584857
15690.0 38987.352077792544
15700.0 39275.565684990535
15710.0 39425.29147686027
15720.0 39118.29206262597
15730.0 39785.763032408155
15740.0 40188.88686416081
15750.0 39566.595683622625
15760.0 39670.15144827214
15770.0 39994.90828136074
15780.0 39168.81761426001
15790.0 40050.59941336427
15800.0 39060.363103063486
15810.0 39708.7625348477
15820.0 40185.279761579804
15830.0 40096.70379202706
15840.0 39500.85998058757
15850.0 39876.39592244776
15860.0 40376.842043454584
15870.0 40726.110644710876
15880.0 40672.64951330489
15890.0 40821.45415192154
15900.0 39988.58740994915
15910.0 40263.40079520877
15920.0 40512.06062714296
15930.0 40321.47459062373
15940.0 40257.93409045646
15950.0 41187.715873130976
15960.0 41020.49209546206
15970.0 42610.74379954712
15980.0 40747.25622964995
15990.0 40087.84179130506
16000.0 40767.050847238876
16010.0 41577.22313841128
16020.0 40618.222020547284
16030.0 41473.57653423069
16040.0 40315.45615289701
16050.0 40844.733788028614
16060.0 41007.55723770757
16070.0 41869.21077950495
16080.0 41422.712898233876
16090.0 41253.37725921863
16100.0 41046.95958792143
16110.0 41271.262590235565
16120.0 41544.951745140235
16130.0 41385.39758023497
16140.0 41810.688741125385
16150.0 41378.103430910196
16160.0 41950.1561094516
16170.0 42796.040304786235
16180.0 42006.51811211814
16190.0 40975.5097373546
16200.0 41538.770050232924
16210.0 41466.547180213536
16220.0 42545.14341251543
16230.0 42453.582578145615
16240.0 42319.07220596956
16250.0 41778.62829597935
16260.0 42056.67574596187
16270.0 42728.857205738386
16280.0 42479.094388214806
16290.0 42232.42298528285
16300.0 42372.22414975506
16310.0 42788.33589387806
16320.0 41246.51439729273
16330.0 43685.94900016446
16340.0 42143.82132574082
16350.0 42537.05251129881
16360.0 42287.23850221469
16370.0 44005.45305201171
16380.0 43554.065286023295
16390.0 42784.88480717722
16400.0 43328.36821845919
16410.0 42241.22805134086
16420.0 42554.24783387141
16430.0 43180.35262767333
16440.0 43551.629802492345
16450.0 43673.71898156732
16460.0 66389.99833848339
16470.0 43984.43119568851
16480.0 44123.50349124521
16490.0 42511.63223645705
16500.0 42923.36263722454
16510.0 43180.23687139799
16520.0 43484.97289139554
16530.0 43645.85969721336
16540.0 43183.368133363605
16550.0 43491.324686000524
16560.0 44079.70815754507
16570.0 43624.27074406165
16580.0 43812.51376067627
16590.0 43060.108659791076
16600.0 43111.73748900903
16610.0 43473.516487805515
16620.0 43855.67240497449
16630.0 44404.953933842204
16640.0 43735.569182184874
16650.0 44892.20423036629
16660.0 44281.27071566117
16670.0 43076.66565208782
16680.0 43835.34314888099
16690.0 44162.42341193817
16700.0 43882.34985859156
16710.0 43803.728297847636
16720.0 43790.84776363592
16730.0 44367.43932421931
16740.0 43745.98303484088
16750.0 44925.300909523256
16760.0 44195.606796953914
16770.0 43717.543334422066
16780.0 44602.39303594938
16790.0 47299.271191819396
16800.0 44831.273964732674
16810.0 44415.97976764971
16820.0 44169.729618380894
16830.0 44360.712763434836
16840.0 43978.015181763316
16850.0 44043.132045698956
16860.0 43971.6718888199
16870.0 43986.26922515788
16880.0 42768.05696927948
16890.0 43058.77961590874
16900.0 44517.59628104816
16910.0 44513.3874463968
16920.0 41065.40138651512
16930.0 44313.02810139966
16940.0 42383.271714291026
16950.0 42899.0138008468
16960.0 42249.79560057187
16970.0 40303.492502217036
16980.0 43149.363384547614
16990.0 41283.20902062364
17000.0 41400.80743846113
17010.0 42272.62355542343
17020.0 42372.95150877539
17030.0 41505.250729877225
17040.0 40770.70211652196
17050.0 40797.05567839259
17060.0 41416.6737351409
17070.0 41187.76844608055
17080.0 38575.24041223747
17090.0 41375.5769752981
17100.0 40785.36668987698
17110.0 38729.01526187953
17120.0 39299.58032858357
17130.0 39667.044453635215
17140.0 37609.383458613025
17150.0 38834.59648135984
17160.0 38120.234998799366
17170.0 38155.81431203481
17180.0 36132.01261998004
17190.0 36594.79462150797
17200.0 39130.4124328645
17210.0 37185.937876184784
17220.0 38245.155053977374
17230.0 36027.532973169036
17240.0 38096.90052462598
17250.0 39097.292475575065
17260.0 35628.97369576321
17270.0 36431.63787006072
17280.0 36977.69820437902
17290.0 35647.05177435602
17300.0 38918.61149982055
17310.0 35280.494382708785
17320.0 35377.5621675704
17330.0 37064.37756484899
17340.0 34920.04529299181
17350.0 35243.730112516234
17360.0 35520.65910608545
17370.0 35684.854923500825
17380.0 35537.18747657934
17390.0 36459.50925226069
17400.0 34550.62336075504
17410.0 34844.86151398401
17420.0 35720.767519114495
17430.0 35236.67582153059
17440.0 34481.170359618525
17450.0 34428.302503104365
17460.0 34451.37164979373
17470.0 34068.395347271595
17480.0 35878.404673904995
17490.0 34193.92872019466
17500.0 33010.50634102868
17510.0 33992.140054734766
17520.0 35053.280257604965
17530.0 34529.507162569585
17540.0 33486.84176962046
17550.0 33377.55589389763
17560.0 32011.04879113524
17570.0 33559.529600741
17580.0 32213.874607665635
17590.0 34133.85650856772
17600.0 33411.69755694434
17610.0 34086.64230740883
17620.0 31639.79758912008
17630.0 33625.05209396234
17640.0 32610.100732255945
17650.0 33267.833245245
17660.0 34278.03772607293
17670.0 31801.04309562762
17680.0 31041.5120975306
17690.0 33349.52828418212
17700.0 32808.11881610094
17710.0 32114.61400251318
17720.0 31155.110281791785
17730.0 32437.01744472385
17740.0 32348.107054569475
17750.0 31750.04290527574
17760.0 30950.337388883345
17770.0 32104.18644690249
17780.0 32232.020073453794
17790.0 30932.588660392335
17800.0 33176.49278448667
17810.0 30466.048297031684
17820.0 31396.807116459662
17830.0 32191.093892866927
17840.0 31448.944987824732
17850.0 30618.65132241114
17860.0 31056.154231419525
17870.0 30449.980384594346
17880.0 31201.077220309653
17890.0 31919.44438986045
17900.0 31249.056731625005
17910.0 30269.052248919383
17920.0 30758.06101459326
17930.0 30685.60960947453
17940.0 30905.788105135598
17950.0 31443.024121719158
17960.0 29652.882578038607
17970.0 31408.89551469595
17980.0 32148.289200318133
17990.0 29961.50331977302
18000.0 29953.84406033355
18010.0 32668.77294731334
18020.0 29936.457569069265
18030.0 30353.44883502861
18040.0 31143.851548840885
18050.0 29991.451047789637
18060.0 30450.346202714896
18070.0 29623.74646491852
18080.0 29959.89522848731
18090.0 30656.229652835704
18100.0 34323.600108157225
18110.0 30148.000251848425
18120.0 28769.805795153563
18130.0 31042.70347008402
18140.0 31378.45103715666
18150.0 29851.159781242604
18160.0 30846.300147733557
18170.0 29460.53443662892
18180.0 29461.9602641623
18190.0 31067.16191556523
18200.0 29647.5097208497
18210.0 29430.199848901808
18220.0 28840.155514479524
18230.0 31474.666509480976
18240.0 30710.525987403154
18250.0 30155.167519085946
18260.0 28887.053972071553
18270.0 29144.8532544821
18280.0 30020.63776390851
18290.0 30834.86660532409
18300.0 29496.993858634887
18310.0 29865.064862399136
18320.0 28814.38422694067
18330.0 29777.1578268134
18340.0 29659.36377823985
18350.0 29456.323557977736
18360.0 29870.053710309774
18370.0 28683.87206520241
18380.0 30068.744169644855
18390.0 28559.304911711588
18400.0 29655.99752157496
18410.0 30325.012012142695
18420.0 28561.541445053663
18430.0 29097.070318086047
18440.0 28585.556050790623
18450.0 29313.70743285103
18460.0 29090.633529132916
18470.0 28660.346265156215
18480.0 27894.08864678313
18490.0 29092.214723136116
18500.0 28579.048400140287
18510.0 29577.30951837237
18520.0 29637.582182631413
18530.0 28045.459534621383
18540.0 28431.919402385596
18550.0 29338.87269402978
18560.0 27904.075533401097
18570.0 27969.563402366148
18580.0 27959.416857417178
18590.0 27787.665851491663
18600.0 27541.85083329453
18610.0 27994.955569239537
18620.0 28511.025020962283
18630.0 28524.468188458923
18640.0 28068.299342573642
18650.0 30635.78449178276
18660.0 29028.199745579783
18670.0 28150.167295576397
18680.0 28015.82898403969
18690.0 28977.197745145484
18700.0 28578.34270858788
18710.0 28232.743774628536
18720.0 28534.866573418112
18730.0 27407.199991800146
18740.0 57129.8027320564
18750.0 28719.893308800216
18760.0 28105.481613747143
18770.0 27997.60636697487
18780.0 27818.958299295577
18790.0 28179.499625003577
18800.0 28737.15581947423
18810.0 27972.342209271228
18820.0 29020.170793598074
18830.0 29504.449102110862
18840.0 28323.19619845313
18850.0 27720.46513178837
18860.0 28677.84263642666
18870.0 29147.408829973065
18880.0 28368.057548597317
18890.0 28765.84902308006
18900.0 28604.514313115527
18910.0 28085.655218966487
18920.0 27448.42014373397
18930.0 28474.274264452004
18940.0 28031.657614041967
18950.0 29075.47327219654
18960.0 28462.44840443165
18970.0 28419.18701245039
18980.0 27621.358026768452
18990.0 29213.312521067684
19000.0 29072.741482733676
19010.0 28220.628419931352
19020.0 28752.589378251665
19030.0 28338.130745323855
19040.0 28834.441592135485
19050.0 28326.297294186865
19060.0 27454.614049881136
19070.0 28767.730405449518
19080.0 29055.771876880855
19090.0 28661.148015123963
19100.0 28335.434995270214
19110.0 27142.582742537612
19120.0 28821.42029260073
19130.0 28507.039512092037
19140.0 28793.418637990446
19150.0 28848.078640271382
19160.0 27508.178531802805
19170.0 28287.679108932476
19180.0 28592.345866646057
19190.0 28278.31272929792
19200.0 27547.366501085635
19210.0 28271.775425711756
19220.0 28169.554964899336
19230.0 28289.446941357994
19240.0 27526.88380016748
19250.0 28720.052569222673
19260.0 27468.12198694385
19270.0 28429.05648805848
19280.0 28540.296936133116
19290.0 28153.832632579535
19300.0 27685.362624189635
19310.0 27197.96689357183
19320.0 27968.44264774946
19330.0 27687.909116424777
19340.0 28170.10120741654
19350.0 28026.08510423292
19360.0 28022.67412056432
19370.0 28108.83248415761
19380.0 27319.148005687162
19390.0 26828.74424225645
19400.0 27084.575049348023
19410.0 28749.188511221684
19420.0 28387.850261460593
19430.0 27272.952486678267
19440.0 27143.446616874295
19450.0 27242.16485710135
19460.0 28314.732953305018
19470.0 27790.73813854814
19480.0 26877.685338290386
19490.0 27504.000714742942
19500.0 27503.06432924362
19510.0 27650.48293372782
19520.0 27473.828508921433
19530.0 27287.479457816837
19540.0 27147.982411443605
19550.0 26251.275777056886
19560.0 26998.63468661808
19570.0 28073.782915185897
19580.0 27428.831850423605
19590.0 27440.250250610276
19600.0 26541.71524965254
19610.0 27312.333324530347
19620.0 27470.372008171405
19630.0 26299.24512786592
19640.0 27502.10564080969
19650.0 27057.247908624464
19660.0 27528.434693786527
19670.0 26642.201516430232
19680.0 27009.87014159563
19690.0 27313.126394172286
19700.0 27577.33015945112
19710.0 26496.652674089608
19720.0 27947.233252980583
19730.0 26315.0208514705
19740.0 27098.253032280667
19750.0 25783.86557863275
19760.0 26579.43354122317
19770.0 26984.434695960037
19780.0 26974.628813978277
19790.0 26751.211913514308
19800.0 26250.29420618529
19810.0 26594.135986907684
19820.0 26276.444254604896
19830.0 26860.487750861303
19840.0 26620.888914363633
19850.0 26832.012971405
19860.0 26724.57820099974
19870.0 27028.2468373127
19880.0 26502.194285399226
19890.0 26006.95425393807
19900.0 25713.023832971456
19910.0 26250.13465036485
19920.0 26979.850628399265
19930.0 27293.12436526228
19940.0 26280.639139948966
19950.0 26243.46078607734
19960.0 27117.709395242626
19970.0 25460.34978342049
19980.0 26683.227072997266
19990.0 26090.708608822686
20010.0 26646.955529930565
20020.0 26334.618220272223
20030.0 26651.79081903393
20040.0 26464.70654189302
20050.0 26470.570933693307
20060.0 26186.37346191821
20070.0 26662.02241344022
20080.0 26169.40349522255
20090.0 26070.269198599875
20100.0 25897.21954057231
20110.0 26453.623985644976
20120.0 26447.030895356533
20130.0 26064.525912394878
20140.0 27115.05058072023
20150.0 26192.946671496276
20160.0 25969.385321141384
20170.0 25962.5099556954
20180.0 26370.917963398744
20190.0 25547.801090486704
20200.0 26047.020682589788
20210.0 27196.904016670436
20220.0 26294.285435108468
20230.0 26531.545511854503
20240.0 26913.98691244778
20250.0 26156.55163858529
20260.0 25835.422893631883
20270.0 25866.855287652572
20280.0 26661.054081164548
20290.0 25956.20853298617
20300.0 25905.536982527803
20310.0 26534.157661474233
20320.0 26808.67283026734
20330.0 26275.405713685126
20340.0 26417.636349555672
20350.0 25843.045878756304
20360.0 26751.90972117491
20370.0 26587.979173456057
20380.0 26549.667440661484
20390.0 25781.019793080897
20400.0 26125.346489535394
20410.0 26397.757843754607
20420.0 26910.45296544302
20430.0 26202.34408298053
20440.0 25811.04261403523
20450.0 25983.183232005264
20460.0 26659.717602421406
20470.0 27022.265558901207
20480.0 26097.87586196625
20490.0 25643.528856703884
20500.0 26638.628610051797
20510.0 26819.796523011897
20520.0 26148.38098466993
20530.0 26231.197476530033
20540.0 25672.069013022825
20550.0 26224.239678714173
20560.0 26697.955057114777
20570.0 26621.59781376103
20580.0 27089.07112736247
20590.0 26612.001287540275
20600.0 26265.357752868054
20610.0 27929.581388744493
20620.0 26132.562112164782
20630.0 25627.15385823449
20640.0 25971.469532699226
20650.0 26333.25967167812
20660.0 27028.179806834873
20670.0 26282.14289418819
20680.0 26638.876762037136
20690.0 26107.916674513537
20700.0 27301.74146608753
20710.0 26007.512658479725
20720.0 26395.068317178084
20730.0 26157.467943634023
20740.0 26555.38568866752
20750.0 26494.51959265202
20760.0 25938.37281325814
20770.0 26765.698895318168
20780.0 26730.281830975742
20790.0 26513.09538244507
20800.0 26760.911732900822
20810.0 25948.80361650366
20820.0 26718.146184722213
20830.0 26361.84756759826
20840.0 26651.030628926193
20850.0 26376.84987300114
20860.0 26526.250675727053
20870.0 26455.436169068184
20880.0 26626.647301168952
20890.0 26233.854827237406
20900.0 26809.945462108626
20910.0 26605.6274161533
20920.0 27477.411785993972
20930.0 26282.74182273248
20940.0 26254.68759656536
20950.0 26739.93588676295
20960.0 26307.00744152061
20970.0 26414.29627146131
20980.0 27093.15617578008
20990.0 26250.255639600844
21000.0 26932.476109162413
21010.0 26888.62453962674
21020.0 26560.53532878851
21030.0 26636.044809987103
21040.0 26884.809423018698
21050.0 26585.028291410516
21060.0 27185.092590747314
21070.0 26641.084334199273
21080.0 26081.688435496282
21090.0 26737.98738146215
21100.0 27365.84880937468
21110.0 26408.195878593124
21120.0 26611.133502003453
21130.0 27340.28961852369
21140.0 27430.73037505822
21150.0 26784.022234772314
21160.0 26955.510439159923
21170.0 26146.817064709918
21180.0 27026.599245302565
21190.0 26806.006118207
21200.0 26731.425528512234
21210.0 27090.977692751087
21220.0 27189.7550739516
21230.0 26819.70847321854
21240.0 27430.03005075016
21250.0 27109.968412857037
21260.0 26923.34805629094
21270.0 26558.441330410278
21280.0 26759.98182850179
21290.0 26584.547203777624
21300.0 27002.097753723672
21310.0 27363.171341925583
21320.0 27174.049049338028
21330.0 27274.77011013448
21340.0 26881.303795454554
21350.0 27754.894699433396
21360.0 27073.303283402736
21370.0 27048.37744429453
21380.0 26849.076458569536
21390.0 27264.117758440007
21400.0 26499.77825232326
21410.0 27022.639273831956
21420.0 26583.7181240743
21430.0 27616.272167478448
21440.0 27796.204516662707
21450.0 27764.8532490548
21460.0 27516.941703783086
21470.0 27370.306739761414
21480.0 26991.582864989454
21490.0 26938.944085632345
21500.0 26815.82369748181
21510.0 27220.55430083199
21520.0 26918.706222292614
21530.0 27411.700498834838
21540.0 27249.109709717577
21550.0 26998.163059998737
21560.0 27057.18068453719
21570.0 27669.739548163423
21580.0 27576.202907888168
21590.0 26936.141759966446
21600.0 27074.057572734615
21610.0 27690.89991483125
21620.0 26865.66755740008
21630.0 27043.12472398183
21640.0 27533.29320951982
21650.0 26784.786977043448
21660.0 27471.227484263007
21670.0 29072.72386198921
21680.0 28097.715834440838
21690.0 27670.115356106617
21700.0 26837.747264514273
21710.0 27129.885832510685
21720.0 26979.811127029883
21730.0 27181.305376924378
21740.0 27270.02507603955
21750.0 27077.693453224838
21760.0 26702.261996162226
21770.0 26964.79196982806
21780.0 26839.24924938537
21790.0 27116.978405623384
21800.0 26765.899257680918
21810.0 27852.25732308788
21820.0 26778.883222324715
21830.0 27128.343213363096
21840.0 27171.984209931077
21850.0 26755.81204479059
21860.0 26719.90051543952
21870.0 26977.6183868565
21880.0 27413.11929461083
21890.0 27252.340906345133
21900.0 27121.16727001185
21910.0 27284.098806844646
21920.0 26711.66546097852
21930.0 26717.34981337365
21940.0 26921.58582620202
21950.0 27032.754160539225
21960.0 27270.846692286912
21970.0 26771.31069343862
21980.0 26920.443874362947
21990.0 27300.378031705197
22000.0 26996.622591640524
22010.0 26727.37507245116
22020.0 26935.36714242708
22030.0 26185.351885164993
22040.0 26803.339110479996
22050.0 26937.707941622553
22060.0 26305.472866263837
22070.0 27010.762656399213
22080.0 26341.10882350187
22090.0 27199.37814658002
22100.0 26637.10358780707
22110.0 26813.53155381643
22120.0 26892.406321531227
22130.0 26702.709052403705
22140.0 27030.84816725679
22150.0 26681.672067495158
22160.0 26647.219969647587
22170.0 26501.64827426609
22180.0 27007.85601301563
22190.0 25734.44974666808
22200.0 26052.649600170906
22210.0 26297.022215256562
22220.0 26996.018285757338
22230.0 26513.72588757946
22240.0 27101.64090869422
22250.0 27256.91147570999
22260.0 26150.831408218764
22270.0 26216.204842644467
22280.0 26082.234477880018
22290.0 26434.644182815115
22300.0 26675.991440665246
22310.0 26883.864526184392
22320.0 26674.32030634985
22330.0 26172.12271156854
22340.0 26067.702090988314
22350.0 25732.05479265457
22360.0 26018.641769077105
22370.0 26670.475632031004
22380.0 25902.58981202962
22390.0 26851.678266787003
22400.0 26805.812959328294
22410.0 26053.35253223675
22420.0 25990.33999613854
22430.0 26183.386680189713
22440.0 25720.433004028
22450.0 27112.927995886705
22460.0 26213.80596115585
22470.0 25934.039697567598
22480.0 26585.54340231981
22490.0 25589.83960622589
22500.0 25840.81424149754
22510.0 26197.256770312502
22520.0 26075.52207728524
22530.0 25904.51107444228
22540.0 25131.01292285735
22550.0 26051.686297789354
22560.0 26171.902152714876
22570.0 25174.906723492586
22580.0 26170.248817221778
22590.0 25910.336735860066
22600.0 25790.995825342652
22610.0 25787.415765234095
22620.0 25718.481789701953
22630.0 25165.275232359185
22640.0 24763.766130183278
22650.0 25816.625131069883
22660.0 25314.941498628068
22670.0 26187.81449954846
22680.0 25270.09519990668
22690.0 25977.864917054125
22700.0 24730.50641151014
22710.0 25545.887465894055
22720.0 24994.610698134427
22730.0 25671.345182185716
22740.0 25283.60300431826
22750.0 26030.969554459174
22760.0 25427.53826928761
22770.0 25811.75468747447
22780.0 25048.663415536008
22790.0 25070.30923082578
22800.0 23992.131541710998
22810.0 25857.32494949347
22820.0 25732.75159229744
22830.0 24855.773530048515
22840.0 24876.777195809722
22850.0 25343.617175850908
22860.0 25501.439254495184
22870.0 25586.66375217684
22880.0 25410.08489775843
22890.0 25602.488063438086
22900.0 25434.555861591398
22910.0 24277.52813139448
22920.0 24763.963851047843
22930.0 22060.30608388247
22940.0 21899.280138006536
22950.0 22665.795160472528
22960.0 22599.446537851145
22970.0 22844.208702353433
22980.0 22886.063711396564
22990.0 23242.139812326033
23000.0 23327.415413257044
23010.0 22809.454310923273
23020.0 23128.518489656184
23030.0 23320.759960922813
23040.0 23529.965920013317
23050.0 22966.614858662768
23060.0 23329.313618056512
23070.0 23190.33551302262
23080.0 23653.75199456083
23090.0 22890.012769941226
23100.0 23599.479919568166
23110.0 22881.955310379148
23120.0 23138.581247395767
23130.0 22962.573994846625
23140.0 22703.676409792944
23150.0 23896.16219533401
23160.0 23021.69564224383
23170.0 22506.144505138636
23180.0 23651.91327714763
23190.0 23617.044541193674
23200.0 22613.080265907767
23210.0 23033.87691346564
23220.0 21725.668423501764
23230.0 21188.177290148065
23240.0 22498.09020493908
23250.0 22001.683519475217
23260.0 22112.404351340694
23270.0 22411.997120481465
23280.0 21917.524645384456
23290.0 22907.814148742473
23300.0 21378.979950995308
23310.0 22207.02135244503
23320.0 22941.12760825234
23330.0 22433.610892663724
23340.0 22180.802659440178
23350.0 22132.620731915667
23360.0 22483.775314191305
23370.0 22162.72795677861
23380.0 22551.424336087308
23390.0 22081.140962488833
23400.0 22166.56051468695
23410.0 21558.637140578856
23420.0 23113.022397031134
23430.0 21807.99712186785
23440.0 21752.587389583605
23450.0 22494.74553044692
23460.0 22261.972620353736
23470.0 23134.27215678064
23480.0 22999.88592380037
23490.0 21967.331535092795
23500.0 22171.00714502384
23510.0 21363.685157509917
23520.0 21040.65934929685
23530.0 21294.66198061245
23540.0 21455.215945587937
23550.0 21560.039191825224
23560.0 21582.21170168595
23570.0 21845.53595668048
23580.0 21007.262518432988
23590.0 21472.34829985788
23600.0 21707.396406207354
23610.0 21403.137836987808
23620.0 21380.25388489478
23630.0 21559.74056841976
23640.0 21827.677362060305
23650.0 21742.452115965112
23660.0 21773.52997271966
23670.0 20573.750578818344
23680.0 21650.8824807549
23690.0 21832.808224468296
23700.0 21571.804566272785
23710.0 21746.578840885843
23720.0 21337.485055879504
23730.0 22148.450873164264
23740.0 21562.945382931
23750.0 21417.421429717833
23760.0 20791.123247137195
23770.0 22312.551250324417
23780.0 20896.633507058315
23790.0 21402.706780925837
23800.0 21322.73600974237
23810.0 21617.770704434464
23820.0 20637.205635597194
23830.0 20667.80478097772
23840.0 21361.51657229208
23850.0 20811.288466907896
23860.0 20150.277706954566
23870.0 20780.828516235764
23880.0 21036.220781876644
23890.0 21320.166420401325
23900.0 21523.225302957726
23910.0 20535.48302673704
23920.0 20244.315118644503
23930.0 21717.745988755745
23940.0 20866.32454547713
23950.0 21075.531595171466
23960.0 20687.28045825103
23970.0 20795.751389650803
23980.0 21103.908246044535
23990.0 21026.04591565253
24000.0 20353.87873014388
24010.0 20549.455183904425
24020.0 20264.352133247943
24030.0 21030.55802045859
24040.0 20416.67188952726
24050.0 20544.446672661885
24060.0 20887.104017763
24070.0 20108.812231289183
24080.0 19870.858494505585
24090.0 20496.517881061867
24100.0 20008.142409688968
24110.0 20425.522277587923
24120.0 19885.246317819725
24130.0 20065.541924779878
24140.0 20079.7346710091
24150.0 20671.098644482925
24160.0 19526.682558627348
24170.0 20041.168668358616
24180.0 20571.560279829282
24190.0 19006.138525595386
24200.0 20795.00609463397
24210.0 19985.458674716192
24220.0 19762.519053887736
24230.0 19874.407995875
24240.0 20286.206260342064
24250.0 19462.317857368296
24260.0 19526.45948499397
24270.0 19492.96235219152
24280.0 19758.2641541923
24290.0 20304.49914912314
24300.0 19269.986139782417
24310.0 19170.825115985506
24320.0 20410.187616066698
24330.0 19054.768300440097
24340.0 19277.651052682362
24350.0 20002.281569445153
24360.0 18427.477453928903
24370.0 18838.55382742844
24380.0 20016.728016844805
24390.0 19666.73811516938
24400.0 19597.183538225985
24410.0 19167.35488040929
24420.0 18912.956202237514
24430.0 19124.310863989762
24440.0 18498.083079221604
24450.0 19790.974525964037
24460.0 18815.310872789887
24470.0 18511.894929776718
24480.0 18776.431457989922
24490.0 19338.846073118984
24500.0 19417.3533258578
24510.0 18392.44234506812
24520.0 18419.43694027153
24530.0 18195.138744375734
24540.0 17566.922403331166
24550.0 19364.804291465432
24560.0 19057.240323531194
24570.0 19537.934485484453
24580.0 19231.218704939543
24590.0 18118.80291355616
24600.0 18182.086681084795
24610.0 17503.22555906495
24620.0 19278.85666318522
24630.0 18783.375664585932
24640.0 19305.50318596262
24650.0 18548.550030673046
24660.0 18680.013938496697
24670.0 17636.99995958058
24680.0 18239.25166106398
24690.0 18781.93093735
24700.0 18007.793092078315
24710.0 18542.492961167725
24720.0 18290.497611314724
24730.0 17476.52073689226
24740.0 17377.04274952677
24750.0 17804.861479490035
24760.0 19216.793915843864
24770.0 18145.293163909093
24780.0 17781.470201993645
24790.0 17924.83967517875
24800.0 17871.132891466146
24810.0 17756.76636158969
24820.0 17500.549004521596
24830.0 18370.795813371966
24840.0 18465.48922511271
24850.0 18863.471638637624
24860.0 17816.322857012296
24870.0 17605.81836399803
24880.0 17375.618421217652
24890.0 17136.8892841348
24900.0 16743.19392949958
24910.0 17670.211324551325
24920.0 18369.67624279235
24930.0 17879.151495387527
24940.0 17912.08760844524
24950.0 18335.322476497342
24960.0 17616.018375747088
24970.0 17267.354714310466
24980.0 17065.253734217105
24990.0 17547.69495779279
