#lam[Angstrom] flux[erg/cm2/s/A]
1010.0 0.010982714159870975
1020.0 0.011372105217810518
1030.0 0.039233137973046214
1040.0 0.015465082333565139
1050.0 0.011645186875612716
1060.0 0.01175046029448795
1070.0 0.01240812110232168
1080.0 0.03755066201459881
1090.0 0.03825563017383671
1100.0 0.012263729325104049
1110.0 0.012362036137527808
1120.0 0.012842646091231532
1130.0 0.012491963000155587
1140.0 0.01356631069436539
1150.0 0.012730944874268476
1160.0 0.012973014752264426
1170.0 0.012997017018103076
1180.0 0.013052990159446769
1190.0 0.013132435622507427
1200.0 0.01980176802763544
1210.0 0.017624685592025506
1220.0 0.11213563558106286
1230.0 0.016220411308112904
1240.0 0.0661220011131399
1250.0 0.023030516740087065
1260.0 0.032049050210245345
1270.0 0.03292649775826887
1280.0 0.033994900182459535
1290.0 0.03668975269679733
1300.0 0.03951081211055954
1310.0 0.04345101447432562
1320.0 0.04538602366964091
1330.0 0.04615219139606679
1340.0 0.05151000223257203
1350.0 0.049574079600045694
1360.0 0.05075621533046484
1370.0 0.05150791497104188
1380.0 0.05260001644286286
1390.0 0.12043057264925938
1400.0 0.13392804302909977
1410.0 0.0990086018734661
1420.0 0.05585004965220439
1430.0 0.054843094306234144
1440.0 0.05512442035861048
1450.0 0.05549118746392301
1460.0 0.05592788461240472
1470.0 0.05636137890393703
1480.0 0.05662680178025471
1490.0 0.08887556630426656
1500.0 0.056066737766703935
1510.0 0.055974404154303124
1520.0 0.05603585325754436
1530.0 0.05855317995485549
1540.0 0.055642340212461415
1550.0 0.7900764289295784
1560.0 0.05566470079776105
1570.0 0.055425832363020705
1580.0 0.05807427739934681
1590.0 0.055373280666248595
1600.0 0.06071286723257494
1610.0 0.055265438451180975
1620.0 0.055261049696203574
1630.0 0.05493398625665954
1640.0 0.5024401655008531
1650.0 0.054473973897508327
1660.0 0.07046376387821873
1670.0 0.09595440418428298
1680.0 0.054124977190260694
1690.0 0.053961477966341265
1700.0 0.05374093937031682
1710.0 0.053469325508720696
1720.0 0.057400638833556415
1730.0 0.05373791876523914
1740.0 0.05475527610813038
1750.0 0.08123979918110046
1760.0 0.05325971243480511
1770.0 0.053242952598533615
1780.0 0.05340338445085732
1790.0 0.05711292613304317
1800.0 0.05304550046224455
1810.0 0.06542653744632276
1820.0 0.06655039235226476
1830.0 0.05206629940177761
1840.0 0.05173418384100956
1850.0 0.05585512015144733
1860.0 0.053731637188936004
1870.0 0.051127896740963394
1880.0 0.08382670712130054
1890.0 0.10490708581211676
1900.0 0.05061914973461787
1910.0 0.3401020187767128
1920.0 0.050269071360601325
1930.0 0.05049251918555964
1940.0 0.049576379450551544
1950.0 0.04954933877473539
1960.0 0.04904528733312191
1970.0 0.04875659501924633
1980.0 0.04849569554268504
1990.0 0.04828283582552133
2000.0 0.047956266185388154
2010.0 0.04753834567926755
2020.0 0.04556898662929853
2030.0 0.042980432843894016
2040.0 0.041717295173580415
2050.0 0.03981982229866214
2060.0 0.03915677627278733
2070.0 0.039452798588827546
2080.0 0.038585276355471085
2090.0 0.039785522649241005
2100.0 0.03892703239071679
2110.0 0.03893296956065274
2120.0 0.04005683245205411
2130.0 0.04000137038010995
2140.0 0.04207287579655691
2150.0 0.038488977026399675
2160.0 0.03878540056401318
2170.0 0.037851649567008476
2180.0 0.03934144475845095
2190.0 0.03848311596667932
2200.0 0.03886945004558272
2210.0 0.03933890809513572
2220.0 0.04127534878911453
2230.0 0.04038529051959997
2240.0 0.04103702940246563
2250.0 0.04358614735975796
2260.0 0.042528807394931506
2270.0 0.04337673908039839
2280.0 0.04426096895798091
2290.0 0.04518494067106354
2300.0 0.0472531933692
2310.0 0.04971385574354082
2320.0 0.052185983212512936
2330.0 0.09351593905630017
2340.0 0.05928639990517767
2350.0 0.05286673036545822
2360.0 0.05160875248634231
2370.0 0.05261955655627221
2380.0 0.05361725515010176
2390.0 0.05861098096402766
2400.0 0.05564393012124232
2410.0 0.05679827072187078
2420.0 0.05758404126093483
2430.0 0.12468345136755253
2440.0 0.05948903005785161
2450.0 0.060622230931473155
2460.0 0.061368429316496664
2470.0 0.062310139141935235
2480.0 0.06325959895121007
2490.0 0.0642291873143714
2500.0 0.0651045217340897
2510.0 0.07265994745622043
2520.0 0.06706005715152642
2530.0 0.06796019941328103
2540.0 0.06871931811872979
2550.0 0.06962581145702958
2560.0 0.08065644899491423
2570.0 0.0713345424978479
2580.0 0.07224970005956169
2590.0 0.0749169585324947
2600.0 0.07401492161543326
2610.0 0.07479249574909527
2620.0 0.07555224985257888
2630.0 0.07637674994599236
2640.0 0.07723859959939433
2650.0 0.077921127891858
2660.0 0.07844967780582116
2670.0 0.0880701026672032
2680.0 0.07979143709960271
2690.0 0.08059140131509367
2700.0 0.08135182910096761
2710.0 0.08194959460783807
2720.0 0.08298370624684964
2730.0 0.08893137419627181
2740.0 0.08969817506646413
2750.0 0.0850498265598794
2760.0 0.08615867598530268
2770.0 0.08664946461052078
2780.0 0.08743648741480392
2790.0 0.34882095607478875
2800.0 0.22030653551857748
2810.0 0.0899132487044779
2820.0 0.09064810315224649
2830.0 0.1412651344094476
2840.0 0.09210460776595183
2850.0 0.09826276860351368
2860.0 0.09543901312375604
2870.0 0.09447064971963935
2880.0 0.09529889647876653
2890.0 0.09600614181226899
2900.0 0.09673203879991979
2910.0 0.09739814482928909
2920.0 0.09811191219034214
2930.0 0.11435407042453498
2940.0 0.09955741914555896
2950.0 0.10245475223946343
2960.0 0.10103497392023664
2970.0 0.10179936073240281
2980.0 0.10284428201735468
2990.0 0.10329513955532149
3000.0 0.10392047242722056
3010.0 0.10466321420521471
3020.0 0.10546082092258982
3030.0 0.10613359302781884
3040.0 0.10693008992134405
3050.0 0.10757039690987057
3060.0 0.10825518254784358
3070.0 0.10895173777524586
3080.0 0.10959442315290316
3090.0 0.11018389209161619
3100.0 0.11133785779008916
3110.0 0.11188639422996355
3120.0 0.11258563277885286
3130.0 0.11290796046758107
3140.0 0.11349442784957853
3150.0 0.11411873521121238
3160.0 0.11470683272242681
3170.0 0.11522483724072506
3180.0 0.11594811577518689
3190.0 0.12030734139430206
3200.0 0.11738441696401161
3210.0 0.13778255023319472
3220.0 0.11876142190016967
3230.0 0.11952130518350024
3240.0 0.12044935856630216
3250.0 0.12069776128876376
3260.0 0.12165657388781764
3270.0 0.12175206977943082
3280.0 0.12227195715294402
3290.0 0.12291654605870873
3300.0 0.1232972452587936
3310.0 0.1238346739786732
3320.0 0.12435127617113839
3330.0 0.12491258838689309
3340.0 0.13856016666455107
3350.0 0.12609932042659536
3360.0 0.12746817008447453
3370.0 0.1272084151488452
3380.0 0.12780096322056653
3390.0 0.12846824248229238
3400.0 0.12894810894634456
3410.0 0.12943385603673419
3420.0 0.14671924021654917
3430.0 0.1472266547193005
3440.0 0.13113970050417523
3450.0 0.13142526003484364
3460.0 0.13222785712934138
3470.0 0.13301702449580266
3480.0 0.13391162053827546
3490.0 0.13448786360153406
3500.0 0.13392320285939663
3510.0 0.13326249761583006
3520.0 0.1330480054163979
3530.0 0.1338289615583104
3540.0 0.13385190398233743
3550.0 0.1345480501924578
3560.0 0.134642923714966
3570.0 0.13502479378059523
3580.0 0.1393422494636083
3590.0 0.13531411041371225
3600.0 0.1352132781007994
3610.0 0.1353350681538783
3620.0 0.13644188129587528
3630.0 0.13693460962217685
3640.0 0.1366880101792369
3650.0 0.13677225346398786
3660.0 0.13886856739059628
3670.0 0.1395788594241483
3680.0 0.13831024982949927
3690.0 0.13936083295596643
3700.0 0.1400857511507258
3710.0 0.13842946913600876
3720.0 0.12126137911324127
3730.0 0.20190070326220522
3740.0 0.1055953802308908
3750.0 0.11193797808911596
3760.0 0.10801269499107591
3770.0 0.12110051229261765
3780.0 0.10825908660375168
3790.0 0.1082889821932988
3800.0 0.11517290018015726
3810.0 0.10947541778911778
3820.0 0.11218100951134578
3830.0 0.11101237591457783
3840.0 0.12244330775062173
3850.0 0.11060550970187791
3860.0 0.21678125310569074
3870.0 0.11016010168847117
3880.0 0.13285746646974197
3890.0 0.11145886985289077
3900.0 0.131342694563783
3910.0 0.11116608964507214
3920.0 0.11306327099066657
3930.0 0.110566654481706
3940.0 0.10988309041064295
3950.0 0.10915343800419744
3960.0 0.14297527439185093
3970.0 0.10899094382008229
3980.0 0.13215270505341356
3990.0 0.10893254024413936
4000.0 0.10961324901141847
4010.0 0.10909102446639705
4020.0 0.11246312377334793
4030.0 0.10917520947945349
4040.0 0.10933586397797017
4050.0 0.1094980348586619
4060.0 0.10986819659081883
4070.0 0.11095799020511063
4080.0 0.12478217506287852
4090.0 0.11147773477589333
4100.0 0.14941519440615697
4110.0 0.11583043194448626
4120.0 0.11837513950588768
4130.0 0.11861171615119624
4140.0 0.12431281182874021
4150.0 0.11808170093351171
4160.0 0.11787761207726621
4170.0 0.11104026936508578
4180.0 0.11320517500897814
4190.0 0.11106369222417685
4200.0 0.11568035991539122
4210.0 0.11725085540903925
4220.0 0.12813047988380163
4230.0 0.12194533077766048
4240.0 0.13233640659006077
4250.0 0.1183052120037048
4260.0 0.11598346026978297
4270.0 0.11771096482695295
4280.0 0.11800530174148269
4290.0 0.11728396155558377
4300.0 0.13121771929491152
4310.0 0.13855716590317582
4320.0 0.14486592503653178
4330.0 0.2143276030814369
4340.0 0.1412130263017478
4350.0 0.20892081351776093
4360.0 0.20085701078852253
4370.0 0.26405311915747987
4380.0 0.285797354175787
4390.0 0.3127138112810086
4400.0 0.23536452813078393
4410.0 0.25405580814625833
4420.0 0.18273014055770848
4430.0 0.18398427297529277
4440.0 0.2569470700823868
4450.0 0.2911372958006138
4460.0 0.3203549224816408
4470.0 0.40807194032355104
4480.0 0.2126717600410229
4490.0 0.46395120021532105
4500.0 0.1699367052170392
4510.0 0.3313707043440203
4520.0 0.27116939601323853
4530.0 0.28014505254148164
4540.0 0.32559214387162
4550.0 0.224048005529567
4560.0 0.3235951745171526
4570.0 0.3551651133299131
4580.0 0.31986987014408746
4590.0 0.18211776859612727
4600.0 0.14540813079433382
4610.0 0.1176503643456337
4620.0 0.17590866098941765
4630.0 0.12119846212227156
4640.0 0.183361558303551
4650.0 0.12822697164675853
4660.0 0.21760677174479365
4670.0 0.41796128360986956
4680.0 0.3398117342512339
4690.0 0.36521610394474424
4700.0 0.9083970652105111
4710.0 0.2654248269401994
4720.0 0.1573615635927177
4730.0 0.13825258903405419
4740.0 0.42584742126401426
4750.0 0.5513276928631653
4760.0 0.2678369549985132
4770.0 0.3602489352363728
4780.0 0.20516158510808247
4790.0 0.19441490228684574
4800.0 0.2988211921270667
4810.0 0.18210597974992293
4820.0 0.16349060794331244
4830.0 0.1698242971550118
4840.0 0.13120099147128803
4850.0 0.12006738405859667
4860.0 0.2530258976036705
4870.0 0.11964211260359862
4880.0 0.11978816773381677
4890.0 0.11921355059527124
4900.0 0.11493775039629775
4910.0 0.11445032728181848
4920.0 0.11395481559927277
4930.0 0.11696757491783905
4940.0 0.11422160254508383
4950.0 0.11353353247212246
4960.0 0.43999144154678704
4970.0 0.1136642541942595
4980.0 0.11664634637349511
4990.0 0.11341757237536584
5000.0 0.11331619125717991
5010.0 1.0958028469970116
5020.0 0.11308911876706453
5030.0 0.11301762299959639
5040.0 0.11296372737798475
5050.0 0.11292743684978479
5060.0 0.11310545707873537
5070.0 0.11286379318699943
5080.0 0.11307356667243296
5090.0 0.1128328347251048
5100.0 0.11277442284999761
5110.0 0.11278262392276264
5120.0 0.11271482493422029
5130.0 0.11266809287954879
5140.0 0.11260529188834062
5150.0 0.11251952754083143
5160.0 0.11460971357830264
5170.0 0.1123556604193088
5180.0 0.11230146854675538
5190.0 0.11553199875174096
5200.0 0.11211857069901444
5210.0 0.11255504102320235
5220.0 0.11211162849752343
5230.0 0.11200942518426932
5240.0 0.11199958647850061
5250.0 0.11193336458966031
5260.0 0.1144411916736704
5270.0 0.1143400483335005
5280.0 0.11166966733146422
5290.0 0.11164659210760415
5300.0 0.11152738569356078
5310.0 0.11150114716359324
5320.0 0.11350309730875979
5330.0 0.1113310137657194
5340.0 0.11124188592197086
5350.0 0.11119425560692624
5360.0 0.11108345071637582
5370.0 0.1110021832185985
5380.0 0.1109128953855088
5390.0 0.11086923947542768
5400.0 0.110735418152633
5410.0 0.1107036441384907
5420.0 0.1122716006066853
5430.0 0.11219640775265208
5440.0 0.11047837795032092
5450.0 0.11038510455430092
5460.0 0.11023724226891052
5470.0 0.11017107530760763
5480.0 0.11007322169068388
5490.0 0.10994865118730929
5500.0 0.10987243961211193
5510.0 0.11021421690875302
5520.0 0.10974423009298144
5530.0 0.10997106363424332
5540.0 0.10990077907489379
5550.0 0.10929358402807285
5560.0 0.10920821653486938
5570.0 0.10920108156728442
5580.0 0.10911870614602466
5590.0 0.10921835182081972
5600.0 0.10893729413539845
5610.0 0.10879333124770188
5620.0 0.10861902290389688
5630.0 0.10850007488329652
5640.0 0.1083561862941334
5650.0 0.10840019215473491
5660.0 0.10828590950869606
5670.0 0.10816574774704396
5680.0 0.1079178599409404
5690.0 0.10773168376253643
5700.0 0.10743609927467809
5710.0 0.10723887982779891
5720.0 0.10710958836139363
5730.0 0.11159533498260284
5740.0 0.10687290512115785
5750.0 0.10664793910284023
5760.0 0.10785027348275004
5770.0 0.10630256175923541
5780.0 0.10634460270107012
5790.0 0.10627680256506518
5800.0 0.10612705649302269
5810.0 0.10604392450605175
5820.0 0.10781970624331301
5830.0 0.10556508174676452
5840.0 0.10532806799521349
5850.0 0.10524692401246867
5860.0 0.10505039344228384
5870.0 0.10465419456999395
5880.0 0.11739471262264754
5890.0 0.10389023681384392
5900.0 0.103785845572211
5910.0 0.10394130077679335
5920.0 0.10430668023330092
5930.0 0.10437627761579861
5940.0 0.10445777444903946
5950.0 0.10458128457136466
5960.0 0.10455746618134064
5970.0 0.10471077215081932
5980.0 0.10439160637558485
5990.0 0.10449516471908163
6000.0 0.10473096983232226
6010.0 0.10446802136075671
6020.0 0.10451204630647414
6030.0 0.10487563582060329
6040.0 0.10486118818479656
6050.0 0.1048855515102432
6060.0 0.10480716898897174
6070.0 0.10486211199523725
6080.0 0.10468575305759194
6090.0 0.11240607928404994
6100.0 0.10509941710608474
6110.0 0.10527959674999976
6120.0 0.10542363911490178
6130.0 0.10550747391971885
6140.0 0.10576065897086626
6150.0 0.10592430908366716
6160.0 0.1059878847510917
6170.0 0.10624296121448405
6180.0 0.10650131794350486
6190.0 0.10607406152939672
6200.0 0.10687050304657118
6210.0 0.10714003693661961
6220.0 0.10673411196216244
6230.0 0.10703885810637935
6240.0 0.10724302542946039
6250.0 0.10810939090954656
6260.0 0.10785724823277128
6270.0 0.1088977208319493
6280.0 0.10934114243085737
6290.0 0.10938951451467875
6300.0 0.11914086363284473
6310.0 0.10860577288099656
6320.0 0.11136145024324291
6330.0 0.11129714240309382
6340.0 0.11241130777073144
6350.0 0.11329255720106825
6360.0 0.11392103600427389
6370.0 0.11665769872732688
6380.0 0.11560710017265419
6390.0 0.11628364660587587
6400.0 0.11743432429681733
6410.0 0.11845234770651948
6420.0 0.11877875801671854
6430.0 0.1195802439720828
6440.0 0.12136874862132825
6450.0 0.12305644486553362
6460.0 0.12298775110407686
6470.0 0.12535418930916095
6480.0 0.12758687200427443
6490.0 0.12945910346102804
6500.0 0.13152289423803726
6510.0 0.13081750331766898
6520.0 0.1352975208395144
6530.0 0.1374560803865285
6540.0 0.14013251692629702
6550.0 0.14234232130532185
6560.0 0.48976731461744755
6570.0 0.14873534736554833
6580.0 0.14546465021614072
6590.0 0.20181437811304034
6600.0 0.15914070710337835
6610.0 0.16271649818085573
6620.0 0.17012331197733066
6630.0 0.17224679257087971
6640.0 0.1803404943375289
6650.0 0.1855675602893841
6660.0 0.1923490893172521
6670.0 0.19856872834339723
6680.0 0.20660503928160687
6690.0 0.21829397406533985
6700.0 0.21985388404920098
6710.0 0.23198056364457087
6720.0 0.2429932717360572
6730.0 0.2630447418243374
6740.0 0.2649632454265807
6750.0 0.2762517334430405
6760.0 0.2888110092483619
6770.0 0.29564268172712177
6780.0 0.28506699428773447
6790.0 0.3266655134275398
6800.0 0.3328297724467104
6810.0 0.34676076174775883
6820.0 0.34855365808180927
6830.0 0.35462662111681525
6840.0 0.35628683697855346
6850.0 0.36738090192470163
6860.0 0.35097776218506427
6870.0 0.37512842149187814
6880.0 0.37273319375695435
6890.0 0.36131604108484355
6900.0 0.355922862909765
6910.0 0.34706305380624897
6920.0 0.2972270934190684
6930.0 0.3291955719178255
6940.0 0.3136741222700987
6950.0 0.3338768691515679
6960.0 0.3272577923955367
6970.0 0.3396102891986852
6980.0 0.3367728534766165
6990.0 0.29915602166905053
7000.0 0.34618903448852795
7010.0 0.3667760780991724
7020.0 0.37749931618828714
7030.0 0.3822791198141341
7040.0 0.3986188879127118
7050.0 0.39304211429447844
7060.0 0.4101370897778733
7070.0 0.4192664710373753
7080.0 0.4122753700828155
7090.0 0.38156386741034914
7100.0 0.3914681079896702
7110.0 0.4165894807722141
7120.0 0.42866835808371306
7130.0 0.4153275895445267
7140.0 0.433786894770822
7150.0 0.43281799962831374
7160.0 0.40958246297848944
7170.0 0.3724400980579139
7180.0 0.4019171061055741
7190.0 0.3979065974453895
7200.0 0.3771267969774497
7210.0 0.4053300285846777
7220.0 0.39956641741236376
7230.0 0.4022862118556156
7240.0 0.40061773628077285
7250.0 0.3987073646210619
7260.0 0.3901939618264989
7270.0 0.39102875991917174
7280.0 0.3818313371970501
7290.0 0.3779470108214916
7300.0 0.37059502266462835
7310.0 0.3783204891757958
7320.0 0.38927975442392404
7330.0 0.35404080224413115
7340.0 0.36856514562738263
7350.0 0.36503601075435155
7360.0 0.3620476016381295
7370.0 0.357751760922324
7380.0 0.360770095741325
7390.0 0.36020103050033536
7400.0 0.3215374910571216
7410.0 0.3450644479169006
7420.0 0.3488095170399562
7430.0 0.3583281911707118
7440.0 0.3394229580443016
7450.0 0.33790925073950373
7460.0 0.33605519164267195
7470.0 0.3571763599655056
7480.0 0.3438333363407363
7490.0 0.3253035642488883
7500.0 0.33067401286158005
7510.0 0.34256686021766314
7520.0 0.3214892660733736
7530.0 0.31938515140829077
7540.0 0.3243112713818118
7550.0 0.3100271774387101
7560.0 0.3024588550134834
7570.0 0.3027031959594624
7580.0 0.29624473283187386
7590.0 0.2951248620744544
7600.0 0.287963787086708
7610.0 0.28199845432216014
7620.0 0.271383825190615
7630.0 0.2544825944040682
7640.0 0.18244860381444183
7650.0 0.08244318583837403
7660.0 0.07662938710663
7670.0 0.0763570387826762
7680.0 0.07753530076916158
7690.0 0.07663200505600345
7700.0 0.07640684123406655
7710.0 0.07763564079886086
7720.0 0.12926943785004186
7730.0 0.2225498456533695
7740.0 0.29210895661985603
7750.0 0.3347683595889487
7760.0 0.3707653533565542
7770.0 0.39714855797768994
7780.0 0.4165910327587373
7790.0 0.41897721326031767
7800.0 0.20867734164697754
7810.0 0.4624270850788291
7820.0 0.5156714348204923
7830.0 0.551398924476335
7840.0 0.5712480712070476
7850.0 0.6075481243807287
7860.0 0.6409991762775569
7870.0 0.6654135484311994
7880.0 0.7098649993824692
7890.0 0.749511235965595
7900.0 0.798136117480565
7910.0 0.8481387553751203
7920.0 0.8861465209076894
7930.0 0.9190585953815553
7940.0 0.8496957245057457
7950.0 0.509475979072429
7960.0 1.0619218794416965
7970.0 1.161005649545656
7980.0 1.2432320642586279
7990.0 1.3302896426276956
8000.0 1.4187653736606207
8010.0 1.5104586220192529
8020.0 1.5959515149335899
8030.0 1.6676063058247936
8040.0 1.7540948424351817
8050.0 1.8865767629949097
8060.0 1.9979446389956703
8070.0 2.1034888553209945
8080.0 2.2247373213345667
8090.0 2.2757673682151003
8100.0 2.3797922468635884
8110.0 2.4308860153248433
8120.0 2.6198911859383998
8130.0 2.640134381682528
8140.0 2.878354567774071
8150.0 3.0411021497817536
8160.0 3.281745492064975
8170.0 3.555302732640161
8180.0 3.788328905242363
8190.0 4.111282286899828
8200.0 4.30566551592062
8210.0 4.695686295393755
8220.0 4.8857967475079445
8230.0 4.456624806268886
8240.0 5.283013613359
8250.0 5.93648970863196
8260.0 6.079483671004344
8270.0 6.589574419487451
8280.0 6.825146287897751
8290.0 6.946592714385367
8300.0 7.386935596187191
8310.0 8.094003096013248
8320.0 8.455821887867076
8330.0 8.806924871971011
8340.0 9.494239971848446
8350.0 10.03160893444614
8360.0 10.589781446396469
8370.0 11.213088514001425
8380.0 12.000760616678832
8390.0 12.659954899724198
8400.0 13.29242653134835
8410.0 13.873351367419259
8420.0 14.936654623947803
8430.0 15.877517120060016
8440.0 16.970232179827974
8450.0 17.60641434179568
8460.0 19.042694983407642
8470.0 19.931815882450177
8480.0 21.355768261803416
8490.0 22.222521086434828
8500.0 22.87765715800878
8510.0 22.76305393205105
8520.0 10.412825100140388
8530.0 24.148368493146155
8540.0 28.803370178033983
8550.0 30.922392686644212
8560.0 32.19558117652621
8570.0 34.274868465279276
8580.0 36.80388035552198
8590.0 38.491479455326974
8600.0 40.52275856918851
8610.0 42.171440071083154
8620.0 44.650780552945704
8630.0 46.992538889563264
8640.0 49.33553294074976
8650.0 51.531312934382775
8660.0 54.93465207284848
8670.0 56.91687700604248
8680.0 59.71019962732037
8690.0 62.720333236362116
8700.0 66.18247381717087
8710.0 68.86201548105998
8720.0 72.0606426532333
8730.0 75.13227349586397
8740.0 78.67684962045219
8750.0 82.41048516320484
8760.0 85.69930446252224
8770.0 88.49514172846747
8780.0 92.9070685042079
8790.0 97.70691387396334
8800.0 102.11528697528578
8810.0 102.45939316533195
8820.0 110.04403771204433
8830.0 115.25536765579356
8840.0 120.82301953348146
8850.0 125.122989315415
8860.0 128.9797035292151
8870.0 133.3692062463041
8880.0 136.48135774047623
8890.0 142.12817321258655
8900.0 139.52677483458226
8910.0 134.767079449644
8920.0 110.65938227271111
8930.0 105.48252636863445
8940.0 57.24022080599136
8950.0 83.20609675473233
8960.0 141.74972151315703
8970.0 134.71144888724805
8980.0 169.1395502079556
8990.0 144.27049958882336
9000.0 178.56293674725285
9010.0 177.90521380857024
9020.0 198.27702835885984
9030.0 210.6807987899821
9040.0 226.4138364793444
9050.0 232.5570313510581
9060.0 235.99743022022992
9070.0 234.58271775090427
9080.0 249.0311108600716
9090.0 238.60636064902346
9100.0 259.13675338143923
9110.0 250.8157606729628
9120.0 271.31212359565586
9130.0 226.37599902779468
9140.0 256.7487792274238
9150.0 255.80079924104916
9160.0 260.06906395352985
9170.0 246.57514745653967
9180.0 276.13105870927075
9190.0 298.62998440030026
9200.0 322.6830723298303
9210.0 316.60297418028017
9220.0 349.1392608514329
9230.0 343.32714280952035
9240.0 291.462389651363
9250.0 312.20239886056083
9260.0 245.31359427243797
9270.0 153.94427992887313
9280.0 64.7678161384815
9290.0 78.95628990136227
9300.0 112.49424151112257
9310.0 154.92125725164854
9320.0 86.32457802854098
9330.0 116.05766218160612
9340.0 102.13630412477725
9350.0 133.23576152169323
9360.0 160.154919831111
9370.0 160.39477513632104
9380.0 165.12685222518206
9390.0 194.715233930024
9400.0 229.00693035087141
9410.0 218.14959396095
9420.0 231.12134457967198
9430.0 238.67131653666655
9440.0 220.37914842811918
9450.0 300.9567250540287
9460.0 249.5608612702781
9470.0 257.08065270264655
9480.0 263.7926306643649
9490.0 270.41513495134967
9500.0 201.81355561888253
9510.0 287.61752773630946
9520.0 205.2717235453881
9530.0 340.34111787259275
9540.0 333.43222989425027
9550.0 269.51834387138746
9560.0 264.659541625821
9570.0 234.8236079532167
9580.0 280.9776128593549
9590.0 215.1092612318587
9600.0 289.33996009293696
9610.0 266.159640176617
9620.0 312.8461859185577
9630.0 461.31332066132575
9640.0 238.68443435880573
9650.0 333.56298750797623
9660.0 393.5435482102717
9670.0 435.7250878045729
9680.0 460.16982363410386
9690.0 332.9222538519954
9700.0 565.401851339551
9710.0 442.02816791772716
9720.0 391.7475444572804
9730.0 537.9698180709646
9740.0 461.08864610590683
9750.0 511.3931639929582
9760.0 428.21524373309404
9770.0 643.9653511006951
9780.0 545.5797323524249
9790.0 536.5441129218561
9800.0 612.9394680941549
9810.0 628.5101721756499
9820.0 622.8228002168593
9830.0 665.3756280452703
9840.0 631.7127535102555
9850.0 662.4214108989931
9860.0 777.5858896876749
9870.0 759.0842386031311
9880.0 856.5105492292898
9890.0 923.1508376849143
9900.0 945.2890814228913
9910.0 860.6070121498877
9920.0 983.286231325987
9930.0 891.5182888452392
9940.0 1023.1729276333538
9950.0 1061.5230878389996
9960.0 1123.843469269731
9970.0 1074.1130754362384
9980.0 1155.7252566518378
9990.0 996.6239360004633
10010.0 1151.2364682345672
10020.0 1120.0021433931363
10030.0 1147.5651753452332
10040.0 1331.213303946364
10050.0 1327.9597043415067
10060.0 1309.2591999583365
10070.0 1379.2270508017507
10080.0 1370.4964946789821
10090.0 1438.576243072549
10100.0 1657.9746695029792
10110.0 1541.3278861538197
10120.0 1571.156763026109
10130.0 1798.1596434187627
10140.0 1618.5018910623794
10150.0 1852.7492722259908
10160.0 1962.7815336114138
10170.0 1823.271665216725
10180.0 1881.8038970399493
10190.0 2055.7438226897257
10200.0 2056.3881013473883
10210.0 2156.808843824869
10220.0 2123.5722065207883
10230.0 2143.558619434805
10240.0 2333.0437343894846
10250.0 2388.3411959096543
10260.0 2208.2491594726557
10270.0 2324.8985732499336
10280.0 2546.070587242664
10290.0 2519.5600496054426
10300.0 2550.753801119981
10310.0 2559.0978009998785
10320.0 2638.3780510841448
10330.0 2688.849201373339
10340.0 2835.1160743108444
10350.0 2766.038164064071
10360.0 2819.416976465639
10370.0 3156.7143890801995
10380.0 2820.3608519043682
10390.0 3002.606662887666
10400.0 3056.046527999121
10410.0 3142.6429912678573
10420.0 3068.539804743714
10430.0 3050.894218427137
10440.0 3266.7570823575275
10450.0 3237.2492498681127
10460.0 3331.123817625461
10470.0 3252.2395855922855
10480.0 3225.831853762453
10490.0 3277.0562221364066
10500.0 3377.2128432964923
10510.0 3420.43410314458
10520.0 3376.3378657669177
10530.0 3283.241628592674
10540.0 3476.5047916149874
10550.0 3429.701659979208
10560.0 3585.560070035246
10570.0 3493.240135430744
10580.0 3322.0664010263367
10590.0 3522.8809168201274
10600.0 3538.1348888812427
10610.0 3632.988153612095
10620.0 3570.951174610151
10630.0 3548.6805958072323
10640.0 3753.7011672031344
10650.0 3536.701145163309
10660.0 3776.0440545962942
10670.0 3732.255730583311
10680.0 3694.175786765081
10690.0 3709.2743631395215
10700.0 3764.6951697098966
10710.0 3697.326143139501
10720.0 3656.6869494411026
10730.0 4089.2739826053776
10740.0 3662.282215963059
10750.0 3856.8338295144017
10760.0 4066.0527368654225
10770.0 3565.078337198138
10780.0 3909.417381328301
10790.0 3958.6842756527726
10800.0 3915.4868601691433
10810.0 3941.10154487949
10820.0 3827.9782524894235
10830.0 3954.2798948713985
10840.0 3907.267950153958
10850.0 3911.527925624921
10860.0 3113.733967281432
10870.0 3308.315095354439
10880.0 3296.229238924609
10890.0 2721.0328408950986
10900.0 2262.2172930489355
10910.0 2192.293915385479
10920.0 1916.5879106907646
10930.0 1372.629720638628
10940.0 1262.249899067226
10950.0 1188.0190411748154
10960.0 1141.2393601706538
10970.0 1114.4570589479656
10980.0 1287.5643190602723
10990.0 949.9193130365545
11000.0 828.1333287996562
11010.0 1047.4635627458313
11020.0 757.5665648386963
11030.0 635.1441647138344
11040.0 798.7770131916285
11050.0 646.6668973298201
11060.0 557.5324718238306
11070.0 817.9265923832241
11080.0 608.5783309646076
11090.0 445.38197611450806
11100.0 301.99563854908274
11110.0 350.8220554497299
11120.0 251.4864680436939
11130.0 252.56696905794638
11140.0 276.24946698395473
11150.0 204.6129009014231
11160.0 273.6816652471545
11170.0 107.13360225085135
11180.0 363.6218296813546
11190.0 70.98962047331035
11200.0 139.80422598873093
11210.0 165.24106339553603
11220.0 44.25005436483673
11230.0 19.89185761876124
11240.0 85.72093035010865
11250.0 66.26082313318743
11260.0 74.43656777872458
11270.0 109.7223386267958
11280.0 60.054941492625694
11290.0 112.07333211479444
11300.0 94.96940396095506
11310.0 81.55122130338695
11320.0 146.26162405341208
11330.0 36.04199279191712
11340.0 22.47158510613992
11350.0 8.395655854659843
11360.0 18.587622539137605
11370.0 37.05013441506653
11380.0 119.93198793981789
11390.0 140.31261162520556
11400.0 182.02726611123762
11410.0 160.5506246307042
11420.0 191.3827499905451
11430.0 80.40462657308716
11440.0 78.88342718179646
11450.0 98.62414644346656
11460.0 57.13725003890441
11470.0 58.946482861439826
11480.0 56.82684730263285
11490.0 47.139801774220274
11500.0 26.868169442158976
11510.0 19.59397746851755
11520.0 10.532169618181657
11530.0 10.378594287736798
11540.0 12.39319736836554
11550.0 11.177106513464276
11560.0 10.534186946130067
11570.0 6.897640679703023
11580.0 55.41249767543666
11590.0 35.31595500244575
11600.0 19.46086051424454
11610.0 22.821349295429844
11620.0 5.196867814954881
11630.0 7.664047428868761
11640.0 5.1348334310719155
11650.0 6.4383114234080185
11660.0 14.479319672539892
11670.0 13.83168581566252
11680.0 32.831574896480774
11690.0 31.379115942017723
11700.0 18.831262383121167
11710.0 49.088439270664665
11720.0 47.67430024761571
11730.0 41.251931873947534
11740.0 66.09481515566202
11750.0 44.217735423321336
11760.0 72.05412453328405
11770.0 58.65006679730233
11780.0 69.55784396358997
11790.0 120.52210789339378
11800.0 112.02864669535163
11810.0 151.90996914472953
11820.0 151.0499471511357
11830.0 200.04731624496043
11840.0 262.6852491858806
11850.0 277.07915684761514
11860.0 194.20699105716378
11870.0 169.9291088448102
11880.0 159.2237213078399
11890.0 230.07753453864163
11900.0 405.2223541191805
11910.0 278.3604059120492
11920.0 412.7520049506791
11930.0 709.8786380321644
11940.0 800.6703894560724
11950.0 670.1902674450049
11960.0 842.8728244893006
11970.0 851.6302505002448
11980.0 852.3589111536311
11990.0 1079.4372199504276
12000.0 970.6835543917791
12010.0 1136.8818735691086
12020.0 1179.8448182672646
12030.0 876.1043527001755
12040.0 1511.3746152730441
12050.0 1625.591159984232
12060.0 2074.2194848360846
12070.0 1416.4903094978938
12080.0 1924.771703691743
12090.0 1786.722751098625
12100.0 2412.6542789428663
12110.0 1711.421271927349
12120.0 2179.4366140495276
12130.0 2062.333912872585
12140.0 2312.744873094788
12150.0 2689.6856570210393
12160.0 2646.6936230761166
12170.0 2465.489921273125
12180.0 2968.628533602228
12190.0 2978.9886091819076
12200.0 2635.587814272881
12210.0 2978.950554619385
12220.0 2907.567989101882
12230.0 3060.2444667228065
12240.0 3413.456914473996
12250.0 2663.9151487294457
12260.0 3971.408840375338
12270.0 3094.8184685294345
12280.0 3927.556986812434
12290.0 3167.184785234999
12300.0 3674.5585337812636
12310.0 3681.3426324624415
12320.0 3755.1516014498975
12330.0 3845.673830220789
12340.0 3499.7039992903547
12350.0 4177.117648498008
12360.0 4106.244987839336
12370.0 4122.564567298577
12380.0 4760.008045524575
12390.0 4716.283685659654
12400.0 4270.642614552597
12410.0 4223.175913568982
12420.0 4549.73040270844
12430.0 2957.9232419693512
12440.0 3925.5965884483653
12450.0 5270.862981840912
12460.0 5019.533832447834
12470.0 5357.581033181797
12480.0 4738.527864047684
12490.0 5673.135485035046
12500.0 5629.9472555011025
12510.0 4501.895137381585
12520.0 2720.83693874394
12530.0 4113.501790229107
12540.0 4642.519071839052
12550.0 5748.37060357478
12560.0 6014.953045430499
12570.0 5665.319602669885
12580.0 5316.8137895166365
12590.0 5770.505151738045
12600.0 5280.125324087502
12610.0 6191.444306552595
12620.0 5100.128209150809
12630.0 5713.079460591313
12640.0 5248.330868497486
12650.0 5951.5880372494175
12660.0 4975.378060120177
12670.0 5370.693933102786
12680.0 5322.947431202913
12690.0 5312.915903173687
12700.0 5481.427352968443
12710.0 5247.744376630227
12720.0 5130.415760409616
12730.0 4316.463498310724
12740.0 4536.56402831725
12750.0 5809.794899521238
12760.0 5376.912481706523
12770.0 5111.138481069057
12780.0 4879.233145552006
12790.0 4605.887620154452
12800.0 3769.33043386986
12810.0 5275.347671699337
12820.0 5983.78528648268
12830.0 3133.391762013314
12840.0 5122.611184490307
12850.0 5084.707593985447
12860.0 2837.4474137869543
12870.0 4646.152167596527
12880.0 2951.0815847069266
12890.0 3803.838790862834
12900.0 4203.599518113776
12910.0 4056.0994650728794
12920.0 2030.5239927491264
12930.0 5044.283476832132
12940.0 4053.0160996307263
12950.0 3180.021867826192
12960.0 3214.02062606275
12970.0 3138.030044002123
12980.0 5174.0305229320475
12990.0 3097.619214772444
13000.0 3641.32687134186
13010.0 2728.4263022742502
13020.0 3094.624938191752
13030.0 3817.7534310557726
13040.0 2992.144961633173
13050.0 3226.857090179778
13060.0 2430.094944890637
13070.0 2137.979744162016
13080.0 2197.0476885434155
13090.0 1824.243811967924
13100.0 1959.0570659473267
13110.0 1840.5991415332012
13120.0 1200.4867053500589
13130.0 2043.082220301593
13140.0 1011.3376570510836
13150.0 1811.327350930841
13160.0 1529.9480854888748
13170.0 1938.6507697814125
13180.0 797.323049028027
13190.0 1939.0181619908653
13200.0 1659.9251135085506
13210.0 2173.0153660823703
13220.0 2109.4091484900882
13230.0 1218.7512811950492
13240.0 1167.2163210385183
13250.0 781.985159434688
13260.0 1520.1778143865536
13270.0 1724.4125048324552
13280.0 631.734569869741
13290.0 235.64432590108967
13300.0 78.06929796760353
13310.0 22.05494488232384
13320.0 55.71765310264402
13330.0 107.28434829844886
13340.0 87.75857305325961
13350.0 68.31901278449733
13360.0 76.93751099881504
13370.0 23.013904415582996
13380.0 25.1421819287893
13390.0 84.39295380741835
13400.0 23.57960206026638
13410.0 28.357737106847374
13420.0 17.14481868663988
13430.0 17.23699696281045
13440.0 7.481553208902677
13450.0 14.329247930910718
13460.0 6.7101762726423955
13470.0 5.912287849270378
13480.0 3.543516687900584
13490.0 16.154990515926272
13500.0 2.11671934930586
13510.0 5.317791962691122
13520.0 4.256924375604463
13530.0 8.100053201965546
13540.0 1.7375008103217193
13550.0 5.301292848364156
13560.0 4.490966531132915
13570.0 0.8138528135198353
13580.0 3.7040377446827897
13590.0 2.299061327567704
13600.0 6.519657786404546
13610.0 3.330866674902118
13620.0 1.5442325387629654
13630.0 10.39272362094369
13640.0 3.1138054905721844
13650.0 5.064035296513063
13660.0 9.390455439390827
13670.0 7.785782167481565
13680.0 5.207946423647671
13690.0 13.027194352061295
13700.0 3.1818508921620916
13710.0 2.4134976888502053
13720.0 4.314442339147543
13730.0 5.173056574666233
13740.0 4.696636983221013
13750.0 6.443526110724842
13760.0 9.88879915617282
13770.0 6.723596074933907
13780.0 9.80274179956951
13790.0 10.045938698805818
13800.0 3.7604341533900616
13810.0 10.869161005160224
13820.0 1.170092731616123
13830.0 4.628289615608284
13840.0 7.322849434876561
13850.0 3.8279857328168556
13860.0 4.7574680871857105
13870.0 9.532898082266435
13880.0 4.538710582459653
13890.0 15.714968681517584
13900.0 5.288794631227377
13910.0 5.568273781218035
13920.0 2.415410948275126
13930.0 15.98063765490291
13940.0 8.44498369599945
13950.0 3.4445956375474367
13960.0 12.724169308548305
13970.0 11.233761512834276
13980.0 4.28227682543039
13990.0 11.224952623514659
14000.0 2.545386452722234
14010.0 2.664467399027531
14020.0 13.388071463294605
14030.0 9.520547108501653
14040.0 5.828509547703257
14050.0 6.156584716233255
14060.0 12.497945226264063
14070.0 3.58219485604226
14080.0 7.226283227796755
14090.0 1.8808449594718069
14100.0 6.315092990933791
14110.0 8.277987082910178
14120.0 5.662754042712098
14130.0 15.908408792976788
14140.0 4.697333086954953
14150.0 9.169356553546743
14160.0 22.596683944043928
14170.0 7.154758867842732
14180.0 9.148914848599427
14190.0 4.473471711411098
14200.0 7.418759518875364
14210.0 20.909444727686957
14220.0 8.538655851283234
14230.0 6.491724989368721
14240.0 13.448051912256085
14250.0 7.5034853061934665
14260.0 12.153968235248922
14270.0 12.715031270838717
14280.0 6.839156910744189
14290.0 15.610217756715018
14300.0 57.996940930958495
14310.0 15.488738034308813
14320.0 8.769637791391231
14330.0 20.237903101782752
14340.0 14.824748782632225
14350.0 33.74105284884592
14360.0 25.338724036283022
14370.0 27.11674547917532
14380.0 34.22693827557221
14390.0 11.666422328754443
14400.0 43.71273366118739
14410.0 19.70092993242976
14420.0 26.976717453470314
14430.0 89.86577519337486
14440.0 22.679222800967704
14450.0 6.362727933993121
14460.0 29.457050428423607
14470.0 40.149940733400584
14480.0 61.791467060395455
14490.0 119.0745150708427
14500.0 20.705323424188254
14510.0 84.86272302166213
14520.0 105.54143722144629
14530.0 85.540118283425
14540.0 73.69235280149768
14550.0 103.90842527326869
14560.0 50.95204823599691
14570.0 57.89911265949066
14580.0 192.33412321332708
14590.0 172.69731903916616
14600.0 86.70718766713365
14610.0 76.54209874519125
14620.0 62.5279270478738
14630.0 51.9057823508137
14640.0 213.66125911283467
14650.0 161.0674573858622
14660.0 118.36144105774441
14670.0 116.85648332870261
14680.0 65.11738619216075
14690.0 65.72040712349708
14700.0 80.35543359400268
14710.0 73.23816164282152
14720.0 107.83659925028401
14730.0 137.12701207618056
14740.0 93.24536870460221
14750.0 104.30501729363974
14760.0 94.34643294496433
14770.0 140.22592442367204
14780.0 207.42646659004157
14790.0 79.9053431133816
14800.0 79.01937285324415
14810.0 190.26789494158004
14820.0 112.1319927969801
14830.0 154.70419953834536
14840.0 193.88421600574222
14850.0 104.93604898973615
14860.0 206.89865670007615
14870.0 188.03554791646988
14880.0 143.28978835955567
14890.0 138.52448653142002
14900.0 180.67528709996998
14910.0 301.50901091856764
14920.0 148.01061660216624
14930.0 236.79324107035208
14940.0 174.2325160334937
14950.0 228.19025022082832
14960.0 169.71120081224646
14970.0 297.71177094935865
14980.0 243.31017087945688
14990.0 226.0392591833555
15000.0 292.5745481710026
15010.0 258.9595148621109
15020.0 289.4669984466636
15030.0 237.1114111239864
15040.0 297.7644078488175
15050.0 304.81372950568493
15060.0 337.5201603306178
15070.0 254.18309877898503
15080.0 289.61566057246284
15090.0 499.92596246946135
15100.0 333.26607181959497
15110.0 290.3341328435307
15120.0 405.1631400555
15130.0 262.54181353692775
15140.0 616.6968900542719
15150.0 563.1584993027777
15160.0 442.8713426128006
15170.0 301.3302934833542
15180.0 370.14282949327236
15190.0 418.8095931884269
15200.0 467.2371727299138
15210.0 434.7014609035858
15220.0 432.5493228231846
15230.0 1014.9028593927397
15240.0 437.1325722086033
15250.0 519.7074744719669
15260.0 531.8317990820093
15270.0 482.04795800094195
15280.0 745.686910821372
15290.0 1010.2027267598127
15300.0 596.9354395551624
15310.0 651.9090320118125
15320.0 462.5881847240023
15330.0 944.9177974951812
15340.0 1133.9515473264037
15350.0 751.4909232008753
15360.0 685.611645967523
15370.0 665.1355291767649
15380.0 982.1038226429419
15390.0 848.8760045647547
15400.0 1073.0125045436982
15410.0 1141.1870205755179
15420.0 865.2531378798665
15430.0 951.6516275060483
15440.0 791.3852114048885
15450.0 1338.957053858778
15460.0 1418.8029403693079
15470.0 1068.01714393606
15480.0 1557.2304835575426
15490.0 1058.1282112363688
15500.0 1209.7391027274757
15510.0 1170.856516498706
15520.0 1347.3224060833443
15530.0 1589.049345720902
15540.0 1602.6125854151742
15550.0 1490.562698162956
15560.0 1295.4252899645846
15570.0 1180.8711658197512
15580.0 907.8553958893147
15590.0 1313.353730957112
15600.0 1206.7318372370592
15610.0 1357.54873157059
15620.0 1495.9934067603097
15630.0 1491.378852000462
15640.0 1155.2208053957272
15650.0 1235.130501444685
15660.0 1580.5206596551882
15670.0 2129.3227757023806
15680.0 1600.840016408201
15690.0 1428.817445170171
15700.0 1916.8673679812007
15710.0 1454.1431448491576
15720.0 1357.5367607657627
15730.0 1677.2439513060679
15740.0 2245.5873747529345
15750.0 1586.1024958202777
15760.0 1773.5884919357582
15770.0 1831.7175681043389
15780.0 1172.1871743266802
15790.0 1243.8123875964682
15800.0 1383.55504791914
15810.0 1428.47657015191
15820.0 1487.4904377262476
15830.0 1128.1397732100343
15840.0 1316.1810407463943
15850.0 1480.2475283321303
15860.0 1344.800482966864
15870.0 1200.5512446523878
15880.0 1481.7602693890615
15890.0 1424.495668741877
15900.0 1364.2352900312544
15910.0 1049.217433935232
15920.0 1386.454473686366
15930.0 1254.1754288876823
15940.0 1054.716624935716
15950.0 1406.6677470319748
15960.0 1041.9791171761733
15970.0 981.4723206631237
15980.0 1590.7737540240857
15990.0 996.3611987282127
16000.0 1115.1876884809071
16010.0 1224.6502702800167
16020.0 909.1299571286609
16030.0 663.4522010256278
16040.0 1138.0016549694672
16050.0 924.8481455330409
16060.0 626.5120005712696
16070.0 1005.16051423007
16080.0 643.3586609357366
16090.0 797.4955786886727
16100.0 650.3370584893698
16110.0 698.3089423369613
16120.0 653.5110752323278
16130.0 585.4133676568874
16140.0 681.5437811629449
16150.0 350.51619019829917
16160.0 597.6135462811283
16170.0 343.90955540942025
16180.0 316.80002458479805
16190.0 292.18044320596
16200.0 419.7161030728338
16210.0 349.24790372510404
16220.0 711.1619969814473
16230.0 804.1144976241175
16240.0 902.0709673102251
16250.0 848.9615450431952
16260.0 631.0863169191186
16270.0 725.8971686426254
16280.0 680.9783010098035
16290.0 837.7615454212104
16300.0 441.2432381857204
16310.0 536.988486142935
16320.0 437.5774584522041
16330.0 381.78207380594273
16340.0 496.031450704901
16350.0 382.18935144815345
16360.0 385.85315163519505
16370.0 446.1887845657361
16380.0 383.3097075249825
16390.0 531.5493778597547
16400.0 452.37195402107227
16410.0 533.3081392278076
16420.0 293.4738301774511
16430.0 365.57284437026846
16440.0 525.591131106146
16450.0 272.98390128558714
16460.0 250.37454357093372
16470.0 315.3076523728161
16480.0 296.64077557992783
16490.0 343.72969493135923
16500.0 380.2354248244507
16510.0 628.4997496601169
16520.0 491.43589533737025
16530.0 571.2981791573438
16540.0 555.3700492759083
16550.0 315.8196952685707
16560.0 192.55053595826337
16570.0 270.4489371893553
16580.0 168.34744686173693
16590.0 275.83621677407257
16600.0 353.26585312839944
16610.0 396.82762482403297
16620.0 333.33916526120953
16630.0 292.8498926937233
16640.0 432.275524868128
16650.0 187.80816518362977
16660.0 122.17069934070169
16670.0 110.8263258378712
16680.0 49.49763997598516
16690.0 136.74364685439076
16700.0 89.78843527323069
16710.0 67.39678470369294
16720.0 116.39017973133258
16730.0 166.21777967071486
16740.0 183.23832095020407
16750.0 325.4098584687225
16760.0 293.32442632727935
16770.0 329.43530902579295
16780.0 334.1475575639241
16790.0 343.39903808444194
16800.0 287.82833015831005
16810.0 220.88684901381689
16820.0 281.8100189091219
16830.0 189.8891026423777
16840.0 91.8596636160999
16850.0 142.38868222728942
16860.0 112.19985587753102
16870.0 51.41424036646345
16880.0 93.9865553774128
16890.0 71.27530362118226
16900.0 61.490277285211526
16910.0 102.36449028739897
16920.0 87.02739852665911
16930.0 129.72679075287618
16940.0 63.08255396637127
16950.0 71.35403436619141
16960.0 46.41519569878344
16970.0 58.593526720345864
16980.0 74.66787812397735
16990.0 98.57126876575093
17000.0 72.54248554426366
17010.0 100.32068126015281
17020.0 130.13439271309687
17030.0 88.13288010351758
17040.0 60.70564353044455
17050.0 106.73530065154706
17060.0 161.59861859409864
17070.0 83.22669903226968
17080.0 116.86457840570408
17090.0 173.00335511532413
17100.0 107.6291547621255
17110.0 77.3693570453668
17120.0 147.70560956383878
17130.0 161.22867249564334
17140.0 113.15978611007628
17150.0 163.30609733698947
17160.0 295.0372809992383
17170.0 219.0145661977792
17180.0 193.4729124323161
17190.0 210.16621120167392
17200.0 117.2526425067502
17210.0 123.96545034672448
17220.0 133.71089716996858
17230.0 111.15069531328544
17240.0 80.91337133871279
17250.0 140.41473429847483
17260.0 82.867805392709
17270.0 109.63487102176347
17280.0 110.11219298471283
17290.0 169.73354838080695
17300.0 207.01501688918822
17310.0 125.62043915013003
17320.0 144.39553992296928
17330.0 183.89053782949708
17340.0 241.87169947022664
17350.0 139.64783864531648
17360.0 127.79970865384878
17370.0 137.80347139734494
17380.0 149.6527890738086
17390.0 171.81144085188637
17400.0 127.83000597632088
17410.0 125.42195950201798
17420.0 136.10559176148962
17430.0 137.61755905392786
17440.0 101.1313409800051
17450.0 124.51395603946733
17460.0 103.95528153168935
17470.0 113.53356465689515
17480.0 126.07231090223273
17490.0 141.6866029135644
17500.0 116.85330754471272
17510.0 123.89387550697316
17520.0 193.49233470254165
17530.0 139.33345173019785
17540.0 101.82621768979362
17550.0 120.3699770815909
17560.0 130.69871756884797
17570.0 166.5659497657808
17580.0 134.10839945929206
17590.0 235.92967398459885
17600.0 186.841454241549
17610.0 212.493056730253
17620.0 81.7588650508621
17630.0 203.88796590217348
17640.0 117.80336968611861
17650.0 190.0298080715821
17660.0 157.8943091364869
17670.0 101.7181784029091
17680.0 69.08955380097416
17690.0 113.42546533017905
17700.0 102.56470039000298
17710.0 79.43657258140054
17720.0 84.4374485039606
17730.0 104.95981690735496
17740.0 77.40445517060736
17750.0 60.877472205891564
17760.0 67.45683570146399
17770.0 119.77242657711953
17780.0 117.52986598352348
17790.0 73.01039572058957
17800.0 146.95063128828392
17810.0 34.38540228517905
17820.0 120.91361671271227
17830.0 110.36458436171026
17840.0 46.06354478888818
17850.0 62.5647218364785
17860.0 69.25101682385984
17870.0 51.27206949163226
17880.0 106.21686270951275
17890.0 151.97711954640798
17900.0 74.30930990238184
17910.0 37.807531628805606
17920.0 44.05485302908592
17930.0 76.54918682720371
17940.0 87.09377090858065
17950.0 70.24822529010812
17960.0 47.55278986976877
17970.0 88.02265508871945
17980.0 212.57662040645647
17990.0 77.55224340341451
18000.0 33.20721318877788
18010.0 35.382691266360375
18020.0 37.72745805932903
18030.0 64.39812774359103
18040.0 78.13508991614599
18050.0 56.04373569674572
18060.0 30.560503855904503
18070.0 43.316679302578265
18080.0 62.6338387374627
18090.0 102.52727622969896
18100.0 42.56524577400453
18110.0 64.73264743457386
18120.0 16.899850376949153
18130.0 142.28097446730183
18140.0 148.00427472551783
18150.0 39.7788087510483
18160.0 60.30296869912531
18170.0 83.83571425955826
18180.0 41.8517993026762
18190.0 90.54466079560486
18200.0 19.644391746192746
18210.0 32.61077892106544
18220.0 18.08515758321282
18230.0 251.40603282238428
18240.0 170.16925204846316
18250.0 79.37220640211049
18260.0 21.726429192650187
18270.0 67.2947641902836
18280.0 53.30766327504947
18290.0 128.01710334060428
18300.0 43.59201801350314
18310.0 48.7758067275454
18320.0 45.75020336882816
18330.0 91.40850449638509
18340.0 49.11547489059996
18350.0 49.137554431369296
18360.0 41.65036954485118
18370.0 27.474772803308976
18380.0 59.598209780759355
18390.0 49.57911955353548
18400.0 50.36861865742486
18410.0 69.13219108514342
18420.0 31.802742017864603
18430.0 82.70552171753921
18440.0 82.17256697295163
18450.0 121.93613325407115
18460.0 32.74697275224205
18470.0 34.05101794287565
18480.0 25.600266604894916
18490.0 62.40983408019297
18500.0 43.03851670993973
18510.0 129.06438743527826
18520.0 85.21431162458258
18530.0 32.52248260950207
18540.0 26.637330838830216
18550.0 116.55032699277918
18560.0 39.989913725137704
18570.0 26.26618226936764
18580.0 70.57706565207869
18590.0 28.942087849204764
18600.0 13.41926046199021
18610.0 49.866160669098555
18620.0 63.25641869053297
18630.0 43.52776513643639
18640.0 14.423096447343307
18650.0 25.15691977348877
18660.0 74.98705166416825
18670.0 18.42704260055879
18680.0 25.50036959115242
18690.0 45.214477486100115
18700.0 22.138273354891815
18710.0 20.639830158399313
18720.0 64.84758449525143
18730.0 13.715968515774621
18740.0 90.68598546905297
18750.0 52.7557364917235
18760.0 49.565654796830295
18770.0 63.9832162656466
18780.0 62.35635325833313
18790.0 132.3399376750665
18800.0 104.29882301426726
18810.0 44.57250753778941
18820.0 162.14401146438203
18830.0 157.2108290749778
18840.0 49.588199930822334
18850.0 50.822718962479854
18860.0 131.1644826795436
18870.0 151.23635666994312
18880.0 105.34396170274697
18890.0 129.48206815933605
18900.0 72.6908932278526
18910.0 105.82125403962577
18920.0 56.104161283670734
18930.0 135.29832821255212
18940.0 128.3317378074484
18950.0 246.79980032659833
18960.0 168.79428176855288
18970.0 128.75036092298888
18980.0 76.86339384029237
18990.0 73.95969721958464
19000.0 86.77030318160571
19010.0 117.66854086528244
19020.0 136.72228932202967
19030.0 68.04413975844537
19040.0 145.24442437856268
19050.0 36.39151588820939
19060.0 40.251790510656704
19070.0 185.99077857509508
19080.0 161.20555235135214
19090.0 163.54533294993658
19100.0 124.92973145998049
19110.0 30.719030022148665
19120.0 120.83018782489711
19130.0 46.37717444111532
19140.0 69.046938768919
19150.0 177.9502877979469
19160.0 52.18490348844624
19170.0 146.3116225208503
19180.0 233.3531952139739
19190.0 88.39897162905233
19200.0 24.165709415353124
19210.0 68.61326873333144
19220.0 157.13401456990297
19230.0 101.46463888249602
19240.0 25.6868378034406
19250.0 172.92518961646272
19260.0 67.22318257988022
19270.0 71.46992941430833
19280.0 57.8888878296456
19290.0 125.98075804617001
19300.0 45.95890196332703
19310.0 36.00963493159772
19320.0 75.89833460064233
19330.0 80.99765586510989
19340.0 64.76615029572977
19350.0 66.42345384111411
19360.0 41.78754587280435
19370.0 97.11055648498694
19380.0 65.51875576703574
19390.0 20.99183624964449
19400.0 39.1925190029023
19410.0 26.61310345915128
19420.0 132.1511202877602
19430.0 86.8967181187465
19440.0 44.38930690995127
19450.0 57.50339154097368
19460.0 131.49699753149108
19470.0 45.32307274131422
19480.0 42.72989306151247
19490.0 60.582033070959774
19500.0 107.93174814029271
19510.0 117.72652988694418
19520.0 97.82040209274084
19530.0 65.73920481672698
19540.0 57.73678088030811
19550.0 28.030039853629603
19560.0 61.79921974610738
19570.0 119.22116130816137
19580.0 74.10083633987503
19590.0 87.94890914099963
19600.0 87.89597621096627
19610.0 88.20886750327688
19620.0 71.26477401717203
19630.0 55.460286343468375
19640.0 138.89273851887074
19650.0 96.24050601338793
19660.0 120.05205637693972
19670.0 87.31873990976942
19680.0 107.49332756140201
19690.0 139.89930598191842
19700.0 97.05806661502388
19710.0 60.97985509662401
19720.0 194.399689340309
19730.0 78.68568790258382
19740.0 98.86771788378165
19750.0 59.498736283414075
19760.0 159.53144410134203
19770.0 138.13486943801016
19780.0 157.6586076933728
19790.0 127.76832586668436
19800.0 105.79815956464704
19810.0 117.93283981702636
19820.0 102.29227429407132
19830.0 152.23546528941588
19840.0 147.15534920265551
19850.0 169.38145713447045
19860.0 200.707743584155
19870.0 159.81430865221589
19880.0 130.3916557878914
19890.0 84.37224419190876
19900.0 77.3896021891711
19910.0 160.02487244155336
19920.0 210.6108936368981
19930.0 198.67267545035187
19940.0 163.90750538166694
19950.0 168.5051186303132
19960.0 216.16827929712434
19970.0 98.81757218132537
19980.0 164.48378378343813
19990.0 198.56037500290785
20010.0 191.0396482436892
20020.0 149.90254706412532
20030.0 241.51846380214607
20040.0 198.75088695817973
20050.0 151.80908463115884
20060.0 140.18103512202634
20070.0 212.99024972965267
20080.0 196.97747505487368
20090.0 126.70946819757073
20100.0 196.84533330168668
20110.0 266.92308550864607
20120.0 217.0846150769006
20130.0 172.34286246244565
20140.0 257.2115151648721
20150.0 235.71885838432834
20160.0 144.56998342045878
20170.0 147.52045977326532
20180.0 218.88084734305005
20190.0 165.15574452926987
20200.0 172.59878279804047
20210.0 269.0920434779356
20220.0 265.3785802404992
20230.0 275.87372051948245
20240.0 293.31491151530383
20250.0 178.14790332693056
20260.0 238.55018435582733
20270.0 255.1131943013666
20280.0 232.0060220630763
20290.0 212.40229324130564
20300.0 187.1136302619178
20310.0 328.16422184654755
20320.0 310.99157677374956
20330.0 204.1685263174047
20340.0 297.5772416772584
20350.0 276.6011426532713
20360.0 370.2480256453034
20370.0 286.6372636540379
20380.0 332.7796386780031
20390.0 264.3806833183813
20400.0 220.9798782752743
20410.0 282.31318207347994
20420.0 318.3129865683523
20430.0 327.83883520543316
20440.0 317.45971895813733
20450.0 266.34107182656066
20460.0 391.1977516110403
20470.0 423.84947841116013
20480.0 359.9629162266
20490.0 283.28777025782256
20500.0 381.6863009048599
20510.0 344.3646498626281
20520.0 286.34074586489714
20530.0 298.2331551773666
20540.0 298.29307790519374
20550.0 377.61067364885923
20560.0 351.1618324073704
20570.0 393.11284518060245
20580.0 411.11190196959143
20590.0 427.49925377352497
20600.0 359.34893259253505
20610.0 400.18648627947323
20620.0 328.9807770500774
20630.0 295.388668688601
20640.0 406.7216333420884
20650.0 390.668120010592
20660.0 389.92483469385184
20670.0 383.0395873925566
20680.0 334.9869509058381
20690.0 365.9597323344003
20700.0 362.76454407770996
20710.0 348.1548537357795
20720.0 411.52460288388085
20730.0 383.0917754470226
20740.0 408.6600380256277
20750.0 325.06829561811776
20760.0 328.4500222257758
20770.0 382.15411584793014
20780.0 391.8126634851258
20790.0 389.83330113620656
20800.0 383.36245480227046
20810.0 354.56458748290885
20820.0 381.8584073267511
20830.0 382.337014462879
20840.0 387.35153676180806
20850.0 373.60805607521434
20860.0 359.70920440303587
20870.0 363.1007457447993
20880.0 367.72544610125254
20890.0 404.4011984714152
20900.0 376.9529928559426
20910.0 382.1083612546297
20920.0 367.18430496106186
20930.0 371.08983483480455
20940.0 344.4329050162088
20950.0 386.4810042118805
20960.0 365.89742142117353
20970.0 378.6329936452252
20980.0 365.2290608825411
20990.0 362.49356313405667
21000.0 378.22896039911006
21010.0 352.0055146786576
21020.0 345.88604997140374
21030.0 343.8908275429867
21040.0 358.07391928369276
21050.0 360.1560653028065
21060.0 349.6255033358252
21070.0 354.2255893823058
21080.0 357.12272244255223
21090.0 337.2157305163949
21100.0 342.3425336038283
21110.0 334.67991170489694
21120.0 323.257313819862
21130.0 358.3008653204014
21140.0 349.8600360895215
21150.0 332.7673832442722
21160.0 352.92059441313666
21170.0 282.70349059457254
21180.0 299.00737479007796
21190.0 318.1482969987477
21200.0 337.7607902203426
21210.0 335.1842864554221
21220.0 330.65045170359025
21230.0 300.4580649655968
21240.0 313.63499399413547
21250.0 330.51947352767786
21260.0 345.92530982890156
21270.0 291.7902681430655
21280.0 303.75098846990176
21290.0 293.02169981018676
21300.0 312.5117281631974
21310.0 325.1851215294576
21320.0 272.79678990827216
21330.0 321.37876830011595
21340.0 307.5843297051078
21350.0 333.9571751226366
21360.0 287.40743655319403
21370.0 245.4759639961273
21380.0 304.9063234521603
21390.0 295.69132892105273
21400.0 297.12212740248685
21410.0 269.3683868964441
21420.0 218.4665384029955
21430.0 263.6523549225292
21440.0 268.20771645434814
21450.0 254.24122367283005
21460.0 243.5160205559071
21470.0 218.70543212529438
21480.0 273.50157570721666
21490.0 251.46694830160448
21500.0 262.3297494085999
21510.0 237.54515602754051
21520.0 213.47876415901948
21530.0 275.8578788028163
21540.0 248.07927445923545
21550.0 209.32103112770633
21560.0 250.70664640754904
21570.0 225.8031956421796
21580.0 268.7619594883433
21590.0 237.98113334621937
21600.0 181.38723721635088
21610.0 214.26981509784696
21620.0 205.44925799148373
21630.0 250.86123689683393
21640.0 234.68551281406795
21650.0 211.16850174315516
21660.0 187.31402668395543
21670.0 176.29402645945078
21680.0 214.0861328958945
21690.0 210.6595001670375
21700.0 209.5222544503345
21710.0 222.47916674517847
21720.0 157.52713505190377
21730.0 204.6823533703034
21740.0 191.51870070050683
21750.0 209.33394904246654
21760.0 210.1315613957907
21770.0 188.88943176088773
21780.0 171.10293030229494
21790.0 181.1805820909295
21800.0 182.86015105541728
21810.0 212.9055610323693
21820.0 201.76929202031238
21830.0 137.8541530197262
21840.0 166.0689090306583
21850.0 176.21653105325373
21860.0 178.9325250869288
21870.0 172.96925713220597
21880.0 157.41325818891815
21890.0 124.46964814028681
21900.0 151.48842949879793
21910.0 148.7007157520419
21920.0 129.24824901644124
21930.0 123.10623779193233
21940.0 113.01335557852389
21950.0 87.93579337630935
21960.0 92.52922818524912
21970.0 88.18476000544499
21980.0 52.61018183651814
21990.0 57.105054678460974
22000.0 51.704240911468766
22010.0 45.48806158700532
22020.0 41.55458455300262
22030.0 66.86151373040046
22040.0 44.889566818556645
22050.0 35.80313641764198
22060.0 44.70086952765633
22070.0 55.76783764843617
22080.0 49.16416228024971
22090.0 60.534444422713015
22100.0 66.41178757619177
22110.0 71.48991092785333
22120.0 66.38166394616252
22130.0 74.41997266264063
22140.0 80.1888833899969
22150.0 98.81857012798002
22160.0 79.84935687659015
22170.0 90.79780063591176
22180.0 77.78684040571639
22190.0 100.00282568644808
22200.0 82.88422247743567
22210.0 83.77475777884935
22220.0 73.71267081123325
22230.0 80.29685952990229
22240.0 87.46346947914624
22250.0 85.50017193863954
22260.0 75.39215690891051
22270.0 55.45644038969931
22280.0 78.31852838067728
22290.0 86.45854638205029
22300.0 70.40049489345603
22310.0 54.05080541590576
22320.0 66.6346759484755
22330.0 72.07599922786743
22340.0 77.88518281911614
22350.0 74.49056315744582
22360.0 56.601226505782286
22370.0 58.45572536406425
22380.0 61.86192623268003
22390.0 67.33282111146067
22400.0 53.182496300266145
22410.0 50.51435389888864
22420.0 54.77538230804163
22430.0 52.41294322689831
22440.0 69.34552756141454
22450.0 43.90201553263415
22460.0 39.0177914194408
22470.0 51.780770915336014
22480.0 48.00314722046834
22490.0 55.51490413494794
22500.0 43.72931295872728
22510.0 52.75535849194234
22520.0 45.633357434064905
22530.0 43.15025128567363
22540.0 66.22577084641827
22550.0 43.765707036556265
22560.0 40.916774867292034
22570.0 46.41503107820875
22580.0 63.44120844876217
22590.0 46.679375678985465
22600.0 45.811108919092014
22610.0 40.87492436868173
22620.0 58.64980142786328
22630.0 57.32873669667512
22640.0 41.551520375045676
22650.0 55.05658976318765
22660.0 59.09867059953388
22670.0 48.37268943618257
22680.0 38.40530902141617
22690.0 49.976093716279024
22700.0 60.94191942034899
22710.0 46.281261534030904
22720.0 39.97786795715197
22730.0 58.47166388964763
22740.0 53.92243183167994
22750.0 44.53314428288697
22760.0 50.53380424374806
22770.0 51.07957321381006
22780.0 44.41078679597678
22790.0 57.18068318189138
22800.0 42.99194127973345
22810.0 54.26138468719927
22820.0 41.14317670359613
22830.0 41.42560952942515
22840.0 41.802890764355496
22850.0 44.613957308529905
22860.0 36.560726861703166
22870.0 45.70277142416229
22880.0 41.650488495683646
22890.0 36.09548854996996
22900.0 34.61051844750855
22910.0 38.73747932744737
22920.0 31.28481871660177
22930.0 34.58733811451641
22940.0 37.87414952127777
22950.0 31.88128493732262
22960.0 33.856537362156764
22970.0 38.832074295697396
22980.0 33.241985738207624
22990.0 44.034563689470374
23000.0 34.6715281498144
23010.0 48.876854733987635
23020.0 37.46881881575076
23030.0 35.67650882154067
23040.0 40.1931626360533
23050.0 45.56176975938552
23060.0 47.43890869133767
23070.0 52.91278663233783
23080.0 58.60621978178733
23090.0 54.29182664035799
23100.0 71.54854120726615
23110.0 60.86671218304682
23120.0 58.63626277871626
23130.0 66.97187509031171
23140.0 62.71014422151883
23150.0 61.625726561714224
23160.0 25.88545611014128
23170.0 24.901353567049433
23180.0 31.44389473266657
23190.0 24.305572006739332
23200.0 28.39986108904677
23210.0 30.922288879993616
23220.0 31.958140379520003
23230.0 30.76783158733398
23240.0 28.860505854263796
23250.0 27.52702748383501
23260.0 30.30836547253725
23270.0 34.948389269763474
23280.0 27.834249075359402
23290.0 35.181323889326165
23300.0 30.798203311696756
23310.0 31.45877764210917
23320.0 42.33622888100924
23330.0 32.79494022789097
23340.0 29.24149258348764
23350.0 34.14364143231215
23360.0 37.83382393343498
23370.0 41.43128612818019
23380.0 35.68595343117244
23390.0 29.756250242160732
23400.0 40.986970961271346
23410.0 33.387522488660785
23420.0 49.63241302421642
23430.0 33.2802625676857
23440.0 38.34639811935957
23450.0 32.59649707902166
23460.0 40.218736746905556
23470.0 41.36326424490715
23480.0 33.95792940648927
23490.0 43.464856598487835
23500.0 33.13045059818845
23510.0 32.79534760592849
23520.0 41.16294732171387
23530.0 39.07526274551805
23540.0 39.82367057693045
23550.0 34.17414501645325
23560.0 46.2485528638583
23570.0 51.520715519074884
23580.0 30.670520682195868
23590.0 44.51473997925022
23600.0 53.70188933171664
23610.0 41.898373718235796
23620.0 52.67290901248919
23630.0 41.01931011442652
23640.0 56.635130824399035
23650.0 51.36056904201167
23660.0 51.55088176718427
23670.0 38.297002299985934
23680.0 58.587664240632336
23690.0 47.73296098899204
23700.0 21.91560644473892
23710.0 26.26066250838272
23720.0 29.586909979773182
23730.0 41.17481505843969
23740.0 39.50488034475809
23750.0 36.0215646387169
23760.0 42.04200344025579
23770.0 38.13398974923009
23780.0 33.84076016564679
23790.0 40.37723038978715
23800.0 31.150716721358084
23810.0 38.866046560385534
23820.0 36.23581090682857
23830.0 29.021197647850805
23840.0 39.05361112199256
23850.0 49.011284990730424
23860.0 38.868776666729104
23870.0 51.600060750377374
23880.0 51.83362014131974
23890.0 49.03325433947294
23900.0 51.015170444960205
23910.0 39.90327175786485
23920.0 52.46288207794391
23930.0 52.34940570545279
23940.0 47.224767340158586
23950.0 53.25706754087685
23960.0 50.27854603133203
23970.0 51.31276878781925
23980.0 61.30906395136565
23990.0 70.20572242225144
24000.0 48.20625800016748
24010.0 60.06762588545999
24020.0 72.88717837763222
24030.0 64.04446787713766
24040.0 71.07946258376842
24050.0 67.24998039733781
24060.0 70.71934991807825
24070.0 52.45889825844575
24080.0 62.35692136192549
24090.0 59.46887578481066
24100.0 59.39053681488938
24110.0 84.61135365224253
24120.0 76.13772609645676
24130.0 56.64543604786717
24140.0 66.8331840066448
24150.0 72.20583527204973
24160.0 60.09006894471323
24170.0 67.15495892440785
24180.0 56.098426910999976
24190.0 47.84944682975033
24200.0 82.76317452376317
24210.0 91.65303414970415
24220.0 53.158613782581405
24230.0 49.048302422223486
24240.0 60.9862440685248
24250.0 64.69194922189048
24260.0 66.61610638200634
24270.0 56.97939154888005
24280.0 62.312146722352246
24290.0 81.95874790281181
24300.0 75.24883658987619
24310.0 76.63618324752991
24320.0 86.14697995109472
24330.0 58.873375625032224
24340.0 73.84980930532421
24350.0 48.89681869174947
24360.0 48.40679408481266
24370.0 67.48000888431588
24380.0 96.76770708990088
24390.0 94.58610330192596
24400.0 76.1667455201905
24410.0 84.76822024502817
24420.0 71.88179397593295
24430.0 86.6666333751285
24440.0 79.62641699136879
24450.0 68.25571997634889
24460.0 78.53604356743797
24470.0 59.05679586527894
24480.0 78.4093011695101
24490.0 96.216559480365
24500.0 83.40593529771492
24510.0 61.13292012138554
24520.0 79.84884145164101
24530.0 60.575288788268686
24540.0 67.27678513122397
24550.0 106.18634420875438
24560.0 80.28478091336838
24570.0 102.45462535242015
24580.0 91.91468479810871
24590.0 68.60534824997275
24600.0 102.76665220822368
24610.0 66.75225667255259
24620.0 88.61548264310099
24630.0 106.7679946200505
24640.0 112.11547460317222
24650.0 105.47736809271814
24660.0 107.76715008832323
24670.0 69.18585109011597
24680.0 61.72404803587071
24690.0 90.03189503536176
24700.0 92.93471247878298
24710.0 90.61597942855116
24720.0 67.93972618447975
24730.0 66.72169834659009
24740.0 76.11693481492514
24750.0 61.19377778943923
24760.0 129.04487876983887
24770.0 69.38424385658608
24780.0 59.31660274921669
24790.0 76.68991674793466
24800.0 100.87943545332432
24810.0 75.26799176402481
24820.0 65.18547378096693
24830.0 80.61231470404202
24840.0 96.78629413319563
24850.0 135.40635036800526
24860.0 91.45824640918377
24870.0 72.7852069562481
24880.0 56.56342450935214
24890.0 43.94341146846689
24900.0 39.37599483350167
24910.0 77.45268500426128
24920.0 105.40215785977486
24930.0 101.3535238013041
24940.0 80.69937962709169
24950.0 115.13271285881844
24960.0 55.06448339636842
24970.0 49.736124139787435
24980.0 74.26339428866893
24990.0 70.68537166052975
