#lam[Angstrom] flux[erg/cm2/s/A]
1010.0 1793.9519054350926
1020.0 1857.5562950405697
1030.0 6408.467123737925
1040.0 2526.1163603237856
1050.0 1902.1623326030913
1060.0 1919.3580319205664
1070.0 2026.7824665520495
1080.0 6133.6460815465825
1090.0 6248.79785133013
1100.0 2003.1970485854306
1110.0 2019.2547999661756
1120.0 2097.759177815549
1130.0 2040.4774721933172
1140.0 2215.9648849650553
1150.0 2079.5135412549853
1160.0 2119.0540148171376
1170.0 2122.974622228838
1180.0 2132.11745542162
1190.0 2145.094333246449
1200.0 3234.484569759982
1210.0 2878.8729124939705
1220.0 18316.595896928706
1230.0 2649.494227896826
1240.0 10800.580636222825
1250.0 3761.8787840476616
1260.0 5234.9950891362
1270.0 5378.320197832283
1280.0 5552.836491061849
1290.0 5993.0223807078355
1300.0 6453.823311825444
1310.0 7097.428657055086
1320.0 7413.499291539807
1330.0 7538.647595787168
1340.0 8413.809675007167
1350.0 8097.589836821611
1360.0 8290.68369467604
1370.0 8413.468735138027
1380.0 8591.856107339327
1390.0 19671.517636102933
1400.0 21876.237923082514
1410.0 16172.383932371455
1420.0 9122.727002877573
1430.0 8958.247674701475
1440.0 9004.200379117137
1450.0 9064.109301182541
1460.0 9135.44082251612
1470.0 9206.249177495525
1480.0 9249.604208866103
1490.0 14517.221281609895
1500.0 9158.121556616543
1510.0 9143.039493896827
1520.0 9153.076790013178
1530.0 9564.265042795532
1540.0 9088.799104869391
1550.0 129053.62871347187
1560.0 9092.45157190841
1570.0 9053.434060609827
1580.0 9486.039611740785
1590.0 9044.850112504977
1600.0 9917.035387646629
1610.0 9027.234827119608
1620.0 9026.517968373731
1630.0 8973.09442515236
1640.0 82070.19516045171
1650.0 8897.954601000922
1660.0 11509.778526100717
1670.0 15673.501740958995
1680.0 8840.948581534774
1690.0 8814.242063924692
1700.0 8778.21881882617
1710.0 8733.85290467266
1720.0 9376.006120221964
1730.0 8777.726070191053
1740.0 8943.904543927774
1750.0 13269.972187109399
1760.0 8699.61516587789
1770.0 8696.877772092414
1780.0 8723.084149553053
1790.0 9329.013078740849
1800.0 8664.627561308307
1810.0 10686.98576767482
1820.0 10870.561301707616
1830.0 8504.682361856201
1840.0 8450.434514359633
1850.0 9123.563049162003
1860.0 8776.705706887422
1870.0 8351.406645582996
1880.0 13692.534497841603
1890.0 17135.877715846098
1900.0 8268.308756844082
1910.0 55553.38199078464
1920.0 8211.13339216788
1930.0 8247.639674896443
1940.0 8097.995299937895
1950.0 8093.58201455368
1960.0 8011.255033008345
1970.0 7964.1088122436495
1980.0 7921.497629858035
1990.0 7886.734141157813
2000.0 7833.396150603116
2010.0 7765.139148452319
2020.0 7443.459224949139
2030.0 7020.655802321711
2040.0 6814.335605789834
2050.0 6504.407184314094
2060.0 6396.115666920735
2070.0 6444.53556795128
2080.0 6302.85807670959
2090.0 6499.035720759295
2100.0 6358.809811343364
2110.0 6359.7807875793715
2120.0 6543.40762424699
2130.0 6534.363311551949
2140.0 6872.826645797249
2150.0 6287.336937517312
2160.0 6335.832119032384
2170.0 6183.412223607662
2180.0 6426.647579260767
2190.0 6286.737990181328
2200.0 6349.752870374946
2210.0 6426.735532283
2220.0 6742.825365864163
2230.0 6597.841210895664
2240.0 6704.295509446343
2250.0 7121.616766199113
2260.0 6947.645041377556
2270.0 7086.914206271955
2280.0 7231.7219917864095
2290.0 7383.013330545033
2300.0 7720.763304585415
2310.0 8122.795329767524
2320.0 8528.001490126191
2330.0 15278.933275427002
2340.0 9687.613006480346
2350.0 8637.790457141848
2360.0 8433.734168287208
2370.0 8598.47131588743
2380.0 8764.006251361052
2390.0 9578.726537054132
2400.0 9096.599213815814
2410.0 9286.678469576078
2420.0 9411.813850327038
2430.0 20377.152799145253
2440.0 9728.645382972432
2450.0 9919.25017426748
2460.0 10036.157176588296
2470.0 10192.068704941488
2480.0 10347.787122397154
2490.0 10500.259048337579
2500.0 10651.54158293821
2510.0 11883.96462190393
2520.0 10969.443895317168
2530.0 11127.617717342953
2540.0 11262.957363881182
2550.0 11421.32465801666
2560.0 13206.488003569331
2570.0 11692.01638602034
2580.0 11836.281797670505
2590.0 12268.875133835945
2600.0 12156.099232509974
2610.0 12263.433017270256
2620.0 12410.919606237221
2630.0 12585.223394596402
2640.0 12749.276758986254
2650.0 12833.959674624828
2660.0 12941.443895361943
2670.0 14506.705647616685
2680.0 13177.639210455147
2690.0 13288.011440099244
2700.0 13412.66303004707
2710.0 13581.411754930776
2720.0 13650.529593870611
2730.0 14672.2977899274
2740.0 14809.422666737039
2750.0 14078.525798534634
2760.0 14294.590435607777
2770.0 14468.103360581743
2780.0 14555.486033468304
2790.0 57278.7363938698
2800.0 36254.9492933156
2810.0 15054.954970645093
2820.0 15195.944792338403
2830.0 23363.464474754976
2840.0 15312.307800014261
2850.0 16184.410098414734
2860.0 15847.30198387499
2870.0 15826.06926522087
2880.0 16100.303481627556
2890.0 16452.54715415922
2900.0 16661.132949789102
2910.0 17060.33086503311
2920.0 17226.945848715717
2930.0 19705.331659071755
2940.0 17143.297262887332
2950.0 17587.143216624376
2960.0 17746.792152350434
2970.0 17242.362235280536
2980.0 17768.803992746947
2990.0 18005.860438608517
3000.0 17806.963844165577
3010.0 18276.164007838484
3020.0 18011.88513254795
3030.0 18823.384588538654
3040.0 18971.87897186999
3050.0 19092.720173483536
3060.0 19553.149453724545
3070.0 21103.346245591296
3080.0 20072.212248076445
3090.0 20378.115637426607
3100.0 20823.557514366876
3110.0 22595.609118290246
3120.0 24798.478584555764
3130.0 23937.071921457435
3140.0 26445.02924818998
3150.0 27191.605746762783
3160.0 26448.169578313733
3170.0 29140.019267848234
3180.0 27682.961887247046
3190.0 25791.708946458548
3200.0 27425.18596236639
3210.0 31557.399305789528
3220.0 27745.061934691243
3230.0 26525.740943771674
3240.0 29500.54679282812
3250.0 30689.040310149034
3260.0 39311.342530259644
3270.0 35628.5083702954
3280.0 36109.360981363374
3290.0 40360.077617032184
3300.0 45768.47721451397
3310.0 39395.88991324889
3320.0 36758.275258900874
3330.0 40549.666508873794
3340.0 38985.34543625073
3350.0 37119.674957730655
3360.0 35272.23877412344
3370.0 29330.513486398166
3380.0 36293.093522372175
3390.0 33779.66024417539
3400.0 40818.67522049323
3410.0 35341.11579669047
3420.0 38884.40814523045
3430.0 41785.10319645029
3440.0 28614.874339607602
3450.0 34821.53901181151
3460.0 33401.22268927668
3470.0 33520.867102780176
3480.0 40063.16643358832
3490.0 35242.59509274326
3500.0 43604.020490176474
3510.0 41030.780109472165
3520.0 36774.95862374978
3530.0 44951.28744277539
3540.0 64422.98248790339
3550.0 52207.7079904259
3560.0 47174.82861766692
3570.0 34002.637050156045
3580.0 31782.956417965328
3590.0 33267.37694780904
3600.0 40406.24595966829
3610.0 36994.337023371605
3620.0 42185.758796145106
3630.0 48239.10972712273
3640.0 49903.74347956044
3650.0 41460.14935031223
3660.0 71089.05050648673
3670.0 70689.88576546086
3680.0 52039.245861890995
3690.0 59268.1485678013
3700.0 66094.47160218415
3710.0 43881.17653885188
3720.0 31435.521165003487
3730.0 48105.50733689261
3740.0 28192.09605548656
3750.0 30723.187862762592
3760.0 40512.20973958222
3770.0 61439.493942699264
3780.0 74170.522255295
3790.0 55439.44255452344
3800.0 62235.076201052376
3810.0 62821.09128485516
3820.0 35131.14249776554
3830.0 36458.524291804366
3840.0 50395.63893869583
3850.0 56417.151219311796
3860.0 50159.9696365481
3870.0 58503.2491945721
3880.0 50916.920953722176
3890.0 50485.12106137459
3900.0 49838.0105812245
3910.0 72713.49259997295
3920.0 53608.85469851413
3930.0 34456.95853878705
3940.0 43585.428261594316
3950.0 62608.634794193815
3960.0 43993.23205858195
3970.0 44497.869609412606
3980.0 92026.59326662676
3990.0 106327.77062137527
4000.0 105927.90866080031
4010.0 120349.29242350822
4020.0 135058.21239279577
4030.0 70174.19273010713
4040.0 112800.97703348698
4050.0 115575.37137505478
4060.0 108801.88827981582
4070.0 109068.19383922667
4080.0 135309.53517345968
4090.0 194720.48497243307
4100.0 128974.9264748824
4110.0 127774.77595639916
4120.0 143300.89985960702
4130.0 121034.43706831103
4140.0 121181.45491504372
4150.0 136652.89479500256
4160.0 164185.17126872207
4170.0 126171.56309524683
4180.0 145626.78025866294
4190.0 132964.21249612153
4200.0 99364.68950271467
4210.0 102056.68550901368
4220.0 54203.41354280969
4230.0 40433.9731404624
4240.0 90516.60943643065
4250.0 85422.94954120394
4260.0 107374.05631481414
4270.0 96490.69378499062
4280.0 108734.74732136732
4290.0 89207.41302914984
4300.0 106690.63913236196
4310.0 116791.32152466342
4320.0 156626.50230356265
4330.0 172051.67429877172
4340.0 186671.09411588692
4350.0 194805.7821964566
4360.0 213998.8658730283
4370.0 209657.5994872247
4380.0 126857.76445841334
4390.0 181711.7796543819
4400.0 182267.1743747817
4410.0 172621.87517122252
4420.0 192203.45185248033
4430.0 146527.1996974045
4440.0 177170.02600450744
4450.0 181972.06148869294
4460.0 143346.5277278341
4470.0 201922.04969608004
4480.0 216914.04817079013
4490.0 231519.90419595828
4500.0 232803.21317539463
4510.0 233823.58256640832
4520.0 229732.9845327223
4530.0 155997.04998667157
4540.0 205547.0230176162
4550.0 198048.32791018888
4560.0 255199.7894286794
4570.0 276157.14293496974
4580.0 210134.72671923717
4590.0 190134.07034891742
4600.0 211229.63527937376
4610.0 247037.02543283158
4620.0 242171.28381603907
4630.0 212306.3730842263
4640.0 211110.4177001012
4650.0 193091.7285499539
4660.0 270215.7265933127
4670.0 227274.29812433766
4680.0 226080.3700993975
4690.0 254813.6452890621
4700.0 267871.79655080294
4710.0 273366.7407440204
4720.0 260337.68907949657
4730.0 260493.57588488946
4740.0 254270.74063058046
4750.0 286466.1988194921
4760.0 214963.3004617243
4770.0 189827.36766333415
4780.0 210825.26993891763
4790.0 209755.48721023518
4800.0 194146.9545688731
4810.0 118315.68154456302
4820.0 167387.46780487054
4830.0 194488.58635743096
4840.0 219665.17209805947
4850.0 203290.61228121782
4860.0 224954.2612854269
4870.0 213042.3684756916
4880.0 227523.9466468589
4890.0 260115.93296533191
4900.0 308756.5583489761
4910.0 320904.3884972025
4920.0 296764.2051176309
4930.0 350721.3995653881
4940.0 305769.8934672889
4950.0 365945.2934848516
4960.0 233223.72663883131
4970.0 222742.23814943712
4980.0 209909.3135734956
4990.0 207414.79724503343
5000.0 192213.35429694632
5010.0 298777.2245815027
5020.0 175535.19038543824
5030.0 242897.0158250231
5040.0 178870.2657347413
5050.0 201896.2556638945
5060.0 202418.69078078205
5070.0 206514.54811894023
5080.0 180100.32503346197
5090.0 201130.00325402786
5100.0 226854.62300461537
5110.0 179996.09529067847
5120.0 214932.95380443148
5130.0 212218.0875598761
5140.0 223234.53251909104
5150.0 220770.66283431705
5160.0 239960.3665746797
5170.0 120927.0455247373
5180.0 145373.11584208754
5190.0 167122.56651292174
5200.0 221450.81698462556
5210.0 158601.4956425485
5220.0 299788.71816306445
5230.0 280264.7678731424
5240.0 324504.4576841421
5250.0 293866.4116553087
5260.0 292017.25483948085
5270.0 189735.26976953648
5280.0 313439.76927187433
5290.0 375197.067598537
5300.0 316746.8554956369
5310.0 373943.0640078851
5320.0 337015.0123238489
5330.0 250146.45212760064
5340.0 333718.9298653167
5350.0 329502.2600906986
5360.0 347333.2309235333
5370.0 265516.65907157375
5380.0 367676.28775062656
5390.0 341528.6418123881
5400.0 278333.31284134905
5410.0 269605.49621449603
5420.0 354403.97896538005
5430.0 264930.8431707597
5440.0 345261.00931908883
5450.0 222567.64080606832
5460.0 230387.6684764343
5470.0 284286.63873081055
5480.0 282971.66619453626
5490.0 305335.8162525024
5500.0 254706.50874426143
5510.0 256786.74389895005
5520.0 314633.67444392224
5530.0 306437.2234613231
5540.0 332924.22807294055
5550.0 338242.4751569064
5560.0 325645.48196830053
5570.0 314059.486973981
5580.0 322230.0034160035
5590.0 265433.66412289557
5600.0 246506.4057870771
5610.0 288296.6031400385
5620.0 273285.5624328068
5630.0 288308.27718052064
5640.0 271273.30920253845
5650.0 326519.20908515324
5660.0 289451.6462566519
5670.0 304942.1953624228
5680.0 334947.69972496765
5690.0 351400.63858434727
5700.0 339500.48914475786
5710.0 348372.157213853
5720.0 372256.49250814016
5730.0 364614.56877595716
5740.0 389868.33022373554
5750.0 399365.13029054203
5760.0 364415.9538647888
5770.0 378129.4287287453
5780.0 387909.72999870015
5790.0 391763.16937463585
5800.0 437281.26164266147
5810.0 411264.8446035693
5820.0 425776.86110721185
5830.0 428523.0689894418
5840.0 430492.32810812304
5850.0 386998.465979912
5860.0 349195.6113353445
5870.0 339749.76279844897
5880.0 315238.7416108078
5890.0 205052.97582073876
5900.0 236145.72335336113
5910.0 295255.12065506686
5920.0 281632.7473035591
5930.0 295794.6375917943
5940.0 320780.5791814241
5950.0 298398.24494578515
5960.0 297407.11575088446
5970.0 313284.7952676761
5980.0 314382.09574042686
5990.0 351930.0263389714
6000.0 341238.3202369314
6010.0 352227.31727213145
6020.0 349548.9785094764
6030.0 371685.0001980072
6040.0 374407.1867465397
6050.0 381697.3873798872
6060.0 380455.9878493089
6070.0 400201.96328609803
6080.0 431653.2257714111
6090.0 400118.78953918983
6100.0 381165.5870119743
6110.0 414936.99057035113
6120.0 376018.9773648535
6130.0 425675.8411165068
6140.0 407645.7175989107
6150.0 415338.19852786034
6160.0 291239.31850407255
6170.0 283410.8340027312
6180.0 324603.48988799594
6190.0 265431.0286575892
6200.0 294449.55549776397
6210.0 286880.91379892617
6220.0 239800.82322306492
6230.0 217803.49863106257
6240.0 207320.71277230207
6250.0 233595.20163606695
6260.0 236256.20713698276
6270.0 245364.68244995814
6280.0 259090.44832125577
6290.0 282168.12288677227
6300.0 286125.19373183005
6310.0 313227.7595930453
6320.0 329928.6447363037
6330.0 337060.09894725925
6340.0 363900.38105473487
6350.0 291007.3928170123
6360.0 275927.1941354092
6370.0 310224.50229344046
6380.0 285278.23520432226
6390.0 269429.85240409616
6400.0 311443.6611094846
6410.0 340679.1951944272
6420.0 328530.853464514
6430.0 349265.6645074887
6440.0 359080.1459114996
6450.0 368207.1425441266
6460.0 371255.1094715553
6470.0 400301.0695175719
6480.0 305173.26608822437
6490.0 289795.1664254492
6500.0 256065.21985642583
6510.0 273330.0719154222
6520.0 274758.06306983315
6530.0 324579.9527284042
6540.0 343162.1473479444
6550.0 324819.13467091986
6560.0 405405.02587175404
6570.0 373876.74855989293
6580.0 389206.7703202843
6590.0 400994.6210265493
6600.0 425344.42893666064
6610.0 414404.9628631848
6620.0 417083.2174791138
6630.0 414533.38579650543
6640.0 429207.6543680933
6650.0 387281.42210011405
6660.0 374400.6942882182
6670.0 418299.2387933326
6680.0 355242.2755635614
6690.0 355335.3054727754
6700.0 374453.40428850777
6710.0 352486.1273819256
6720.0 293323.6377511208
6730.0 334025.1206013293
6740.0 337063.27505653916
6750.0 311277.66130665265
6760.0 334129.6241614329
6770.0 365768.7561105619
6780.0 324480.86218337447
6790.0 308914.6085756385
6800.0 336117.3588443267
6810.0 345056.6470372542
6820.0 329160.02773467836
6830.0 364112.1096266072
6840.0 366581.59955939074
6850.0 335144.3232974792
6860.0 328615.2341596846
6870.0 345409.0526925446
6880.0 362301.0425268218
6890.0 350095.91428187286
6900.0 364735.11827028927
6910.0 409164.81211225013
6920.0 384897.38213527563
6930.0 383522.1421248928
6940.0 365202.3514107483
6950.0 405647.7765442424
6960.0 420941.45586903405
6970.0 435073.79711985507
6980.0 441707.3777784895
6990.0 474719.0595896944
7000.0 469940.82053908793
7010.0 493751.82531551487
7020.0 518787.2849411642
7030.0 534388.0550386639
7040.0 576783.4343829075
7050.0 582606.5978354277
7060.0 435353.44070953294
7070.0 479664.4601476669
7080.0 512819.1123264024
7090.0 388143.97222357575
7100.0 398830.3553897891
7110.0 434075.1041749019
7120.0 489760.8571851315
7130.0 304102.447015097
7140.0 339999.1901530963
7150.0 354554.3762345885
7160.0 387196.5315757828
7170.0 400968.0831386689
7180.0 440357.48871245637
7190.0 462319.76551307953
7200.0 402457.7100729499
7210.0 405840.9172360467
7220.0 467201.2758314393
7230.0 485355.459368885
7240.0 494056.31980607373
7250.0 541747.8177239065
7260.0 566685.0727031649
7270.0 547934.3192822934
7280.0 553542.3520143952
7290.0 594018.9327089916
7300.0 616744.0310395504
7310.0 627283.0568033425
7320.0 632269.4799312381
7330.0 628547.9045739832
7340.0 665754.767358719
7350.0 669746.3296472274
7360.0 639225.882185219
7370.0 707252.1656972736
7380.0 705643.3804239912
7390.0 687684.6815975204
7400.0 702716.9086983025
7410.0 705109.685326454
7420.0 708392.6901846277
7430.0 721254.944974002
7440.0 723693.958856056
7450.0 709208.7180685273
7460.0 711658.8148720372
7470.0 721097.8796397125
7480.0 741861.1576001076
7490.0 723192.7033888835
7500.0 731304.2795205194
7510.0 726522.732207825
7520.0 744511.1211070946
7530.0 744911.4125524111
7540.0 753236.6107072729
7550.0 759237.0844481831
7560.0 754571.0550523343
7570.0 756921.6800122943
7580.0 753561.2695715175
7590.0 688699.3035961149
7600.0 695417.0331387125
7610.0 694275.5711383476
7620.0 703798.5315319301
7630.0 658109.192769463
7640.0 661945.1450052541
7650.0 669302.5161648097
7660.0 640497.8199228571
7670.0 569461.0222672023
7680.0 595742.3812381794
7690.0 601468.9427384777
7700.0 600791.6695461856
7710.0 575547.8009388964
7720.0 601583.9268372533
7730.0 629388.2765843585
7740.0 639964.3727730135
7750.0 575044.6400696918
7760.0 590265.7342264006
7770.0 610248.6218225769
7780.0 602406.6752505408
7790.0 605783.4556578618
7800.0 627537.6073094634
7810.0 648787.395236492
7820.0 644710.5046560313
7830.0 611531.4513034998
7840.0 602768.1366545021
7850.0 638260.3382403963
7860.0 649311.1269802323
7870.0 656936.9558870702
7880.0 667582.9958670413
7890.0 684551.8441236886
7900.0 676128.3794394688
7910.0 654132.401055737
7920.0 668090.8662451756
7930.0 682711.4674010915
7940.0 669311.4305600232
7950.0 680093.778020654
7960.0 705880.8159741954
7970.0 715598.3628355351
7980.0 707383.5651001122
7990.0 708630.2561232001
8000.0 701840.8004158196
8010.0 724331.4554839183
8020.0 726169.1071138678
8030.0 723875.8951099284
8040.0 738579.4266657331
8050.0 723296.9598084309
8060.0 748712.6348000973
8070.0 727922.6580433287
8080.0 735203.4554172496
8090.0 744944.4736753125
8100.0 752921.1087706508
8110.0 759462.0834478412
8120.0 758870.0417898779
8130.0 760845.7003660147
8140.0 770842.0201784009
8150.0 778586.9479374561
8160.0 772020.5448357336
8170.0 780948.2929575243
8180.0 750756.5411188899
8190.0 746543.5605146416
8200.0 727037.0734599585
8210.0 739905.4049901854
8220.0 741878.3676232585
8230.0 761466.2224729484
8240.0 756435.9428174701
8250.0 759717.2257476846
8260.0 761377.7478704425
8270.0 755462.1813311144
8280.0 751319.5896812954
8290.0 740529.4253732739
8300.0 739771.6076067094
8310.0 724954.8492447307
8320.0 747274.5266392867
8330.0 689638.2968453405
8340.0 738047.0395444249
8350.0 716183.432637085
8360.0 715863.8676729423
8370.0 738154.4674203848
8380.0 690049.479300305
8390.0 675250.4912783753
8400.0 718234.0907305036
8410.0 728376.2789877593
8420.0 718312.3462794612
8430.0 671536.3944952207
8440.0 629578.2723975346
8450.0 635402.0289387818
8460.0 628348.708040212
8470.0 600696.0124560113
8480.0 643499.505082874
8490.0 656864.6819391364
8500.0 622426.3943889261
8510.0 626658.5980176902
8520.0 620613.2256770479
8530.0 645069.091935086
8540.0 580212.0665301968
8550.0 657854.1023924007
8560.0 676317.5190599205
8570.0 675775.751293629
8580.0 675636.7773115226
8590.0 684090.0257613247
8600.0 683480.3093931524
8610.0 679692.3617037245
8620.0 694143.9969659992
8630.0 706107.7766935073
8640.0 709939.7620419362
8650.0 708029.6851230738
8660.0 621197.5304330476
8670.0 691298.50681999
8680.0 679721.5320300765
8690.0 641498.8733889577
8700.0 713420.4326601364
8710.0 717744.7751040573
8720.0 718635.6462884821
8730.0 721648.2973574859
8740.0 723959.9216784965
8750.0 732139.9715473505
8760.0 722007.0462765255
8770.0 713090.4268027084
8780.0 738003.9065198703
8790.0 741802.431478929
8800.0 734878.8407324937
8810.0 706949.7049727509
8820.0 709366.2318706019
8830.0 747132.9200514001
8840.0 735778.0667456312
8850.0 760045.89673603
8860.0 697867.5014027173
8870.0 676631.0681964944
8880.0 692358.5263395685
8890.0 697524.7253923145
8900.0 709261.3248457207
8910.0 715207.6945542603
8920.0 712161.6389049282
8930.0 715652.3970723881
8940.0 706628.7622756981
8950.0 696735.0008257929
8960.0 712116.4334987596
8970.0 710086.2088570453
8980.0 713683.8483440018
8990.0 723033.1925895425
9000.0 698613.2643379275
9010.0 711428.0746610821
9020.0 707219.0945409666
9030.0 720689.9859457011
9040.0 729552.7511165248
9050.0 735630.3832475314
9060.0 736386.8449213956
9070.0 741870.2653969439
9080.0 745393.5854766534
9090.0 711877.2532022875
9100.0 733644.5685677867
9110.0 733599.4234659789
9120.0 738226.8733373662
9130.0 752341.9649705575
9140.0 747904.7396788492
9150.0 746453.8989318981
9160.0 748874.2096360374
9170.0 741051.2137541408
9180.0 751847.9220964992
9190.0 752697.67523476
9200.0 748857.9466369221
9210.0 731000.6467072486
9220.0 728461.0237304099
9230.0 722378.3465283562
9240.0 724565.1336067521
9250.0 712594.9519091506
9260.0 702822.7754163914
9270.0 729948.1872125627
9280.0 716377.8713540545
9290.0 689452.4606033246
9300.0 706553.5878695954
9310.0 709222.9718125549
9320.0 705576.9038631874
9330.0 712271.8192271161
9340.0 717967.1391881118
9350.0 707600.231057766
9360.0 697600.3523343094
9370.0 707177.6625458451
9380.0 707086.3402849087
9390.0 707891.3412439307
9400.0 706335.4764653739
9410.0 700014.6287338684
9420.0 709353.5093158522
9430.0 714532.9536475445
9440.0 705606.8321477717
9450.0 694024.9749658648
9460.0 708753.5352890599
9470.0 718094.2927424122
9480.0 718960.3897796124
9490.0 722114.7000736651
9500.0 722911.6746399485
9510.0 714941.070761657
9520.0 723030.5389524545
9530.0 714268.2387667745
9540.0 724056.438989934
9550.0 701509.174453744
9560.0 722078.570968665
9570.0 707243.2931967449
9580.0 727688.9347110945
9590.0 728211.3264921282
9600.0 694097.125045173
9610.0 725439.9852053361
9620.0 728738.5411166708
9630.0 724832.232024946
9640.0 676883.8611455577
9650.0 684377.3599252744
9660.0 714947.4423447774
9670.0 705936.937605201
9680.0 683679.5469289002
9690.0 701911.2920329861
9700.0 717500.4187892865
9710.0 696315.5922628447
9720.0 708097.1970280528
9730.0 679143.0184464672
9740.0 689697.9282657198
9750.0 705693.7863695408
9760.0 718237.627780163
9770.0 695292.9598264596
9780.0 688496.4672025631
9790.0 693242.6713021785
9800.0 720139.2321650628
9810.0 712451.1725867077
9820.0 715092.6592114423
9830.0 699266.9137455218
9840.0 713981.8636035512
9850.0 716793.660904487
9860.0 717324.2559452598
9870.0 716980.1584669582
9880.0 718534.3317854882
9890.0 718661.1533553659
9900.0 690020.2245622848
9910.0 674048.3528778239
9920.0 676031.9622891836
9930.0 677427.2057006886
9940.0 698224.4764850822
9950.0 696380.9209851957
9960.0 700028.7182624707
9970.0 692517.7661612551
9980.0 692804.5448408582
9990.0 694695.6393713998
10010.0 687042.0584400526
10020.0 699643.9933888417
10030.0 689869.7438909679
10040.0 695159.3600658277
10050.0 679017.847080203
10060.0 668005.6752805851
10070.0 690131.2603151667
10080.0 692118.1027712042
10090.0 689830.9260715208
10100.0 702332.6621173492
10110.0 689620.3140870158
10120.0 690316.7824101795
10130.0 696814.7120546432
10140.0 689211.4047972099
10150.0 679473.2690482008
10160.0 682956.4543785925
10170.0 686744.205725535
10180.0 687130.3926524048
10190.0 684494.7995042102
10200.0 681171.5943886973
10210.0 684628.9381430827
10220.0 677731.1278583477
10230.0 688763.3926351155
10240.0 699932.9260565508
10250.0 683428.0387233369
10260.0 675292.4547660358
10270.0 676422.360889685
10280.0 674601.1122558297
10290.0 680763.2172248441
10300.0 677166.215296692
10310.0 688662.2012720421
10320.0 682065.7358120041
10330.0 678123.1237095635
10340.0 637153.7804966317
10350.0 677939.3580169558
10360.0 686875.6645140464
10370.0 686377.1757424475
10380.0 676427.5659591295
10390.0 676540.8400053963
10400.0 656606.1497743289
10410.0 681287.8529425281
10420.0 673487.1546121358
10430.0 675868.7954886775
10440.0 687712.8480554248
10450.0 686129.557545835
10460.0 682412.8187574182
10470.0 667787.2388891989
10480.0 680120.4977033492
10490.0 678195.864782361
10500.0 667842.8017496767
10510.0 671613.9957481597
10520.0 674119.2534869314
10530.0 682464.6141591667
10540.0 680327.5970975121
10550.0 674231.4572541373
10560.0 679364.0308841249
10570.0 670912.3260148413
10580.0 665528.57921639
10590.0 668422.244659137
10600.0 674982.555646462
10610.0 667998.1776727522
10620.0 672237.361266546
10630.0 678361.5886510741
10640.0 675834.5817536222
10650.0 668030.637771907
10660.0 652196.0131171574
10670.0 664851.0557388577
10680.0 661562.5155655389
10690.0 667862.6298173597
10700.0 669384.1443772045
10710.0 671834.1502180471
10720.0 671005.0820539929
10730.0 640892.3171593528
10740.0 675442.7306393893
10750.0 662647.5637079387
10760.0 667943.8318070589
10770.0 672946.5553265546
10780.0 664550.260180527
10790.0 660280.9172579639
10800.0 653847.8312331277
10810.0 641109.9554064727
10820.0 678004.6527381989
10830.0 655343.2188033939
10840.0 666535.9727914877
10850.0 664368.2440099759
10860.0 661821.463075902
10870.0 657235.3630801173
10880.0 661174.137009572
10890.0 659723.0493228064
10900.0 664312.3968714534
10910.0 654838.0856406135
10920.0 659831.6323581605
10930.0 658661.2607575698
10940.0 666676.1894997326
10950.0 662054.4540253363
10960.0 647737.2052956284
10970.0 646744.4192058004
10980.0 652574.0142741639
10990.0 655345.354880999
11000.0 656886.7262761432
11010.0 651830.3441315509
11020.0 646682.1460247695
11030.0 645294.575284692
11040.0 645882.0538856982
11050.0 641403.9656600367
11060.0 641087.0348524757
11070.0 643051.7318533598
11080.0 644033.6325885626
11090.0 649292.613676289
11100.0 648905.1735844197
11110.0 643839.9687364296
11120.0 633259.5029616207
11130.0 644533.5953218912
11140.0 649378.3882726121
11150.0 640026.361533505
11160.0 638187.8455713436
11170.0 646601.60387204
11180.0 645569.8694601308
11190.0 640797.5693375224
11200.0 631137.3416052541
11210.0 643180.8002749488
11220.0 643134.0980120337
11230.0 642448.0389923214
11240.0 638779.4496190449
11250.0 587057.120490749
11260.0 633191.0182355368
11270.0 644272.5434981921
11280.0 640468.5114757075
11290.0 635612.2401093086
11300.0 625080.2804458435
11310.0 635220.3700771343
11320.0 643654.6205946851
11330.0 630002.2839692961
11340.0 632457.6212001842
11350.0 638233.3913877377
11360.0 639493.4767172427
11370.0 624983.1541368514
11380.0 618473.9410177658
11390.0 621885.1714721892
11400.0 608807.2808377554
11410.0 634690.3011867817
11420.0 619852.5760775569
11430.0 635696.913399059
11440.0 616601.965166457
11450.0 632380.5993684999
11460.0 636044.3849912212
11470.0 625370.3903343866
11480.0 622521.2675867198
11490.0 633813.2840457101
11500.0 635155.2483264757
11510.0 633816.5591927351
11520.0 633188.5446799477
11530.0 634203.7401006832
11540.0 627937.4789704353
11550.0 630830.2185712302
11560.0 630458.4173492934
11570.0 630926.1285349107
11580.0 632486.877116561
11590.0 603833.7487437489
11600.0 629019.1104189772
11610.0 574954.5310300505
11620.0 629883.8064181895
11630.0 626898.5937793879
11640.0 596408.0215958239
11650.0 626750.8384618497
11660.0 626305.1620541521
11670.0 623934.2756170057
11680.0 622736.1763485994
11690.0 594676.8523941074
11700.0 626214.3051652759
11710.0 621579.3310578988
11720.0 620939.9211859417
11730.0 623679.084416872
11740.0 619070.4155071414
11750.0 621567.2847818041
11760.0 621339.9271704078
11770.0 603799.0872440935
11780.0 585636.3432145867
11790.0 616122.399848655
11800.0 612144.3445678356
11810.0 614082.99644519
11820.0 612383.4575667181
11830.0 566411.0712224955
11840.0 614080.0125034644
11850.0 614833.5868701274
11860.0 615089.4185578187
11870.0 615126.3269721296
11880.0 551838.1044296806
11890.0 600456.2451361641
11900.0 613877.5479009892
11910.0 607808.6115838296
11920.0 613624.3676211252
11930.0 612961.8629668435
11940.0 611124.9435730923
11950.0 594129.26914846
11960.0 596271.7906777133
11970.0 544042.0226929198
11980.0 591814.0692213654
11990.0 600055.4574208718
12000.0 606707.1240322762
12010.0 607149.8273759179
12020.0 602862.8277615804
12030.0 590944.4659679383
12040.0 603566.0102408177
12050.0 602156.1225793642
12060.0 605302.3977975087
12070.0 597839.3253193409
12080.0 568807.9447884134
12090.0 597365.8636454316
12100.0 598609.3767244468
12110.0 600603.1507929846
12120.0 601207.5876792346
12130.0 599505.5860141187
12140.0 602822.240264475
12150.0 602258.4569152617
12160.0 599405.5452384279
12170.0 597690.4873692245
12180.0 600948.9752689073
12190.0 597124.165675035
12200.0 597883.1936862599
12210.0 597123.6100556767
12220.0 598333.9674983425
12230.0 596797.0048362503
12240.0 595905.6889355878
12250.0 597043.1068317431
12260.0 596665.9687694882
12270.0 590662.979729582
12280.0 595907.6614510404
12290.0 595591.6790052817
12300.0 594480.6588178793
12310.0 594038.4737303911
12320.0 591099.9055336667
12330.0 591114.622289712
12340.0 590224.2761141927
12350.0 592554.2190574313
12360.0 588716.682013291
12370.0 590760.1506221838
12380.0 592643.0951517787
12390.0 584875.551911745
12400.0 587122.245929319
12410.0 586910.6350653856
12420.0 575137.2623652774
12430.0 572061.8319484281
12440.0 583864.5000325115
12450.0 583589.2308914808
12460.0 585045.6463885005
12470.0 583007.9062595443
12480.0 580804.351062974
12490.0 584151.8315291558
12500.0 582804.7812985298
12510.0 579890.7388370626
12520.0 564415.9551318579
12530.0 576146.7553249713
12540.0 582003.4775895119
12550.0 581395.3176798625
12560.0 573221.0140458986
12570.0 578382.4761928717
12580.0 578639.6612113193
12590.0 576256.7420134066
12600.0 573142.7462547008
12610.0 575898.313037949
12620.0 575695.7694705839
12630.0 576304.197432285
12640.0 567526.7259919042
12650.0 572786.234875469
12660.0 576459.3204829795
12670.0 567605.531663038
12680.0 568435.1930318741
12690.0 575853.5647538824
12700.0 573518.371764136
12710.0 573399.7246805523
12720.0 575293.9537912672
12730.0 574494.4904583914
12740.0 551229.1854827469
12750.0 569298.5923562247
12760.0 572929.8950875244
12770.0 570017.1428028516
12780.0 570723.8583272969
12790.0 571667.6733359675
12800.0 570673.4560147934
12810.0 565060.440303708
12820.0 527555.4300148302
12830.0 549824.6390154845
12840.0 563939.9946337701
12850.0 557639.7084399568
12860.0 565802.3903107188
12870.0 566581.5674339667
12880.0 559143.3025920672
12890.0 562841.942667082
12900.0 533431.5445631018
12910.0 549056.3045441872
12920.0 558089.0479283106
12930.0 561989.2694742702
12940.0 560608.3291370646
12950.0 559554.8988542974
12960.0 563380.1427961405
12970.0 562624.5932845956
12980.0 552186.0821350672
12990.0 561106.9133250057
13000.0 561196.1338667307
13010.0 549715.6544959939
13020.0 561387.4020634101
13030.0 553576.427508928
13040.0 559977.0313838149
13050.0 560845.9987176467
13060.0 557370.1131392035
13070.0 559796.692355922
13080.0 551018.1378985819
13090.0 555893.0230703356
13100.0 556082.5813849457
13110.0 555116.1928410083
13120.0 492854.6506649793
13130.0 532062.1780342008
13140.0 549357.8901050752
13150.0 493007.0157608343
13160.0 554167.720599336
13170.0 555333.9577071575
13180.0 553212.0898932298
13190.0 555991.1093579159
13200.0 547540.218051797
13210.0 550407.4372614031
13220.0 547937.0263025061
13230.0 555242.0351565398
13240.0 553688.7268475961
13250.0 549920.7655399698
13260.0 548535.804761335
13270.0 545677.4263899734
13280.0 542276.3630607992
13290.0 525975.7471563269
13300.0 548659.52622396
13310.0 541245.8163687221
13320.0 501651.1181108917
13330.0 543292.4753675262
13340.0 537747.6485789055
13350.0 531719.968728575
13360.0 536482.578482552
13370.0 535397.2244607654
13380.0 535285.2597925847
13390.0 529759.247892996
13400.0 526290.6860810991
13410.0 532140.4540239207
13420.0 528490.6523076607
13430.0 533531.914229078
13440.0 532237.6384362582
13450.0 536965.1985879715
13460.0 535038.238502761
13470.0 532392.0492413618
13480.0 534282.4801215923
13490.0 536867.4340383565
13500.0 517262.29984860524
13510.0 536150.9059739138
13520.0 529816.7723883239
13530.0 535331.8934554377
13540.0 531553.9493072623
13550.0 523275.72710915457
13560.0 533514.3916730019
13570.0 529216.8489747453
13580.0 531390.7983538721
13590.0 525996.2382042079
13600.0 521239.29087814526
13610.0 531837.2169810279
13620.0 525463.8054126205
13630.0 511384.9291018864
13640.0 514935.16194574715
13650.0 530185.9285390967
13660.0 530845.4720235646
13670.0 527881.8142385253
13680.0 523568.4284486919
13690.0 530593.3858344686
13700.0 530646.3295197199
13710.0 527328.8953129237
13720.0 529684.997004732
13730.0 524870.060859784
13740.0 530022.4941408696
13750.0 530304.8542159164
13760.0 524544.7933970102
13770.0 530347.2603590713
13780.0 526716.6100959036
13790.0 525297.7978632004
13800.0 531488.9913171671
13810.0 531188.5983840014
13820.0 522846.3506308798
13830.0 528441.9222908432
13840.0 529310.3240124397
13850.0 510528.41481755103
13860.0 504349.0796179807
13870.0 527458.009015504
13880.0 522447.9304409288
13890.0 522920.35671243316
13900.0 514879.18086858024
13910.0 454891.5418491242
13920.0 479541.92409397144
13930.0 493795.7211168391
13940.0 512571.78753670317
13950.0 491527.60139175784
13960.0 519809.4402996613
13970.0 496602.96889386146
13980.0 503256.31942694983
13990.0 519628.41273931507
14000.0 485120.82046378177
14010.0 499434.8285836795
14020.0 520601.49303000927
14030.0 513620.55983154377
14040.0 499050.23691748525
14050.0 513688.4032952953
14060.0 509511.17938870715
14070.0 512368.5391369004
14080.0 495800.900764036
14090.0 513915.87879062706
14100.0 503247.87973768753
14110.0 512601.0647418913
14120.0 499392.7079366842
14130.0 491659.7874333025
14140.0 504271.0109121411
14150.0 513750.2273695266
14160.0 501727.06652566383
14170.0 503797.97790180985
14180.0 494748.9271495589
14190.0 502516.154614025
14200.0 506036.0639870147
14210.0 505997.10527477483
14220.0 498852.93721090216
14230.0 504068.24813360674
14240.0 490998.60996383574
14250.0 479877.20423054066
14260.0 475670.23345157533
14270.0 480470.0663897478
14280.0 501122.57379950996
14290.0 481035.3800107376
14300.0 508907.16205898754
14310.0 496003.1585935306
14320.0 505291.95365637034
14330.0 509386.81518274447
14340.0 485437.83485961135
14350.0 485112.1922519552
14360.0 504245.20751371764
14370.0 494887.44823992735
14380.0 508142.89478980424
14390.0 497125.76616959454
14400.0 481385.88297418173
14410.0 502566.1774627944
14420.0 494598.51460597746
14430.0 506558.85551982676
14440.0 491922.0524326251
14450.0 499340.34293872106
14460.0 498618.77025616536
14470.0 500530.7276283724
14480.0 499422.71680099034
14490.0 503033.9927612425
14500.0 492579.82586145506
14510.0 478343.8819522686
14520.0 494905.09013687394
14530.0 502363.79898776667
14540.0 497648.1913711339
14550.0 492688.0852691181
14560.0 487454.416515839
14570.0 491052.70414692734
14580.0 504794.96744574
14590.0 499229.07155207905
14600.0 472449.739520675
14610.0 440127.1811525223
14620.0 485265.19759059144
14630.0 475783.61298035784
14640.0 489851.25786658976
14650.0 461856.11115132034
14660.0 487495.488893072
14670.0 472842.903227454
14680.0 487422.4972773724
14690.0 481902.5454568687
14700.0 471973.84207869816
14710.0 476741.6662155862
14720.0 489543.30185836897
14730.0 497780.4054844304
14740.0 478070.6369714711
14750.0 469074.27429978346
14760.0 496969.1455147591
14770.0 476689.8595110931
14780.0 489198.12258536054
14790.0 501015.22279049904
14800.0 472478.43677613273
14810.0 487395.5136481816
14820.0 499113.6462696103
14830.0 474748.2087693469
14840.0 496312.23919265234
14850.0 491212.010111851
14860.0 487374.1616680545
14870.0 474582.85156106896
14880.0 392132.2905953467
14890.0 494482.795234517
14900.0 481689.54130116384
14910.0 489002.418272028
14920.0 499518.65804449405
14930.0 493832.58209262695
14940.0 499762.9144003125
14950.0 497686.33209997485
14960.0 491162.7484393136
14970.0 498307.3539286794
14980.0 496667.0915511752
14990.0 500336.1260342323
15000.0 477871.9335325723
15010.0 488636.93514620187
15020.0 419369.2071561007
15030.0 437358.9977567681
15040.0 418475.1165357255
15050.0 425000.0854045364
15060.0 486503.33930162684
15070.0 498190.03877897223
15080.0 484072.4531378029
15090.0 498008.3131699755
15100.0 493801.21100057283
15110.0 499950.40457117156
15120.0 485176.4416806181
15130.0 481079.35958578886
15140.0 491392.49359645793
15150.0 484957.14314312045
15160.0 483800.39519435173
15170.0 496313.57738460816
15180.0 490433.34528047545
15190.0 495787.2862730685
15200.0 501556.93499878905
15210.0 493950.6540504649
15220.0 479540.4819618259
15230.0 504315.11422387837
15240.0 490124.7900599818
15250.0 501695.657628076
15260.0 482308.34114338376
15270.0 497655.5159716828
15280.0 473471.3242086873
15290.0 478812.187872938
15300.0 498940.6874967254
15310.0 508697.41917354666
15320.0 494915.6243641144
15330.0 477465.6991197115
15340.0 489523.0364907021
15350.0 507826.9852928209
15360.0 508859.24027408066
15370.0 472791.8615984663
15380.0 469653.3399220384
15390.0 472097.1671491074
15400.0 471802.56562988425
15410.0 488299.6225269687
15420.0 483596.9646582005
15430.0 456780.7913595047
15440.0 511901.04762578453
15450.0 514071.2836873225
15460.0 494024.06267670385
15470.0 500505.99534650217
15480.0 508616.8324257773
15490.0 507485.0128753089
15500.0 496563.1497889028
15510.0 477436.005996179
15520.0 514239.72692193947
15530.0 498631.09175906365
15540.0 454373.1819497338
15550.0 512183.14462981885
15560.0 477359.6264545078
15570.0 469184.366184588
15580.0 499596.13961372885
15590.0 476196.34456977196
15600.0 500573.0039222777
15610.0 506960.50859531923
15620.0 480440.2107867611
15630.0 473088.502842401
15640.0 507442.106758669
15650.0 479209.70717475266
15660.0 493095.7803303046
15670.0 504227.34758728644
15680.0 496898.8089351094
15690.0 492020.60820645257
15700.0 497046.596600678
15710.0 512271.1050600317
15720.0 464431.1383115537
15730.0 488836.0602161511
15740.0 461582.49818329315
15750.0 447914.8525626655
15760.0 460065.6515208068
15770.0 417611.47980352375
15780.0 466625.31471954
15790.0 500734.5387975917
15800.0 504692.8585618777
15810.0 511623.954889718
15820.0 460832.9636122198
15830.0 492679.73475103435
15840.0 491821.16852787347
15850.0 513367.63073624746
15860.0 500937.54430539964
15870.0 494881.3170581614
15880.0 485681.35620347905
15890.0 422067.7673144419
15900.0 486272.3626019025
15910.0 464847.0411360992
15920.0 506864.0283922998
15930.0 508739.29092857346
15940.0 509297.72042947286
15950.0 507796.88579229056
15960.0 479975.20914983336
15970.0 502373.78403093305
15980.0 478767.08417372976
15990.0 506745.57425776
16000.0 506408.8112342438
16010.0 483217.67499154224
16020.0 512343.7532652758
16030.0 506786.72950259567
16040.0 463930.1534474417
16050.0 507349.318597377
16060.0 473976.79439903185
16070.0 481162.9976054255
16080.0 506707.837218032
16090.0 505851.470020575
16100.0 489744.6806181091
16110.0 523800.841546311
16120.0 497420.89672704064
16130.0 509437.5535982351
16140.0 483942.6617089503
16150.0 449519.1387774951
16160.0 438475.59279256564
16170.0 512599.8160282947
16180.0 502135.07539348555
16190.0 455147.95705453074
16200.0 402661.6779918557
16210.0 472538.7254761459
16220.0 475470.2447338337
16230.0 468819.67193179426
16240.0 485294.83523193747
16250.0 480137.49624267814
16260.0 498898.6908731358
16270.0 505965.3248745319
16280.0 513143.9888992151
16290.0 510815.57530779555
16300.0 498628.15687337297
16310.0 492687.8458296683
16320.0 493524.94501721207
16330.0 504207.1964681971
16340.0 506812.02018256765
16350.0 478873.54427714343
16360.0 484787.1877669812
16370.0 492424.126005539
16380.0 470453.94199609756
16390.0 495466.1077384162
16400.0 461982.8907811702
16410.0 481815.05867489637
16420.0 511846.6447948144
16430.0 501681.8839441256
16440.0 451107.7454130038
16450.0 472064.4517196609
16460.0 498770.7183034602
16470.0 474171.31542119995
16480.0 502212.9730681064
16490.0 467246.6134340913
16500.0 504653.46525354445
16510.0 500091.6974390383
16520.0 484052.3422238213
16530.0 482753.1275612237
16540.0 477779.36189810385
16550.0 494101.04497624014
16560.0 485450.8678367898
16570.0 500005.32047199993
16580.0 480704.0352778174
16590.0 492445.8660731795
16600.0 500383.0284058621
16610.0 466861.8856493398
16620.0 476835.1696124618
16630.0 469528.85661756113
16640.0 474077.0317718407
16650.0 449111.377712143
16660.0 466604.593251127
16670.0 473974.5042155121
16680.0 473817.9155355768
16690.0 481855.14807833085
16700.0 475057.2794291124
16710.0 449061.6531362152
16720.0 410842.0599830181
16730.0 465440.7666224596
16740.0 479574.73299249343
16750.0 379273.7834974289
16760.0 438639.84005957557
16770.0 481524.39098661044
16780.0 484460.70273901575
16790.0 482411.5895270948
16800.0 480669.92007932736
16810.0 480152.21555272717
16820.0 459149.3909497118
16830.0 476996.4943108528
16840.0 455904.0173686806
16850.0 475329.91149316274
16860.0 456035.3753951737
16870.0 442147.0013339277
16880.0 448806.98013468215
16890.0 457059.13896226126
16900.0 421738.84614581655
16910.0 449500.9012496078
16920.0 471031.3799645162
16930.0 467574.34652394085
16940.0 472770.4881368254
16950.0 462066.45782467467
16960.0 465404.52112532983
16970.0 453179.13042489364
16980.0 461865.01008445263
16990.0 454180.8189527796
17000.0 437135.92903747485
17010.0 436292.6018633162
17020.0 453086.1462187789
17030.0 455027.2494861459
17040.0 461334.40172311215
17050.0 440573.1698094014
17060.0 449570.8241774639
17070.0 422280.46038276807
17080.0 449441.09519692074
17090.0 439476.5907227699
17100.0 394866.5160267268
17110.0 339691.1698307653
17120.0 424276.39265721355
17130.0 443789.31977893243
17140.0 447914.72548868484
17150.0 449134.71271193767
17160.0 433859.6171865573
17170.0 432328.89888516814
17180.0 435367.14627769374
17190.0 438690.7179094847
17200.0 438054.7216989184
17210.0 425827.81836842
17220.0 436372.05598199373
17230.0 404885.5062911542
17240.0 414730.7721112102
17250.0 437246.6452217082
17260.0 432901.2665832301
17270.0 426631.1807911316
17280.0 423689.46053470776
17290.0 428614.32572036196
17300.0 418518.7187130525
17310.0 413859.8141130429
17320.0 409654.0323607948
17330.0 395092.1366656479
17340.0 408066.60786758695
17350.0 412718.6046494975
17360.0 422277.8962001764
17370.0 426809.63478860987
17380.0 405321.0729821525
17390.0 416397.45787277893
17400.0 415015.68020203756
17410.0 385349.79986578354
17420.0 399161.810718443
17430.0 412896.5643158967
17440.0 421375.3528264224
17450.0 416562.292941076
17460.0 417189.69458202657
17470.0 397511.6810718612
17480.0 421272.33631028485
17490.0 411087.8063461148
17500.0 388385.15987803467
17510.0 412705.803918271
17520.0 409617.7256834703
17530.0 399965.27268469107
17540.0 393859.5274981913
17550.0 398116.0699101744
17560.0 401957.63715230074
17570.0 408354.9331711575
17580.0 401824.8866033683
17590.0 388997.8952406315
17600.0 392699.36724183825
17610.0 389224.7581109671
17620.0 372886.30228189664
17630.0 403294.45153939235
17640.0 389069.2360767699
17650.0 401103.7889163624
17660.0 376141.4654705872
17670.0 393004.17355116684
17680.0 368518.68842593936
17690.0 398865.3028141735
17700.0 387397.0831440622
17710.0 377689.37087166664
17720.0 369601.18218817585
17730.0 390044.62123354734
17740.0 387337.17747487326
17750.0 385180.0437543503
17760.0 374820.2593835617
17770.0 359594.8612810028
17780.0 376993.1504200316
17790.0 380994.6156407548
17800.0 390648.5159701614
17810.0 368990.3996327835
17820.0 366698.5793343312
17830.0 368244.7504790463
17840.0 378577.09711730917
17850.0 350525.10528036143
17860.0 365806.3541882852
17870.0 371197.84120607143
17880.0 375373.21045655775
17890.0 384186.18509778206
17900.0 371517.0573443055
17910.0 369284.1210982529
17920.0 376133.60008570924
17930.0 360767.55002398253
17940.0 360277.60270237434
17950.0 377842.55996118515
17960.0 361139.8536397341
17970.0 374361.50989745517
17980.0 373808.47870473715
17990.0 357685.94742680696
18000.0 360492.24882859184
18010.0 348742.4738374552
18020.0 349664.0213138567
18030.0 338100.86209606536
18040.0 345650.64208462066
18050.0 344866.96499239444
18060.0 363314.7573123196
18070.0 358921.92237894726
18080.0 349919.945225748
18090.0 365740.74667510967
18100.0 349789.69331590895
18110.0 345569.5845764007
18120.0 346091.8913970958
18130.0 353625.3043098212
18140.0 355995.594781307
18150.0 347755.53683219984
18160.0 356557.3481948715
18170.0 349104.235437907
18180.0 348286.2389603643
18190.0 350252.8068125338
18200.0 347353.29463789193
18210.0 344328.0318464568
18220.0 336150.13139472087
18230.0 359109.40117496456
18240.0 354898.215619296
18250.0 347652.45734096156
18260.0 334855.1106805593
18270.0 331981.25217207696
18280.0 324171.8931935051
18290.0 340236.2848363625
18300.0 334670.7958267195
18310.0 344415.22937292594
18320.0 335980.069566011
18330.0 350979.0277788407
18340.0 341039.0341586914
18350.0 333743.5857881153
18360.0 338559.86329064466
18370.0 321055.9317323065
18380.0 340538.44351215346
18390.0 329894.0208546975
18400.0 322792.6526121965
18410.0 324687.2991195483
18420.0 311010.82960511366
18430.0 323352.7385602548
18440.0 326920.5551889593
18450.0 332284.3074889267
18460.0 324617.76762953796
18470.0 305965.2240185211
18480.0 320303.4215773961
18490.0 330053.0310659957
18500.0 330309.941994892
18510.0 328061.1636607724
18520.0 313934.2065719865
18530.0 318149.51212540234
18540.0 328923.26198358485
18550.0 319950.7269419437
18560.0 302310.26453897
18570.0 318449.511556188
18580.0 297824.64673087915
18590.0 316310.32798224105
18600.0 314867.46696321724
18610.0 312631.80674503354
18620.0 320595.85023850243
18630.0 315952.2372706733
18640.0 319411.4354983976
18650.0 314308.2289398085
18660.0 307793.105599492
18670.0 320862.0725879998
18680.0 315807.0706293409
18690.0 325474.2136005312
18700.0 318764.35064337257
18710.0 305081.3323265882
18720.0 304738.5178829842
18730.0 299728.64290399983
18740.0 314000.7728108903
18750.0 312589.1659167578
18760.0 311290.7653333723
18770.0 294063.9267640026
18780.0 306625.6839977325
18790.0 310819.5857211826
18800.0 319542.63633969496
18810.0 315388.8373251782
18820.0 315254.7594122611
18830.0 319576.30598340806
18840.0 304226.1703710262
18850.0 291574.80785716855
18860.0 279894.7545921813
18870.0 314466.73535879096
18880.0 296803.3433363444
18890.0 305029.50700773275
18900.0 287289.9472271486
18910.0 293490.98437549063
18920.0 281036.7798884324
18930.0 294883.2455027406
18940.0 301783.3220299426
18950.0 311386.80235048756
18960.0 302753.9734878879
18970.0 293559.04239236313
18980.0 301070.5704487466
18990.0 288418.9188355471
19000.0 308855.58719323063
19010.0 303063.9301921843
19020.0 303539.67034743895
19030.0 300042.606572311
19040.0 297732.08697085665
19050.0 278205.1760115228
19060.0 297537.3015010281
19070.0 302961.29803589545
19080.0 293135.7782325394
19090.0 297041.97592704603
19100.0 295053.7326097656
19110.0 274623.4280791256
19120.0 295125.7250095716
19130.0 304124.50760914513
19140.0 299023.00017866463
19150.0 295988.2353730113
19160.0 292184.024720608
19170.0 297269.5611906933
19180.0 298482.18007935747
19190.0 285243.2745517522
19200.0 288218.56308498787
19210.0 294320.3467133694
19220.0 291529.7879343432
19230.0 297188.5896931622
19240.0 292930.4171746692
19250.0 290554.626447288
19260.0 285445.2950256023
19270.0 294745.2390358313
19280.0 288265.244516885
19290.0 286772.35319657443
19300.0 274246.23165939044
19310.0 200035.65137936952
19320.0 277371.1905005952
19330.0 281228.5830465473
19340.0 273571.8028355085
19350.0 287045.84562274866
19360.0 292710.7885846038
19370.0 292100.3268023127
19380.0 284625.987750252
19390.0 273225.3123153038
19400.0 281330.1664035305
19410.0 285651.20973161724
19420.0 286449.7434057355
19430.0 263329.2850282886
19440.0 269832.21486080415
19450.0 190035.46058108637
19460.0 240978.71072780664
19470.0 269896.3522851093
19480.0 268178.9677481375
19490.0 270972.7943584463
19500.0 250445.21028937257
19510.0 219325.8765142177
19520.0 277234.9570379087
19530.0 276917.47382894316
19540.0 273515.24324223533
19550.0 276060.6569599358
19560.0 276549.0886864899
19570.0 285346.96455470927
19580.0 277096.0008392747
19590.0 275267.42587997665
19600.0 272641.8992248747
19610.0 268588.1493431335
19620.0 271687.1184716597
19630.0 257636.17156095398
19640.0 267928.2004039236
19650.0 277807.073649152
19660.0 280023.21491175954
19670.0 273411.82368232775
19680.0 275359.1868533228
19690.0 274697.91747046856
19700.0 277925.12303269596
19710.0 266174.618525045
19720.0 262384.85494613583
19730.0 255598.2156537474
19740.0 267971.1779319485
19750.0 252213.90326852127
19760.0 252763.00476894196
19770.0 210397.17272846456
19780.0 167833.56551719984
19790.0 242066.82804180752
19800.0 254320.8633875822
19810.0 254915.34949171188
19820.0 255536.2416253528
19830.0 265097.28644563485
19840.0 263401.7215108108
19850.0 217688.1523883753
19860.0 190825.0250358192
19870.0 253093.06706639414
19880.0 260859.0448907737
19890.0 255904.1574416849
19900.0 253940.4727578088
19910.0 257097.06751811274
19920.0 237294.29099798406
19930.0 228475.3188589148
19940.0 251230.17877483324
19950.0 252007.03498150493
19960.0 240210.18412162882
19970.0 244354.97461444876
19980.0 261440.88843910003
19990.0 253692.3379321991
20010.0 257817.19526614758
20020.0 250651.67387211276
20030.0 255094.37535523163
20040.0 255643.39973739622
20050.0 254395.5469217639
20060.0 254124.2370060855
20070.0 255245.5498173133
20080.0 251927.68552802343
20090.0 248997.92406659634
20100.0 250000.30501223868
20110.0 254690.34035676802
20120.0 250512.95810109697
20130.0 247113.45864113764
20140.0 254116.46193126432
20150.0 251970.72799852822
20160.0 247576.89680620923
20170.0 243129.7083466723
20180.0 248255.2426598323
20190.0 240321.6196380797
20200.0 241365.46213398714
20210.0 243864.11109759394
20220.0 246969.20552993985
20230.0 247023.42266235696
20240.0 242073.46256199534
20250.0 245612.54512772828
20260.0 241600.93037998374
20270.0 240995.43838114192
20280.0 243256.08905574167
20290.0 234683.22243040815
20300.0 235486.54773999922
20310.0 245325.23710173205
20320.0 247813.63849916114
20330.0 246101.53993184507
20340.0 240180.19921175216
20350.0 235036.42854516587
20360.0 242565.1605434778
20370.0 245173.1951861587
20380.0 237654.55239268998
20390.0 237902.53224100813
20400.0 241512.42475716153
20410.0 236421.38397383806
20420.0 245270.41748890516
20430.0 239669.74778921693
20440.0 236035.58066320876
20450.0 237646.7560780008
20460.0 240610.81410099406
20470.0 236135.48471518522
20480.0 238029.15784561326
20490.0 233409.05352743546
20500.0 240935.88181807977
20510.0 238671.76815207073
20520.0 232251.5797418301
20530.0 234788.5493615653
20540.0 226244.5014672112
20550.0 231147.05616862193
20560.0 235016.1532714525
20570.0 233597.98284311898
20580.0 235741.23490184316
20590.0 232417.82947711876
20600.0 228113.16646321196
20610.0 234780.0606478152
20620.0 231879.8776745204
20630.0 199862.95188485968
20640.0 222852.0485186319
20650.0 229640.95763009271
20660.0 232623.32917167142
20670.0 228017.7531898123
20680.0 231716.59961625413
20690.0 228038.4585285258
20700.0 229913.56454432115
20710.0 226126.99231898613
20720.0 226972.97638456454
20730.0 226435.44163678103
20740.0 226960.84938209134
20750.0 230547.1394222424
20760.0 224846.21192502583
20770.0 227949.56679401817
20780.0 229633.11130872992
20790.0 228359.48375505125
20800.0 225447.74579104723
20810.0 224471.85026107176
20820.0 226311.81136115346
20830.0 221466.1134745925
20840.0 219708.6722172424
20850.0 221756.57330788317
20860.0 223038.93678437767
20870.0 222171.70250836608
20880.0 222490.75062638617
20890.0 220418.66101239808
20900.0 226575.31373882422
20910.0 225072.92877609763
20920.0 220550.48075605088
20930.0 221228.58671240075
20940.0 218227.1495930449
20950.0 222530.374804761
20960.0 207944.74227132712
20970.0 211677.79209527225
20980.0 224523.4241040391
20990.0 218216.29844830188
21000.0 223782.57502108294
21010.0 219037.0139193575
21020.0 219658.65498071272
21030.0 221820.04830320794
21040.0 221924.85585176531
21050.0 219448.59556658342
21060.0 220891.89755309807
21070.0 214363.47002401054
21080.0 214629.06818481066
21090.0 201794.6168703525
21100.0 219166.97773158213
21110.0 214810.21083522346
21120.0 215960.0162231327
21130.0 219436.85184685877
21140.0 218911.63344263905
21150.0 215960.39533608122
21160.0 196314.19949252042
21170.0 208288.43665391344
21180.0 214630.6042767239
21190.0 213081.8149320498
21200.0 212792.9877684518
21210.0 214131.92275743373
21220.0 213824.50989520937
21230.0 211280.76926288183
21240.0 213282.1338770046
21250.0 214193.15429165115
21260.0 211118.34006456882
21270.0 211839.45797729428
21280.0 211472.75798906942
21290.0 213772.38016574382
21300.0 214437.53443636376
21310.0 213724.87083762302
21320.0 211603.36932714135
21330.0 214148.65992853977
21340.0 211091.3726694225
21350.0 206643.03745798074
21360.0 210987.4843915323
21370.0 210177.30335851703
21380.0 210531.6944372855
21390.0 211660.22762125733
21400.0 209353.34285036713
21410.0 211144.7801078816
21420.0 208751.7994748141
21430.0 209810.40093744438
21440.0 211325.24596764633
21450.0 206714.623490191
21460.0 209125.57751968483
21470.0 210491.12713433558
21480.0 208351.37878358978
21490.0 207144.95246798324
21500.0 207609.20821754265
21510.0 208779.34594114244
21520.0 205105.16567180166
21530.0 205313.08108428674
21540.0 205139.23122443544
21550.0 207238.2770245312
21560.0 204780.6695357332
21570.0 205346.48423372282
21580.0 207134.88566521826
21590.0 203712.04902027902
21600.0 205315.01434621855
21610.0 206785.64159937567
21620.0 205771.87080722844
21630.0 204477.76189111063
21640.0 205759.33493157302
21650.0 203090.889924838
21660.0 203851.64681599737
21670.0 202514.4661991402
21680.0 204155.84458825857
21690.0 204708.66548747325
21700.0 201870.02835014873
21710.0 202905.11310255417
21720.0 202681.9798021247
21730.0 201145.72842150184
21740.0 201879.1589599492
21750.0 200696.03139004688
21760.0 198255.68571055157
21770.0 200237.04194826225
21780.0 182706.21582868468
21790.0 198575.15240759574
21800.0 200471.66621474773
21810.0 198663.4227236877
21820.0 194393.20068609228
21830.0 199191.88053143752
21840.0 199209.30225094533
21850.0 198950.1958783274
21860.0 198533.1613424712
21870.0 195832.24867011316
21880.0 192073.68787510344
21890.0 195651.4860205179
21900.0 187221.1313674621
21910.0 198523.67965172403
21920.0 198435.06777082232
21930.0 197519.04768234212
21940.0 195450.02943313675
21950.0 196791.75298875122
21960.0 197306.23838739382
21970.0 195791.88560590547
21980.0 195676.1346149388
21990.0 194972.60539393534
22000.0 189899.66007419763
22010.0 194443.5853163868
22020.0 194339.944377453
22030.0 194160.6352790117
22040.0 194015.43795113504
22050.0 185452.82640628485
22060.0 170885.79264332834
22070.0 188202.91663895873
22080.0 181109.3784452218
22090.0 190070.17798897557
22100.0 192715.99131694995
22110.0 190645.76372323468
22120.0 193228.78828812993
22130.0 192622.21192506063
22140.0 192797.37732254795
22150.0 192101.51447066735
22160.0 192291.69334065137
22170.0 191667.28843156976
22180.0 191575.99632061512
22190.0 191154.32043991957
22200.0 190559.40624244278
22210.0 181532.6777425337
22220.0 191014.437492134
22230.0 183653.93284916377
22240.0 190607.04794580318
22250.0 190414.08294598502
22260.0 181160.8997049085
22270.0 177279.95618568576
22280.0 177747.57830724522
22290.0 187835.26015751634
22300.0 181837.7836336037
22310.0 180720.04891521868
22320.0 187137.9158370043
22330.0 186472.5864383878
22340.0 186054.54978396662
22350.0 186534.5464493767
22360.0 186997.65995294665
22370.0 186626.6350654328
22380.0 179924.1718811074
22390.0 179317.13234498946
22400.0 186198.5704534114
22410.0 185365.39217012867
22420.0 183252.57559754618
22430.0 185023.52061698833
22440.0 179833.61852370756
22450.0 184579.07031773982
22460.0 184033.4949821196
22470.0 179044.5211424952
22480.0 183050.328818852
22490.0 181901.29801423565
22500.0 183447.06872180928
22510.0 182976.04098839025
22520.0 182673.89470102204
22530.0 182602.22995205972
22540.0 174735.77876899237
22550.0 181831.8427479536
22560.0 182510.0477305369
22570.0 180658.8321192286
22580.0 181618.78808003705
22590.0 181044.76564352564
22600.0 180540.62479409736
22610.0 172196.30549932143
22620.0 165291.4477828265
22630.0 171723.0416279386
22640.0 177619.97703828698
22650.0 166858.1340288096
22660.0 176693.78746024266
22670.0 178714.54388005548
22680.0 177799.44006563953
22690.0 177552.92643026554
22700.0 176776.8011508856
22710.0 176917.96296907333
22720.0 177856.93369017585
22730.0 177189.935955892
22740.0 174224.02977502346
22750.0 176609.13508572782
22760.0 175510.2562866934
22770.0 176255.58754144216
22780.0 175064.66544298237
22790.0 175080.85298599195
22800.0 171884.28465302286
22810.0 160590.84701358224
22820.0 165331.9633474654
22830.0 172644.1419898856
22840.0 174160.0916175193
22850.0 173945.8921126224
22860.0 173990.95408620677
22870.0 173997.2875707538
22880.0 173719.58253875835
22890.0 172306.7363525441
22900.0 173817.58768802253
22910.0 172130.18821672478
22920.0 172482.5700580132
22930.0 133792.39131847292
22940.0 139375.8500294833
22950.0 153502.8882563449
22960.0 145228.71191655772
22970.0 152778.59100362659
22980.0 155430.0135536413
22990.0 156876.44354098622
23000.0 162125.54499676346
23010.0 159160.0517004655
23020.0 161718.48932464063
23030.0 161888.55422666803
23040.0 159048.58655042422
23050.0 159030.33831019956
23060.0 161292.4294799137
23070.0 160293.15413183728
23080.0 162658.9521698629
23090.0 160520.8356756419
23100.0 164636.56256649093
23110.0 159444.80089954106
23120.0 158726.52625735314
23130.0 160157.7256375038
23140.0 156671.4440243027
23150.0 164289.19186662155
23160.0 156740.65305196316
23170.0 159612.71563641864
23180.0 160547.16762459566
23190.0 161383.6690044427
23200.0 157331.76573235926
23210.0 159194.8558551365
23220.0 131283.2054021887
23230.0 127446.07028175818
23240.0 141862.67687337392
23250.0 140075.53960797476
23260.0 145872.988051752
23270.0 145966.54245605003
23280.0 148174.9510846421
23290.0 152886.7816475159
23300.0 141741.75959782777
23310.0 148010.50684405369
23320.0 153977.54748359424
23330.0 150591.83943247807
23340.0 153985.04279737626
23350.0 143390.36307956334
23360.0 149496.93620511825
23370.0 147982.70830411708
23380.0 142829.70574384637
23390.0 153216.40449459886
23400.0 148342.11857476007
23410.0 148127.54399941026
23420.0 152634.01476376026
23430.0 149863.71282131012
23440.0 147762.03422018193
23450.0 145686.4669225794
23460.0 149665.0669669455
23470.0 152227.8739736242
23480.0 149741.46893682715
23490.0 145665.5349230854
23500.0 151959.17616489553
23510.0 145490.13072352877
23520.0 114590.66458665609
23530.0 122480.0417703671
23540.0 132436.1141828845
23550.0 132439.0519303091
23560.0 136657.26896030593
23570.0 140537.46127095717
23580.0 138548.1968684749
23590.0 139130.11435378974
23600.0 143328.7618780461
23610.0 141186.80930076845
23620.0 137188.50298091825
23630.0 142950.1269206475
23640.0 141069.57077993636
23650.0 141968.30167694608
23660.0 142003.93941164287
23670.0 139956.22639708148
23680.0 142579.29865834938
23690.0 144033.59417961398
23700.0 143691.4429159138
23710.0 144916.66493169317
23720.0 134184.74221753376
23730.0 140709.28268845836
23740.0 138101.29441456572
23750.0 138771.69139005733
23760.0 140547.281598161
23770.0 144248.39902009466
23780.0 137611.05966283
23790.0 140633.79956304358
23800.0 139722.76667413604
23810.0 140484.69700719777
23820.0 126615.04454903658
23830.0 107003.24109327496
23840.0 123359.67728638419
23850.0 123746.93647046943
23860.0 122593.95484418159
23870.0 127515.44246043239
23880.0 135916.58927753134
23890.0 128900.57926669593
23900.0 130027.21045528953
23910.0 133480.4428633216
23920.0 124489.73443288603
23930.0 138959.78722578724
23940.0 130619.56918183801
23950.0 133682.8034430549
23960.0 132465.32265902477
23970.0 131270.17017756274
23980.0 134477.32885308625
23990.0 138706.49272513227
24000.0 125784.385746086
24010.0 136518.61411708366
24020.0 130185.8553097732
24030.0 134570.3978625319
24040.0 130037.99956795287
24050.0 129034.81041918715
24060.0 135174.7184313834
24070.0 132394.2528556082
24080.0 126713.91287025472
24090.0 133195.2992619764
24100.0 128443.38282277723
24110.0 131934.9755724228
24120.0 130937.91446621012
24130.0 123227.09974655032
24140.0 104070.36574754048
24150.0 117189.74808576646
24160.0 114208.3946025912
24170.0 120617.8402635844
24180.0 125063.69306907746
24190.0 116529.64828382258
24200.0 130299.76109442762
24210.0 122623.13530174983
24220.0 123330.46562809854
24230.0 122065.55606468831
24240.0 130093.8045874027
24250.0 120587.07825763209
24260.0 123017.02504513504
24270.0 123806.86293042835
24280.0 117585.58390284283
24290.0 130329.62699358715
24300.0 124733.93218284554
24310.0 120949.65072460793
24320.0 129400.46171716694
24330.0 117915.57102667794
24340.0 123303.68336609409
24350.0 125512.18271455992
24360.0 119762.9161384467
24370.0 115279.54614582504
24380.0 126883.23709978451
24390.0 124968.75462905204
24400.0 120788.36118390832
24410.0 121171.64280391471
24420.0 120000.52941452313
24430.0 126172.93346157056
24440.0 112825.9391313899
24450.0 122394.25029750857
24460.0 105180.2724865693
24470.0 102586.20976039203
24480.0 115066.54608457071
24490.0 113448.36548087894
24500.0 113360.76794456317
24510.0 111859.09344784962
24520.0 112875.22001206114
24530.0 114766.47562553501
24540.0 104220.2982724564
24550.0 117101.47831100224
24560.0 111639.28994095522
24570.0 114034.37295736413
24580.0 120638.27703299177
24590.0 112327.54212034025
24600.0 111263.36225662362
24610.0 109558.67538661863
24620.0 116971.12353197133
24630.0 119029.17872018553
24640.0 116935.5389232633
24650.0 112275.58016158127
24660.0 117468.35041913974
24670.0 109749.99765036981
24680.0 110668.4911178681
24690.0 115619.58596530142
24700.0 113437.76101859672
24710.0 113163.63112676967
24720.0 115865.3582151291
24730.0 106436.29232396111
24740.0 108846.27464845288
24750.0 109277.34258420755
24760.0 116288.02768698666
24770.0 116338.55281876499
24780.0 103606.9439116718
24790.0 100076.97400073754
24800.0 100527.25318836953
24810.0 103495.90123127752
24820.0 100726.23029462516
24830.0 106686.60035742733
24840.0 97970.80942298449
24850.0 80372.23441039919
24860.0 76690.67443127351
24870.0 79427.20342326623
24880.0 78278.13739265203
24890.0 78992.78034493676
24900.0 79115.32426771431
24910.0 79721.16612728649
24920.0 81597.0498321221
24930.0 81960.02623406732
24940.0 80583.80839397285
24950.0 82931.10754175823
24960.0 81985.80662450862
24970.0 82041.01867333695
24980.0 80341.42061150476
24990.0 80740.33942090209
