#lam[Angstrom] flux[erg/cm2/s/A]
1010.0 106043.68517967252
1020.0 109803.45368123252
1030.0 378815.88023349264
1040.0 149323.22724472714
1050.0 112440.19583137691
1060.0 113456.6641766775
1070.0 119806.71341275342
1080.0 362570.72004241095
1090.0 369377.54579164775
1100.0 118412.53744286919
1110.0 119361.73966337061
1120.0 124002.27294893994
1130.0 120616.249533729
1140.0 130989.62236305789
1150.0 122923.74094734262
1160.0 125261.04860736334
1170.0 125492.80267881977
1180.0 126033.25179665766
1190.0 126800.33810620948
1200.0 191196.13095240074
1210.0 170175.29393056873
1220.0 1082726.5340683698
1230.0 156616.31225250172
1240.0 638441.5152232402
1250.0 222371.34019516926
1260.0 309449.8628782215
1270.0 317922.0647574495
1280.0 328238.03298414196
1290.0 354258.20317852346
1300.0 381496.9651085405
1310.0 419541.6208216161
1320.0 438225.1177187254
1330.0 445622.8563827066
1340.0 497355.2421416452
1350.0 478662.92554417567
1360.0 490077.04662676307
1370.0 497335.08857110166
1380.0 507879.8831433947
1390.0 1162818.365854278
1400.0 1293143.3000050378
1410.0 955978.3541951806
1420.0 539260.6050176297
1430.0 529537.939550464
1440.0 532254.2855189439
1450.0 535795.6082633998
1460.0 540012.1411038787
1470.0 544197.7487332325
1480.0 546760.541457003
1490.0 858138.7475031458
1500.0 541352.8388556313
1510.0 540461.3109162131
1520.0 541054.633228333
1530.0 565360.7014641211
1540.0 537255.0648466545
1550.0 7628589.333902452
1560.0 537470.9676585963
1570.0 535164.5715600589
1580.0 560736.6539761454
1590.0 534657.1582280614
1600.0 586213.5793993861
1610.0 533615.8868505851
1620.0 533573.5111917089
1630.0 530415.5475131698
1640.0 4851315.071706146
1650.0 525973.8944689318
1660.0 680363.4406357191
1670.0 926488.5237699643
1680.0 522604.1539495814
1690.0 521025.485874069
1700.0 518896.0736835742
1710.0 516273.5038577253
1720.0 554232.3313810996
1730.0 518866.90821757464
1740.0 528690.0102502143
1750.0 784411.5364611314
1760.0 514249.5831492571
1770.0 514087.75841840764
1780.0 515636.80947814195
1790.0 551454.3191267115
1800.0 512181.2577604893
1810.0 631726.4602480299
1820.0 642577.8503853533
1830.0 502726.574038483
1840.0 499519.82958025264
1850.0 539309.563393354
1860.0 518806.2564984319
1870.0 493665.81965195964
1880.0 809389.4470994067
1890.0 1012931.2137522748
1900.0 488753.6089350611
1910.0 3283857.7867021
1920.0 485373.4245313625
1930.0 487530.926968074
1940.0 478685.1323918354
1950.0 478424.04101769114
1960.0 473557.1683860722
1970.0 470769.6976410741
1980.0 468250.58081057435
1990.0 466195.3122243285
2000.0 463042.11657041847
2010.0 459006.88196196436
2020.0 439991.7198014338
2030.0 414997.918272661
2040.0 402801.6825581156
2050.0 384480.61815766204
2060.0 378078.57232729375
2070.0 380936.8213614167
2080.0 372560.45363089297
2090.0 384149.4464177137
2100.0 375860.28740647977
2110.0 375917.6142203973
2120.0 386769.0867143085
2130.0 386233.5741725182
2140.0 406235.01367915806
2150.0 371630.6460164362
2160.0 374492.7739531329
2170.0 365476.93494831386
2180.0 379861.6588463838
2190.0 371574.0789037702
2200.0 375304.32429882017
2210.0 379837.1963458258
2220.0 398534.5037565001
2230.0 389940.56160662
2240.0 396233.45388408186
2250.0 420846.5483898106
2260.0 410637.28845613636
2270.0 418824.5380929095
2280.0 427362.25419213204
2290.0 436283.6867949829
2300.0 456253.7009832202
2310.0 480012.67987772304
2320.0 503882.44483743206
2330.0 902944.2027180544
2340.0 572440.6702093732
2350.0 510455.2858355752
2360.0 498309.0222106613
2370.0 508068.755568764
2380.0 517702.3335416796
2390.0 565919.213534497
2400.0 537271.0981029941
2410.0 548417.0384231226
2420.0 556003.654323378
2430.0 1203883.3075793374
2440.0 574398.0198403401
2450.0 585340.170070545
2460.0 592544.394336366
2470.0 601637.132055456
2480.0 610804.5289380172
2490.0 620165.9476804115
2500.0 628618.6283553913
2510.0 701570.1490229996
2520.0 647499.9292000171
2530.0 656192.1928027484
2540.0 663522.7255596013
2550.0 672276.4812207778
2560.0 778783.0654172165
2570.0 688775.3202119942
2580.0 697611.5250721234
2590.0 723364.9899677557
2600.0 714662.0848285889
2610.0 722166.3898667921
2620.0 729506.5791595343
2630.0 737474.7253585574
2640.0 745799.2829996067
2650.0 752379.7959438849
2660.0 757490.135505342
2670.0 850377.3695999093
2680.0 770450.0194716852
2690.0 778171.384098426
2700.0 785511.7449782469
2710.0 791284.5505778317
2720.0 801256.8181825451
2730.0 858692.0013223527
2740.0 866093.9980388776
2750.0 821218.0940004494
2760.0 831929.9712957846
2770.0 836675.929996052
2780.0 844272.4905709815
2790.0 3368070.3947540517
2800.0 2127192.167225861
2810.0 868190.7570504865
2820.0 875286.2449830131
2830.0 1364012.1714947382
2840.0 889335.2901333248
2850.0 948784.9629193714
2860.0 921528.9352547798
2870.0 912191.8916112357
2880.0 920208.3726435237
2890.0 927053.2976198145
2900.0 934087.7141525907
2910.0 940514.4836758142
2920.0 947466.0751869564
2930.0 1104254.2482477198
2940.0 961346.5859598918
2950.0 989329.2884836771
2960.0 975648.9969340716
2970.0 982966.9372107198
2980.0 993097.9444465337
2990.0 997456.332167093
3000.0 1003467.8156473576
3010.0 1010664.1120302572
3020.0 1018328.1566350777
3030.0 1024895.1122946091
3040.0 1032578.1190590332
3050.0 1038750.1773142304
3060.0 1045397.676372826
3070.0 1052338.52757666
3080.0 1058358.8338215519
3090.0 1064029.2018713271
3100.0 1075217.7179169771
3110.0 1080989.542460957
3120.0 1088256.0174799098
3130.0 1091166.8342547684
3140.0 1097258.2253047896
3150.0 1103935.735161939
3160.0 1109645.5835902295
3170.0 1115314.7661666824
3180.0 1121158.9835264583
3190.0 1162532.236878348
3200.0 1134511.5057628457
3210.0 1332042.5568820846
3220.0 1148312.6066219534
3230.0 1154963.099573117
3240.0 1164572.8039215426
3250.0 1167267.2179612152
3260.0 1179125.808779735
3270.0 1178165.0372466354
3280.0 1183962.5184190734
3290.0 1191031.5349987776
3300.0 1193564.8906757545
3310.0 1199374.6623510416
3320.0 1203460.657859167
3330.0 1211500.1379882488
3340.0 1340989.9570212718
3350.0 1220020.8944640795
3360.0 1232780.7368754174
3370.0 1229073.4739219646
3380.0 1235645.6371975571
3390.0 1241684.7627403399
3400.0 1247938.952155269
3410.0 1251247.2665500143
3420.0 1418135.692925191
3430.0 1423101.3555920147
3440.0 1266716.8871075667
3450.0 1270011.1211774512
3460.0 1277637.392697604
3470.0 1285268.2962921297
3480.0 1294423.6993201822
3490.0 1299540.927549596
3500.0 1294769.6899929224
3510.0 1288247.3090616826
3520.0 1285833.5433911649
3530.0 1294500.0750043106
3540.0 1298012.1257185517
3550.0 1302883.2724575375
3560.0 1302711.8202384964
3570.0 1304816.9192288078
3580.0 1346140.4539956413
3590.0 1307402.7433301285
3600.0 1306837.1391590305
3610.0 1307876.7376655058
3620.0 1318349.9381258062
3630.0 1324533.8803134488
3640.0 1319931.2457543653
3650.0 1322295.513400142
3660.0 1343557.937112179
3670.0 1346704.0057700013
3680.0 1332807.6778847976
3690.0 1340985.3658185883
3700.0 1340769.739513624
3710.0 1329135.5740611122
3720.0 1169464.2308550405
3730.0 1949419.0389378504
3740.0 1017737.194195478
3750.0 1070936.5195136387
3760.0 1024181.8985751475
3770.0 1141366.9572601751
3780.0 1033167.1291225753
3790.0 1033942.6226662571
3800.0 1115510.5089842756
3810.0 1039455.0456727927
3820.0 1050392.4270521363
3830.0 1040868.2155453159
3840.0 1150411.8102308407
3850.0 1052204.9998749637
3860.0 2091785.0691205007
3870.0 1065412.7443058973
3880.0 1278280.0784751235
3890.0 1068686.4232553574
3900.0 1264008.0770803215
3910.0 1075619.2816921652
3920.0 1073184.3009101
3930.0 1058249.226074371
3940.0 1053349.6923476907
3950.0 1045175.5334732486
3960.0 1368569.7921310216
3970.0 1049271.03352495
3980.0 1280324.2339689163
3990.0 1058483.3407372856
4000.0 1059631.8864983066
4010.0 1065241.2752986813
4020.0 1098648.3621113652
4030.0 1059465.1142246996
4040.0 1067004.4598851644
4050.0 1070753.8243396832
4060.0 1073464.9508218502
4070.0 1074561.77774628
4080.0 1211649.9271142376
4090.0 1086539.490248765
4100.0 1439628.818634367
4110.0 1080257.593700862
4120.0 1086269.5276816152
4130.0 1082559.4081761038
4140.0 1087192.9748632293
4150.0 1084620.1046676834
4160.0 1085233.8403973065
4170.0 1081793.0788253394
4180.0 1080892.0197935237
4190.0 1078882.203954769
4200.0 1085867.979821332
4210.0 1077298.6274926623
4220.0 1076429.3670357526
4230.0 1076268.002636497
4240.0 1078714.0639662542
4250.0 1080120.3670707808
4260.0 1083474.8026169168
4270.0 1085854.8628877313
4280.0 1086648.534957409
4290.0 1086881.8062706632
4300.0 1089894.3604411718
4310.0 1094553.748846575
4320.0 1098348.9666818294
4330.0 1729479.9376034439
4340.0 1102898.8697458524
4350.0 1226825.518760427
4360.0 1110811.9575110583
4370.0 1113144.6307521355
4380.0 1099742.5527979254
4390.0 1110877.7355315988
4400.0 1118640.8515809271
4410.0 1110769.1133642355
4420.0 1113725.1785373818
4430.0 1103745.2775057277
4440.0 1110508.140140688
4450.0 1111867.964602297
4460.0 1155750.8040521988
4470.0 1122980.2100868148
4480.0 1125229.6229550915
4490.0 1128341.3557969055
4500.0 1129980.6005215517
4510.0 1127849.9515988673
4520.0 1127414.4195457746
4530.0 1130626.6655186461
4540.0 1126482.6659485553
4550.0 1121997.3306120322
4560.0 1138995.0072593854
4570.0 1144713.542132478
4580.0 1124178.8206843415
4590.0 1119392.476665629
4600.0 1134700.9810269577
4610.0 1130953.011194527
4620.0 1139950.233914985
4630.0 1131962.0201545907
4640.0 1139317.933257476
4650.0 1213135.8464814285
4660.0 1154003.2449330022
4670.0 1146265.346659436
4680.0 1144855.777832887
4690.0 1551827.2065488412
4700.0 1173337.31400567
4710.0 1189016.1801449626
4720.0 1220841.9765590222
4730.0 1168461.2244514953
4740.0 1210048.7602151807
4750.0 1153667.778597861
4760.0 1158496.8914091873
4770.0 1125163.1709946322
4780.0 1129351.4990912236
4790.0 1135481.5462823445
4800.0 1125580.2022887303
4810.0 1110177.756778474
4820.0 1120386.2971054425
4830.0 1127445.2344945478
4840.0 1135232.978465109
4850.0 1129130.5152157755
4860.0 2387760.8701486164
4870.0 1135318.5671539449
4880.0 1157542.605737166
4890.0 1181761.756912658
4900.0 1167142.9255224888
4910.0 1173908.90980709
4920.0 1169078.6933344393
4930.0 1208202.3526730568
4940.0 1163149.6648690673
4950.0 1186821.0368958262
4960.0 4273204.550725702
4970.0 1133437.0244152583
4980.0 1160445.5456108376
4990.0 1128040.3163104388
5000.0 1123066.427714144
5010.0 10601408.150204174
5020.0 1120501.5866726765
5030.0 1136277.3389705424
5040.0 1121110.7903278794
5050.0 1125548.6296930797
5060.0 1125063.5991905313
5070.0 1125901.6245390703
5080.0 1122020.060020448
5090.0 1122262.6678323415
5100.0 1126402.6180646329
5110.0 1116613.3927284814
5120.0 1121420.6139020217
5130.0 1120872.912812983
5140.0 1120378.0499034475
5150.0 1118510.107379772
5160.0 1140447.1838022307
5170.0 1102673.9139811806
5180.0 1105640.5281963095
5190.0 1142600.1071803356
5200.0 1120619.034664139
5210.0 1107905.276808824
5220.0 1150647.242589694
5230.0 1146167.6177447534
5240.0 1159500.5801625869
5250.0 1143957.8918611496
5260.0 1164276.3278249733
5270.0 1138648.4974158034
5280.0 1150195.9950073825
5290.0 1169093.6733992402
5300.0 1149658.241477123
5310.0 1166461.3849652126
5320.0 1172267.9617789024
5330.0 1124360.9044697545
5340.0 1149356.5643673849
5350.0 1146559.623552323
5360.0 1153122.8567819558
5370.0 1128156.642870316
5380.0 1161443.5814723338
5390.0 1155458.0471590725
5400.0 1128005.5355605194
5410.0 1124154.5573122448
5420.0 1170708.9744429546
5430.0 1134666.1221265215
5440.0 1144908.4038842558
5450.0 1106958.9213613884
5460.0 1109727.978788408
5470.0 1125388.6790164793
5480.0 1125043.7632859016
5490.0 1128813.2472181926
5500.0 1111538.1986592037
5510.0 1116303.1217940021
5520.0 1127949.2904347868
5530.0 1129841.0842494005
5540.0 1129295.690261964
5550.0 1134274.2911649651
5560.0 1130646.8903761778
5570.0 1125787.4939297226
5580.0 1120538.9107390342
5590.0 1104461.8488762656
5600.0 1096235.010311102
5610.0 1108317.8088248135
5620.0 1107459.0940445755
5630.0 1111468.0558681171
5640.0 1107792.3836375112
5650.0 1122284.3014602708
5660.0 1111872.5522179375
5670.0 1111765.8103212665
5680.0 1114426.811075493
5690.0 1113201.417445738
5700.0 1113352.7362463323
5710.0 1115695.6226285072
5720.0 1119477.5585697293
5730.0 1159121.7767196132
5740.0 1120808.2516456533
5750.0 1121788.9347852154
5760.0 1119511.3996625687
5770.0 1104724.6526998593
5780.0 1108966.2729506015
5790.0 1109748.4302867781
5800.0 1110015.5436290225
5810.0 1101125.9386487168
5820.0 1117151.8251003353
5830.0 1092673.6195836363
5840.0 1086145.4251643214
5850.0 1072928.3435580642
5860.0 1062987.7639695124
5870.0 1051273.7838299735
5880.0 1163364.7215977907
5890.0 1022362.4662953803
5900.0 1026591.6985032957
5910.0 1036115.919976808
5920.0 1045466.4809203307
5930.0 1052879.0936035602
5940.0 1058879.0381277392
5950.0 1057222.2318663797
5960.0 1057101.1523663462
5970.0 1063327.955226881
5980.0 1064879.4349668631
5990.0 1071951.388249603
6000.0 1071456.06781142
6010.0 1074636.6113151668
6020.0 1078680.7350629265
6030.0 1086758.7648196283
6040.0 1085857.3145623254
6050.0 1088312.2663329295
6060.0 1092336.1730922535
6070.0 1097486.4913898497
6080.0 1108042.913485142
6090.0 1167189.6779845965
6100.0 1076834.1061236607
6110.0 1088140.1470121464
6120.0 1065651.9173175325
6130.0 1095466.7729248516
6140.0 1100055.2990715615
6150.0 1085969.696556755
6160.0 1035373.1122391289
6170.0 1033409.705362392
6180.0 1047618.4535884479
6190.0 1027344.5728489006
6200.0 1032361.6167887286
6210.0 1031007.2740975101
6220.0 1015040.7759288296
6230.0 1010278.6845750529
6240.0 1011679.0073759927
6250.0 1018507.1138688542
6260.0 1019881.9959086525
6270.0 1022394.9455011125
6280.0 1022893.0417121935
6290.0 1027168.046714502
6300.0 1130416.235525479
6310.0 1032558.8409223646
6320.0 1036938.8208319799
6330.0 1036329.0844687866
6340.0 1045944.8725831399
6350.0 1032547.1953311046
6360.0 1013900.2746380308
6370.0 1038799.1152212135
6380.0 1005356.168623582
6390.0 1003593.8140253386
6400.0 1016067.1236809616
6410.0 1030901.5783996801
6420.0 1030120.9033562624
6430.0 1038311.3660756021
6440.0 1025095.9875912877
6450.0 1039666.5723728875
6460.0 1029929.0746494975
6470.0 1045870.5919389735
6480.0 1034200.7693255951
6490.0 1016937.1702258514
6500.0 1014614.7484158966
6510.0 1028839.4526716676
6520.0 1033370.0565981542
6530.0 1048515.3536492822
6540.0 1055837.375252009
6550.0 1042777.7852025408
6560.0 4369985.878670312
6570.0 1028034.9746384548
6580.0 1051400.858915837
6590.0 1498215.168849706
6600.0 1057793.141689927
6610.0 1056223.2197216558
6620.0 1050270.212361662
6630.0 1046510.9862335285
6640.0 1045270.1683456721
6650.0 1023008.2801935192
6660.0 1011778.6453314066
6670.0 1025933.6445870828
6680.0 996905.2254367336
6690.0 1021850.142568412
6700.0 992258.3411812807
6710.0 964606.4038315763
6720.0 958200.2768789625
6730.0 1188585.5699474826
6740.0 969951.4314262907
6750.0 960579.5644438872
6760.0 963342.0279066169
6770.0 973929.9070475784
6780.0 958525.541764333
6790.0 963389.4899963725
6800.0 956313.9209994932
6810.0 958260.3739505945
6820.0 949917.0193108178
6830.0 954331.5400961861
6840.0 951357.8613637523
6850.0 941086.0652618187
6860.0 936320.1965596968
6870.0 937753.039111637
6880.0 940110.7143664768
6890.0 935699.1614064416
6900.0 939965.5227544293
6910.0 950749.2092380942
6920.0 941717.1533016528
6930.0 958246.775948877
6940.0 955338.6903229353
6950.0 968471.0348124991
6960.0 973674.3432225969
6970.0 970457.5055765954
6980.0 973117.2974708362
6990.0 973477.5771230224
7000.0 992227.2847734028
7010.0 987429.3821458798
7020.0 994557.3562228569
7030.0 1012309.2463893597
7040.0 1059438.25991874
7050.0 1083400.7327782728
7060.0 966163.091789941
7070.0 1080857.330710249
7080.0 1012302.431636285
7090.0 944976.7615607047
7100.0 943316.8467727639
7110.0 964907.4331774629
7120.0 984401.487607204
7130.0 900489.24051127
7140.0 1027687.4703260354
7150.0 914124.6471512701
7160.0 932054.3763579349
7170.0 936114.2484240538
7180.0 960910.4814282057
7190.0 975398.0068522574
7200.0 930830.988745492
7210.0 936855.9969487162
7220.0 968297.4529837461
7230.0 972161.7690756905
7240.0 979041.395214725
7250.0 1030649.3661804959
7260.0 1021258.1761803724
7270.0 1006499.91734307
7280.0 998340.3552302403
7290.0 1068852.998413798
7300.0 1045365.2619013626
7310.0 1053866.818481504
7320.0 1190076.7453248503
7330.0 1030848.0958131225
7340.0 1068715.6687905479
7350.0 1064928.1218885956
7360.0 1053875.2466111972
7370.0 1085738.3106962964
7380.0 1078484.7285687635
7390.0 1074407.9144973452
7400.0 1073348.49839661
7410.0 1077721.694505567
7420.0 1073272.0881433573
7430.0 1073842.7296698252
7440.0 1075230.6495155818
7450.0 1068679.4059692584
7460.0 1062238.051977874
7470.0 1071990.3410770332
7480.0 1075417.481237169
7490.0 1060047.6165722709
7500.0 1078880.8788736796
7510.0 1072226.9377646858
7520.0 1075041.50086928
7530.0 1072174.2920671161
7540.0 1082914.885665893
7550.0 1094404.386994116
7560.0 1091795.9533774601
7570.0 1081000.127167478
7580.0 1104765.268217495
7590.0 1048688.4137232278
7600.0 1047791.2262758316
7610.0 1036361.5203244726
7620.0 1083521.3101751641
7630.0 1015827.7555994131
7640.0 1008474.7137498509
7650.0 986671.151890394
7660.0 898482.5632169504
7670.0 871702.1843423699
7680.0 943002.1550261369
7690.0 937414.0792452397
7700.0 865216.0898625988
7710.0 938654.1297078112
7720.0 972028.4607429679
7730.0 995176.9835431945
7740.0 1031936.7373312626
7750.0 963845.9574150019
7760.0 964551.9915853083
7770.0 981438.2908761993
7780.0 975970.2190599707
7790.0 978648.8891785248
7800.0 984771.0602302686
7810.0 1009351.3223431949
7820.0 999797.6145428304
7830.0 981515.354621531
7840.0 979272.7357275262
7850.0 998197.704116577
7860.0 1001087.5698530303
7870.0 1006428.6716773286
7880.0 1016505.9091259115
7890.0 1031161.9009336772
7900.0 1024816.0769060617
7910.0 994096.4025134156
7920.0 1012800.3086093066
7930.0 1022234.3111712362
7940.0 1024243.4255999963
7950.0 1018336.9248548318
7960.0 1041522.1304912053
7970.0 1077924.526549773
7980.0 1039938.3337305672
7990.0 1038913.968203322
8000.0 1041531.4704784532
8010.0 1047413.128829768
8020.0 1051934.1114063922
8030.0 1053042.7099989774
8040.0 1059004.1262947
8050.0 1049524.911393933
8060.0 1065789.5911148812
8070.0 1054784.6276000128
8080.0 1057916.7124275314
8090.0 1070209.4352339767
8100.0 1076084.9955774653
8110.0 1074113.387525596
8120.0 1067920.4834088716
8130.0 1079707.0945301938
8140.0 1077350.3486766296
8150.0 1074192.867704269
8160.0 1051336.1939061142
8170.0 1043706.9018761325
8180.0 923911.9219040098
8190.0 900299.1062806065
8200.0 919261.7062467346
8210.0 1002446.7308873864
8220.0 1015969.1594805182
8230.0 1027787.213941925
8240.0 1025097.0965474118
8250.0 1029582.9024513321
8260.0 1035428.9637911736
8270.0 1019301.3613290912
8280.0 1014225.2880746558
8290.0 1007576.6927297896
8300.0 1004499.5681046218
8310.0 1001993.5142337129
8320.0 1004582.0690374293
8330.0 954493.6826429775
8340.0 1008029.9052124347
8350.0 989238.0116255498
8360.0 980737.0731866399
8370.0 994998.6348747415
8380.0 947457.655784334
8390.0 935288.1289137469
8400.0 972357.1426328511
8410.0 970830.5176478415
8420.0 981866.8198573659
8430.0 914598.6765367873
8440.0 898491.8893880176
8450.0 906029.8221112194
8460.0 903888.4223237433
8470.0 888577.3245499867
8480.0 921026.6877371086
8490.0 932035.9311126568
8500.0 923157.1861498742
8510.0 907639.3945209517
8520.0 907737.1465925227
8530.0 920757.6254549952
8540.0 911656.3432865795
8550.0 941876.6054930973
8560.0 937655.2572329282
8570.0 937547.400599876
8580.0 930226.1361875895
8590.0 935632.2126873375
8600.0 922313.067018434
8610.0 918688.5753094172
8620.0 928159.0041851414
8630.0 932344.4612186257
8640.0 998062.5715420581
8650.0 931376.9529900155
8660.0 890078.1734457172
8670.0 923497.2314769377
8680.0 915430.4594864796
8690.0 870772.356903618
8700.0 925920.4003434177
8710.0 930985.8680575469
8720.0 932421.5678662504
8730.0 939272.4401903108
8740.0 938805.2546544813
8750.0 941562.2972278732
8760.0 946319.8180126715
8770.0 954202.149795274
8780.0 950250.1029525029
8790.0 959460.511716526
8800.0 947228.7566888122
8810.0 932994.9439190321
8820.0 921492.5066710036
8830.0 947588.0793970922
8840.0 954575.6007449657
8850.0 974155.8513738096
8860.0 915678.5648143762
8870.0 888084.7846055583
8880.0 903855.011999479
8890.0 901898.5929564536
8900.0 933349.1241939242
8910.0 926047.8494225764
8920.0 921642.3433824943
8930.0 929481.9967668664
8940.0 911960.8698042075
8950.0 906857.1766561609
8960.0 919782.9025534168
8970.0 920655.1474891757
8980.0 925924.4458827588
8990.0 933055.410325049
9000.0 906018.7356731698
9010.0 926747.3064226562
9020.0 918442.1603558622
9030.0 943926.1577231062
9040.0 927765.8066737244
9050.0 928541.8683734261
9060.0 923129.450984118
9070.0 926644.1303310809
9080.0 1237097.6128303932
9090.0 913631.0187511677
9100.0 928490.0970302476
9110.0 933336.6585712912
9120.0 935928.2854970788
9130.0 940764.6003984981
9140.0 938646.8524151132
9150.0 935247.1855286481
9160.0 942853.9037087541
9170.0 938992.938817224
9180.0 940796.867063306
9190.0 945476.5360728842
9200.0 939714.6586437623
9210.0 922444.4811620014
9220.0 946532.9614132855
9230.0 901141.6397126587
9240.0 908010.4683565361
9250.0 894400.0261488672
9260.0 905806.3176707954
9270.0 909474.124518883
9280.0 892078.1784727916
9290.0 872834.9024379554
9300.0 876707.8411721124
9310.0 884082.6533540414
9320.0 876388.8975340413
9330.0 884018.9562933554
9340.0 890321.3642116576
9350.0 879724.393458916
9360.0 890444.0439952549
9370.0 880189.2495787506
9380.0 880271.9031683994
9390.0 878855.8011880746
9400.0 878117.7307808346
9410.0 888029.8533573549
9420.0 882297.9765210941
9430.0 890480.0436947353
9440.0 879085.1944130231
9450.0 874491.5757888637
9460.0 880439.8576607571
9470.0 886232.6044353269
9480.0 889739.2200435163
9490.0 893215.6814089122
9500.0 893991.083538732
9510.0 885545.8933724359
9520.0 889876.5857821333
9530.0 888339.7445683276
9540.0 1263285.3395542938
9550.0 1247326.5381770716
9560.0 886961.3845254213
9570.0 882723.7459276853
9580.0 889968.0638460731
9590.0 889157.6522605622
9600.0 844346.7396338126
9610.0 884897.5381050563
9620.0 890590.4651223583
9630.0 880309.1950983554
9640.0 805972.0645150237
9650.0 845027.5990709125
9660.0 885678.7032215588
9670.0 854995.3076385732
9680.0 830830.0244899644
9690.0 852941.158671295
9700.0 869945.8410522036
9710.0 838893.6471504101
9720.0 866864.1380655821
9730.0 824034.5068534864
9740.0 834861.7279929669
9750.0 863192.8416380454
9760.0 871634.7691162515
9770.0 841301.3744676157
9780.0 828072.9667224679
9790.0 832555.77715844
9800.0 871189.284336614
9810.0 865021.545411748
9820.0 864533.890562204
9830.0 856150.8698452052
9840.0 859694.7250060578
9850.0 864599.2981987612
9860.0 863659.9181412646
9870.0 862402.1372509764
9880.0 868313.9786314897
9890.0 868554.3665269669
9900.0 813528.2379927953
9910.0 776888.9076518619
9920.0 783968.7728896255
9930.0 793955.2441429414
9940.0 826964.00551117
9950.0 830218.6001058171
9960.0 826429.5249728826
9970.0 808549.0328585417
9980.0 812871.3250853419
9990.0 809061.4245426054
10010.0 807860.8171282234
10020.0 814273.5649241267
10030.0 861827.1508359397
10040.0 812014.3073315194
10050.0 791816.6589122548
10060.0 783962.8494749535
10070.0 812430.8323861645
10080.0 817587.9098673693
10090.0 805415.4644445907
10100.0 825622.1327754725
10110.0 808020.8845935165
10120.0 804430.995353227
10130.0 880419.9323104972
10140.0 803112.4888810357
10150.0 804770.2977168837
10160.0 798427.6642621894
10170.0 809354.6798278764
10180.0 798501.7585896527
10190.0 804327.4227554579
10200.0 809530.8782140228
10210.0 806371.4667294268
10220.0 794841.6109452054
10230.0 798402.7827364865
10240.0 821012.0218347679
10250.0 784898.0387341592
10260.0 771423.9320767329
10270.0 779568.9191023842
10280.0 769025.7994023118
10290.0 788428.4874773631
10300.0 779552.3255694235
10310.0 798224.4301177962
10320.0 778348.5637025967
10330.0 788061.6491483401
10340.0 774931.9604922871
10350.0 762107.668391888
10360.0 789803.2523541744
10370.0 800315.2193400075
10380.0 780826.3554480355
10390.0 779333.4647174525
10400.0 766745.9003909993
10410.0 778184.593771064
10420.0 785983.0774974255
10430.0 772217.1232584335
10440.0 796644.5569382098
10450.0 793294.7520777832
10460.0 793698.1019807138
10470.0 768274.4719478491
10480.0 778976.8629603685
10490.0 787352.5003009185
10500.0 766236.7169001299
10510.0 772772.286786086
10520.0 770163.5780498467
10530.0 798489.8710887698
10540.0 779429.7064290836
10550.0 781689.0101431201
10560.0 778811.2321499866
10570.0 768889.7501054284
10580.0 770385.037952169
10590.0 769074.9366245877
10600.0 781749.8291827987
10610.0 774018.5158904383
10620.0 768133.578957258
10630.0 782539.5861330468
10640.0 774693.3931229938
10650.0 766839.0036303514
10660.0 748388.0636203808
10670.0 765187.0926367209
10680.0 760646.4499053902
10690.0 768011.8991334243
10700.0 768496.464709556
10710.0 769842.3559095042
10720.0 770938.4537234441
10730.0 738813.4623154099
10740.0 769534.8125175012
10750.0 763337.6692750813
10760.0 761584.5151858043
10770.0 773366.5618345205
10780.0 771372.3134626148
10790.0 761852.4720989913
10800.0 758201.5118963257
10810.0 754317.2863701346
10820.0 1868437.3212541381
10830.0 761568.7561693182
10840.0 762231.2309084415
10850.0 759331.2328788803
10860.0 750210.7381311913
10870.0 763852.9912488435
10880.0 766689.0798068083
10890.0 757073.006998579
10900.0 762636.0039058358
10910.0 749572.7383930659
10920.0 828165.0897576006
10930.0 754899.708687477
10940.0 761728.9047766976
10950.0 753137.3278091036
10960.0 745085.1810580485
10970.0 747039.3197883042
10980.0 741221.8728507374
10990.0 752703.6489142184
11000.0 746065.4287138353
11010.0 743608.6896719034
11020.0 732179.6284612315
11030.0 734948.2348079043
11040.0 737443.5590676728
11050.0 723394.3529254792
11060.0 735809.2320358581
11070.0 729113.1849564225
11080.0 728046.3875818446
11090.0 734847.1783408085
11100.0 733968.2294670886
11110.0 726139.3650335049
11120.0 720768.3593314455
11130.0 728807.3657870658
11140.0 732573.11759226
11150.0 723066.5227307649
11160.0 729015.0378626643
11170.0 728581.211457463
11180.0 730465.9116218898
11190.0 719188.7407380728
11200.0 717481.874592134
11210.0 723193.9910405716
11220.0 719612.3005676058
11230.0 729698.4682182933
11240.0 723436.8055055891
11250.0 703480.5224595157
11260.0 715967.6677065281
11270.0 725238.4663914817
11280.0 718013.6213574911
11290.0 717011.5107701912
11300.0 702530.0417589167
11310.0 719065.5542287065
11320.0 720808.6749295923
11330.0 714236.3869439953
11340.0 712447.2534589702
11350.0 713227.9137158878
11360.0 708973.4246882133
11370.0 693041.1666141597
11380.0 618361.0712032468
11390.0 681678.2146004229
11400.0 611798.7301454628
11410.0 655069.8267047235
11420.0 686537.1327147346
11430.0 704538.9338943134
11440.0 690290.6630310314
11450.0 697870.8997740285
11460.0 704368.9650518993
11470.0 700837.3196001712
11480.0 698173.664152591
11490.0 704208.8196105261
11500.0 707236.6986713673
11510.0 702291.1945105564
11520.0 703213.7502317843
11530.0 703514.8825955419
11540.0 692924.7940607639
11550.0 697478.9499774319
11560.0 697527.2174946301
11570.0 699125.301491953
11580.0 698381.402289649
11590.0 673729.1448139668
11600.0 690101.6352608566
11610.0 646246.6786204731
11620.0 691833.1885558594
11630.0 690921.8727565506
11640.0 660927.4201876046
11650.0 688565.3554725138
11660.0 701397.8926703725
11670.0 689150.3722154605
11680.0 682552.3138916516
11690.0 613685.1102062673
11700.0 682789.122649106
11710.0 683578.6077351538
11720.0 682637.439928669
11730.0 683936.9801850533
11740.0 675310.6081059439
11750.0 676722.1190724395
11760.0 670455.8817905652
11770.0 579948.0977736814
11780.0 634819.8252464761
11790.0 669787.915325235
11800.0 672548.5040923886
11810.0 669466.8733318474
11820.0 667345.8421942391
11830.0 639662.5180830372
11840.0 669540.3273130502
11850.0 666591.3237370101
11860.0 670534.7785753174
11870.0 669806.0549821423
11880.0 607712.0139427091
11890.0 648386.8755768647
11900.0 668188.5099875813
11910.0 663625.9227363644
11920.0 667261.3507082567
11930.0 664820.6690454215
11940.0 660635.3276936426
11950.0 643377.1126726441
11960.0 645967.8681496463
11970.0 595324.0177176574
11980.0 638708.8735349248
11990.0 650015.3985990211
12000.0 653271.9914362034
12010.0 655676.7831111643
12020.0 652118.172610102
12030.0 647470.4265468072
12040.0 657029.39384395
12050.0 649075.7210769278
12060.0 655875.5407599371
12070.0 647820.2476707804
12080.0 649949.0382993117
12090.0 644028.3120191111
12100.0 650275.2729371903
12110.0 642972.8106068769
12120.0 648477.1046985586
12130.0 643997.3743447335
12140.0 650268.6256312164
12150.0 650208.3092633537
12160.0 641965.8833075459
12170.0 649009.58166941
12180.0 645299.5651555264
12190.0 643908.241028919
12200.0 640217.7945179472
12210.0 641059.7760246372
12220.0 641419.261074323
12230.0 641309.3882526604
12240.0 640198.6098764078
12250.0 642668.3676809565
12260.0 642115.4782872016
12270.0 637210.4303763618
12280.0 640182.4310277534
12290.0 637338.0184364696
12300.0 637259.9099504717
12310.0 634516.523035122
12320.0 630423.9559855789
12330.0 631607.3331845463
12340.0 631975.6936296753
12350.0 633869.5786732017
12360.0 629737.803637322
12370.0 631300.7226350856
12380.0 633150.6797050681
12390.0 623352.1360043162
12400.0 623762.5920760983
12410.0 617876.5758047646
12420.0 610049.2178758486
12430.0 584564.7011143373
12440.0 614440.344746036
12450.0 618940.9123477215
12460.0 619419.1702008527
12470.0 616873.2991866397
12480.0 617789.0934985438
12490.0 617783.3840061809
12500.0 622842.1626228725
12510.0 612421.0103912014
12520.0 568151.1417583327
12530.0 608564.9714996836
12540.0 614275.1635889821
12550.0 611961.7106683918
12560.0 611059.1218657056
12570.0 795390.8963217377
12580.0 612835.2371793494
12590.0 605395.7765343211
12600.0 609891.9824871302
12610.0 610351.3324478111
12620.0 607465.733287306
12630.0 606150.040777027
12640.0 601445.6858507424
12650.0 607602.6182375522
12660.0 605471.8703921125
12670.0 598753.1080913902
12680.0 582047.5580177248
12690.0 609975.895765373
12700.0 600581.3543232797
12710.0 603268.8424632521
12720.0 604401.4276440305
12730.0 602428.7752738376
12740.0 592369.6007347889
12750.0 597681.4081839358
12760.0 602495.9245849724
12770.0 598471.1766617442
12780.0 595089.9720059815
12790.0 599579.6952864712
12800.0 595796.8787799194
12810.0 591561.3611848586
12820.0 694287.9968678497
12830.0 577084.0008413122
12840.0 589094.9014235632
12850.0 579488.835847004
12860.0 584511.9147958045
12870.0 588763.2218029418
12880.0 586645.6670956749
12890.0 584320.0976558754
12900.0 556749.1617499935
12910.0 577284.7343073859
12920.0 584629.0766462302
12930.0 583215.8967481891
12940.0 584430.0496958338
12950.0 603832.7183156135
12960.0 583895.4846184397
12970.0 582680.9007182095
12980.0 579455.2767354178
12990.0 581243.3411225576
13000.0 583556.5816116398
13010.0 579386.3211724316
13020.0 581208.8765382969
13030.0 578645.3153231035
13040.0 580292.8545567573
13050.0 578194.5809374037
13060.0 577198.3162413593
13070.0 574815.9835077357
13080.0 570731.3286523983
13090.0 567971.7932012202
13100.0 573218.659608722
13110.0 565697.0615521133
13120.0 506956.0683327268
13130.0 537811.8296216223
13140.0 558363.6093296804
13150.0 510574.8952533781
13160.0 560601.5293967563
13170.0 566502.9044694413
13180.0 566551.46347629
13190.0 568943.0717985595
13200.0 562898.0722794912
13210.0 609081.2568754404
13220.0 563422.2257413755
13230.0 563339.0406251329
13240.0 565128.8199501887
13250.0 555991.0159642192
13260.0 560791.2321772678
13270.0 552096.6264401773
13280.0 567519.7438508918
13290.0 539228.0117922763
13300.0 550178.4814279387
13310.0 543063.319037
13320.0 509805.3643339523
13330.0 545287.724022896
13340.0 522571.8326269778
13350.0 506917.03691206244
13360.0 515924.1515116021
13370.0 511984.89973418566
13380.0 519268.6781150228
13390.0 519585.2869258259
13400.0 515525.53367301775
13410.0 517967.21378975327
13420.0 508315.96976236964
13430.0 509404.2782086341
13440.0 500835.63750972383
13450.0 521823.4310302927
13460.0 512687.00462265394
13470.0 510395.9567899195
13480.0 510258.37488985056
13490.0 518702.0412556731
13500.0 489722.82481990306
13510.0 513599.27579099685
13520.0 506234.5196703968
13530.0 509462.12527718325
13540.0 498834.86700530257
13550.0 499620.77400612243
13560.0 513603.4963356565
13570.0 504017.5362890245
13580.0 502871.6645707117
13590.0 499799.2695859204
13600.0 507146.9589219421
13610.0 499986.5909033385
13620.0 488905.03076414333
13630.0 491881.91400474333
13640.0 490713.30838592316
13650.0 504377.4437558451
13660.0 498767.40830165136
13670.0 503203.96252053935
13680.0 497336.5259007497
13690.0 499117.1876675214
13700.0 501460.0769288364
13710.0 489371.27841799014
13720.0 503268.59636147035
13730.0 496756.0205028375
13740.0 500522.1349292105
13750.0 520283.99381060305
13760.0 497233.97112411447
13770.0 500060.6771404253
13780.0 494882.16457497736
13790.0 497209.81093829655
13800.0 498596.98412109615
13810.0 500535.9942650401
13820.0 488497.9210010939
13830.0 493216.34479304915
13840.0 496604.28292489465
13850.0 488943.21212382347
13860.0 476484.3041195249
13870.0 495009.1420706877
13880.0 482075.99709996354
13890.0 487368.9123755869
13900.0 475297.2325832081
13910.0 470137.80580882856
13920.0 470130.2280179547
13930.0 475643.1690588913
13940.0 479058.0792159181
13950.0 470316.8762035741
13960.0 480885.48538410134
13970.0 466318.47212913795
13980.0 463793.3969216852
13990.0 473442.87326526555
14000.0 457949.304163131
14010.0 469870.88786119554
14020.0 473514.69956604287
14030.0 477215.0317501544
14040.0 465479.4193082488
14050.0 467207.7157711461
14060.0 471185.41486793646
14070.0 462393.12758838804
14080.0 463609.7178996597
14090.0 460488.00484247913
14100.0 460985.17226052296
14110.0 460950.72039478354
14120.0 452431.68057831365
14130.0 461952.3172109646
14140.0 446024.9418075449
14150.0 461605.86054597003
14160.0 456879.67239205155
14170.0 442306.18382717593
14180.0 451949.47330949036
14190.0 442038.5281910118
14200.0 453585.187235797
14210.0 454218.38063044543
14220.0 450465.00158291747
14230.0 445611.00060252566
14240.0 445386.5315047911
14250.0 441320.74151792424
14260.0 438359.9169335344
14270.0 439669.1081237948
14280.0 438282.0028470371
14290.0 437537.5510702026
14300.0 453410.1969968375
14310.0 445617.7390884878
14320.0 444373.6392063784
14330.0 445728.84735984704
14340.0 436657.1968934939
14350.0 441873.0184658611
14360.0 441636.5290145378
14370.0 447924.5960840222
14380.0 444182.9709442905
14390.0 432389.5607396273
14400.0 444757.865939782
14410.0 429059.51559791405
14420.0 437141.31038293894
14430.0 446198.80451507296
14440.0 435058.77384815353
14450.0 426304.1641251783
14460.0 437434.1236491316
14470.0 428237.6183168817
14480.0 434221.99724886025
14490.0 437461.2976659874
14500.0 425237.0854448823
14510.0 431221.9423499904
14520.0 437935.9893023814
14530.0 429523.6018742381
14540.0 430056.58936917793
14550.0 434647.14811693516
14560.0 418819.84539282013
14570.0 424385.12063587626
14580.0 435248.4521709533
14590.0 431368.47721426876
14600.0 425654.0236565791
14610.0 420820.34632911393
14620.0 419384.05684711
14630.0 418050.1852789102
14640.0 423492.5003098444
14650.0 426915.18035321834
14660.0 421981.17668320495
14670.0 415198.92943864374
14680.0 411850.12825571955
14690.0 413186.06860836805
14700.0 415159.40669916227
14710.0 417759.75685995654
14720.0 422224.42126156867
14730.0 420302.69651131635
14740.0 412214.1195693166
14750.0 411512.14942050056
14760.0 417738.8024941613
14770.0 406866.16767029715
14780.0 412589.8154045032
14790.0 413238.80654270767
14800.0 408213.65027349716
14810.0 408975.09218192816
14820.0 411812.0183721051
14830.0 417774.6467042767
14840.0 412092.42276664206
14850.0 409711.54620555835
14860.0 414978.1469569312
14870.0 410558.92349525064
14880.0 401208.205004697
14890.0 412262.4829508087
14900.0 405908.2087906479
14910.0 415047.4048337079
14920.0 406777.9838947659
14930.0 415029.6793357625
14940.0 406568.80802999286
14950.0 406045.5335936343
14960.0 411235.54000272526
14970.0 413923.77950535493
14980.0 413617.5336155221
14990.0 409172.46976323804
15000.0 399072.6274335856
15010.0 405578.9126024776
15020.0 389370.01401423605
15030.0 398861.1014920174
15040.0 401372.1273593969
15050.0 401566.54725729953
15060.0 407731.8790142749
15070.0 407195.48273407796
15080.0 404739.0145226967
15090.0 414498.45040662354
15100.0 408349.9019130775
15110.0 410197.1850125679
15120.0 414899.4904105685
15130.0 399256.56085330335
15140.0 417041.52450549114
15150.0 407936.36801086576
15160.0 391160.1804752597
15170.0 383184.319285152
15180.0 412621.0688304496
15190.0 407484.434164918
15200.0 407504.5998059
15210.0 415866.17465509096
15220.0 405584.2642649257
15230.0 412601.6820797805
15240.0 399418.83301173366
15250.0 401158.9475799652
15260.0 393019.1582602364
15270.0 401979.0760367883
15280.0 393886.83803470875
15290.0 403018.398282363
15300.0 403664.1097153124
15310.0 401606.6012042904
15320.0 386299.2542736633
15330.0 393221.6780577569
15340.0 396492.4871713376
15350.0 421919.9328175314
15360.0 401468.83587228303
15370.0 397041.8472248211
15380.0 395019.0837804434
15390.0 395282.2716969109
15400.0 389657.85649243725
15410.0 391490.7322820382
15420.0 387257.1335483617
15430.0 390962.7902020691
15440.0 393521.2939588617
15450.0 397869.3121974486
15460.0 395322.1171579161
15470.0 390108.36441703106
15480.0 392913.9291883207
15490.0 396830.7273744489
15500.0 386588.0480682948
15510.0 390481.17266432126
15520.0 397172.12386540626
15530.0 390156.21556923934
15540.0 380880.21257171663
15550.0 391512.104951339
15560.0 388716.6540371309
15570.0 382968.90088918403
15580.0 389018.63813600264
15590.0 391359.9699659959
15600.0 388327.86046670476
15610.0 387822.0641048808
15620.0 391391.67185917526
15630.0 388818.2321612294
15640.0 391844.8082320924
15650.0 379799.3947760575
15660.0 387273.7219690116
15670.0 393873.3120599246
15680.0 392393.089914188
15690.0 386475.0672697263
15700.0 385863.374744163
15710.0 388122.790790149
15720.0 378324.97738381877
15730.0 384476.94474702375
15740.0 390537.9761686019
15750.0 386775.15315894736
15760.0 381259.135642506
15770.0 386923.8257863573
15780.0 381250.0950926782
15790.0 390345.2824674059
15800.0 385155.92308429966
15810.0 388141.64697216
15820.0 388252.0983836163
15830.0 384971.1134349997
15840.0 381275.274350149
15850.0 385758.9136722655
15860.0 387957.77000414184
15870.0 387088.22694066656
15880.0 385746.9649767551
15890.0 380531.7643767081
15900.0 380539.10863034264
15910.0 380810.23260106106
15920.0 383987.30441289104
15930.0 382062.8884238822
15940.0 383810.5177079513
15950.0 386127.6181236621
15960.0 386280.86112211924
15970.0 396678.0523571079
15980.0 382611.3130997794
15990.0 380873.139057592
16000.0 381792.748028343
16010.0 383336.1019531543
16020.0 381813.89739322814
16030.0 382888.643571483
16040.0 374052.10536230844
16050.0 379590.3838697679
16060.0 374159.11362831027
16070.0 376521.4183165191
16080.0 378920.4835492449
16090.0 379595.5392297085
16100.0 378296.3956875984
16110.0 378244.9315859141
16120.0 374979.3965478767
16130.0 375259.4695163565
16140.0 367948.8214126007
16150.0 358076.93597264035
16160.0 360564.2024560788
16170.0 372743.92082227883
16180.0 371650.4727392249
16190.0 357430.7647881637
16200.0 353337.03242282476
16210.0 364108.816366923
16220.0 371918.92123206524
16230.0 372034.7543470349
16240.0 374527.4776102224
16250.0 368660.7376711908
16260.0 369890.51230108296
16270.0 375641.2289573705
16280.0 374889.83798164694
16290.0 374947.3292150246
16300.0 373853.309916797
16310.0 371863.4310547227
16320.0 371628.4158164825
16330.0 375929.2714003973
16340.0 371840.94097674266
16350.0 367017.56232290715
16360.0 369459.1568054315
16370.0 370208.0053259041
16380.0 374801.36693249206
16390.0 368992.18313958857
16400.0 369860.068549586
16410.0 368329.06769724406
16420.0 370364.9283053441
16430.0 370551.19251004024
16440.0 367824.84094899613
16450.0 367292.228477741
16460.0 508332.45711839665
16470.0 369006.875815471
16480.0 370304.07535150973
16490.0 367183.7585800469
16500.0 368007.5098308843
16510.0 366952.1282414483
16520.0 366987.8423020569
16530.0 364266.3372507609
16540.0 364019.306060071
16550.0 367970.84057198156
16560.0 369268.61271207756
16570.0 366476.86365151487
16580.0 363812.2122834835
16590.0 364906.17233657005
16600.0 363980.85008217953
16610.0 360666.1899474382
16620.0 371494.190264413
16630.0 363347.3700677882
16640.0 363010.09661609796
16650.0 361402.3673669881
16660.0 358231.3382363636
16670.0 358478.9199998471
16680.0 362289.6960883313
16690.0 360881.06601759687
16700.0 356446.07181330596
16710.0 352613.4565160144
16720.0 345007.41199440777
16730.0 353708.9636136599
16740.0 353713.6636007624
16750.0 337775.3788619095
16760.0 349599.7696988848
16770.0 352950.4122291863
16780.0 357489.4968044473
16790.0 377872.10482707655
16800.0 356360.9931456292
16810.0 356298.384520864
16820.0 355906.99005499156
16830.0 355777.82586790697
16840.0 354103.0864613665
16850.0 353739.771913751
16860.0 353214.33809452597
16870.0 349001.2128847549
16880.0 348074.5168283995
16890.0 347629.3536377214
16900.0 345541.6101310668
16910.0 348762.5262638537
16920.0 345349.60254792834
16930.0 351294.38553067343
16940.0 346976.9271008115
16950.0 346190.9996880451
16960.0 346785.33805088734
16970.0 341569.60267549107
16980.0 345733.72581873613
16990.0 342438.673859007
17000.0 340741.94678697526
17010.0 342915.4932958783
17020.0 341888.8239137702
17030.0 341429.8644959566
17040.0 338151.0710294638
17050.0 336480.0281927388
17060.0 338347.96017287544
17070.0 333540.6117598772
17080.0 329935.097149249
17090.0 334499.86712931225
17100.0 325628.5189054548
17110.0 316660.185364843
17120.0 328014.098607801
17130.0 334209.2249505692
17140.0 325768.93613677786
17150.0 329211.5724919274
17160.0 325473.5130467301
17170.0 324481.2425970859
17180.0 320936.66923464456
17190.0 319888.4260019618
17200.0 325548.30574717105
17210.0 320230.60102849704
17220.0 324102.38486185967
17230.0 314411.2270159963
17240.0 321918.4558064382
17250.0 325671.3024153084
17260.0 311765.8428941424
17270.0 315793.0983496363
17280.0 319428.9610345983
17290.0 314804.30541520065
17300.0 323387.88648858573
17310.0 308872.5873863302
17320.0 307987.4986720175
17330.0 316828.82519761525
17340.0 306132.9857008988
17350.0 306279.5760159423
17360.0 311776.39637575287
17370.0 309772.25648990995
17380.0 305914.0592891992
17390.0 313679.326080983
17400.0 301623.1937439802
17410.0 306254.64900511235
17420.0 303628.4912691916
17430.0 303545.5134788819
17440.0 302381.0773842882
17450.0 303279.7797935044
17460.0 300771.3673308781
17470.0 299823.5700518091
17480.0 306615.8965868886
17490.0 298285.90206498647
17500.0 287781.95715102064
17510.0 298418.65689003223
17520.0 299425.2159629627
17530.0 295550.65455742914
17540.0 291537.4808046781
17550.0 288209.20449177304
17560.0 282415.10178389377
17570.0 292352.8114020373
17580.0 285317.5626035412
17590.0 289612.96148187824
17600.0 287941.08776237303
17610.0 292729.2111622534
17620.0 278045.5082751327
17630.0 288925.84605538956
17640.0 282910.24593966187
17650.0 288065.9814222298
17660.0 289544.3526622925
17670.0 277948.39819743903
17680.0 270941.490963059
17690.0 289269.69112172804
17700.0 282471.1670110583
17710.0 276163.95615031413
17720.0 269723.16871098086
17730.0 279780.8546968368
17740.0 279144.8963557291
17750.0 275686.2479840686
17760.0 265702.27161202964
17770.0 274510.0959744674
17780.0 273551.20360489504
17790.0 265994.56937006
17800.0 281668.24434841116
17810.0 259786.5602778666
17820.0 263627.3473631252
17830.0 274076.12219535833
17840.0 272596.06798099447
17850.0 262082.36604837375
17860.0 264460.5721042633
17870.0 259498.12410709882
17880.0 263638.17840043467
17890.0 272650.0842799557
17900.0 265273.975542289
17910.0 256071.47324175882
17920.0 263458.30625372723
17930.0 261740.2947947727
17940.0 258894.65392192104
17950.0 267026.93307572807
17960.0 248547.33945352415
17970.0 267811.84814890946
17980.0 269311.87101301947
17990.0 249536.2307829329
18000.0 254117.1322689191
18010.0 267953.2338181322
18020.0 253526.91425295407
18030.0 253988.3121081647
18040.0 257923.19593172043
18050.0 248932.2085202199
18060.0 260066.63662680367
18070.0 248151.5674567945
18080.0 248999.96403368982
18090.0 260442.85051720258
18100.0 274352.0346605706
18110.0 248319.88680224813
18120.0 242039.33303900325
18130.0 256265.08274110762
18140.0 261255.23792159156
18150.0 249047.51228612772
18160.0 258943.67284651534
18170.0 243009.33256578227
18180.0 244998.46283277468
18190.0 249483.0624013543
18200.0 245616.66668850294
18210.0 242137.477106378
18220.0 239298.00573378344
18230.0 260214.9023845409
18240.0 254689.43033029337
18250.0 249350.92684987944
18260.0 236106.78044851415
18270.0 236232.41477576582
18280.0 249849.67573775246
18290.0 252005.81208029273
18300.0 243155.5353777955
18310.0 246060.50188072777
18320.0 231996.67015977373
18330.0 246032.3358843823
18340.0 245067.1627443688
18350.0 240941.7680017096
18360.0 243766.0130957785
18370.0 233830.99507009875
18380.0 247354.15993000637
18390.0 230209.12021039947
18400.0 242316.6666633978
18410.0 248177.46835981443
18420.0 231757.63799201255
18430.0 230252.1928705687
18440.0 226740.19132527098
18450.0 233796.35372112365
18460.0 222915.33706174616
18470.0 216532.5685973426
18480.0 218495.27862877847
18490.0 232686.73937822873
18500.0 229741.1589814081
18510.0 236330.0955274566
18520.0 237614.75160713008
18530.0 221427.6248611213
18540.0 230358.57562379737
18550.0 234391.11278960487
18560.0 215500.48709091218
18570.0 219450.1535565969
18580.0 216221.433320728
18590.0 217083.96563973092
18600.0 216076.26360829856
18610.0 218349.7425943231
18620.0 227172.36071040056
18630.0 228307.9828083799
18640.0 224953.78645550885
18650.0 234632.45189146663
18660.0 231063.96498938237
18670.0 223273.59143723606
18680.0 221929.89681679718
18690.0 230223.11366230843
18700.0 227411.27747204452
18710.0 218800.1537157719
18720.0 222439.01807874168
18730.0 209414.27464284457
18740.0 393290.97973471216
18750.0 224990.87204410648
18760.0 218627.33017664496
18770.0 219599.24006751695
18780.0 215727.4638556842
18790.0 217669.0156533752
18800.0 226454.62210917336
18810.0 220203.30800688872
18820.0 227258.13071639792
18830.0 230822.15148525214
18840.0 221952.6328788877
18850.0 215251.7275096117
18860.0 219743.51548766054
18870.0 227785.73173130566
18880.0 217816.3844130748
18890.0 223022.89330184573
18900.0 222489.22461015685
18910.0 215015.8575296939
18920.0 208890.269068445
18930.0 218098.09369404198
18940.0 215130.16867469804
18950.0 224872.7931458162
18960.0 217727.72496712266
18970.0 221258.79755264372
18980.0 212245.3392531581
18990.0 222974.21604441773
19000.0 224965.0547024334
19010.0 215743.52562511817
19020.0 220077.113421342
19030.0 216903.8432893672
19040.0 221543.49555389804
19050.0 216712.2843734364
19060.0 211912.33987716102
19070.0 218139.6031689301
19080.0 221755.96035666834
19090.0 218208.6749152744
19100.0 214612.34769876633
19110.0 207125.05545775843
19120.0 219923.73120646874
19130.0 219417.65206361655
19140.0 219381.31446724763
19150.0 218408.4459641207
19160.0 209343.10588961514
19170.0 214928.7986561991
19180.0 214412.4482533015
19190.0 214260.78580367437
19200.0 211663.7167697524
19210.0 214936.43657457747
19220.0 209131.25086446354
19230.0 212354.30056029305
19240.0 208890.0176733934
19250.0 213160.3479128916
19260.0 205002.3640026236
19270.0 213494.34774234003
19280.0 208224.48390546718
19290.0 201896.85978422442
19300.0 189140.9722402859
19310.0 164962.75638021162
19320.0 194635.2615798859
19330.0 199547.00322794286
19340.0 207820.95655503607
19350.0 209195.014087952
19360.0 208916.61848048327
19370.0 209041.69931354062
19380.0 201045.81746704679
19390.0 201650.0064667971
19400.0 201270.8586448677
19410.0 212303.38434507704
19420.0 203029.7149019015
19430.0 191792.03495414858
19440.0 186206.93465994415
19450.0 160307.71672519407
19460.0 177452.9268975245
19470.0 192283.05514006453
19480.0 190423.57756423624
19490.0 193418.10816666426
19500.0 178678.0025690437
19510.0 171239.0476538776
19520.0 194125.1647125728
19530.0 198189.71407398046
19540.0 199587.40195564856
19550.0 194319.69413363878
19560.0 197813.52348894055
19570.0 208456.59458824538
19580.0 205084.42202471878
19590.0 202166.8558302164
19600.0 196464.33654597265
19610.0 201811.73745158204
19620.0 202552.6451417143
19630.0 192500.81105528458
19640.0 201518.12886152382
19650.0 200015.2766121046
19660.0 203717.53846022516
19670.0 196354.28171047446
19680.0 198647.25577853183
19690.0 199664.59259640344
19700.0 201482.8423328934
19710.0 191396.7199156065
19720.0 198157.85583899004
19730.0 188475.69454135344
19740.0 191162.89129117512
19750.0 178611.5673085965
19760.0 176027.07062752527
19770.0 163429.78810299566
19780.0 150371.02054435632
19790.0 173405.72229817207
19800.0 178085.10674908286
19810.0 184026.32086226356
19820.0 183759.46233461553
19830.0 187777.82553899134
19840.0 185829.71636342557
19850.0 177278.47814957832
19860.0 157686.76258109947
19870.0 177917.797767836
19880.0 185264.0778267925
19890.0 183653.97812443128
19900.0 182775.45236410026
19910.0 183558.55389940878
19920.0 176524.13568353318
19930.0 183825.872629527
19940.0 183378.4624211153
19950.0 186308.4800619801
19960.0 191511.73509399808
19970.0 177950.2571650569
19980.0 192826.1370415075
19990.0 184658.87919817975
20010.0 189842.64595002602
20020.0 188176.10506102443
20030.0 190505.50824278948
20040.0 187012.2027865896
20050.0 188636.51297417437
20060.0 187014.1685973399
20070.0 188897.311400545
20080.0 184577.7336025498
20090.0 184570.12696090437
20100.0 181693.31719548957
20110.0 186114.87634049857
20120.0 185189.7439192513
20130.0 180744.9107726291
20140.0 191353.22417106788
20150.0 184911.79173751676
20160.0 182382.37129543468
20170.0 182951.93040216208
20180.0 184484.93738196872
20190.0 176750.0359260445
20200.0 181526.9953362983
20210.0 189660.5044588042
20220.0 182743.96356980273
20230.0 185593.03627448753
20240.0 185918.43255690986
20250.0 181093.21844072326
20260.0 177820.8231431684
20270.0 178302.1663169629
20280.0 185097.72353468824
20290.0 178041.08034609735
20300.0 179393.34949083684
20310.0 182939.11627182568
20320.0 186280.82332606614
20330.0 182545.05215888695
20340.0 181864.14547941159
20350.0 175276.61964849726
20360.0 182520.94134521016
20370.0 183859.39535209147
20380.0 181170.58291013216
20390.0 175480.16263076552
20400.0 180396.82406329375
20410.0 179180.04707698675
20420.0 185083.79732977977
20430.0 177643.43418084658
20440.0 173426.04717330498
20450.0 175743.50035193557
20460.0 180087.84970104345
20470.0 182997.44422450126
20480.0 175489.11049523277
20490.0 171455.43857931273
20500.0 180435.32387074403
20510.0 181231.00073828147
20520.0 179033.2386802881
20530.0 178743.51442355203
20540.0 170758.62110653563
20550.0 175764.02522218137
20560.0 179605.4232970588
20570.0 177681.83931547205
20580.0 181258.70334736895
20590.0 177155.0731267125
20600.0 174647.58441866946
20610.0 185837.71737560586
20620.0 175020.52334195268
20630.0 170843.82708794714
20640.0 170461.71808443402
20650.0 172644.98354103163
20660.0 178281.7806538882
20670.0 172649.9541530718
20680.0 176830.10401731203
20690.0 171513.10482121602
20700.0 181312.2304747249
20710.0 171759.41356348462
20720.0 173822.14303824806
20730.0 170232.87513072486
20740.0 173620.2766054792
20750.0 174628.41173108114
20760.0 169910.37243130777
20770.0 174185.86498809129
20780.0 174069.33908441785
20790.0 173881.09308615452
20800.0 174608.57330722356
20810.0 168665.58140600243
20820.0 174010.34642283627
20830.0 172369.36050036707
20840.0 172103.35545895773
20850.0 169467.7672042442
20860.0 172773.02198645548
20870.0 170667.24561576254
20880.0 171999.0067616373
20890.0 166829.68597198784
20900.0 174013.19552625847
20910.0 172348.70769039678
20920.0 176066.64759709145
20930.0 169425.9261335989
20940.0 168908.9133425834
20950.0 170993.32634212507
20960.0 168099.74663139982
20970.0 168655.85826074355
20980.0 173249.63304783593
20990.0 166513.23188376206
21000.0 171059.44845991317
21010.0 170342.59649461406
21020.0 169160.35839592176
21030.0 170534.95331500605
21040.0 171270.64962057237
21050.0 167649.66133633966
21060.0 171873.15533789783
21070.0 169299.74315920693
21080.0 164979.94493873348
21090.0 169749.13493585918
21100.0 171905.859537471
21110.0 165958.69069102703
21120.0 166494.2148682507
21130.0 170523.7340022964
21140.0 171085.6541295001
21150.0 167642.45086582238
21160.0 167771.52137145936
21170.0 163299.2019346545
21180.0 170609.95491292904
21190.0 167511.94957197877
21200.0 167625.28316748433
21210.0 168692.9520025093
21220.0 168794.009855714
21230.0 166556.19152295485
21240.0 170290.02472862366
21250.0 166736.532873414
21260.0 166650.7791602572
21270.0 164310.6639487249
21280.0 165047.00080406334
21290.0 165921.8896366767
21300.0 166845.08224101574
21310.0 169570.21879362038
21320.0 166031.68678588865
21330.0 168437.53361963358
21340.0 164983.0149182094
21350.0 168625.967258471
21360.0 165693.47639549075
21370.0 165402.59372575147
21380.0 164195.28189747577
21390.0 166678.7585049973
21400.0 162992.96800658465
21410.0 166578.47740626268
21420.0 162924.09949990542
21430.0 168659.0994758753
21440.0 167393.47398151492
21450.0 166305.7437896639
21460.0 167245.38423088344
21470.0 166050.4140863555
21480.0 163645.76420879073
21490.0 163542.4606350526
21500.0 162926.5271359845
21510.0 165164.48432539744
21520.0 163375.00215850284
21530.0 165159.55414788699
21540.0 165251.6598878416
21550.0 164253.88649284086
21560.0 163972.52537360217
21570.0 165362.63084128656
21580.0 165357.1499128486
21590.0 163533.62268466744
21600.0 163089.4919605056
21610.0 165452.6951579126
21620.0 162977.5739001482
21630.0 162459.76153885253
21640.0 164364.98883308965
21650.0 162853.4495614419
21660.0 163300.40247751225
21670.0 176107.48355859716
21680.0 164419.3245231788
21690.0 164268.15472267853
21700.0 160683.50098349387
21710.0 162438.7789523807
21720.0 161442.23202337156
21730.0 162172.93857328588
21740.0 162518.33856519934
21750.0 160472.77037588204
21760.0 160736.03393151332
21770.0 161328.09081849104
21780.0 156714.9642261264
21790.0 160489.1165904185
21800.0 160277.081621596
21810.0 162214.3050723478
21820.0 159359.49508618336
21830.0 160057.82640232224
21840.0 160387.69850424322
21850.0 161377.82338410348
21860.0 160277.67683625536
21870.0 159991.24244703288
21880.0 160286.48502811103
21890.0 160552.82397526258
21900.0 156799.44625238734
21910.0 160025.7567111588
21920.0 159295.76363154277
21930.0 159149.4365048999
21940.0 159268.35809814118
21950.0 159781.04638218472
21960.0 159575.61360745304
21970.0 158615.64840891873
21980.0 159361.76905270416
21990.0 158620.02432136054
22000.0 158333.79576649022
22010.0 157549.6765922299
22020.0 157487.43772475395
22030.0 156003.70465090458
22040.0 156001.50523884324
22050.0 147398.71422637702
22060.0 138570.58353974627
22070.0 153617.82781392487
22080.0 142124.67111096295
22090.0 150628.8221144975
22100.0 155635.2655914237
22110.0 156476.34182258876
22120.0 157197.56629142966
22130.0 156491.00614558213
22140.0 157114.76007122462
22150.0 156291.5874781149
22160.0 156306.5966692199
22170.0 155742.68462689908
22180.0 156961.4247942197
22190.0 155182.2942814692
22200.0 154883.24326566444
22210.0 152501.36059528153
22220.0 156285.4643835786
22230.0 153217.43790731143
22240.0 156927.75473074382
22250.0 156557.73858310992
22260.0 154500.2663962991
22270.0 152436.16999369016
22280.0 152694.79857940855
22290.0 154213.51135511752
22300.0 154759.89823376713
22310.0 153509.94784008263
22320.0 154533.22239783366
22330.0 152835.80082233364
22340.0 153138.160342613
22350.0 153270.56744183574
22360.0 153291.92870625854
22370.0 153969.9850774858
22380.0 152846.6281261885
22390.0 154072.32460587405
22400.0 153831.1102952088
22410.0 152587.0990544705
22420.0 152197.09893392716
22430.0 152757.6289240985
22440.0 151005.82232516812
22450.0 153511.22865624994
22460.0 151781.9014021194
22470.0 151973.20257741475
22480.0 151866.75936271105
22490.0 150937.0039423647
22500.0 150522.861910657
22510.0 151275.0540344192
22520.0 150209.59563627248
22530.0 150646.97617617936
22540.0 148731.33313024824
22550.0 149671.15211501188
22560.0 150546.48318912895
22570.0 147855.7964243412
22580.0 149480.53658975536
22590.0 148581.96349307333
22600.0 148155.41821199705
22610.0 147830.77482817508
22620.0 147234.67474346168
22630.0 146226.17896181167
22640.0 146134.99170455657
22650.0 147609.98985713877
22660.0 147221.12719554896
22670.0 148136.32213699553
22680.0 147406.4669653368
22690.0 147935.9834717834
22700.0 145371.24366479143
22710.0 146838.7091511642
22720.0 146459.19900056196
22730.0 146826.2081568792
22740.0 145891.05513668558
22750.0 147523.43228766107
22760.0 146811.38974898725
22770.0 146442.48520922556
22780.0 145394.51631909425
22790.0 145762.82481609844
22800.0 142805.46242422366
22810.0 146406.91173439083
22820.0 145356.86444162106
22830.0 143824.30289125827
22840.0 143558.2297145961
22850.0 145153.55244082137
22860.0 145274.77056346714
22870.0 145222.57800095575
22880.0 144871.68913002248
22890.0 144891.91897288986
22900.0 144894.56877484013
22910.0 142336.47067220294
22920.0 142692.27373637562
22930.0 126515.13069225902
22940.0 127789.66538452996
22950.0 133620.26768673642
22960.0 131795.88672910086
22970.0 133690.09810599362
22980.0 134658.89395706635
22990.0 136509.98876970832
23000.0 136975.0023885471
23010.0 134501.91927794908
23020.0 135837.7459246731
23030.0 135866.53361277698
23040.0 137254.89534018183
23050.0 135681.31595544092
23060.0 136238.33990903792
23070.0 135717.05548046873
23080.0 136955.9569883541
23090.0 134992.4612654975
23100.0 137264.21540536173
23110.0 135092.90480199212
23120.0 135143.82828946112
23130.0 134668.25041730033
23140.0 132723.58956614067
23150.0 138149.50674648385
23160.0 133968.8793177889
23170.0 133184.386600251
23180.0 136749.76085217737
23190.0 136023.64937261032
23200.0 131836.52957912642
23210.0 134176.9882386207
23220.0 122041.54908496464
23230.0 119778.88069518322
23240.0 126811.62865244556
23250.0 124540.49265408838
23260.0 126975.00481847706
23270.0 128125.92741010229
23280.0 126981.40818193796
23290.0 130921.93383155375
23300.0 123177.91649148986
23310.0 128114.4377753845
23320.0 131299.36340165086
23330.0 129482.69742672342
23340.0 126116.81715905781
23350.0 121219.06279862754
23360.0 126717.35515768797
23370.0 125806.17474424097
23380.0 117827.09857420495
23390.0 128301.30591357316
23400.0 126386.57283231283
23410.0 126317.19221584851
23420.0 130367.24680579461
23430.0 126178.4888353752
23440.0 126028.90414529126
23450.0 127951.38352189414
23460.0 127853.70321572336
23470.0 131039.37847393962
23480.0 129092.42303287936
23490.0 126440.70273471744
23500.0 127850.21466269341
23510.0 123724.32943212974
23520.0 113864.26230524592
23530.0 117171.51124123034
23540.0 118784.553817012
23550.0 120201.64830408082
23560.0 121257.27860365037
23570.0 123082.18260496126
23580.0 120169.83767703081
23590.0 120998.46057811004
23600.0 123661.84930320989
23610.0 120799.21748455917
23620.0 120962.60500261965
23630.0 124161.06396820508
23640.0 123270.42963500659
23650.0 123098.97307065141
23660.0 123608.07337466622
23670.0 117593.36960966306
23680.0 122532.24925136543
23690.0 123481.51737742597
23700.0 123647.98333154859
23710.0 123688.71491374701
23720.0 121655.60157052743
23730.0 123766.82228470017
23740.0 122476.03118808343
23750.0 121437.90394865347
23760.0 118239.74557032416
23770.0 124693.37294639173
23780.0 120067.20048263464
23790.0 120450.09635563724
23800.0 119899.27779861764
23810.0 121181.29747551252
23820.0 113542.42261163845
23830.0 110967.43897329156
23840.0 115932.7208480091
23850.0 114897.70328413171
23860.0 112556.09003590258
23870.0 114724.17823899142
23880.0 116254.33342174889
23890.0 115494.03188716329
23900.0 117089.90925839935
23910.0 114000.88871603803
23920.0 112102.17882916267
23930.0 119548.0692500402
23940.0 115965.53243703445
23950.0 116682.32641671924
23960.0 113324.43753646323
23970.0 115464.65930136372
23980.0 115698.21546341572
23990.0 115185.33634693694
24000.0 112535.98114802103
24010.0 113872.68012708392
24020.0 110325.60593018598
24030.0 115709.64850148607
24040.0 111561.77621174534
24050.0 111724.124655175
24060.0 113930.12271721436
24070.0 111855.20703846763
24080.0 108018.32416600121
24090.0 112093.56948682251
24100.0 108831.56790582159
24110.0 112858.76260353065
24120.0 108083.62307199201
24130.0 109917.0421658844
24140.0 105529.67512076511
24150.0 112273.36104636076
24160.0 104303.01866028762
24170.0 106817.3298967437
24180.0 113261.83379262565
24190.0 104021.0596341824
24200.0 113046.65992862392
24210.0 106194.8164309507
24220.0 105604.25308008556
24230.0 108143.0063595993
24240.0 110579.81083070475
24250.0 104741.92414561384
24260.0 104893.82249670441
24270.0 105509.54274031318
24280.0 106356.95124927504
24290.0 109289.60586812986
24300.0 105196.74041645415
24310.0 103397.91648040026
24320.0 110155.40679879786
24330.0 101507.81653005001
24340.0 103505.98713264689
24350.0 108568.31438912003
24360.0 99021.15321000831
24370.0 98952.9636614171
24380.0 107906.39790449095
24390.0 105511.90829849127
24400.0 104498.51530561168
24410.0 101732.52328678918
24420.0 100747.24181520456
24430.0 101561.15426602193
24440.0 97593.26777796386
24450.0 105936.10875391818
24460.0 100270.06819542879
24470.0 98553.8017547252
24480.0 99317.48140272286
24490.0 100982.01243070836
24500.0 102521.75654351544
24510.0 98259.28211787596
24520.0 97202.15040814962
24530.0 96466.79871339614
24540.0 90870.91611128672
24550.0 101238.41483022759
24560.0 101460.4085058932
24570.0 102952.91720740197
24580.0 100387.04451418141
24590.0 95589.66762242536
24600.0 94275.19674557656
24610.0 91976.31860038405
24620.0 101290.26047794816
24630.0 99423.86600156862
24640.0 100656.36351114346
24650.0 96521.76422401107
24660.0 97310.88718103484
24670.0 91996.95568919036
24680.0 95512.37580207922
24690.0 97491.63121202542
24700.0 95578.67441910924
24710.0 96512.77997323254
24720.0 96952.15948416303
24730.0 90878.30131304468
24740.0 90386.92311346075
24750.0 92644.19581791063
24760.0 99449.43961633535
24770.0 95771.0162491766
24780.0 92776.42969523612
24790.0 92420.48402042856
24800.0 91763.83418943573
24810.0 91028.27110826032
24820.0 91745.00825935247
24830.0 96043.60847408023
24840.0 95917.76597379026
24850.0 95168.31496256165
24860.0 90569.24704392208
24870.0 89750.8955288376
24880.0 89524.12678619535
24890.0 88789.8331479563
24900.0 86596.83987631515
24910.0 89680.80997912608
24920.0 94135.24114841431
24930.0 90907.00398818096
24940.0 90472.70872961976
24950.0 93974.16687054558
24960.0 91613.18827529298
24970.0 88578.29978843428
24980.0 86878.94287219804
24990.0 87763.3383838863
