#lam[Angstrom] flux[erg/cm2/s/A]
1010.0 209.68455955292532
1020.0 217.11890513356818
1030.0 749.0482895217217
1040.0 295.2629860305363
1050.0 222.33264431540812
1060.0 224.34254916663036
1070.0 236.89876385259015
1080.0 716.9260631603793
1090.0 730.3854809160426
1100.0 234.1420021115605
1110.0 236.01889887535444
1120.0 245.19481704937
1130.0 238.4994930680776
1140.0 259.0111917053819
1150.0 243.06219116666105
1160.0 247.68384616099496
1170.0 248.14210306061904
1180.0 249.21075542830366
1190.0 250.72754687802254
1200.0 378.0600083762566
1210.0 336.4946389239757
1220.0 2140.9199051111145
1230.0 309.6839043144711
1240.0 1262.4167831847556
1250.0 439.70403753222496
1260.0 611.8879977982967
1270.0 628.6404325791236
1280.0 649.0386227363763
1290.0 700.489380220687
1300.0 754.3497094991571
1310.0 829.576978943712
1320.0 866.520629196955
1330.0 881.1484835067779
1340.0 983.441067069071
1350.0 946.4799773399129
1360.0 969.0495905508872
1370.0 983.4012167381824
1380.0 1004.2518748599624
1390.0 2299.288793768594
1400.0 2556.985670558967
1410.0 1890.2954949727996
1420.0 1066.3022750604803
1430.0 1047.0772480812789
1440.0 1052.4483919082058
1450.0 1059.4507970228017
1460.0 1067.7883237098958
1470.0 1076.064699246705
1480.0 1081.1322186338275
1490.0 1696.8332125767477
1500.0 1070.4393507013613
1510.0 1068.6765014187586
1520.0 1069.8497060933478
1530.0 1117.9111092731093
1540.0 1062.3366745680537
1550.0 15084.32487442856
1560.0 1062.76360790754
1570.0 1058.2031126573004
1580.0 1108.7678585109225
1590.0 1057.1997952356196
1600.0 1159.1444504110566
1610.0 1055.140856537531
1620.0 1055.0570785920352
1630.0 1048.8127608855941
1640.0 9592.705931140174
1650.0 1040.0302084078419
1660.0 1345.3111821242026
1670.0 1831.9843687729026
1680.0 1033.3673547057012
1690.0 1030.2457501812094
1700.0 1026.0354377055041
1710.0 1020.8503795715098
1720.0 1095.9075884637932
1730.0 1025.9786537830282
1740.0 1045.4023683383339
1750.0 1551.0514773074758
1760.0 1016.8495397597098
1770.0 1016.5298500389672
1780.0 1019.5942392224878
1790.0 1090.4183335497935
1800.0 1012.76318132015
1810.0 1249.1444815026807
1820.0 1270.6033551726414
1830.0 994.0685052013887
1840.0 987.7295144980144
1850.0 1066.4089314028276
1860.0 1025.8660245764377
1870.0 976.1617754282089
1880.0 1600.4523840853053
1890.0 2002.9334560493683
1900.0 966.4516447731246
1910.0 6493.339147274524
1920.0 959.7782998256578
1930.0 964.0558966655635
1940.0 946.5643903253697
1950.0 946.0526739817426
1960.0 936.4411095204824
1970.0 930.9429160847492
1980.0 925.9683277571366
1990.0 921.9150379889675
2000.0 915.6854274592966
2010.0 907.7172940087262
2020.0 870.1206632132373
2030.0 820.7241502973136
2040.0 796.616279180691
2050.0 760.4087911934234
2060.0 747.7593809310424
2070.0 753.4984518554807
2080.0 736.9480374450118
2090.0 760.0015696782871
2100.0 743.6136936357952
2110.0 743.7183850466754
2120.0 765.2603224940374
2130.0 764.2112577414604
2140.0 803.8462639252881
2150.0 735.3287408257792
2160.0 741.0960835644371
2170.0 723.4116413229692
2180.0 751.6659024865128
2190.0 735.6862629116357
2200.0 742.9562052836162
2210.0 752.2255401185803
2220.0 788.8435756049308
2230.0 772.4771067133908
2240.0 784.9268394169228
2250.0 834.8047711760012
2260.0 813.004982504472
2270.0 830.1441250115289
2280.0 847.5537992299842
2290.0 865.3838312650317
2300.0 904.7479849925451
2310.0 952.0669164219358
2320.0 1001.3105321135777
2330.0 1790.4098725906374
2340.0 1136.5888864399951
2350.0 1012.089252873469
2360.0 990.0129281065997
2370.0 1008.5298549192224
2380.0 1030.9662927244706
2390.0 1125.0030217087367
2400.0 1073.0527786073035
2410.0 1095.8336200103752
2420.0 1106.2758309815445
2430.0 2394.31519965145
2440.0 1150.3787345904402
2450.0 1179.5103893578755
2460.0 1187.5553927435592
2470.0 1207.9816684447699
2480.0 1227.9163935250683
2490.0 1236.8426475333106
2500.0 1264.3137172451306
2510.0 1407.6010075269132
2520.0 1299.5061101472743
2530.0 1332.290760654057
2540.0 1358.5287324830654
2550.0 1392.2099475311215
2560.0 1581.6559708783884
2570.0 1410.4961886493809
2580.0 1424.4717644161994
2590.0 1467.8772856684218
2600.0 1488.148798413202
2610.0 1487.180030767715
2620.0 1525.280530602858
2630.0 1581.8560996308534
2640.0 1626.3622935412152
2650.0 1606.5279203508446
2660.0 1653.2106466425557
2670.0 1811.84317371107
2680.0 1689.555808618514
2690.0 1686.643433052052
2700.0 1699.4337734927963
2710.0 1784.679077049371
2720.0 1711.949115027007
2730.0 1891.7701027668024
2740.0 1916.136160767736
2750.0 1865.393880508649
2760.0 1899.6265941680126
2770.0 2038.5507843841779
2780.0 1996.03797409626
2790.0 7009.653401995865
2800.0 4530.441944458173
2810.0 2169.2519925996285
2820.0 2197.6574094751663
2830.0 3065.4414184197603
2840.0 2138.0276964496015
2850.0 2055.71876078263
2860.0 2189.4150020756297
2870.0 2339.7298913263794
2880.0 2462.1920784223275
2890.0 2698.352640424652
2900.0 2762.185239630491
2910.0 3055.7469989355614
2920.0 3248.3755904395334
2930.0 3315.8776319942285
2940.0 2933.6653048473518
2950.0 2988.474887042563
2960.0 3309.195831718781
2970.0 2793.5991069260626
2980.0 3158.4040691440614
2990.0 3340.9585671251552
3000.0 3074.999684879671
3010.0 3528.8817308596535
3020.0 3084.140432248407
3030.0 3786.112885967408
3040.0 3967.9615574681475
3050.0 4035.2640983246984
3060.0 4315.013900579113
3070.0 5689.189401862395
3080.0 4666.37163732185
3090.0 4992.220820628087
3100.0 5381.4515686296745
3110.0 6826.933382309228
3120.0 8921.87938618897
3130.0 8477.442343061412
3140.0 10648.066473898689
3150.0 11748.239938027347
3160.0 11041.577644809953
3170.0 14760.768307740924
3180.0 11833.366267313222
3190.0 9271.565068884589
3200.0 12439.0636152991
3210.0 12349.345732119435
3220.0 10884.309839418438
3230.0 9560.84374172612
3240.0 12744.016944938245
3250.0 14468.44237848519
3260.0 25317.206087441624
3270.0 22621.535492062503
3280.0 21164.83503750794
3290.0 28000.78349985525
3300.0 38220.17533328515
3310.0 25983.654582685875
3320.0 21793.833943096433
3330.0 28723.58176443224
3340.0 22024.9358825682
3350.0 22810.350938998872
3360.0 19561.17277996401
3370.0 11888.050339397045
3380.0 19228.407252379784
3390.0 16841.13749138516
3400.0 25038.342093273553
3410.0 19177.03356119515
3420.0 19650.433988417582
3430.0 23378.3614948792
3440.0 11563.047681173628
3450.0 18388.77837923596
3460.0 16607.68091265508
3470.0 16764.405082388414
3480.0 24675.595443380495
3490.0 18735.758897648255
3500.0 29584.258416469842
3510.0 26380.1936685074
3520.0 20610.756108977253
3530.0 31742.156306884113
3540.0 56961.11546159902
3550.0 40082.60235432509
3560.0 31348.203310828176
3570.0 17599.78769312278
3580.0 14639.757668403037
3590.0 17199.543331848377
3600.0 26067.248945328916
3610.0 20642.816232575842
3620.0 26308.773596185092
3630.0 33773.21462198284
3640.0 37404.858055669916
3650.0 26352.105537239222
3660.0 69650.68218432058
3670.0 64291.51121680298
3680.0 39193.10769032394
3690.0 48495.16199121423
3700.0 58540.02845325743
3710.0 28997.964251993886
3720.0 17537.054579505693
3730.0 23531.860710887184
3740.0 16665.433792925647
3750.0 18739.65034856661
3760.0 30150.143224517222
3770.0 54757.9326247165
3780.0 76763.91937441633
3790.0 47136.290355888996
3800.0 56225.78608017879
3810.0 56335.104857393446
3820.0 24002.491018558892
3830.0 25606.08474168692
3840.0 38651.798237416086
3850.0 47068.68989721565
3860.0 23377.867449352496
3870.0 49983.4920874831
3880.0 38176.41852892642
3890.0 40975.41232840934
3900.0 37700.932492012456
3910.0 69980.29106880644
3920.0 45593.610042108005
3930.0 21543.018713301943
3940.0 32483.329366142305
3950.0 62312.8904910154
3960.0 32708.950122773644
3970.0 31805.647750800592
3980.0 91161.43158876087
3990.0 128708.42192096697
4000.0 120832.45074330177
4010.0 149550.42384314846
4020.0 178356.1577870814
4030.0 73919.88982744038
4040.0 126931.35677608059
4050.0 134666.53694045483
4060.0 123193.599159843
4070.0 112014.42725928231
4080.0 157711.14348482326
4090.0 272477.8709636827
4100.0 140027.29117666068
4110.0 158206.49573114963
4120.0 176422.2638458124
4130.0 138086.500825324
4140.0 138177.31075109632
4150.0 162910.1027868252
4160.0 204463.50351946198
4170.0 141104.98502739688
4180.0 177313.66678278774
4190.0 165570.73716842543
4200.0 105852.36657073325
4210.0 144466.43349870542
4220.0 67478.48384454049
4230.0 43104.98448606085
4240.0 126083.83323711304
4250.0 100562.92420489715
4260.0 124451.02030140419
4270.0 106769.19571082201
4280.0 123690.35407975638
4290.0 91717.42199062691
4300.0 120875.38668897649
4310.0 127507.73917806333
4320.0 202799.48071242595
4330.0 199081.84910817197
4340.0 251045.11474126513
4350.0 252870.40452199357
4360.0 295435.7942643728
4370.0 279379.7402093651
4380.0 146473.47844462548
4390.0 229115.51358442477
4400.0 242121.06346834413
4410.0 227158.6839359078
4420.0 261370.27575549847
4430.0 210731.34989752783
4440.0 261361.65923160373
4450.0 256946.8366112021
4460.0 189864.21742847055
4470.0 301175.86375934235
4480.0 316268.44765050616
4490.0 343898.4170634673
4500.0 354784.48883640533
4510.0 384474.1628299888
4520.0 360285.5390696212
4530.0 212707.39764186012
4540.0 309036.0716916489
4550.0 313356.40559500246
4560.0 406301.6044439246
4570.0 426048.73329278367
4580.0 325388.6476253278
4590.0 312419.6234908964
4600.0 339361.1083586509
4610.0 390401.8796912496
4620.0 383939.15089140175
4630.0 362699.83171631105
4640.0 361980.3417023034
4650.0 308201.92694171687
4660.0 439296.0302738846
4670.0 385077.5294137337
4680.0 384713.2826590237
4690.0 406419.28510717425
4700.0 424768.7815646447
4710.0 431512.49079560715
4720.0 428878.0561600835
4730.0 399959.09927174135
4740.0 398847.77625067526
4750.0 446792.1994769054
4760.0 351861.3291374419
4770.0 330202.64727211086
4780.0 355140.0134693643
4790.0 324847.061417213
4800.0 297507.9746924423
4810.0 189693.7987094178
4820.0 270067.0006266118
4830.0 306528.0289423498
4840.0 339511.97373822745
4850.0 334451.1691369423
4860.0 322684.79836189176
4870.0 326060.6196657704
4880.0 360067.4896879733
4890.0 374574.75096628274
4900.0 490132.9735652243
4910.0 487614.4757980681
4920.0 424559.9311483204
4930.0 517028.6768003012
4940.0 435764.2337614713
4950.0 536292.8706027025
4960.0 322381.5913963305
4970.0 360785.6820381434
4980.0 313268.29961649777
4990.0 300770.49367067125
5000.0 289004.75809602934
5010.0 217962.24846106966
5020.0 270464.5670127836
5030.0 369997.3984061128
5040.0 253154.2398452934
5050.0 286490.6731370062
5060.0 297581.704257203
5070.0 285961.9281826304
5080.0 239829.88227674077
5090.0 267051.2306632052
5100.0 305770.30893046653
5110.0 235248.24387468572
5120.0 274477.1627342988
5130.0 268747.1759409489
5140.0 281558.183095444
5150.0 286683.9965725894
5160.0 308370.54619882395
5170.0 157910.779060771
5180.0 205214.25454024336
5190.0 228553.45036973103
5200.0 315539.2901249571
5210.0 214138.04422448575
5220.0 421505.7586139128
5230.0 379685.00711610523
5240.0 490691.2251784367
5250.0 433617.9342469703
5260.0 422215.6014482567
5270.0 246641.76076160657
5280.0 453309.86323902465
5290.0 559183.9027667934
5300.0 453275.82545010146
5310.0 566940.7696451371
5320.0 487018.27133586205
5330.0 329291.04553165694
5340.0 475338.73826836655
5350.0 466133.39730788
5360.0 534856.2835789766
5370.0 366158.5978194423
5380.0 530979.4681220013
5390.0 478360.41491021763
5400.0 367524.8041483925
5410.0 364246.00423194026
5420.0 498823.2971073417
5430.0 348761.99371566164
5440.0 478342.9261832887
5450.0 328251.85291066306
5460.0 357155.29235934594
5470.0 434939.4284222993
5480.0 420910.4187697809
5490.0 444158.797284479
5500.0 389867.37915128644
5510.0 388141.1214879577
5520.0 483957.78271619044
5530.0 456360.1536464047
5540.0 499327.10612663114
5550.0 507173.5542818528
5560.0 471292.76591495995
5570.0 452950.6015506876
5580.0 477712.04160045605
5590.0 377052.56998099724
5600.0 394154.5832588648
5610.0 478244.7356796711
5620.0 427543.21008720854
5630.0 481545.83760954725
5640.0 451463.9124168977
5650.0 521482.43444702576
5660.0 465889.38427476434
5670.0 515800.00182607473
5680.0 547909.2854654763
5690.0 562074.6294498049
5700.0 535060.5086644952
5710.0 537252.8980982116
5720.0 577078.9357772074
5730.0 552827.16680266
5740.0 585436.3025191172
5750.0 583686.9798415933
5760.0 565245.8998905808
5770.0 604705.4777171352
5780.0 584977.6136666891
5790.0 574763.6905923414
5800.0 652551.0609299686
5810.0 630519.5830250758
5820.0 662819.4081810111
5830.0 653112.7745878471
5840.0 657827.3983736114
5850.0 614492.9242802022
5860.0 569740.6009134979
5870.0 577095.642555895
5880.0 553440.0662572234
5890.0 358893.3699317289
5900.0 433729.270404751
5910.0 550274.400207542
5920.0 504620.74385756877
5930.0 528840.149577119
5940.0 553809.404590509
5950.0 528173.8406901938
5960.0 524734.4523922518
5970.0 554186.1461791068
5980.0 521438.166354567
5990.0 580429.9751867577
6000.0 565687.169975556
6010.0 569113.5403555034
6020.0 544108.4725749913
6030.0 570882.428754446
6040.0 573286.1451043871
6050.0 576487.6204516432
6060.0 556889.5158930693
6070.0 583287.5957277197
6080.0 616562.1725212558
6090.0 559768.599739748
6100.0 547134.9430268445
6110.0 595616.0647804531
6120.0 539670.5229726637
6130.0 603502.886853003
6140.0 550295.9403609284
6150.0 589978.6067643072
6160.0 440590.79946729785
6170.0 449390.52492409333
6180.0 517936.71409567754
6190.0 445428.9927333184
6200.0 493785.83445784525
6210.0 464157.515416918
6220.0 413768.7627711953
6230.0 365506.41373313527
6240.0 312917.85895250196
6250.0 347915.99049545877
6260.0 343918.3303311259
6270.0 350594.0673983941
6280.0 385829.71805418865
6290.0 422770.1672632538
6300.0 410626.3421387575
6310.0 458445.7779024598
6320.0 483400.19018842134
6330.0 506803.5107242134
6340.0 519985.1488380567
6350.0 383302.31529409473
6360.0 377562.2057249206
6370.0 437702.0998209599
6380.0 396348.02415576676
6390.0 369381.836848724
6400.0 429437.138716661
6410.0 464862.6411279126
6420.0 458412.07127522683
6430.0 490748.0112884013
6440.0 511700.2013614066
6450.0 517915.17367448786
6460.0 522780.439961878
6470.0 549039.2241934853
6480.0 397555.3375336062
6490.0 380756.78557326307
6500.0 312274.1930812394
6510.0 338141.1355356858
6520.0 330734.3162062123
6530.0 399675.6257992853
6540.0 422018.0003705838
6550.0 414461.70443259773
6560.0 456791.8885113976
6570.0 498441.7182187139
6580.0 524821.5814540364
6590.0 527129.454054843
6600.0 584869.3903554383
6610.0 568780.2390453483
6620.0 588316.397064541
6630.0 589395.7299977043
6640.0 622284.1671531915
6650.0 577948.1279936854
6660.0 568948.5821080782
6670.0 620294.7612301086
6680.0 561097.6136242423
6690.0 564555.9932815148
6700.0 585654.0534311162
6710.0 545680.2966046679
6720.0 498427.0948079084
6730.0 542868.7263885229
6740.0 544799.8412307249
6750.0 507742.72534003307
6760.0 544297.666835666
6770.0 569620.4896511924
6780.0 520907.3323782506
6790.0 507803.493968624
6800.0 539504.8556834038
6810.0 548901.8017631307
6820.0 530438.8152634832
6830.0 568069.0614770184
6840.0 570368.2291058084
6850.0 540973.4827352933
6860.0 524881.46052395
6870.0 550724.6919337232
6880.0 560435.8982939519
6890.0 539004.6926057244
6900.0 554831.5747598615
6910.0 600286.9359771387
6920.0 574807.876746413
6930.0 541764.5514662366
6940.0 492980.6293043932
6950.0 542233.6757406716
6960.0 565283.6169702883
6970.0 579982.5320465983
6980.0 581439.6026298085
6990.0 631723.0540722786
7000.0 623817.3354077482
7010.0 647536.7572308477
7020.0 671908.9357024074
7030.0 689372.6616354614
7040.0 730897.8176106585
7050.0 735913.1307502734
7060.0 618824.5530388713
7070.0 643762.4340147729
7080.0 685855.5131676497
7090.0 562479.104802447
7100.0 584824.0711755217
7110.0 614455.4586360977
7120.0 673950.9830786098
7130.0 482345.8781961124
7140.0 526378.7088701888
7150.0 530831.1739338102
7160.0 586690.1520362941
7170.0 605007.9626161378
7180.0 636446.7369922107
7190.0 644075.7198706537
7200.0 606974.7271739763
7210.0 608508.9374133911
7220.0 680266.1453493142
7230.0 706305.0696242901
7240.0 696335.4295617384
7250.0 737942.941130595
7260.0 761009.8876765606
7270.0 747141.7705284274
7280.0 744830.5445265955
7290.0 785836.8709070954
7300.0 803272.1403850332
7310.0 807706.154718191
7320.0 799975.1873273342
7330.0 795810.8185579329
7340.0 836589.9172624658
7350.0 838104.2821652617
7360.0 779546.389355266
7370.0 870255.9425593396
7380.0 867572.0037423312
7390.0 825664.8484029549
7400.0 851008.6747660348
7410.0 845706.4577252973
7420.0 847490.4516953377
7430.0 868885.9314081072
7440.0 868229.7039083074
7450.0 852402.780050443
7460.0 857971.200855502
7470.0 864441.7220825502
7480.0 892797.6023378706
7490.0 862929.6187601596
7500.0 872610.9214293892
7510.0 867254.8903635337
7520.0 892796.7009989277
7530.0 890300.4580120066
7540.0 901630.5108993553
7550.0 903456.6102408579
7560.0 893305.6829016209
7570.0 901874.3618940024
7580.0 894616.7028978878
7590.0 852012.620183167
7600.0 864349.949077106
7610.0 850200.2444503371
7620.0 851519.0408587725
7630.0 850658.363770686
7640.0 844518.7623981293
7650.0 850904.2587923766
7660.0 790820.9125360855
7670.0 777309.7258022462
7680.0 803707.0505562114
7690.0 801438.6688349113
7700.0 790139.2231793363
7710.0 774174.7350397053
7720.0 795633.784891372
7730.0 813700.7886025896
7740.0 828233.3646084849
7750.0 765394.6528470904
7760.0 798982.2871406628
7770.0 807461.9388110529
7780.0 800744.7195512111
7790.0 799961.2307030412
7800.0 816634.2507133398
7810.0 830861.2694082997
7820.0 830462.8696918314
7830.0 798408.0283094178
7840.0 788960.6865375512
7850.0 816197.3824379233
7860.0 833799.371759103
7870.0 839403.2812804197
7880.0 837249.1735045712
7890.0 848619.7704391987
7900.0 837741.0284073642
7910.0 817826.8776212893
7920.0 834250.5887024023
7930.0 840230.1851826858
7940.0 815818.1650553199
7950.0 828094.8152659554
7960.0 854041.8658814325
7970.0 867495.257899676
7980.0 855823.950426592
7990.0 860500.9427815789
8000.0 843804.9675439625
8010.0 872525.1891432535
8020.0 870483.8881341398
8030.0 859077.3861473968
8040.0 877722.5715992872
8050.0 853144.4571591582
8060.0 882272.2742133361
8070.0 851958.5051558774
8080.0 865683.196661949
8090.0 860331.773880228
8100.0 868851.7106348408
8110.0 876424.8119823755
8120.0 880194.1090489554
8130.0 873996.2897049288
8140.0 885436.7379522776
8150.0 893267.3594685445
8160.0 885141.1640964957
8170.0 894911.538947774
8180.0 867421.8973628016
8190.0 860299.0070679701
8200.0 843523.7863540208
8210.0 854328.9983522131
8220.0 862126.634153198
8230.0 881662.628480868
8240.0 872534.4757359517
8250.0 880232.3573414965
8260.0 879985.4480930661
8270.0 880016.6276519167
8280.0 881115.7424285011
8290.0 867690.8927985807
8300.0 868254.2886879065
8310.0 837331.8416644051
8320.0 871264.4064185771
8330.0 790646.1636786743
8340.0 862274.7506761787
8350.0 832009.1861165009
8360.0 836836.830244596
8370.0 862633.3824218012
8380.0 810106.5967922497
8390.0 787034.2022186066
8400.0 842305.0198438151
8410.0 850701.7804606415
8420.0 837745.0770055677
8430.0 801933.8182873656
8440.0 777273.2645497973
8450.0 805309.3092597539
8460.0 802258.8433378502
8470.0 764646.24722131
8480.0 813516.5573874245
8490.0 823696.7531485412
8500.0 767150.5179723192
8510.0 790223.6423981206
8520.0 783326.3410322049
8530.0 810675.4693004698
8540.0 696479.3806385114
8550.0 804206.2304598859
8560.0 830591.2498595726
8570.0 826422.3098135558
8580.0 819488.3740870308
8590.0 838504.0908924749
8600.0 827874.8891661465
8610.0 817923.0184323246
8620.0 829292.4150371304
8630.0 844298.5034765555
8640.0 843618.8176888612
8650.0 842756.3836283417
8660.0 724346.8004316252
8670.0 814790.719679264
8680.0 807232.1378057122
8690.0 746349.0099997356
8700.0 834106.0043641482
8710.0 834776.1717725863
8720.0 836850.8586428114
8730.0 840415.5556027911
8740.0 837042.2521460918
8750.0 851369.3833414669
8760.0 832327.179675716
8770.0 825057.8990190659
8780.0 850848.8928665477
8790.0 849261.521054193
8800.0 839106.2564535176
8810.0 801225.9646233894
8820.0 805455.3747659524
8830.0 855561.0133805702
8840.0 832528.284456228
8850.0 866278.2673386591
8860.0 832349.509124199
8870.0 811887.3415001405
8880.0 826501.4179923156
8890.0 832151.3800939176
8900.0 837821.0706062639
8910.0 838145.4782969871
8920.0 826852.4413252225
8930.0 827040.9962205347
8940.0 835360.5362243144
8950.0 817260.1761171521
8960.0 839699.5781404923
8970.0 828039.1521283322
8980.0 825894.2592251644
8990.0 834075.2066997463
9000.0 801065.980124225
9010.0 813954.8647116794
9020.0 809768.3571300552
9030.0 830095.1266101535
9040.0 837348.1662830752
9050.0 844060.4033286416
9060.0 843634.2423903205
9070.0 847749.0516361548
9080.0 844211.4539319292
9090.0 798887.8452812114
9100.0 833837.3761801986
9110.0 829161.7071763243
9120.0 830878.8725381036
9130.0 854041.6186248775
9140.0 839404.7336685575
9150.0 835338.3661421078
9160.0 838478.10273178
9170.0 820393.3201934685
9180.0 838319.283874023
9190.0 839001.5648424294
9200.0 832556.7461676738
9210.0 816195.8515264435
9220.0 821686.99865432
9230.0 825126.528941122
9240.0 821050.820260738
9250.0 809439.026599902
9260.0 787221.3030520172
9270.0 829039.129551108
9280.0 814752.8913447042
9290.0 789130.6262814705
9300.0 814705.3420767145
9310.0 816249.5388187929
9320.0 813946.2087770768
9330.0 818055.8316971657
9340.0 822195.2889409328
9350.0 812386.2707297883
9360.0 794422.8207473615
9370.0 812333.6601427781
9380.0 808273.5976369228
9390.0 811226.4743194764
9400.0 804502.254289267
9410.0 787038.3584821388
9420.0 803070.6344640661
9430.0 809602.4406381005
9440.0 798747.3324423865
9450.0 788635.8561462939
9460.0 804833.1733132033
9470.0 814915.6365159824
9480.0 812669.290098983
9490.0 812254.720729361
9500.0 816838.8477381559
9510.0 804372.4267878883
9520.0 818434.8102840025
9530.0 804646.7249046904
9540.0 811200.6069231618
9550.0 777436.5801585156
9560.0 809424.2959792519
9570.0 790351.1677300063
9580.0 817596.3726324736
9590.0 818505.2447369231
9600.0 780254.3200833647
9610.0 813778.6450810933
9620.0 815276.3159587659
9630.0 808821.884818891
9640.0 761994.81966912
9650.0 763793.3414396708
9660.0 796459.824066701
9670.0 791589.6771030838
9680.0 766695.5829996888
9690.0 785485.0730933496
9700.0 798607.5730199156
9710.0 780651.5739103484
9720.0 787329.6295844128
9730.0 763117.8862515944
9740.0 773566.2424281496
9750.0 788496.6242421436
9760.0 803475.4370329458
9770.0 776712.3501105133
9780.0 768591.8004488514
9790.0 776698.4911524386
9800.0 804866.9614476579
9810.0 800203.2080652618
9820.0 800281.4084593075
9830.0 784290.8597519454
9840.0 802999.8497387872
9850.0 803844.6435796422
9860.0 804034.0015953166
9870.0 803314.2514484435
9880.0 802426.2703504813
9890.0 801806.2135286893
9900.0 772950.6053219996
9910.0 753600.0516072457
9920.0 758430.903541442
9930.0 758635.6383784713
9940.0 780866.4011404421
9950.0 776763.6069451955
9960.0 781562.3284609666
9970.0 777888.8133210186
9980.0 775827.5921519949
9990.0 776348.2764213393
10010.0 767121.5612719456
10020.0 785754.3246245167
10030.0 771911.1285966422
10040.0 779573.2067350239
10050.0 759425.5205254185
10060.0 744103.8635461435
10070.0 773012.085871656
10080.0 771650.6765985799
10090.0 771274.5167075054
10100.0 784070.8402550345
10110.0 768619.533001971
10120.0 770476.0849977315
10130.0 780306.4540066655
10140.0 773035.5108951386
10150.0 758149.5798184591
10160.0 763153.0929590556
10170.0 766617.3303091994
10180.0 769647.241817885
10190.0 762647.0713708618
10200.0 758550.0024456102
10210.0 765313.2714410042
10220.0 753776.2696397272
10230.0 769463.6469362008
10240.0 782939.4182309075
10250.0 764363.0839820933
10260.0 758247.2636996203
10270.0 756436.3475178636
10280.0 758116.9254549034
10290.0 760786.6672545079
10300.0 758283.4019474179
10310.0 770457.5654209389
10320.0 762350.3478179552
10330.0 753594.4941134956
10340.0 716038.5589720976
10350.0 758038.5679615883
10360.0 767418.5155242854
10370.0 762211.5521466385
10380.0 754258.6827414568
10390.0 756263.4274370256
10400.0 732180.6475084056
10410.0 760954.8566303632
10420.0 746559.4996678975
10430.0 755039.9717036433
10440.0 767392.2972742406
10450.0 766473.1335387666
10460.0 759182.9033415464
10470.0 742495.8021093638
10480.0 758092.3198138395
10490.0 756696.8064067328
10500.0 745191.7911687158
10510.0 747913.5099323204
10520.0 752247.7367312167
10530.0 757570.2323793147
10540.0 759076.9717987769
10550.0 750028.0431667871
10560.0 757928.0709783939
10570.0 746063.3006548089
10580.0 737678.6241964214
10590.0 740035.721506555
10600.0 749505.5624362559
10610.0 746532.6625023759
10620.0 743956.1835127046
10630.0 752767.7411582995
10640.0 754254.3687253549
10650.0 743959.2126514768
10660.0 724277.5877732426
10670.0 737437.28884074
10680.0 736498.4523846083
10690.0 733728.2945141051
10700.0 744909.2516712554
10710.0 743871.782332362
10720.0 744581.475227826
10730.0 706598.5285259117
10740.0 749761.7262206782
10750.0 731577.5416621945
10760.0 741136.4793192759
10770.0 743199.7944784199
10780.0 736402.4027465426
10790.0 732020.7483238273
10800.0 724430.9347746584
10810.0 708252.1668308646
10820.0 730947.3845506905
10830.0 719456.427063783
10840.0 736841.4000177409
10850.0 731164.5690176203
10860.0 735146.6761734142
10870.0 717538.1107847088
10880.0 730426.9990602292
10890.0 728685.0901514415
10900.0 734879.2219291686
10910.0 719645.8191311918
10920.0 731460.1426890848
10930.0 718822.4977222789
10940.0 735044.1104151913
10950.0 724847.5612086018
10960.0 709405.4791483836
10970.0 705521.9451984676
10980.0 707998.8617065679
10990.0 713855.7104863029
11000.0 717867.1326750681
11010.0 709407.2952901389
11020.0 705561.0633669904
11030.0 709390.4013073356
11040.0 713383.8610723484
11050.0 711062.0380327887
11060.0 706555.7758331343
11070.0 711616.4819112617
11080.0 716255.4799284197
11090.0 714389.5239030186
11100.0 712908.3689284577
11110.0 712101.9464882544
11120.0 702520.9692832164
11130.0 709786.0698989172
11140.0 719205.1391197329
11150.0 709873.6116820424
11160.0 705727.3671063893
11170.0 715431.6727541519
11180.0 712311.5336748546
11190.0 709390.9623173359
11200.0 698018.8038732483
11210.0 709661.4758886648
11220.0 712875.5482605309
11230.0 708427.7440557559
11240.0 706505.7926785758
11250.0 648126.0717724315
11260.0 699593.7813940417
11270.0 716272.6440495617
11280.0 708013.3493191769
11290.0 702516.7160075381
11300.0 689484.9554286186
11310.0 701672.6505316294
11320.0 713193.5442338593
11330.0 697291.9561325783
11340.0 702709.0628635719
11350.0 704059.4845620069
11360.0 712096.9458985062
11370.0 688214.8820409622
11380.0 689103.4677464506
11390.0 687406.6520753923
11400.0 679385.2764974897
11410.0 701892.517523148
11420.0 686715.7676672137
11430.0 703160.3223013468
11440.0 683862.8460293267
11450.0 703714.422385905
11460.0 703975.4181168276
11470.0 692531.9576056183
11480.0 687676.5671993672
11490.0 703207.7157521173
11500.0 704284.6940700135
11510.0 704677.3701918153
11520.0 702072.8438028396
11530.0 701337.4283311008
11540.0 697780.510939083
11550.0 700173.4664330584
11560.0 700377.0733373943
11570.0 701944.3136289518
11580.0 702521.0131663558
11590.0 666865.4441584296
11600.0 698879.0869155776
11610.0 627587.5606766292
11620.0 700659.2203789363
11630.0 693298.827069326
11640.0 656000.3245777865
11650.0 696956.022498509
11660.0 696888.0654788935
11670.0 691496.3112884419
11680.0 693097.5895931459
11690.0 657048.4075001376
11700.0 696997.4490320198
11710.0 690248.2368845203
11720.0 690327.723992215
11730.0 694586.8627441395
11740.0 687547.112449517
11750.0 690345.7487924802
11760.0 692959.5740624261
11770.0 672334.4392684285
11780.0 647920.4697742393
11790.0 686784.6545329674
11800.0 682433.3175733138
11810.0 680823.0731641619
11820.0 680785.2853697757
11830.0 625019.7858864171
11840.0 681852.0925020204
11850.0 685459.619247371
11860.0 684768.8230060308
11870.0 683397.6206690366
11880.0 602913.5429005402
11890.0 665155.830456091
11900.0 683350.423558753
11910.0 679234.9456562663
11920.0 682857.5673788136
11930.0 684282.4539244
11940.0 679292.9164203254
11950.0 664682.300659908
11960.0 665835.937839305
11970.0 594780.6711869994
11980.0 655260.8030215546
11990.0 661974.0670967429
12000.0 675208.3279281143
12010.0 674695.2677792971
12020.0 672481.4971576458
12030.0 653862.795242749
12040.0 668172.8076422117
12050.0 672081.5366065506
12060.0 673993.9991313069
12070.0 665618.5263707214
12080.0 622776.2120285364
12090.0 665560.6483969988
12100.0 662669.1416065326
12110.0 668879.3855066412
12120.0 670541.0098572999
12130.0 669566.023412814
12140.0 672962.9382695662
12150.0 671819.2936941356
12160.0 671127.9433222279
12170.0 665606.0635885727
12180.0 670952.6797305401
12190.0 664109.1249593646
12200.0 665214.5150949762
12210.0 665421.3828537674
12220.0 668761.0708512659
12230.0 665126.8795474501
12240.0 663644.6707770169
12250.0 667193.3547407705
12260.0 665193.9834332118
12270.0 657888.7582383559
12280.0 666283.0330931228
12290.0 665718.0929103864
12300.0 664178.9672315213
12310.0 663465.5990982909
12320.0 659951.3625938536
12330.0 659851.4137998588
12340.0 653707.0591902647
12350.0 661853.0872791928
12360.0 652299.423671116
12370.0 659313.7080807094
12380.0 663107.6608606535
12390.0 655442.4092186632
12400.0 652687.510960014
12410.0 655742.4507544589
12420.0 642086.5278299646
12430.0 639259.1930158562
12440.0 656221.7910073942
12450.0 655467.2877243484
12460.0 656221.145833894
12470.0 652252.6383496079
12480.0 651331.9508127688
12490.0 655073.5690313284
12500.0 653284.5819902193
12510.0 647362.3872564196
12520.0 630582.1766180277
12530.0 640821.0123855061
12540.0 653491.1883169923
12550.0 651649.37342627
12560.0 642000.9037228498
12570.0 645801.7718401937
12580.0 649397.624598418
12590.0 649356.4100615785
12600.0 642231.4912531894
12610.0 647007.1207897733
12620.0 647199.5664860772
12630.0 648927.5483735292
12640.0 637914.3532426847
12650.0 643329.0541391987
12660.0 648372.7874908589
12670.0 637765.6911809277
12680.0 639282.6223711075
12690.0 647643.0106759997
12700.0 646088.7698299742
12710.0 644626.6348807783
12720.0 648715.920700675
12730.0 646501.0895787041
12740.0 618847.417661967
12750.0 642820.758509429
12760.0 645694.297322461
12770.0 643612.8736049889
12780.0 643725.6717946677
12790.0 644257.2130270851
12800.0 643440.0416905232
12810.0 633432.6098315216
12820.0 589183.7207199831
12830.0 619785.9405766041
12840.0 636421.4986935926
12850.0 628030.3310182607
12860.0 639124.2752729197
12870.0 639164.2433013368
12880.0 629560.1130441809
12890.0 636202.7270954757
12900.0 597473.449849356
12910.0 620982.8717296587
12920.0 627677.5485681597
12930.0 632167.6018816478
12940.0 629926.76013196
12950.0 630532.8912490917
12960.0 635967.3536051329
12970.0 633215.5180771148
12980.0 621152.2852942604
12990.0 632502.6256971137
13000.0 633501.2087874315
13010.0 617557.9406467594
13020.0 634270.1369046833
13030.0 625919.707087042
13040.0 630724.8578781895
13050.0 634198.0395607734
13060.0 628121.1373814942
13070.0 634144.5873410617
13080.0 624380.6892038636
13090.0 629944.037759443
13100.0 625802.7245072861
13110.0 629745.634188519
13120.0 555502.8138620043
13130.0 608351.0759660238
13140.0 624453.014405568
13150.0 557413.5374982706
13160.0 629160.1453860402
13170.0 630395.5237491059
13180.0 622742.357494509
13190.0 630499.5042592282
13200.0 619880.4220784275
13210.0 621276.0106972714
13220.0 622710.7087589906
13230.0 631619.0171158749
13240.0 629072.1589152743
13250.0 624857.6721340732
13260.0 620314.6774879819
13270.0 619473.700908976
13280.0 615519.5982467877
13290.0 591587.7518594854
13300.0 624695.268141712
13310.0 618608.6981929602
13320.0 574375.0101056355
13330.0 619812.8353169338
13340.0 620785.9915971538
13350.0 615021.0538692537
13360.0 624317.7350317438
13370.0 618447.0821484239
13380.0 617194.9588096208
13390.0 608773.2981534189
13400.0 606375.2369932148
13410.0 615923.3586980553
13420.0 611777.7704591933
13430.0 620923.7581057522
13440.0 620989.5414146531
13450.0 619694.2577051801
13460.0 618733.7094680896
13470.0 616952.8877034043
13480.0 620696.4339197474
13490.0 619274.9213675128
13500.0 606076.5266443482
13510.0 620646.7301913939
13520.0 613266.3173851253
13530.0 621358.8956711983
13540.0 620181.6471979532
13550.0 604023.7340313072
13560.0 614336.1193071461
13570.0 610798.6316420286
13580.0 618147.0203592869
13590.0 608518.9771736346
13600.0 596349.1615746985
13610.0 620008.7946285789
13620.0 615962.915081486
13630.0 592392.1088815123
13640.0 597897.7084044614
13650.0 612361.2480012493
13660.0 617881.1637626312
13670.0 609411.5825051977
13680.0 605822.1948194656
13690.0 616671.0386017154
13700.0 614258.2637573605
13710.0 614716.7590385659
13720.0 610882.4319524891
13730.0 604768.5102043261
13740.0 616177.8887319441
13750.0 616081.2234895868
13760.0 607364.4109355437
13770.0 614084.3683318497
13780.0 612112.9117350208
13790.0 609015.6340507852
13800.0 618656.9547503376
13810.0 617254.5420771579
13820.0 606055.6189857136
13830.0 615342.160633376
13840.0 617308.6307671476
13850.0 591879.3083118111
13860.0 589000.3466899869
13870.0 613715.9325332326
13880.0 611715.1772630666
13890.0 611372.9515980614
13900.0 601002.2593714674
13910.0 536806.8819390271
13920.0 567860.3197278201
13930.0 581630.7977291069
13940.0 602213.4252987037
13950.0 576860.355956033
13960.0 608143.9359110616
13970.0 585044.4782658013
13980.0 593149.165975459
13990.0 608588.7231979389
14000.0 565523.9073858069
14010.0 584661.3716520689
14020.0 613486.1970882177
14030.0 600589.1108437743
14040.0 583845.8811120397
14050.0 606616.094223353
14060.0 591058.0805952278
14070.0 597692.5172260415
14080.0 577470.8629774918
14090.0 605886.7535787849
14100.0 587831.3569551404
14110.0 600421.4480619577
14120.0 582901.0069899445
14130.0 570141.9007602151
14140.0 595764.9281191969
14150.0 601240.1117181014
14160.0 584074.3948522175
14170.0 597296.3900608575
14180.0 576175.4371268848
14190.0 591922.4744800838
14200.0 590978.4441717421
14210.0 589715.0699376207
14220.0 581092.7040339612
14230.0 595626.284874778
14240.0 573128.0642893598
14250.0 559484.3264763224
14260.0 560117.782409873
14270.0 563240.9735706225
14280.0 590178.4386946405
14290.0 560691.9796312379
14300.0 596418.6667622955
14310.0 578163.3661601698
14320.0 593872.0319063821
14330.0 604225.4918524232
14340.0 573795.9668218048
14350.0 573212.0231653865
14360.0 600224.4627543117
14370.0 582709.4596258316
14380.0 604594.5050547925
14390.0 590968.4401749882
14400.0 558225.8882075361
14410.0 599237.5385063819
14420.0 585822.2191375132
14430.0 595685.7316812706
14440.0 574733.6282960734
14450.0 599836.6367761309
14460.0 577960.0837967467
14470.0 597128.8497348978
14480.0 585885.0016286572
14490.0 595454.4582434382
14500.0 582407.5161029809
14510.0 560739.8423097901
14520.0 588713.1220269884
14530.0 590536.3751128401
14540.0 585937.5058402579
14550.0 577608.4285368975
14560.0 579137.1224108571
14570.0 579800.1671002494
14580.0 598986.4645107663
14590.0 586130.5232062013
14600.0 547235.3840119125
14610.0 520648.1519514537
14620.0 574716.5879968703
14630.0 562302.1610234813
14640.0 585326.1038608229
14650.0 528663.4085826343
14660.0 575817.8669452589
14670.0 564642.5296744049
14680.0 575498.7362677051
14690.0 573658.9552322706
14700.0 559835.903265501
14710.0 565840.2310010783
14720.0 574679.579643967
14730.0 593778.204121051
14740.0 571027.0913432984
14750.0 552530.285954964
14760.0 594017.5024249129
14770.0 565932.5182081569
14780.0 579994.9614305231
14790.0 602850.5384237724
14800.0 566743.6933314808
14810.0 581293.9879818539
14820.0 599860.1222435836
14830.0 558974.6802564336
14840.0 591380.3065045985
14850.0 587898.0362133839
14860.0 581638.6224414308
14870.0 563219.5847387615
14880.0 445717.30663519975
14890.0 597669.3854444976
14900.0 570823.878337875
14910.0 576001.5968910516
14920.0 604893.0947874968
14930.0 588792.0147482759
14940.0 603036.0053451585
14950.0 599938.4023584005
14960.0 580496.9533909578
14970.0 591351.1597708777
14980.0 587541.0385575074
14990.0 601689.4098362215
15000.0 573655.8746785314
15010.0 586220.9174535113
15020.0 494247.73508787947
15030.0 517410.8717648613
15040.0 487464.2672651308
15050.0 499010.8367860999
15060.0 583923.99721805
15070.0 602638.1277309916
15080.0 580360.5011264515
15090.0 597143.1182261686
15100.0 587105.589434075
15110.0 603350.4273586397
15120.0 572457.9737769886
15130.0 581071.9372904421
15140.0 581566.36174855
15150.0 585246.3688879794
15160.0 575175.9158363438
15170.0 603749.1599775191
15180.0 584265.1755659628
15190.0 593097.280849783
15200.0 598346.7619399955
15210.0 585990.6489880728
15220.0 569045.1463801711
15230.0 599492.468752331
15240.0 587067.2912548264
15250.0 603531.1507797702
15260.0 581089.6851474242
15270.0 600833.7513745571
15280.0 569114.1114161895
15290.0 567868.3795000126
15300.0 600795.9608078876
15310.0 614212.8681099083
15320.0 598314.1193463418
15330.0 576503.3034413648
15340.0 585813.6363645811
15350.0 612492.4056007117
15360.0 610347.0064842576
15370.0 577025.6828962227
15380.0 562821.4270918423
15390.0 564467.7984271172
15400.0 566212.9028526387
15410.0 588481.6429674621
15420.0 577572.6457704045
15430.0 551136.6407708197
15440.0 622475.1105280397
15450.0 620609.6134260767
15460.0 598680.9291103913
15470.0 607423.4937630945
15480.0 612976.0902120017
15490.0 608586.3804778256
15500.0 600761.6847989863
15510.0 573086.405583414
15520.0 620385.0264023263
15530.0 599365.3321944226
15540.0 549325.5190449125
15550.0 618127.6052853221
15560.0 569670.6025482988
15570.0 566611.5274257356
15580.0 595437.5483400592
15590.0 558300.6407408968
15600.0 601062.4519791729
15610.0 612583.5534025775
15620.0 578064.825507724
15630.0 568978.308475091
15640.0 607471.811969749
15650.0 579664.7947269769
15660.0 591485.0016457834
15670.0 600370.3593177636
15680.0 594534.1928663964
15690.0 584486.2710262343
15700.0 598825.9273051657
15710.0 618198.8098903723
15720.0 558469.8824719036
15730.0 591260.2693840559
15740.0 553253.9656146467
15750.0 537752.8718168366
15760.0 562934.4664797952
15770.0 482386.5732722521
15780.0 551586.4820519679
15790.0 593255.6272457029
15800.0 601140.6369594482
15810.0 613081.8413695123
15820.0 540328.3300667844
15830.0 590543.165557021
15840.0 590967.3335129127
15850.0 615091.7669841582
15860.0 598218.7767832865
15870.0 592080.4737993061
15880.0 571090.6970770641
15890.0 484978.77096997964
15900.0 567481.0267838595
15910.0 546295.7487244541
15920.0 604923.6350418729
15930.0 611107.4365472293
15940.0 608098.3104447379
15950.0 607345.909507987
15960.0 564126.8595057343
15970.0 605492.3444935434
15980.0 554466.5526373744
15990.0 599167.0008469697
16000.0 601277.8260911781
16010.0 567847.8031545827
16020.0 609471.123915492
16030.0 606189.9200376942
16040.0 549043.5498454553
16050.0 605610.7924162237
16060.0 559173.034371087
16070.0 576531.5294986591
16080.0 605271.8054666389
16090.0 600825.2589076527
16100.0 580561.640728091
16110.0 625478.0463455298
16120.0 592911.7025170277
16130.0 610918.432796496
16140.0 589599.5396452396
16150.0 557354.932279642
16160.0 532951.373529105
16170.0 613799.4853489039
16180.0 593058.2314551268
16190.0 531077.428886216
16200.0 490823.4675902591
16210.0 560719.4503228554
16220.0 569359.8821133035
16230.0 554583.5929989663
16240.0 572903.4767378133
16250.0 572364.7706909259
16260.0 593307.1103993495
16270.0 606631.8853338109
16280.0 611598.3581978894
16290.0 609528.0190717379
16300.0 596867.9811507679
16310.0 589303.8169496747
16320.0 586581.7606842951
16330.0 604898.6896206151
16340.0 608730.2329939493
16350.0 569020.8171069722
16360.0 578400.1896989497
16370.0 583940.6599214028
16380.0 549246.6922458379
16390.0 588072.3867424898
16400.0 532027.0584947466
16410.0 556227.7309791493
16420.0 605924.1621784527
16430.0 591168.3480496231
16440.0 533801.4666201534
16450.0 562040.1691102515
16460.0 592125.6936173002
16470.0 558730.509344275
16480.0 597543.1581220928
16490.0 556125.6280205532
16500.0 602983.5372668128
16510.0 595952.042291261
16520.0 568557.810776745
16530.0 573057.2238868129
16540.0 560482.8203648238
16550.0 582787.699683138
16560.0 572841.3699120999
16570.0 593104.5118157781
16580.0 570214.2785561522
16590.0 580744.7253118701
16600.0 596189.3586759971
16610.0 546335.732835745
16620.0 554376.3248689179
16630.0 547554.3971498976
16640.0 557499.3760099055
16650.0 522891.04082242714
16660.0 555554.9151335263
16670.0 553695.5601868653
16680.0 557975.8767347627
16690.0 568444.4671686277
16700.0 566665.4021165251
16710.0 534959.5012786685
16720.0 500851.28802806
16730.0 557607.7991659888
16740.0 573373.8708802598
16750.0 462562.17641386186
16760.0 532634.3930698351
16770.0 576312.0782110773
16780.0 571556.5429219027
16790.0 568490.7276156462
16800.0 563688.486563644
16810.0 559012.732055236
16820.0 535272.0738762097
16830.0 562808.8998990253
16840.0 530215.6612355596
16850.0 561765.0668831315
16860.0 529074.1876527207
16870.0 523669.15181897493
16880.0 528467.0067553974
16890.0 538571.38061706
16900.0 494412.73145896936
16910.0 532444.3820422803
16920.0 559531.8405005464
16930.0 549177.4641961171
16940.0 561497.9072262477
16950.0 547636.5593161623
16960.0 550133.7867622275
16970.0 534587.2048801418
16980.0 543438.2924969549
16990.0 534466.4051855095
17000.0 515662.0545462484
17010.0 505486.25675186026
17020.0 535748.4473927806
17030.0 534920.4058358696
17040.0 548892.8329104384
17050.0 522166.21554256795
17060.0 526693.3055467375
17070.0 494377.6755770993
17080.0 534665.1506247682
17090.0 518754.94386243395
17100.0 474736.5924532482
17110.0 401077.7279404875
17120.0 508538.2295211792
17130.0 526180.2934324066
17140.0 534207.7530106776
17150.0 533590.2213486448
17160.0 514509.63897475455
17170.0 517764.3495984015
17180.0 520221.5806118864
17190.0 523394.943721476
17200.0 518511.6363016711
17210.0 508003.15731821215
17220.0 518953.10846525466
17230.0 477220.9451401576
17240.0 492109.1956336636
17250.0 515214.85492970416
17260.0 518057.5548855825
17270.0 507812.85550416197
17280.0 502139.8967693542
17290.0 510754.2386707107
17300.0 490061.94476883777
17310.0 492080.6365894131
17320.0 487457.30041247135
17330.0 458490.57760152343
17340.0 482738.7532230956
17350.0 491429.1100040208
17360.0 490667.45049141004
17370.0 503839.64448953356
17380.0 486553.06608095666
17390.0 491312.5069106105
17400.0 497755.5479567023
17410.0 450939.4314312804
17420.0 474503.63021126814
17430.0 492610.3569899452
17440.0 505312.8527588753
17450.0 494363.44377115235
17460.0 497353.39050286496
17470.0 466024.69040697406
17480.0 502869.12081888155
17490.0 494983.2434142714
17500.0 467790.6990909717
17510.0 490191.3885313694
17520.0 489096.0286047655
17530.0 477059.63561906037
17540.0 469904.1879969281
17550.0 472595.10907395114
17560.0 484476.50159892795
17570.0 489445.63163689163
17580.0 481418.8460975026
17590.0 468708.2825591225
17600.0 469785.31760526675
17610.0 461233.1093301455
17620.0 442543.5855817611
17630.0 484312.8744536526
17640.0 460794.60394234466
17650.0 483536.3621943607
17660.0 444812.1435970242
17670.0 474366.10520657734
17680.0 442247.7381133065
17690.0 477014.2183211152
17700.0 463974.5778131101
17710.0 453250.5247866206
17720.0 444835.75620100246
17730.0 468451.88408864324
17740.0 463016.09943338664
17750.0 460013.5165583976
17760.0 452921.9432870724
17770.0 428204.03798337234
17780.0 452516.3405095833
17790.0 462999.79311058397
17800.0 466217.70070859155
17810.0 451574.9680630354
17820.0 446920.08702863485
17830.0 441492.0149999744
17840.0 451587.37553646404
17850.0 424404.96255506994
17860.0 440645.93611184397
17870.0 453193.6413378179
17880.0 458232.89942067297
17890.0 462466.39684296644
17900.0 448556.40647371905
17910.0 452039.7754781122
17920.0 454142.7583526517
17930.0 433209.8234604499
17940.0 434876.583208841
17950.0 456404.774941028
17960.0 448888.81727435027
17970.0 449300.35524273216
17980.0 446882.6268223373
17990.0 440595.9551257841
18000.0 437856.5202294541
18010.0 425279.5857000119
18020.0 424644.08114987303
18030.0 406924.8330383606
18040.0 420219.5506152284
18050.0 419733.741284002
18060.0 436391.65542521497
18070.0 438477.45143797033
18080.0 423526.45279803395
18090.0 438448.659124076
18100.0 420499.23711756355
18110.0 420776.1866614054
18120.0 425681.07126217574
18130.0 430184.69067292666
18140.0 427627.28455350694
18150.0 425919.1454713642
18160.0 426204.64464540506
18170.0 418202.6557878962
18180.0 418915.5552511335
18190.0 429191.9739514168
18200.0 423302.7774434154
18210.0 424739.0141181262
18220.0 411441.4198775986
18230.0 427654.06197802466
18240.0 428518.78398106975
18250.0 422027.2903614625
18260.0 417021.0774216599
18270.0 409134.80338985444
18280.0 387942.50553281175
18290.0 408166.9217792183
18300.0 405509.85764674755
18310.0 417668.0422808666
18320.0 412906.52713575604
18330.0 426043.6035912428
18340.0 411403.2705553377
18350.0 407335.5038491608
18360.0 409231.34813512996
18370.0 386991.4563673561
18380.0 410808.9625593416
18390.0 406034.7458076442
18400.0 390556.1802793663
18410.0 384417.77333869453
18420.0 374317.97620099684
18430.0 397067.92756071326
18440.0 401995.7313539261
18450.0 401857.39026916114
18460.0 403028.17740288074
18470.0 379998.49036780145
18480.0 401773.11978389113
18490.0 403560.2388723621
18500.0 405150.7968876887
18510.0 397308.13846974727
18520.0 376685.2105107451
18530.0 391250.4399640733
18540.0 403641.86250908475
18550.0 381019.83481205284
18560.0 377555.83060403017
18570.0 397108.7162131766
18580.0 368489.4577025739
18590.0 396008.92947061965
18600.0 394684.5784897804
18610.0 387738.48963554227
18620.0 389973.00934786024
18630.0 383322.43431788066
18640.0 390405.1518948271
18650.0 390010.3768385212
18660.0 371819.2924368843
18670.0 394161.83830202336
18680.0 386751.8446292075
18690.0 392994.2135046439
18700.0 387461.2814774418
18710.0 378397.5475239569
18720.0 369315.44993722654
18730.0 377443.36962218315
18740.0 378308.8960157805
18750.0 362617.9255364482
18760.0 377733.6587457765
18770.0 358410.9467548497
18780.0 379335.52461488376
18790.0 380605.3775478604
18800.0 387825.36094117124
18810.0 386390.00166113453
18820.0 379792.25905454427
18830.0 386227.60245167324
18840.0 371177.3314393863
18850.0 361242.6864810123
18860.0 339844.7961561854
18870.0 378302.6481288512
18880.0 358746.6595467535
18890.0 367136.8401672874
18900.0 344882.90547413647
18910.0 356557.3890869
18920.0 346771.1786552085
18930.0 355597.747727511
18940.0 365810.1153680311
18950.0 373797.0018203022
18960.0 363771.5773129709
18970.0 353630.47063195053
18980.0 370366.8461603679
18990.0 349309.03041799593
19000.0 369406.15859464684
19010.0 368806.45600118884
19020.0 367433.6852561679
19030.0 361264.61082645744
19040.0 358970.06688779744
19050.0 338955.70014901
19060.0 364848.9354653289
19070.0 367765.40554826934
19080.0 349449.6518216373
19090.0 359403.2807304328
19100.0 357400.53713811806
19110.0 338208.2588760004
19120.0 353554.3932468899
19130.0 366178.54952281225
19140.0 356918.9198608183
19150.0 356235.66885471216
19160.0 354442.4412397437
19170.0 358185.71566785645
19180.0 360814.5879051168
19190.0 341585.71624613274
19200.0 349228.3697612075
19210.0 351980.2789665266
19220.0 354744.45409502037
19230.0 359112.933296753
19240.0 356043.5515990728
19250.0 347701.47846248024
19260.0 345383.7005133965
19270.0 350218.0156212244
19280.0 346642.09514199616
19290.0 348039.6579009339
19300.0 341671.02436433505
19310.0 261204.23674550778
19320.0 339875.90603057045
19330.0 342318.8037883104
19340.0 324439.24360731663
19350.0 344859.2402112192
19360.0 352241.69357894687
19370.0 352181.2253137392
19380.0 347021.1784395308
19390.0 327652.4519585345
19400.0 340160.3858711761
19410.0 343843.1824521264
19420.0 345155.75662533403
19430.0 314397.0164907041
19440.0 330224.65100763494
19450.0 234186.61826500297
19460.0 307582.7772223785
19470.0 325091.73126926605
19480.0 326251.9386777694
19490.0 324217.5884291055
19500.0 314381.0188518026
19510.0 269894.35205027997
19520.0 335832.54728740273
19530.0 332529.3366682039
19540.0 328861.5238639647
19550.0 336744.5687643743
19560.0 337263.9055250721
19570.0 339197.25101437717
19580.0 331005.26624497154
19590.0 328635.46961069724
19600.0 328339.02290613146
19610.0 318364.55596592417
19620.0 326109.5788663053
19630.0 309458.97708104126
19640.0 319299.26764729916
19650.0 334414.99764856236
19660.0 334096.9386428816
19670.0 330489.0753281034
19680.0 330705.0697066646
19690.0 329068.3320475017
19700.0 331158.8538236449
19710.0 323168.72575275163
19720.0 306008.22407016595
19730.0 305452.9930476211
19740.0 320839.3404755416
19750.0 311475.33331353695
19760.0 314100.306730143
19770.0 275489.89865990786
19780.0 214033.03816027963
19790.0 300675.52064208826
19800.0 314007.777961797
19810.0 311138.65035810234
19820.0 311966.2456978594
19830.0 321107.7305420303
19840.0 320884.0637944673
19850.0 267323.4884777936
19860.0 243322.92876591216
19870.0 309860.60367118736
19880.0 314615.8993131191
19890.0 312519.8061032155
19900.0 309802.9176323618
19910.0 311879.6714335473
19920.0 290323.70996849606
19930.0 277314.55488988885
19940.0 309695.2358468785
19950.0 304278.57762409974
19960.0 290305.2575218967
19970.0 296322.24143223575
19980.0 311464.1748373486
19990.0 308532.71999449347
20010.0 309374.356349194
20020.0 301172.57254840434
20030.0 303975.84731181234
20040.0 307369.04595837655
20050.0 301540.4431602905
20060.0 305058.10070108
20070.0 304832.6585607278
20080.0 304308.1167592367
20090.0 299272.69528830453
20100.0 304342.4998132008
20110.0 305969.8842021918
20120.0 302832.37458617735
20130.0 300298.38529692264
20140.0 300661.67632923217
20150.0 303361.96768602234
20160.0 299506.9193632508
20170.0 291899.57135962445
20180.0 298183.1036804729
20190.0 292798.19631253695
20200.0 289724.1363432626
20210.0 284134.37167485314
20220.0 296612.7343993761
20230.0 292940.6174393951
20240.0 285510.8408030254
20250.0 296028.4644780063
20260.0 291074.04846707656
20270.0 290755.77277756843
20280.0 288326.6974004562
20290.0 285275.76233891386
20300.0 278291.3967246758
20310.0 295339.6331419642
20320.0 294203.17901822727
20330.0 293181.064348386
20340.0 284033.50169620354
20350.0 284572.31850002357
20360.0 289261.06561533007
20370.0 290953.213039707
20380.0 278436.72076384333
20390.0 288612.168796675
20400.0 287576.40714136837
20410.0 279911.6782211228
20420.0 290793.96771765646
20430.0 288776.32995918463
20440.0 286371.0025014494
20450.0 285352.38534072455
20460.0 287958.51848492265
20470.0 280651.61193194875
20480.0 287225.2656730064
20490.0 284366.95971232484
20500.0 286760.0040566085
20510.0 283853.8705098657
20520.0 272060.951992677
20530.0 280738.6955828065
20540.0 273761.32946353586
20550.0 277871.2236477395
20560.0 279210.4281125533
20570.0 278008.5528658897
20580.0 279000.47790993727
20590.0 274539.00324819214
20600.0 266964.17886821786
20610.0 279293.26859713055
20620.0 277679.6748507722
20630.0 233977.13521161387
20640.0 270595.6658557478
20650.0 276321.2567894563
20660.0 276496.7380071267
20670.0 267391.0695143663
20680.0 272668.44130302203
20690.0 273013.34338229103
20700.0 266250.91881723277
20710.0 268308.72239470104
20720.0 268901.45611464593
20730.0 271637.314129874
20740.0 268011.2324365188
20750.0 273974.3910113403
20760.0 267001.04987393104
20770.0 265788.7890133558
20780.0 272637.1656203237
20790.0 270436.26813617063
20800.0 264697.6681131567
20810.0 269166.5283745963
20820.0 268095.329021976
20830.0 257178.46251375484
20840.0 258309.69639124742
20850.0 264390.5305431843
20860.0 264745.5449739981
20870.0 263533.91966757766
20880.0 262127.5146409291
20890.0 263502.849879406
20900.0 266877.82539148314
20910.0 266340.00117352715
20920.0 254798.12101426625
20930.0 262286.40768278454
20940.0 260064.99840776462
20950.0 262984.3294051831
20960.0 249294.52066616545
20970.0 252032.8122027193
20980.0 263838.0639946686
20990.0 259441.47605963156
21000.0 265370.86838492716
21010.0 257087.76098212134
21020.0 259336.55383214273
21030.0 262727.1301935515
21040.0 261511.27341193517
21050.0 261777.12013067768
21060.0 259009.94711490948
21070.0 251430.5347115487
21080.0 254933.16186178938
21090.0 239870.33962896766
21100.0 258480.23765054854
21110.0 254009.03593419062
21120.0 255260.97448489594
21130.0 258178.60411265897
21140.0 255884.1423393695
21150.0 255166.41165039976
21160.0 231894.0512259913
21170.0 250360.80307450308
21180.0 250728.33113345134
21190.0 245610.79146872798
21200.0 248594.38205882793
21210.0 250448.61290053488
21220.0 249737.39399337897
21230.0 242238.29534691502
21240.0 247608.03133978808
21250.0 252203.37878953025
21260.0 247357.1408918539
21270.0 249816.19324397948
21280.0 248402.68584166406
21290.0 251227.44869233455
21300.0 251790.68178778345
21310.0 249606.6251322801
21320.0 247284.88872080977
21330.0 250068.94255620966
21340.0 247380.53664167097
21350.0 238373.87096648465
21360.0 248074.83554202822
21370.0 247427.1703552862
21380.0 247367.4954152858
21390.0 247157.01072136534
21400.0 246535.77626653443
21410.0 247022.70204881777
21420.0 246375.33807760497
21430.0 242629.72435134827
21440.0 245263.8528494499
21450.0 240321.25867576958
21460.0 242019.4945979475
21470.0 245581.27182449485
21480.0 243695.22928892984
21490.0 241302.32699120708
21500.0 243588.5649348737
21510.0 243620.90310925635
21520.0 239176.6815182327
21530.0 238073.47079519668
21540.0 237810.3190482062
21550.0 241141.81816660694
21560.0 238030.35080031192
21570.0 238144.10342206
21580.0 240817.84956162912
21590.0 235868.45592610436
21600.0 239489.78252091285
21610.0 238663.8293409769
21620.0 239198.31638951998
21630.0 237869.50365737645
21640.0 237076.75115386286
21650.0 231391.31887865058
21660.0 232827.78682525392
21670.0 231728.71606273868
21680.0 235787.62630226958
21690.0 235855.5578348062
21700.0 233736.22959684406
21710.0 234389.1215797459
21720.0 235224.09379023509
21730.0 233106.3462251498
21740.0 231680.1788843494
21750.0 232510.33176463176
21760.0 226068.9048659253
21770.0 231597.8781912394
21780.0 208376.51145185527
21790.0 229012.9762947544
21800.0 232807.9252469975
21810.0 229305.19606991942
21820.0 221495.98128528098
21830.0 230724.92672068888
21840.0 230672.45237520162
21850.0 229283.86825271664
21860.0 229322.62434494754
21870.0 225011.09065492288
21880.0 217666.8971843542
21890.0 225694.28685635136
21900.0 216194.42135654588
21910.0 228774.9569989324
21920.0 229578.10885577576
21930.0 227938.1809221152
21940.0 223418.26320349466
21950.0 226575.975695738
21960.0 227712.26840344982
21970.0 225705.55132389878
21980.0 225431.41445358438
21990.0 224704.4977901692
22000.0 218029.46895983382
22010.0 223884.9482982916
22020.0 223796.35546014225
22030.0 223375.6328371838
22040.0 222455.57042113246
22050.0 214723.9242134919
22060.0 195845.6862141734
22070.0 214584.06642030578
22080.0 210995.47483819572
22090.0 218779.46145916457
22100.0 221259.35028856082
22110.0 218250.5510885924
22120.0 222292.4791531686
22130.0 221392.04918759927
22140.0 221333.3794277878
22150.0 220658.35987261584
22160.0 220377.6305186699
22170.0 219932.150489159
22180.0 219577.3424233107
22190.0 219826.7436829318
22200.0 218805.24513932975
22210.0 208860.29079416033
22220.0 219261.30697461215
22230.0 211302.42058049157
22240.0 217806.35650324431
22250.0 218181.13072309658
22260.0 206336.90514856853
22270.0 203360.24977524363
22280.0 205568.71459371175
22290.0 215577.26961419368
22300.0 208636.06482472457
22310.0 206798.28024632295
22320.0 214252.47585966243
22330.0 214478.0752798645
22340.0 213292.56352426417
22350.0 213405.3570968688
22360.0 214359.07010264279
22370.0 213484.14329647998
22380.0 204512.37668940914
22390.0 202390.0522749548
22400.0 213061.32405272333
22410.0 211789.13801848705
22420.0 208316.81218424832
22430.0 211187.64653601692
22440.0 205079.75655013823
22450.0 210322.45415937033
22460.0 210278.16742889045
22470.0 203059.50087328546
22480.0 208780.1144948985
22490.0 207389.32829405778
22500.0 209788.20226995097
22510.0 208066.7764280717
22520.0 208271.43075521974
22530.0 208093.90526218736
22540.0 195865.882419145
22550.0 206944.91493651143
22560.0 207726.1540866456
22570.0 205923.84355966
22580.0 207063.53321644364
22590.0 206691.81306054036
22600.0 206362.1330901357
22610.0 196921.94330142264
22620.0 187637.73369719373
22630.0 196282.28427555392
22640.0 203101.25503687357
22650.0 191917.74598283105
22660.0 201284.3892435717
22670.0 203273.74395635648
22680.0 202757.49162079504
22690.0 201854.09440560156
22700.0 201863.47762624812
22710.0 200505.45974975565
22720.0 202760.59282017552
22730.0 201684.39607116376
22740.0 197252.88950372257
22750.0 200182.97311059939
22760.0 199037.65892821396
22770.0 200811.540457982
22780.0 199148.07785364805
22790.0 198561.12705868954
22800.0 196691.92383496757
22810.0 177653.5324414203
22820.0 189459.06893791183
22830.0 196300.98029907126
22840.0 198660.25360663974
22850.0 197266.01898833676
22860.0 196562.53454286783
22870.0 197243.59027399842
22880.0 197018.7961784923
22890.0 194812.99129881378
22900.0 197558.83138968033
22910.0 195500.98839765438
22920.0 196289.0317287208
22930.0 144452.643225656
22940.0 150587.7828922828
22950.0 169628.6347359531
22960.0 158495.31274698835
22970.0 168756.82092488802
22980.0 172883.87727384706
22990.0 175172.42579097112
23000.0 182378.0584795319
23010.0 179382.84017146192
23020.0 182505.93763284583
23030.0 183061.6781011081
23040.0 177967.72073556235
23050.0 178688.3295377293
23060.0 181036.41650493213
23070.0 180398.1196453081
23080.0 183543.2469476262
23090.0 180260.28242143625
23100.0 186893.4300573146
23110.0 179541.9978616409
23120.0 178229.75924241674
23130.0 180366.89334873747
23140.0 175966.11702932604
23150.0 185737.65088015734
23160.0 175667.14488791328
23170.0 180357.14105913034
23180.0 179569.64939447676
23190.0 181833.73989245624
23200.0 178349.4565479978
23210.0 179207.97536656933
23220.0 142858.66435178855
23230.0 135403.30549269303
23240.0 155176.70445045328
23250.0 154008.30468485574
23260.0 161067.89673580625
23270.0 161196.96997604822
23280.0 165887.12932251967
23290.0 170402.1438551655
23300.0 158230.89654987684
23310.0 165256.95939584382
23320.0 172713.9864048871
23330.0 168046.8355670198
23340.0 175698.60489456847
23350.0 161933.80100482257
23360.0 168038.18620033996
23370.0 165125.8021850885
23380.0 163072.0783267849
23390.0 172266.48262150507
23400.0 166428.91507167628
23410.0 165073.41167904547
23420.0 171434.13244293127
23430.0 168928.90135798755
23440.0 166577.17642987173
23450.0 160652.1176540133
23460.0 167600.477035111
23470.0 170794.15967808754
23480.0 166536.3902507339
23490.0 161330.47409271108
23500.0 171144.1640811787
23510.0 162747.02022359747
23520.0 122052.99451859137
23530.0 130441.12896792265
23540.0 144895.7215608683
23550.0 143152.13730979624
23560.0 150148.6122087613
23570.0 155598.63425726935
23580.0 153815.67545616426
23590.0 154234.54921340957
23600.0 159523.06629994436
23610.0 158120.07994611544
23620.0 151327.75273913154
23630.0 158850.03867941606
23640.0 156079.67067438614
23650.0 157150.05001319884
23660.0 157542.23239690746
23670.0 158866.8369268672
23680.0 160291.80360612777
23690.0 160986.69243256288
23700.0 160656.40140099428
23710.0 162339.65251897433
23720.0 146223.79178558316
23730.0 155094.10919039737
23740.0 148204.99274217352
23750.0 153387.21243990413
23760.0 158497.26028171295
23770.0 160388.57426531438
23780.0 152638.84839169742
23790.0 157171.6466649796
23800.0 156937.95107990308
23810.0 157318.6756376802
23820.0 140583.65233659165
23830.0 110347.71100633481
23840.0 132432.25016165836
23850.0 134318.83728626967
23860.0 134039.92455007846
23870.0 139627.8679590139
23880.0 153205.38750850596
23890.0 142828.7911948474
23900.0 142559.66902140778
23910.0 150977.76099032955
23920.0 136285.27709509266
23930.0 155810.83534305484
23940.0 143733.74572678827
23950.0 148980.3962591075
23960.0 149863.47291111702
23970.0 144804.17971130597
23980.0 151125.34864671566
23990.0 158945.01372198403
24000.0 136701.3669316223
24010.0 155556.05377623014
24020.0 148391.60376229274
24030.0 150750.84138469523
24040.0 145827.7491417581
24050.0 144912.99103271333
24060.0 153006.49305947853
24070.0 150856.8502604926
24080.0 143439.74897998793
24090.0 150800.32286961083
24100.0 146883.00689599905
24110.0 148516.7070612809
24120.0 152717.487105605
24130.0 135386.95652734727
24140.0 109423.22636660124
24150.0 124176.73706836622
24160.0 124794.11790761052
24170.0 135733.63888085185
24180.0 136857.11998759347
24190.0 128336.03418416207
24200.0 145907.79713251255
24210.0 139289.21916901736
24220.0 140159.31133635016
24230.0 136439.11763344557
24240.0 146234.7440576261
24250.0 135496.78261576753
24260.0 140826.9713045927
24270.0 141132.9101217974
24280.0 132773.25706595718
24290.0 147926.10014081438
24300.0 143155.45334410365
24310.0 137604.48900700515
24320.0 146758.95940410785
24330.0 133984.35225669117
24340.0 141432.0432297069
24350.0 139480.2663206035
24360.0 138386.48853729927
24370.0 132941.62546171024
24380.0 142730.19033447604
24390.0 142640.22991399985
24400.0 135200.215613532
24410.0 139598.04543749487
24420.0 138626.37937723537
24430.0 148396.2715674876
24440.0 127605.41038071857
24450.0 138135.5134513943
24460.0 111938.15464166937
24470.0 110605.18795876559
24480.0 131461.41939867593
24490.0 127722.68096378692
24500.0 124979.52865381356
24510.0 125735.0144652799
24520.0 128968.77240061504
24530.0 132293.85645876126
24540.0 122237.6346376618
24550.0 132684.22048702484
24560.0 124732.29574042464
24570.0 125644.38066360512
24580.0 140338.92971064072
24590.0 128195.80687593775
24600.0 131780.4281637989
24610.0 132467.3875678227
24620.0 131912.12909059034
24630.0 137966.8167351351
24640.0 132194.4684984195
24650.0 128727.57838250483
24660.0 135767.9123859156
24670.0 130859.242503034
24680.0 125854.96351133795
24690.0 132554.5827203529
24700.0 130141.80081690024
24710.0 129337.08503686462
24720.0 134392.27737117597
24730.0 125354.41982482684
24740.0 129487.75283167847
24750.0 126294.78908773269
24760.0 130696.57989145226
24770.0 136368.95681529312
24780.0 117079.31585144532
24790.0 111016.29700426292
24800.0 113925.2271946661
24810.0 118979.27966635356
24820.0 113971.1611665606
24830.0 117590.24878386772
24840.0 113345.33951815063
24850.0 92188.24136026598
24860.0 86119.71232314414
24870.0 92582.40239952107
24880.0 90710.84659017953
24890.0 92754.93889571015
24900.0 93808.78531467539
24910.0 92968.220843157
24920.0 93983.84057996541
24930.0 97219.19295815977
24940.0 94033.42153455179
24950.0 96433.75422635114
24960.0 95285.89102750098
24970.0 96696.35194152195
24980.0 95405.91995951356
24990.0 95636.70949683542
