#lam[Angstrom] flux[erg/cm2/s/A]
1010.0 112932.76735022034
1020.0 116936.79313510352
1030.0 403425.4249740088
1040.0 159023.97115407672
1050.0 119744.88022279656
1060.0 120827.40156533342
1070.0 127590.00605760288
1080.0 386125.03865134297
1090.0 393374.10914597195
1100.0 126105.7775914228
1110.0 127117.64241668809
1120.0 132060.74312636547
1130.0 128454.89955502917
1140.0 139502.11835629272
1150.0 130912.50945213258
1160.0 133401.06296081867
1170.0 133647.92388162657
1180.0 134224.53701341007
1190.0 135041.99501958216
1200.0 203632.09964082346
1210.0 181238.56254417883
1220.0 1153074.4267097502
1230.0 166817.61544863644
1240.0 679970.5043779176
1250.0 236910.2502284903
1260.0 329653.5192581413
1270.0 338709.1098693458
1280.0 349724.9995511474
1290.0 377477.74653150747
1300.0 406504.19902857806
1310.0 447072.93954695674
1320.0 467024.395215939
1330.0 474924.37003642885
1340.0 530091.8773009459
1350.0 510286.2758866192
1360.0 522460.00423783634
1370.0 530218.3964780299
1380.0 541557.310935537
1390.0 1239187.793954434
1400.0 1378007.4818267645
1410.0 1019031.7767564355
1420.0 575381.7911889576
1430.0 565081.4907141181
1440.0 568206.1736437147
1450.0 572141.9776157408
1460.0 576835.8184065826
1470.0 581222.1114474937
1480.0 584285.0352899298
1490.0 916152.4918429804
1500.0 579037.0958290107
1510.0 578321.3127474777
1520.0 579676.9112612254
1530.0 609107.1347512397
1540.0 581617.6965121374
1550.0 8132743.1489017615
1560.0 580713.7111829619
1570.0 581374.4032678101
1580.0 612458.4966763296
1590.0 585272.769288297
1600.0 642959.420259269
1610.0 586598.4296508873
1620.0 587068.1776266119
1630.0 583066.0750206514
1640.0 5192639.203182317
1650.0 584065.4911929272
1660.0 749646.8440873513
1670.0 1012692.7614757628
1680.0 697844.6553309992
1690.0 646857.3821661349
1700.0 626347.2377223339
1710.0 754900.2417021247
1720.0 857512.6314235561
1730.0 1054822.7918974727
1740.0 956822.0171524845
1750.0 1385630.047224672
1760.0 1156448.5604068316
1770.0 983212.2301116071
1780.0 1310850.3898082338
1790.0 1844110.715578172
1800.0 2005570.508633623
1810.0 1235402.8328527897
1820.0 1337229.8902315383
1830.0 1096722.9615972745
1840.0 916128.7670767837
1850.0 959139.9533882006
1860.0 1457336.1094448196
1870.0 1697108.815784959
1880.0 2207932.0067387777
1890.0 2414851.128151765
1900.0 1416154.7989974502
1910.0 4567484.657857853
1920.0 1879681.2931038002
1930.0 1089493.270030933
1940.0 1672067.7047768203
1950.0 2228602.2898805
1960.0 2849622.6813437943
1970.0 2753080.4332772945
1980.0 2095671.2082966869
1990.0 2143437.104303239
2000.0 2438732.475917128
2010.0 2068551.222298218
2020.0 2002325.6765377694
2030.0 2325913.2063157707
2040.0 3120177.755058977
2050.0 3596910.6126881707
2060.0 2465902.3497033985
2070.0 4575426.005317924
2080.0 3826934.5649113436
2090.0 3767835.681852525
2100.0 3922884.6223041727
2110.0 4307113.061492244
2120.0 4607998.729487765
2130.0 3107654.414987367
2140.0 4157302.8334962064
2150.0 3905960.302100328
2160.0 4012330.904721324
2170.0 2415253.5310559105
2180.0 3886728.6985383043
2190.0 4553633.652282113
2200.0 5241519.432913904
2210.0 2942043.0607999885
2220.0 2666916.2493046047
2230.0 4546503.914128619
2240.0 6268548.147097333
2250.0 3954599.0480867284
2260.0 3696681.417271455
2270.0 3650691.92097191
2280.0 4866785.298078542
2290.0 3993045.2981851264
2300.0 3459343.589712565
2310.0 5023220.830355653
2320.0 4646133.504484421
2330.0 2999713.9084700514
2340.0 2547432.31209256
2350.0 2912920.1229093
2360.0 2011877.9564293947
2370.0 2176724.8434123583
2380.0 1954710.3786534262
2390.0 2018141.0342178226
2400.0 1766901.8341886974
2410.0 1791415.3196246084
2420.0 4343876.295887693
2430.0 5049806.730010767
2440.0 4059146.9395848997
2450.0 4388345.358895346
2460.0 4881268.621245007
2470.0 4289059.609519246
2480.0 3769461.4911473524
2490.0 2696099.2040134333
2500.0 4001051.4884576285
2510.0 3473743.6914972733
2520.0 2316980.959518686
2530.0 2751514.56886171
2540.0 2740958.9079981954
2550.0 3715758.518398131
2560.0 3768672.049270257
2570.0 4844459.110783369
2580.0 3851989.6336505115
2590.0 3720616.7001123237
2600.0 3164823.041429179
2610.0 2475672.0079868105
2620.0 4223755.827102906
2630.0 3354393.487468677
2640.0 8273542.737623402
2650.0 8569530.681831935
2660.0 7119436.539892589
2670.0 7418472.545097323
2680.0 8398693.276331043
2690.0 8539570.455248859
2700.0 9178059.932609694
2710.0 7126725.025107633
2720.0 4759919.732542867
2730.0 5343217.841842936
2740.0 4113122.018574302
2750.0 4082206.9000849132
2760.0 6281140.660051082
2770.0 7168705.664937063
2780.0 5222636.086046157
2790.0 7151598.547423657
2800.0 3548035.663264242
2810.0 6257069.648558696
2820.0 11210804.042229274
2830.0 10732785.264692739
2840.0 8518937.942352638
2850.0 5263083.395149544
2860.0 9263529.218718175
2870.0 10037690.552398834
2880.0 8166649.285500797
2890.0 11038809.31552667
2900.0 14154673.065205107
2910.0 13877073.481501933
2920.0 12677131.040113728
2930.0 12625615.444066802
2940.0 10872724.327250283
2950.0 11035829.478914786
2960.0 13933792.201949967
2970.0 11681379.720578501
2980.0 12235401.416181725
2990.0 12724158.849929191
3000.0 12557880.589049932
3010.0 13538547.455561878
3020.0 12244602.743502103
3030.0 13719994.085657865
3040.0 12986734.80034235
3050.0 14658576.196436957
3060.0 13836785.617970845
3070.0 14558505.22336668
3080.0 13801832.277612032
3090.0 13820513.57897001
3100.0 12515719.916734677
3110.0 15313216.765867868
3120.0 14499655.438189963
3130.0 13866340.09980702
3140.0 15088516.046382042
3150.0 15846706.096913572
3160.0 13046171.310109755
3170.0 15510612.192242414
3180.0 13182747.503585614
3190.0 14039792.971540945
3200.0 14751845.845727889
3210.0 13170550.222043592
3220.0 14518591.753428256
3230.0 10555176.455365542
3240.0 13708509.780437903
3250.0 14019882.494468557
3260.0 16875346.14895934
3270.0 16112775.81667106
3280.0 14454213.58185895
3290.0 16962082.872444637
3300.0 17587226.362378545
3310.0 15698474.43055235
3320.0 16169875.135325518
3330.0 17320305.253995277
3340.0 15251653.42478373
3350.0 14771213.407398343
3360.0 15330206.848932546
3370.0 13360801.841034943
3380.0 14849032.984869033
3390.0 14970042.694819653
3400.0 16041909.876439039
3410.0 14399499.64153149
3420.0 14986461.027331194
3430.0 16140469.48295273
3440.0 14556724.54569816
3450.0 15786436.991567677
3460.0 15240957.90448727
3470.0 15899682.518369839
3480.0 15253790.503283136
3490.0 15985115.324742397
3500.0 15641201.013604937
3510.0 15567039.476210322
3520.0 14257380.39866771
3530.0 15295567.692392753
3540.0 16652158.527394302
3550.0 15708602.6630709
3560.0 16629615.297741547
3570.0 12808198.014997281
3580.0 14261808.6690709
3590.0 12663134.268351475
3600.0 16718309.45259596
3610.0 13481006.040207144
3620.0 14162875.705964055
3630.0 15533386.639824765
3640.0 15653824.630266936
3650.0 15163321.148111414
3660.0 17574746.95771273
3670.0 17167303.924627636
3680.0 15946099.469650947
3690.0 15354476.157597609
3700.0 16062107.584010014
3710.0 14660163.111594984
3720.0 14619712.643398164
3730.0 15936537.411667798
3740.0 14441304.99097399
3750.0 12851620.195614487
3760.0 15890674.925643867
3770.0 14465317.885692013
3780.0 20454245.575359423
3790.0 17691765.100837123
3800.0 15734628.971119488
3810.0 19768221.335403603
3820.0 16760599.457268286
3830.0 12611259.142942296
3840.0 13763621.000970291
3850.0 21239370.06455656
3860.0 19767162.89299023
3870.0 19532179.543139126
3880.0 20099484.55251521
3890.0 13972222.328110782
3900.0 18630010.327969573
3910.0 20904671.736281496
3920.0 20646933.26657478
3930.0 12354737.586820954
3940.0 16449744.066599268
3950.0 21200255.481098466
3960.0 18868097.13419585
3970.0 10470068.601801531
3980.0 21480243.92287121
3990.0 23223910.057897687
4000.0 22988059.901283488
4010.0 23181376.027735993
4020.0 24085544.50430669
4030.0 22541712.87328097
4040.0 24098829.08730181
4050.0 23026319.74088742
4060.0 22120375.795212105
4070.0 21558466.495725267
4080.0 22519040.8536302
4090.0 23869095.793308403
4100.0 16667474.907301951
4110.0 21681961.34356747
4120.0 24144925.924398147
4130.0 22676564.890515186
4140.0 24069372.04486845
4150.0 23243258.881117597
4160.0 24087520.5162639
4170.0 23242683.418998208
4180.0 23039338.176576752
4190.0 23698472.363721848
4200.0 21128096.518072747
4210.0 24402675.976763032
4220.0 23264928.022026554
4230.0 21268034.230782047
4240.0 22805193.522681963
4250.0 21505703.035589132
4260.0 23312795.73859088
4270.0 21205846.629433837
4280.0 23178270.717320733
4290.0 21037761.561180558
4300.0 19446757.24618223
4310.0 19315619.571469862
4320.0 22527624.230623268
4330.0 21273717.671011094
4340.0 15478574.94509883
4350.0 21357047.33780286
4360.0 24179074.880041324
4370.0 23394926.473633032
4380.0 21929900.17305595
4390.0 23000118.30263453
4400.0 22053302.101979088
4410.0 23559390.509596325
4420.0 22787860.616400644
4430.0 22890950.00365567
4440.0 22723251.324957278
4450.0 22813610.66623424
4460.0 21523789.03896719
4470.0 23187258.11122591
4480.0 23034187.71491617
4490.0 23441807.514503807
4500.0 23740403.602643207
4510.0 24762857.04172577
4520.0 23223272.175576206
4530.0 22155504.05424184
4540.0 23711175.885501936
4550.0 22875140.937850326
4560.0 23375501.887323983
4570.0 23776775.665792216
4580.0 22455134.870815318
4590.0 22556183.297919057
4600.0 23087710.482652895
4610.0 23165028.88124328
4620.0 23034157.51597497
4630.0 23013496.512235086
4640.0 23516940.355852965
4650.0 22955055.652419847
4660.0 23823943.721236225
4670.0 22957271.899452783
4680.0 23329819.17925925
4690.0 23716618.80810864
4700.0 22810322.13679055
4710.0 22739760.985778928
4720.0 23254870.431877546
4730.0 22580929.44594675
4740.0 22785425.27810117
4750.0 23147975.922774237
4760.0 22631905.85778799
4770.0 22863307.63255454
4780.0 22951402.14289609
4790.0 22326077.66840839
4800.0 22816218.61105588
4810.0 22282779.72874268
4820.0 22278300.97627372
4830.0 22272327.15909771
4840.0 21382768.989468437
4850.0 20575295.705449928
4860.0 15807716.129397843
4870.0 18666369.729934838
4880.0 20774495.001062095
4890.0 20543324.67027405
4900.0 21679163.860655658
4910.0 21515279.987685688
4920.0 19967906.9421527
4930.0 21827328.45502309
4940.0 21071837.844300672
4950.0 21898389.975475185
4960.0 24609514.4356313
4970.0 21454929.212203342
4980.0 20275479.560326803
4990.0 20804071.33607374
5000.0 20948364.664303225
5010.0 29807857.022050086
5020.0 20093206.368677422
5030.0 21574941.634762466
5040.0 20026908.102051977
5050.0 20742137.57819657
5060.0 21593227.956527025
5070.0 20590710.016342532
5080.0 19725692.05324923
5090.0 21328418.016654015
5100.0 20725906.06357906
5110.0 20412725.962673105
5120.0 20649034.12973024
5130.0 19781484.684553523
5140.0 19563776.39951727
5150.0 19883850.830579426
5160.0 20288075.305773746
5170.0 17134035.569512613
5180.0 18646737.904259693
5190.0 19120766.77427897
5200.0 19501942.872833
5210.0 19656459.6722367
5220.0 19811785.712422933
5230.0 18487612.85213391
5240.0 19879155.0591408
5250.0 20078702.33930208
5260.0 18926090.024046026
5270.0 17250691.37330145
5280.0 18908783.545227934
5290.0 20245462.568935547
5300.0 19389023.68861276
5310.0 20060583.058741268
5320.0 19420660.517536856
5330.0 18079967.91257053
5340.0 18717653.297747284
5350.0 19466029.530248687
5360.0 19662706.085947998
5370.0 18301780.678804256
5380.0 19237583.66529039
5390.0 19381094.041371603
5400.0 18235386.93014323
5410.0 18196224.70143923
5420.0 18698287.67739367
5430.0 18488018.436695997
5440.0 19528340.7874691
5450.0 18824757.901175298
5460.0 18611473.80450426
5470.0 19402139.033607382
5480.0 18625778.847453747
5490.0 18518449.505684584
5500.0 18834211.131402012
5510.0 18578638.797961432
5520.0 19185803.471701708
5530.0 18227510.591991276
5540.0 19136190.678979825
5550.0 18726284.328803424
5560.0 18584145.05925664
5570.0 18022471.93800219
5580.0 18482121.778413884
5590.0 17375471.741715375
5600.0 17772384.48357853
5610.0 18739821.606797382
5620.0 17793596.956512906
5630.0 18570248.50595788
5640.0 18347662.959338315
5650.0 18324896.068143938
5660.0 17645763.3677536
5670.0 18285375.434372813
5680.0 18091659.271986052
5690.0 18114696.657442372
5700.0 18096838.074228317
5710.0 17481159.63913436
5720.0 18136569.35093032
5730.0 18229826.17214555
5740.0 18190968.686856583
5750.0 17509973.621797893
5760.0 17808843.80410894
5770.0 18001676.898715757
5780.0 17806161.832293876
5790.0 17668365.159148924
5800.0 17813655.57028231
5810.0 17706482.86195128
5820.0 17714409.658870198
5830.0 17711026.03238167
5840.0 17666987.19585932
5850.0 17498851.80697316
5860.0 16981842.430238936
5870.0 17433318.994100332
5880.0 17536093.13560487
5890.0 16995835.166738067
5900.0 17025451.654187072
5910.0 17123353.423938043
5920.0 17218393.210198805
5930.0 16813255.598749015
5940.0 17137920.065941885
5950.0 16907577.548599485
5960.0 17048243.716829244
5970.0 17035548.262110617
5980.0 16600701.277831165
5990.0 16765763.762559675
6000.0 16717700.70356071
6010.0 16540214.142635578
6020.0 16246055.956727894
6030.0 16425823.2047995
6040.0 16699910.588189112
6050.0 16595511.54300883
6060.0 16402997.332464388
6070.0 16364992.594330942
6080.0 16291475.263470488
6090.0 16379952.349486819
6100.0 16002734.84493489
6110.0 16220332.924767617
6120.0 15929496.556706268
6130.0 15995938.245086905
6140.0 15367223.19293617
6150.0 15883498.855286818
6160.0 15120565.674745774
6170.0 15440276.27704571
6180.0 15893141.68122296
6190.0 15652445.473965377
6200.0 15854047.415057564
6210.0 15803864.130026072
6220.0 15559386.024208015
6230.0 15415784.106143532
6240.0 15148662.919717273
6250.0 14936765.670459235
6260.0 15439735.153081281
6270.0 15419288.029594243
6280.0 15156927.310245506
6290.0 15259803.395557832
6300.0 15180118.048147362
6310.0 15292623.797828337
6320.0 14909624.404225651
6330.0 15304285.205107398
6340.0 14890884.151840754
6350.0 15156411.358334046
6360.0 14912124.88009878
6370.0 15078078.380112719
6380.0 15009604.33080925
6390.0 14848523.131374305
6400.0 14684918.519160222
6410.0 14649922.589449285
6420.0 14583001.414844831
6430.0 14699317.911168136
6440.0 14477288.882780874
6450.0 14682200.803882059
6460.0 14200209.39593837
6470.0 14507663.463781344
6480.0 14549822.629857501
6490.0 14173975.266447728
6500.0 13969800.920986706
6510.0 14454208.755283212
6520.0 14272021.83017052
6530.0 14157772.737304954
6540.0 13888458.269322095
6550.0 13052719.227827204
6560.0 13517240.563952986
6570.0 12017391.308946079
6580.0 13473934.251881892
6590.0 14106596.79802575
6600.0 13945360.148220172
6610.0 13963155.41235598
6620.0 14011645.472490745
6630.0 13832609.424225686
6640.0 13897478.99951136
6650.0 13946767.974667104
6660.0 13803700.272523759
6670.0 13857948.01335755
6680.0 13725710.593691798
6690.0 13834474.692505248
6700.0 13658549.104643004
6710.0 13541178.96199889
6720.0 13510188.250006557
6730.0 13819328.858886555
6740.0 13579693.070736038
6750.0 13448489.86637372
6760.0 13489798.884787912
6770.0 13367293.358731339
6780.0 13408097.228599787
6790.0 13352572.51667706
6800.0 13296118.472273003
6810.0 13253804.292637419
6820.0 13241665.363320583
6830.0 13186139.225158636
6840.0 13033478.15106642
6850.0 13164453.579884132
6860.0 12948835.279260565
6870.0 13094837.123214524
6880.0 13027705.278678074
6890.0 12981106.439047022
6900.0 12994202.81556083
6910.0 12870255.653486496
6920.0 12794340.605080532
6930.0 12841696.772001967
6940.0 12824043.517559703
6950.0 12703407.317164885
6960.0 12732607.048643602
6970.0 12698209.983450057
6980.0 12527305.593792427
6990.0 12628956.880627152
7000.0 12496999.17083737
7010.0 12480186.731951218
7020.0 12295541.386186685
7030.0 12417060.08617702
7040.0 12392540.774962429
7050.0 12409813.92119269
7060.0 12336033.179194817
7070.0 12345628.32627743
7080.0 12269799.85448572
7090.0 12205557.067511389
7100.0 12235646.648405535
7110.0 12057422.113442488
7120.0 12017396.891144095
7130.0 11931641.257685596
7140.0 12207498.996363483
7150.0 11836286.279375333
7160.0 11849757.320896823
7170.0 11913585.454432473
7180.0 11828456.978347301
7190.0 11585051.800454652
7200.0 11825483.878408765
7210.0 11596844.501601886
7220.0 11695907.938605856
7230.0 11759666.757351127
7240.0 11677354.958275689
7250.0 11679092.898205154
7260.0 11639368.900586043
7270.0 11653161.588610826
7280.0 11473405.13138963
7290.0 11286520.713625167
7300.0 11492758.038013656
7310.0 11363903.12120007
7320.0 11614437.34244224
7330.0 11248645.120641347
7340.0 11420064.487367976
7350.0 11367601.759467369
7360.0 11249061.771703027
7370.0 11315545.707523128
7380.0 11275814.954137186
7390.0 10943031.86704229
7400.0 11148421.549331006
7410.0 10836637.247637993
7420.0 10743227.540567204
7430.0 11118165.854058295
7440.0 11019488.502647504
7450.0 10856365.128968926
7460.0 10958906.598987004
7470.0 10969410.002527965
7480.0 10838955.759230824
7490.0 10842198.161105713
7500.0 10781265.10420945
7510.0 10654451.270044906
7520.0 10782488.737583073
7530.0 10752153.707395367
7540.0 10794706.724955834
7550.0 10720788.943923892
7560.0 10602811.109631933
7570.0 10605295.609242633
7580.0 10605932.428484268
7590.0 10538687.28494203
7600.0 10542122.606417418
7610.0 10547258.699485185
7620.0 10330229.412658863
7630.0 10528076.278229605
7640.0 10494907.369800508
7650.0 10441888.954516135
7660.0 9956288.719260877
7670.0 10353154.446663955
7680.0 10306951.961788576
7690.0 10205894.69971956
7700.0 10237443.620275395
7710.0 10123383.237517644
7720.0 10163442.881145729
7730.0 10179026.401250299
7740.0 10174578.05703298
7750.0 9959498.951510109
7760.0 10122508.695574533
7770.0 9930341.228119353
7780.0 9895967.902149107
7790.0 10033131.344896156
7800.0 9931285.589054585
7810.0 9920093.38786587
7820.0 9963314.98800773
7830.0 9762767.939426124
7840.0 9802887.73400097
7850.0 9794048.782386195
7860.0 9813794.203701057
7870.0 9832855.172587106
7880.0 9745211.720390832
7890.0 9774149.570393693
7900.0 9676052.56697159
7910.0 9685585.906312589
7920.0 9588546.735406213
7930.0 9485196.301170053
7940.0 9358416.303896546
7950.0 9439954.030180085
7960.0 9564883.251605807
7970.0 9563413.139639918
7980.0 9529615.170462271
7990.0 9491533.30311415
8000.0 9324999.99909079
8010.0 9437293.187210875
8020.0 9411584.546651931
8030.0 9303752.014760453
8040.0 9345873.328557871
8050.0 9163639.339515967
8060.0 9305943.760770164
8070.0 9251647.296760328
8080.0 9234761.801073767
8090.0 9106759.092015734
8100.0 9127435.519504327
8110.0 9191474.685817063
8120.0 9170512.052820096
8130.0 9138748.363089083
8140.0 9101577.960040329
8150.0 9048958.744604222
8160.0 9003044.582483212
8170.0 8996332.701690214
8180.0 8861875.357192183
8190.0 8837943.743120497
8200.0 8768119.910250202
8210.0 8670578.258590134
8220.0 8667482.181880705
8230.0 8702273.569772867
8240.0 8801203.478265658
8250.0 8654777.54714929
8260.0 8774956.5886406
8270.0 8748313.890383678
8280.0 8725157.501726998
8290.0 8648636.699958334
8300.0 8662612.064087614
8310.0 8539830.725106355
8320.0 8580909.9254078
8330.0 8362506.724795563
8340.0 8455404.504759578
8350.0 8460597.168149747
8360.0 8515071.104511788
8370.0 8472905.607475495
8380.0 8476335.177941399
8390.0 8269351.551923839
8400.0 8376968.7030472355
8410.0 8359898.8887425605
8420.0 8257086.489549186
8430.0 8289426.227508444
8440.0 8224713.3766582515
8450.0 8214893.760502931
8460.0 8254576.137024159
8470.0 8086054.486012829
8480.0 8215499.926481203
8490.0 8185117.767617269
8500.0 7681998.791495718
8510.0 8011582.659432147
8520.0 8111411.042672526
8530.0 8022384.447863933
8540.0 6997793.679523837
8550.0 7911758.115847657
8560.0 7976816.851234135
8570.0 8037212.520775075
8580.0 7960503.524092349
8590.0 7890433.208798365
8600.0 7695744.856850372
8610.0 7805552.830024746
8620.0 7881127.114060164
8630.0 7910382.029596028
8640.0 7901417.625499748
8650.0 7742425.119354454
8660.0 6815340.688354996
8670.0 7418185.973812879
8680.0 7687429.174324203
8690.0 7512349.534129309
8700.0 7705925.941516512
8710.0 7671131.834296181
8720.0 7699678.117868849
8730.0 7645399.891300202
8740.0 7324232.550150773
8750.0 7123831.270020991
8760.0 7356073.052224244
8770.0 7544137.971099896
8780.0 7630955.046379606
8790.0 7497122.16457832
8800.0 7616934.67971751
8810.0 7284980.729461825
8820.0 7457350.415554119
8830.0 7551108.006599492
8840.0 7384977.072336869
8850.0 7321186.268122516
8860.0 6856619.01526645
8870.0 7006592.158584565
8880.0 7290990.747559011
8890.0 7374551.557798607
8900.0 7443745.721946888
8910.0 7347677.8054096205
8920.0 7345294.986496756
8930.0 7256101.366298417
8940.0 7387271.690946969
8950.0 7287852.137387583
8960.0 7323424.69948927
8970.0 7264366.636918543
8980.0 7212456.45088814
8990.0 7174232.767602622
9000.0 6915547.501594011
9010.0 6458167.05342099
9020.0 6511571.199374937
9030.0 7034386.182756902
9040.0 7086630.192262006
9050.0 7106113.393994191
9060.0 6881237.83135253
9070.0 7108000.272361814
9080.0 7295977.364922107
9090.0 6747924.925589068
9100.0 6957465.4396117255
9110.0 6909354.8534312565
9120.0 7008438.0727556385
9130.0 7020516.281037895
9140.0 7007682.884236943
9150.0 6961145.43322438
9160.0 6952352.924927607
9170.0 6926665.8039242225
9180.0 6884805.767742476
9190.0 6870713.525279926
9200.0 6807902.690168294
9210.0 6523620.057135083
9220.0 6390025.929923361
9230.0 5720648.857475059
9240.0 6337454.804443684
9250.0 6611059.222205829
9260.0 6464089.185780339
9270.0 6702204.033676253
9280.0 6724225.480054978
9290.0 6676043.180332836
9300.0 6700297.730690228
9310.0 6692481.961599594
9320.0 6647930.24242277
9330.0 6649091.7495075585
9340.0 6646258.753867279
9350.0 6608341.460522204
9360.0 6596078.54010758
9370.0 6594481.368154693
9380.0 6576556.008351259
9390.0 6540596.519111724
9400.0 6484029.982924162
9410.0 6069841.368949588
9420.0 6352461.813867951
9430.0 6411736.252112957
9440.0 6342877.0851674685
9450.0 6432388.829338367
9460.0 6412339.603239548
9470.0 6427530.122216859
9480.0 6393513.011955084
9490.0 6368692.120350747
9500.0 6346748.914418951
9510.0 6274436.548430397
9520.0 6240324.066549534
9530.0 6084936.738658993
9540.0 6019980.436022677
9550.0 5737697.204601601
9560.0 5992434.859544345
9570.0 6111787.749255034
9580.0 6175151.704377275
9590.0 6182304.755948557
9600.0 6110169.989389965
9610.0 6141524.580900453
9620.0 6071099.480142915
9630.0 6089223.179661353
9640.0 6118205.782155957
9650.0 6078730.490573142
9660.0 5957932.15013183
9670.0 6095310.569380908
9680.0 6056381.823508254
9690.0 6025013.674372281
9700.0 6057707.016117783
9710.0 6048980.378668671
9720.0 6034628.251875198
9730.0 6004645.854370928
9740.0 5925031.178998372
9750.0 5946046.259965989
9760.0 5944556.440125717
9770.0 5946523.329387722
9780.0 5935600.3185397275
9790.0 5909227.686208316
9800.0 5886474.4916639235
9810.0 5893144.592904977
9820.0 5867254.517943806
9830.0 5855425.010286613
9840.0 5833134.015121253
9850.0 5795344.005758985
9860.0 5787313.908232407
9870.0 5806735.726948386
9880.0 5791418.252741917
9890.0 5682647.746225809
9900.0 5700655.31783819
9910.0 5705462.079157422
9920.0 5724632.234598881
9930.0 5684956.173973984
9940.0 5650996.818136626
9950.0 5673658.277402149
9960.0 5664236.700950935
9970.0 5623438.770022923
9980.0 5633320.30216196
9990.0 5594098.395001621
10010.0 5524667.057308412
10020.0 5510379.002295113
10030.0 5447196.142692803
10040.0 5118417.933969678
10050.0 4440030.138729617
10060.0 5141847.871428255
10070.0 5338263.622925141
10080.0 5419851.243891823
10090.0 5429640.199609182
10100.0 5407360.395225918
10110.0 5432026.9022798
10120.0 5355164.647880176
10130.0 5505987.55392051
10140.0 5427189.702039377
10150.0 5340377.9723846195
10160.0 5318027.763989507
10170.0 5378977.972924884
10180.0 5283124.621688995
10190.0 5312980.610663255
10200.0 5330199.71060139
10210.0 5305563.734352341
10220.0 5250207.921897899
10230.0 5307184.566662913
10240.0 5277059.764979405
10250.0 5283357.512714294
10260.0 5276821.947106389
10270.0 5245896.739896865
10280.0 5241717.401300123
10290.0 5186381.492471479
10300.0 5212451.439305491
10310.0 5199296.221904565
10320.0 5200947.117431012
10330.0 5088532.762920325
10340.0 5149834.617018944
10350.0 5143729.955035685
10360.0 5141626.757163383
10370.0 5010756.895687851
10380.0 5114479.923855687
10390.0 5111401.4625369795
10400.0 5078451.449715463
10410.0 5063162.670298366
10420.0 5065353.54988004
10430.0 5027835.632855891
10440.0 5051322.312585486
10450.0 4997631.230973741
10460.0 4795990.29808003
10470.0 4948294.150508272
10480.0 4968168.123328695
10490.0 4982250.990217904
10500.0 4953504.24320611
10510.0 4939413.41299989
10520.0 4912357.49660198
10530.0 4908166.203450503
10540.0 4913144.791506444
10550.0 4910234.737387567
10560.0 4898956.587291742
10570.0 4855282.499839546
10580.0 4787716.894277056
10590.0 4692296.06835051
10600.0 4759022.976423879
10610.0 4824647.523131022
10620.0 4816579.031395502
10630.0 4687727.24458123
10640.0 4811570.0487136
10650.0 4798403.390204805
10660.0 4688997.933432981
10670.0 4760966.085578276
10680.0 4606816.991526108
10690.0 4332627.244519654
10700.0 4671216.168895011
10710.0 4616755.146156364
10720.0 4678876.778342258
10730.0 4526709.8107642
10740.0 4674790.433481875
10750.0 4531960.2759294445
10760.0 4669661.885343026
10770.0 4636549.410554987
10780.0 4611640.774432799
10790.0 4531414.586872334
10800.0 4595211.832826908
10810.0 4385571.72352411
10820.0 5760557.671979013
10830.0 4345571.8333350625
10840.0 4481806.18372356
10850.0 4549284.9342849925
10860.0 4518381.613972942
10870.0 4285130.307508777
10880.0 4464158.654712433
10890.0 4397330.524766602
10900.0 4448110.335749569
10910.0 4334878.603069402
10920.0 4350489.260887056
10930.0 4015547.9099542424
10940.0 3552185.3845414123
10950.0 4095389.780487509
10960.0 4229698.257689429
10970.0 4276628.823805383
10980.0 4189328.3021335737
10990.0 4382404.958910233
11000.0 4393359.135970544
11010.0 4365444.362264788
11020.0 4208603.352398866
11030.0 4361377.4440608
11040.0 4363041.915906107
11050.0 4337053.777279253
11060.0 4342315.472581414
11070.0 4339922.992058609
11080.0 4326597.88880785
11090.0 4320771.08768242
11100.0 4304822.718051599
11110.0 4302571.360520473
11120.0 4267128.101284726
11130.0 4214293.21197934
11140.0 4267966.156243483
11150.0 4251724.3201037105
11160.0 4242485.500368331
11170.0 4244967.336499294
11180.0 4221384.293001666
11190.0 4105485.679926604
11200.0 4152203.330123869
11210.0 4197406.029991024
11220.0 4196403.125878999
11230.0 4185746.07739912
11240.0 4175000.9804143393
11250.0 3985099.5705484687
11260.0 4125284.84737102
11270.0 4144502.219092765
11280.0 4136141.854114513
11290.0 3995675.822815445
11300.0 4077552.5211404404
11310.0 4088473.8032085695
11320.0 4092587.546635678
11330.0 3996103.8429179452
11340.0 4058174.553384452
11350.0 4055258.143833098
11360.0 4041116.9243261493
11370.0 4014244.3792904005
11380.0 4007729.5785303796
11390.0 3964705.3369339784
11400.0 3908686.9773142133
11410.0 3969095.513877168
11420.0 3972675.8434620393
11430.0 3989485.9014889416
11440.0 3929807.753419618
11450.0 3923645.191037797
11460.0 3967458.5055283243
11470.0 3956583.536633179
11480.0 3940476.555991873
11490.0 3940318.7514781733
11500.0 3927297.5971996537
11510.0 3925510.20452178
11520.0 3889524.601145746
11530.0 3907136.37716447
11540.0 3897344.8299802053
11550.0 3894316.1138446354
11560.0 3881584.9473674507
11570.0 3872380.049713686
11580.0 3864538.063566261
11590.0 3787622.0976030575
11600.0 3827818.975484871
11610.0 3699268.5331274895
11620.0 3804479.95150892
11630.0 3781708.186729785
11640.0 3749212.0633760495
11650.0 3761114.6952914004
11660.0 3721491.816213103
11670.0 3709391.0938273985
11680.0 3776151.1297574425
11690.0 3718602.8164444985
11700.0 3748312.6372949723
11710.0 3754176.9882485424
11720.0 3744308.0325386007
11730.0 3729083.283495037
11740.0 3716611.7563467585
11750.0 3482210.468331929
11760.0 3664667.716939479
11770.0 3679330.571569819
11780.0 3603299.680750803
11790.0 3681967.56133208
11800.0 3651299.240884471
11810.0 3634506.0562607045
11820.0 3638832.267798953
11830.0 3494902.496186742
11840.0 3571152.1815078696
11850.0 3610589.28098937
11860.0 3606852.721720392
11870.0 3612360.6093230587
11880.0 3444225.4465363557
11890.0 3542991.9850164717
11900.0 3553850.4423382953
11910.0 3588466.9237512457
11920.0 3584629.835051654
11930.0 3574044.484317703
11940.0 3565965.407215616
11950.0 3501711.0246971794
11960.0 3530470.7320256713
11970.0 3466299.430189179
11980.0 3407463.654664668
11990.0 3386271.367773847
12000.0 3511280.9167077243
12010.0 3492735.403277204
12020.0 3497495.8543485412
12030.0 3319422.0372726265
12040.0 3451233.0867393008
12050.0 3473747.676437242
12060.0 3464993.0482182503
12070.0 3451987.587678225
12080.0 3164663.5355984736
12090.0 3404456.327652082
12100.0 3354080.7642168985
12110.0 3389899.446086264
12120.0 3421349.126885816
12130.0 3414862.4015332037
12140.0 3414094.996065985
12150.0 3395220.868652927
12160.0 3399611.033903807
12170.0 3379861.135767223
12180.0 3374487.662791491
12190.0 3362859.281698693
12200.0 3338356.4968214775
12210.0 3330778.2358802566
12220.0 3348452.524697758
12230.0 3328812.704630688
12240.0 3324710.7221420477
12250.0 3302124.4068656806
12260.0 3304052.7500757603
12270.0 3240955.8315573554
12280.0 3299468.4460107363
12290.0 3301934.3900351725
12300.0 3292083.525627582
12310.0 3259418.6453751787
12320.0 3275112.605358277
12330.0 3256995.328001641
12340.0 3215718.2299096314
12350.0 3233944.630757707
12360.0 3187352.4056563764
12370.0 3228894.8505891603
12380.0 3241712.0018427647
12390.0 3223682.4292900264
12400.0 3188049.449028171
12410.0 3201334.5203488627
12420.0 3172703.8303104145
12430.0 3166183.7702098903
12440.0 3197897.0477402606
12450.0 3190587.575196702
12460.0 3170813.503316136
12470.0 3154853.9735352593
12480.0 3167266.6786183966
12490.0 3159303.001200605
12500.0 3155961.91507086
12510.0 3097303.9389282297
12520.0 3052624.4383320934
12530.0 3104210.5101488973
12540.0 3123867.983279663
12550.0 3106580.1371268965
12560.0 3080531.4596689725
12570.0 3282566.336287811
12580.0 3058941.315830297
12590.0 3086257.2307492746
12600.0 3071191.1790056066
12610.0 3029035.720704431
12620.0 3065039.3292383687
12630.0 3065028.3646610063
12640.0 3008249.2792030624
12650.0 3036994.7892905166
12660.0 3037907.6849665074
12670.0 3034261.4164892803
12680.0 3010578.604331054
12690.0 3025628.807586086
12700.0 3008445.8090456324
12710.0 2987494.786623689
12720.0 2999511.420319652
12730.0 2988478.1501845173
12740.0 2969163.867961764
12750.0 2965713.0622925507
12760.0 2948920.1117048645
12770.0 2927117.297696549
12780.0 2898210.3440823555
12790.0 2847172.709124362
12800.0 2760789.7833402515
12810.0 2560744.905691271
12820.0 2368076.393188007
12830.0 2648634.957520471
12840.0 2776124.43834846
12850.0 2834892.0157297086
12860.0 2860597.9034095914
12870.0 2867451.0843539136
12880.0 2872147.596664983
12890.0 2881183.942541852
12900.0 2844056.1587775345
12910.0 2871829.8413777654
12920.0 2865191.563478165
12930.0 2865343.107189348
12940.0 2858096.959467103
12950.0 2877996.9713518317
12960.0 2845812.492940722
12970.0 2824313.738446101
12980.0 2836229.706166684
12990.0 2838092.9885850074
13000.0 2830471.668118109
13010.0 2835054.111177778
13020.0 2823886.690674827
13030.0 2794214.9041127427
13040.0 2802081.387851686
13050.0 2801447.2229786813
13060.0 2780545.608248322
13070.0 2793185.3507243595
13080.0 2793102.2663112995
13090.0 2781437.458425976
13100.0 2762417.553120763
13110.0 2775002.694935979
13120.0 2651973.684830341
13130.0 2749598.2388294213
13140.0 2749468.7730078073
13150.0 2648236.3724969844
13160.0 2736578.1946280743
13170.0 2740682.8930019788
13180.0 2683341.196696273
13190.0 2727586.5528499666
13200.0 2718118.524717161
13210.0 2754436.672910029
13220.0 2711610.0476070056
13230.0 2709656.935571677
13240.0 2704256.1849748273
13250.0 2691694.200804752
13260.0 2683854.395300717
13270.0 2679490.593750093
13280.0 2685414.5798105467
13290.0 2631986.436979321
13300.0 2662040.7589499643
13310.0 2660666.431072156
13320.0 2613692.890280786
13330.0 2647649.1340518994
13340.0 2645526.0450071893
13350.0 2624500.831459556
13360.0 2637273.0074412804
13370.0 2626237.0900949854
13380.0 2622643.753017204
13390.0 2582686.973301458
13400.0 2608408.2772980127
13410.0 2605564.5205808696
13420.0 2600676.0218089996
13430.0 2592178.852419849
13440.0 2596144.954062574
13450.0 2583279.5771970097
13460.0 2574302.601993428
13470.0 2578181.45824466
13480.0 2571872.2471474335
13490.0 2562384.5310414364
13500.0 2535421.3676132485
13510.0 2560746.6540878084
13520.0 2549532.3692079354
13530.0 2546675.716683049
13540.0 2543172.4765054
13550.0 2518007.173617532
13560.0 2503201.7718271744
13570.0 2507095.251038628
13580.0 2520078.255308468
13590.0 2511471.4089697343
13600.0 2502033.8357498273
13610.0 2508178.984546719
13620.0 2499713.7523273337
13630.0 2482453.69226443
13640.0 2484688.86998732
13650.0 2483073.2919243798
13660.0 2480692.4337916644
13670.0 2465366.9144207193
13680.0 2447256.3596767406
13690.0 2457174.8382334155
13700.0 2423507.3830402335
13710.0 2437788.3941443875
13720.0 2433848.360329051
13730.0 2419896.199447546
13740.0 2399050.2423150036
13750.0 2454943.7420538575
13760.0 2399906.6306886883
13770.0 2414517.0113891424
13780.0 2405765.3270150837
13790.0 2418027.4504501754
13800.0 2398389.3226440195
13810.0 2406045.13054582
13820.0 2392511.187042593
13830.0 2371593.3152328865
13840.0 2394846.8439993644
13850.0 2380927.015142465
13860.0 2374624.384914916
13870.0 2375216.1288686376
13880.0 2375609.884287972
13890.0 2368433.3603086974
13900.0 2338055.831785857
13910.0 2360172.249882415
13920.0 2349690.8437188556
13930.0 2346202.22463808
13940.0 2320207.7415688806
13950.0 2321942.521220642
13960.0 2332647.316635309
13970.0 2332041.7004613057
13980.0 2324679.414251871
13990.0 2313783.921531683
14000.0 2278936.3623320474
14010.0 2285006.282068845
14020.0 2309487.5122819566
14030.0 2280644.6765274704
14040.0 2296698.031803415
14050.0 2298033.403216263
14060.0 2289395.0779390843
14070.0 2280857.495580332
14080.0 2265156.551877928
14090.0 2277712.048814661
14100.0 2272849.003910646
14110.0 2231179.937869993
14120.0 2232634.415935953
14130.0 2225148.11524122
14140.0 2253157.174042566
14150.0 2250590.778058452
14160.0 2228219.4635804407
14170.0 2241034.828102219
14180.0 2227915.292942377
14190.0 2232875.2268741336
14200.0 2213950.4277448636
14210.0 2212007.797087102
14220.0 2190071.310111285
14230.0 2214762.8933007997
14240.0 2147544.2918223087
14250.0 2188477.221364472
14260.0 2171972.6594950943
14270.0 2160938.987633276
14280.0 2182057.22723249
14290.0 2103452.6836096784
14300.0 2178574.2239797194
14310.0 2159420.5957312044
14320.0 2172396.1239259494
14330.0 2172306.2286184365
14340.0 2167672.7515785545
14350.0 2161241.642694942
14360.0 2157483.182146394
14370.0 2158108.6075748703
14380.0 2150011.985628364
14390.0 2144342.796347302
14400.0 1983741.030328178
14410.0 2132916.706320085
14420.0 2066000.576641415
14430.0 2091350.6729619077
14440.0 2075897.9568363966
14450.0 2114708.5889995834
14460.0 2101710.4634193466
14470.0 2100466.1684210547
14480.0 2081468.0883637997
14490.0 2089258.37210906
14500.0 2058402.6675109484
14510.0 2030658.0340160488
14520.0 2066764.7995697176
14530.0 2075074.0116971838
14540.0 1983719.9034583555
14550.0 2049458.033993073
14560.0 2047128.3521617767
14570.0 2033273.1362771667
14580.0 2065229.0764464336
14590.0 2041355.0552709266
14600.0 2045530.0961797948
14610.0 2050667.608403262
14620.0 2033305.2128836624
14630.0 2023206.125194578
14640.0 2006534.9827315337
14650.0 1953902.3673107366
14660.0 2032445.4668681615
14670.0 2021609.7098816447
14680.0 2022224.9468597206
14690.0 2005765.488268486
14700.0 1975006.196580844
14710.0 1999666.1388549367
14720.0 1970427.2203989332
14730.0 2006389.8212327468
14740.0 1991899.6941748103
14750.0 1945919.6531494604
14760.0 1986833.6613458989
14770.0 1978626.751366736
14780.0 1938612.0845147744
14790.0 1980414.2068656946
14800.0 1976658.929244263
14810.0 1953765.9128550792
14820.0 1967282.0208979305
14830.0 1909818.638963721
14840.0 1955408.4557710383
14850.0 1934629.1964752062
14860.0 1936354.3981854229
14870.0 1898046.329367244
14880.0 1696567.3919506758
14890.0 1934907.1729952942
14900.0 1919423.4843499977
14910.0 1920579.9342785454
14920.0 1931342.6596678991
14930.0 1928595.6961814174
14940.0 1921128.8506175997
14950.0 1919957.0984864982
14960.0 1883722.813069188
14970.0 1901988.841983331
14980.0 1894308.2863812651
14990.0 1886982.950496329
15000.0 1900682.9296090717
15010.0 1877657.6922461002
15020.0 1795197.412992317
15030.0 1811806.536747253
15040.0 1754088.589690487
15050.0 1753367.0378794996
15060.0 1876059.8915902951
15070.0 1878160.934002651
15080.0 1859192.1374998568
15090.0 1864160.2188521342
15100.0 1854757.3180752115
15110.0 1869063.5229717894
15120.0 1839834.6815656135
15130.0 1862221.4689262381
15140.0 1834490.439661552
15150.0 1853306.9915785277
15160.0 1833041.7592596204
15170.0 1844624.691333093
15180.0 1833571.914853994
15190.0 1837336.7223407775
15200.0 1818815.5580402005
15210.0 1793170.480258446
15220.0 1784574.3354270714
15230.0 1807553.4907046165
15240.0 1791530.959421887
15250.0 1803339.420744113
15260.0 1791635.6916951986
15270.0 1796913.897995026
15280.0 1790594.1462078695
15290.0 1721671.8671124303
15300.0 1768661.0557151407
15310.0 1779964.3349923217
15320.0 1773646.9048859873
15330.0 1778978.9711780332
15340.0 1743741.1087844076
15350.0 1795292.2158689778
15360.0 1767697.0377869552
15370.0 1764377.2373424834
15380.0 1718994.7381795528
15390.0 1735079.8198658363
15400.0 1698084.2673520525
15410.0 1745709.789857396
15420.0 1708279.4649988296
15430.0 1735885.7643231775
15440.0 1734281.577719893
15450.0 1729846.1114754067
15460.0 1729762.6689163407
15470.0 1712309.4793369006
15480.0 1699774.540864366
15490.0 1712308.2414793756
15500.0 1700251.132733403
15510.0 1710536.5792548996
15520.0 1703413.1263902932
15530.0 1684057.7207706557
15540.0 1682126.6295287283
15550.0 1687118.2365121045
15560.0 1659001.452388907
15570.0 1679995.4773181812
15580.0 1687337.8263940483
15590.0 1650699.9204443183
15600.0 1680906.4388392416
15610.0 1682743.1754125883
15620.0 1638779.9386785089
15630.0 1645903.8584803725
15640.0 1667544.0237421512
15650.0 1655381.0411776763
15660.0 1636411.5668553268
15670.0 1639496.0397599738
15680.0 1638940.9909953903
15690.0 1607748.5585323314
15700.0 1629098.9617836324
15710.0 1631853.7298527902
15720.0 1611299.776588734
15730.0 1633634.8674038895
15740.0 1563971.2114364165
15750.0 1542793.6251382064
15760.0 1604457.027025844
15770.0 1461813.1831988208
15780.0 1625115.8294607347
15790.0 1617175.2884005941
15800.0 1618382.5637649626
15810.0 1617924.7640979965
15820.0 1551267.7213362157
15830.0 1589236.0403917362
15840.0 1590393.316874782
15850.0 1583652.924143436
15860.0 1573731.27274377
15870.0 1545635.3311078441
15880.0 1516097.1565837713
15890.0 1482185.531628342
15900.0 1538123.9469826682
15910.0 1535740.6409839122
15920.0 1573197.464834082
15930.0 1570896.6328247422
15940.0 1571490.0031343976
15950.0 1559737.5057980155
15960.0 1496782.3826315422
15970.0 1585414.591399708
15980.0 1556184.0507217536
15990.0 1569001.1245767805
16000.0 1553228.1632088725
16010.0 1527915.7047458072
16020.0 1542864.1377800205
16030.0 1555539.7721335744
16040.0 1522077.7549893695
16050.0 1538510.821646255
16060.0 1500771.9800833703
16070.0 1517942.873243086
16080.0 1517015.5990699301
16090.0 1467388.9246075228
16100.0 1445372.700856558
16110.0 1464921.6795665908
16120.0 1474786.1501667227
16130.0 1485892.2114141306
16140.0 1489904.4206771362
16150.0 1480480.114078174
16160.0 1463553.7995953572
16170.0 1499432.70656708
16180.0 1498188.8839241122
16190.0 1494878.288810858
16200.0 1458573.3451687784
16210.0 1494111.4195652748
16220.0 1497981.6319224765
16230.0 1489115.7085063793
16240.0 1480897.4350387524
16250.0 1497070.744693845
16260.0 1493801.85597472
16270.0 1491309.6905323628
16280.0 1487863.0427020586
16290.0 1477667.1835170952
16300.0 1477135.6186516474
16310.0 1470111.7842430621
16320.0 1446066.2898992104
16330.0 1449989.0334341137
16340.0 1457023.9733259561
16350.0 1447655.0300231609
16360.0 1420117.8170150165
16370.0 1418692.0204410506
16380.0 1359591.1347968853
16390.0 1376466.151666632
16400.0 1347219.2946588928
16410.0 1338144.3243518847
16420.0 1368758.792832131
16430.0 1391654.5030270817
16440.0 1374388.6018447618
16450.0 1403664.0103022899
16460.0 1566002.2297413459
16470.0 1404079.004673447
16480.0 1416782.3707979731
16490.0 1382561.042943746
16500.0 1420204.4010901803
16510.0 1413448.8723946118
16520.0 1407571.5538388006
16530.0 1415649.8430278525
16540.0 1392510.9715367944
16550.0 1401501.0210425083
16560.0 1386656.0090369123
16570.0 1401375.1103459476
16580.0 1400068.0908796317
16590.0 1385707.688262752
16600.0 1397447.3091741418
16610.0 1392472.7608602436
16620.0 1395942.1677055398
16630.0 1377484.9304828094
16640.0 1380756.5987750583
16650.0 1353630.5136863026
16660.0 1375650.6806118845
16670.0 1361530.4429400219
16680.0 1349956.6647810398
16690.0 1366320.3524220968
16700.0 1363563.0318273462
16710.0 1353573.227966784
16720.0 1312345.8509532828
16730.0 1343999.7677890523
16740.0 1337251.9588715786
16750.0 1280772.701120299
16760.0 1306642.2744412604
16770.0 1307644.240075562
16780.0 1285900.5838956805
16790.0 1281152.455729134
16800.0 1215347.857864921
16810.0 1197358.7623822417
16820.0 1228229.2525118217
16830.0 1264616.2189388347
16840.0 1284130.8710928531
16850.0 1294183.7801630553
16860.0 1289859.7346878003
16870.0 1296263.2873632899
16880.0 1300685.8315560617
16890.0 1258195.278342065
16900.0 1285802.6579270065
16910.0 1303631.534672093
16920.0 1303612.533018858
16930.0 1299937.091155406
16940.0 1302078.5972246518
16950.0 1298731.454041516
16960.0 1294066.5627961995
16970.0 1281983.113764332
16980.0 1287619.2043199278
16990.0 1278159.347038475
17000.0 1269429.4726068
17010.0 1256803.4645222756
17020.0 1278135.1866280762
17030.0 1275948.2310944558
17040.0 1276661.981244713
17050.0 1276075.75814147
17060.0 1267725.470163073
17070.0 1265873.4581954454
17080.0 1265282.7318704987
17090.0 1239703.0210562944
17100.0 1257430.063109343
17110.0 1172435.2478308338
17120.0 1252923.6755917887
17130.0 1257107.4023762406
17140.0 1251788.3325539073
17150.0 1248371.314782146
17160.0 1235929.5585074709
17170.0 1243590.1764320885
17180.0 1239695.3732458553
17190.0 1235331.1795821532
17200.0 1228253.7181742964
17210.0 1227836.8905536863
17220.0 1219316.147219444
17230.0 1160471.1320994594
17240.0 1216182.0843845163
17250.0 1211658.6432050038
17260.0 1211547.3575850376
17270.0 1189125.5887033432
17280.0 1183489.3672965935
17290.0 1192834.8586108342
17300.0 1178443.2086126176
17310.0 1176770.2973057553
17320.0 1145169.6004364807
17330.0 1090581.9786743384
17340.0 1081944.0650111723
17350.0 1084900.7380289435
17360.0 1017654.1597305737
17370.0 1057170.7212338848
17380.0 1103767.8686740617
17390.0 1128343.5411370462
17400.0 1139166.7630288089
17410.0 1127870.2892145247
17420.0 1152085.77708497
17430.0 1147203.03207307
17440.0 1161536.286065864
17450.0 1133827.1064194872
17460.0 1134853.7756535946
17470.0 1115158.3975860197
17480.0 1155656.8433184228
17490.0 1160030.2298489392
17500.0 1149496.9672763697
17510.0 1124781.547261167
17520.0 1149631.2882688376
17530.0 1150015.438905716
17540.0 1148042.7056169077
17550.0 1128442.4421743504
17560.0 1143713.3818141432
17570.0 1146871.4079090562
17580.0 1140874.6851059846
17590.0 1142644.8216132969
17600.0 1130676.9135929365
17610.0 1116406.4815070545
17620.0 1093739.7478000675
17630.0 1132297.5672046384
17640.0 1088354.864558208
17650.0 1129133.6523773847
17660.0 1117463.8294719465
17670.0 1112543.6801299069
17680.0 1099900.9729050498
17690.0 1118934.4255699024
17700.0 1113711.8896505903
17710.0 1108114.3021750383
17720.0 1086328.5737096756
17730.0 1108308.2689386755
17740.0 1105201.4009997628
17750.0 1100892.2362960977
17760.0 1093802.3925285544
17770.0 1073365.2299222436
17780.0 1095906.9897605488
17790.0 1087108.9257545786
17800.0 1093717.5274294796
17810.0 1077577.8209383476
17820.0 1086600.9559441262
17830.0 1082147.914799733
17840.0 1077039.8081108956
17850.0 1071469.3069546726
17860.0 1075090.5312735555
17870.0 1077695.1896189093
17880.0 1078688.3771228865
17890.0 1075717.8467022313
17900.0 1074887.1420041502
17910.0 1071079.9303834734
17920.0 1067461.7003100049
17930.0 1055045.8136786683
17940.0 1052893.5946912982
17950.0 1062993.3052719827
17960.0 1059770.0896510817
17970.0 1054352.615275539
17980.0 1052258.640989049
17990.0 1051607.3203911893
18000.0 1046319.7242023784
18010.0 1062670.9528627582
18020.0 1031353.5288047756
18030.0 1031983.8772778397
18040.0 1038586.5555512948
18050.0 1030992.3178054328
18060.0 1026402.0998987285
18070.0 1026595.0517298174
18080.0 1015430.475567653
18090.0 1015607.9350845382
18100.0 1034008.2897064241
18110.0 1003305.6681970808
18120.0 997713.6419243678
18130.0 989002.6553012917
18140.0 972209.6620829832
18150.0 949348.2964555329
18160.0 908145.6560004652
18170.0 835653.6387270659
18180.0 858542.8846133786
18190.0 927577.6261792736
18200.0 948468.0538404495
18210.0 964518.5622520284
18220.0 942541.5990198394
18230.0 976327.8867683503
18240.0 978906.2748087223
18250.0 985151.4559113064
18260.0 988298.8118912863
18270.0 988083.9641858595
18280.0 976354.2009130808
18290.0 987363.4164481217
18300.0 984710.0570052053
18310.0 985865.6529612844
18320.0 961485.7898290809
18330.0 984490.1666077805
18340.0 980818.5779857892
18350.0 978883.6619115103
18360.0 976094.7635994053
18370.0 953594.5240903554
18380.0 969634.986150836
18390.0 971907.6805548337
18400.0 968594.1068220274
18410.0 957495.5402414917
18420.0 931482.2350401622
18430.0 957633.6351796498
18440.0 962497.3144999663
18450.0 959277.6209589634
18460.0 958056.5251324149
18470.0 934614.4726141525
18480.0 957424.6680780187
18490.0 954981.1860265455
18500.0 952636.6149065777
18510.0 950692.2772606178
18520.0 938411.3470102061
18530.0 939763.1989791335
18540.0 945697.8145138354
18550.0 910779.5862274967
18560.0 935977.9559665076
18570.0 939875.4695547547
18580.0 926333.1152517181
18590.0 933589.2993039256
18600.0 932566.5228523252
18610.0 926271.8900598414
18620.0 923871.7487394137
18630.0 921491.692493829
18640.0 920420.7059478242
18650.0 935176.2031157159
18660.0 906736.9945011991
18670.0 910265.3403358909
18680.0 900972.9372986336
18690.0 897382.3840932047
18700.0 889761.2862819479
18710.0 878302.7211974264
18720.0 843123.6839548346
18730.0 835836.2944913373
18740.0 968151.782844655
18750.0 659296.31860127
18760.0 770681.7416998295
18770.0 815128.3949904217
18780.0 849114.9742045085
18790.0 862158.7926292751
18800.0 872437.926813006
18810.0 878326.169685151
18820.0 874379.4355266199
18830.0 883063.1519334314
18840.0 868030.2644559437
18850.0 872198.3655840484
18860.0 864222.4163003286
18870.0 881021.3281594338
18880.0 871609.937331519
18890.0 874399.2726766958
18900.0 855265.7548408668
18910.0 861352.9680378194
18920.0 861016.5996498555
18930.0 835481.1675216263
18940.0 859797.7111908017
18950.0 865694.7461450109
18960.0 852801.9022138695
18970.0 863692.6562195224
18980.0 869504.5808569134
18990.0 854971.538471135
19000.0 864905.2510176877
19010.0 864352.0911972366
19020.0 864130.9449524435
19030.0 847916.4901786381
19040.0 859739.787175215
19050.0 854285.471900505
19060.0 857156.1695577498
19070.0 857116.9877176471
19080.0 849494.6485931845
19090.0 853583.8697611141
19100.0 850271.3833988061
19110.0 838886.4385000663
19120.0 841118.5783428595
19130.0 846143.4450505178
19140.0 842142.5300003561
19150.0 841970.4853899626
19160.0 838054.8952197416
19170.0 839237.1865559658
19180.0 838002.523899543
19190.0 814637.8773571886
19200.0 827356.0924026453
19210.0 828549.9545050645
19220.0 829786.6356354702
19230.0 829919.0337312496
19240.0 828178.8776029231
19250.0 824225.8234389524
19260.0 820833.359978396
19270.0 815131.4912679602
19280.0 811891.6799130253
19290.0 818501.9561364274
19300.0 815379.4814950295
19310.0 800822.5958317971
19320.0 812055.0642900013
19330.0 809404.0219586972
19340.0 795247.4765383785
19350.0 803663.7365698246
19360.0 800715.1332505076
19370.0 796590.0820227009
19380.0 790499.7945442849
19390.0 770803.9588301245
19400.0 773546.4152336511
19410.0 773505.8140119588
19420.0 746324.7369129806
19430.0 704718.9448470195
19440.0 657644.9279042885
19450.0 639725.182030324
19460.0 710967.9129033271
19470.0 735655.1294260755
19480.0 748957.3331271899
19490.0 745744.1190134584
19500.0 766558.223083952
19510.0 743202.1832900867
19520.0 774702.7315510104
19530.0 773249.218871465
19540.0 770981.8319465115
19550.0 777259.5751358356
19560.0 777252.2532466499
19570.0 775706.9013003993
19580.0 772251.8541552288
19590.0 771534.1559708363
19600.0 769952.9870550088
19610.0 766654.6584654504
19620.0 766040.6912974928
19630.0 755470.7809480882
19640.0 766084.11781767
19650.0 769089.4859564721
19660.0 767688.3280225684
19670.0 766513.7817950356
19680.0 764753.3091145655
19690.0 762796.8998205508
19700.0 762499.0103793135
19710.0 760446.2642822543
19720.0 727639.0219654773
19730.0 748726.0571951474
19740.0 754950.55192139
19750.0 755038.6399492157
19760.0 753259.9783353092
19770.0 752937.9894232068
19780.0 726421.8789469409
19790.0 743909.9445122307
19800.0 749047.0329705165
19810.0 746914.425785149
19820.0 745267.9040361872
19830.0 745506.203908118
19840.0 744233.5965494589
19850.0 720774.0097785486
19860.0 726609.0189987076
19870.0 738270.8316083975
19880.0 737402.8548228759
19890.0 737099.8608767987
19900.0 735910.8027502722
19910.0 733494.315669307
19920.0 731292.3015398387
19930.0 710755.3039514167
19940.0 729714.8783074126
19950.0 728000.873546938
19960.0 722421.0834416728
19970.0 712121.104537476
19980.0 723756.2638851412
19990.0 724220.4489338971
20010.0 720276.5579425466
20020.0 713546.197486813
20030.0 715793.4381503717
20040.0 713549.0813083232
20050.0 705398.8208709517
20060.0 714080.9830065503
20070.0 710754.7967929273
20080.0 711427.3531129874
20090.0 707245.8074485763
20100.0 709861.4027373778
20110.0 707812.7781245721
20120.0 707591.2939935443
20130.0 705002.2458743245
20140.0 699734.070859575
20150.0 702646.570677961
20160.0 702305.4430115143
20170.0 700058.5873887355
20180.0 699868.2662848057
20190.0 696527.3929814157
20200.0 693853.3277936259
20210.0 680951.8366689077
20220.0 693508.7105953076
20230.0 688864.2744830954
20240.0 688697.4525754293
20250.0 690438.458507582
20260.0 685352.693576087
20270.0 685497.28167047
20280.0 685328.6580761633
20290.0 683240.9444432193
20300.0 658889.4906132064
20310.0 682997.595903684
20320.0 682113.3273224932
20330.0 680075.9889973513
20340.0 666163.2386113803
20350.0 675481.1696208338
20360.0 676280.5483915315
20370.0 673402.243626975
20380.0 655029.3302589832
20390.0 673679.2631985131
20400.0 668955.7040957612
20410.0 664090.9432549671
20420.0 669340.0634480241
20430.0 668917.5872462624
20440.0 668032.8230696474
20450.0 665470.7288358902
20460.0 665906.3287881677
20470.0 663226.581865659
20480.0 663315.7633537656
20490.0 662232.2954526516
20500.0 661288.031776837
20510.0 658418.073966482
20520.0 653455.0557532428
20530.0 655956.832580394
20540.0 652811.3058930459
20550.0 654814.8226059417
20560.0 654158.7605004034
20570.0 652140.1138195782
20580.0 651229.783702824
20590.0 646049.3819966742
20600.0 626724.3020614375
20610.0 655408.8376869716
20620.0 645509.8839744278
20630.0 602256.4548797297
20640.0 643121.5583417022
20650.0 643330.5777784106
20660.0 641442.8202039531
20670.0 633332.0185256621
20680.0 636904.8984611194
20690.0 637343.9648820602
20700.0 620267.4761146217
20710.0 631973.9486781366
20720.0 631923.9778692619
20730.0 633547.1871443551
20740.0 631078.2733764327
20750.0 631266.8040717628
20760.0 624445.9897988919
20770.0 620871.6044682341
20780.0 627522.9490204412
20790.0 627851.6885301486
20800.0 623502.6943868393
20810.0 625366.9734680905
20820.0 622689.9554054639
20830.0 615019.7017026119
20840.0 613987.2708166008
20850.0 619203.2477333504
20860.0 619566.9548494738
20870.0 617460.1434429338
20880.0 615221.3827464895
20890.0 613342.9048239191
20900.0 615978.4742326706
20910.0 612503.5691261584
20920.0 584959.613278904
20930.0 610081.7480351056
20940.0 611403.4309111899
20950.0 610786.2805292502
20960.0 607115.5720961149
20970.0 606994.1720550826
20980.0 605421.889562554
20990.0 604529.6340870458
21000.0 605930.0789102212
21010.0 599998.650121808
21020.0 590556.9975067788
21030.0 601650.0594490857
21040.0 601854.5877102037
21050.0 600550.3845568383
21060.0 597425.2244130566
21070.0 593853.0061901798
21080.0 596472.6532928981
21090.0 587707.2948702273
21100.0 593753.8634067988
21110.0 592813.6731063859
21120.0 592521.3166013268
21130.0 592294.7851140859
21140.0 587229.9192434079
21150.0 589155.7222801052
21160.0 570371.9477763568
21170.0 586016.1045046425
21180.0 584695.8661497398
21190.0 563216.0107555661
21200.0 582185.7626741739
21210.0 572007.4400983052
21220.0 579258.4427922015
21230.0 574033.5358633774
21240.0 577510.4934383366
21250.0 578983.4081894526
21260.0 557060.6144769378
21270.0 575824.3354841986
21280.0 574516.1186181961
21290.0 572967.148043446
21300.0 569338.3192811105
21310.0 574030.2546492106
21320.0 571466.7514761176
21330.0 571847.1912548008
21340.0 570420.1057139437
21350.0 553260.3090781668
21360.0 566308.6974764373
21370.0 567084.2638761491
21380.0 566977.423227636
21390.0 563295.0350987111
21400.0 564633.1257177338
21410.0 563681.8740238795
21420.0 562897.3551246405
21430.0 558244.6481556713
21440.0 558773.2441597298
21450.0 558274.4830909402
21460.0 555886.4849038643
21470.0 556733.1011193163
21480.0 555854.1054147895
21490.0 554470.0778295725
21500.0 553546.6202495026
21510.0 551594.8869384744
21520.0 548957.8799787869
21530.0 547910.122390966
21540.0 546172.329513691
21550.0 545220.7246331918
21560.0 543755.6007127877
21570.0 540997.5482539901
21580.0 538306.0981696615
21590.0 533782.7891720219
21600.0 530133.444246995
21610.0 523078.44064438425
21620.0 516142.36009288166
21630.0 504955.1776421648
21640.0 485815.3783604225
21650.0 440318.342011918
21660.0 436932.10513928474
21670.0 494153.65827173274
21680.0 499687.1766120768
21690.0 505939.406096863
21700.0 515074.63918280357
21710.0 518729.7312338596
21720.0 522423.3858645675
21730.0 523542.0813462278
21740.0 524010.4376395689
21750.0 524179.7130158988
21760.0 523065.0273966423
21770.0 525201.8624711839
21780.0 504317.43816208804
21790.0 524552.280891089
21800.0 525742.4205987873
21810.0 525078.5454861408
21820.0 509276.7143258726
21830.0 523501.3716985301
21840.0 523045.967054122
21850.0 522864.7125141924
21860.0 521789.61359987187
21870.0 517192.42200055125
21880.0 499266.7485806079
21890.0 519616.5523340026
21900.0 517193.90816678683
21910.0 517899.5209764971
21920.0 517404.38929394376
21930.0 516586.98044753075
21940.0 513943.5073838859
21950.0 514737.3979421416
21960.0 514373.9245188919
21970.0 513217.98566047574
21980.0 512641.01952032576
21990.0 510897.6248019355
22000.0 510670.3306552602
22010.0 508894.4866363086
22020.0 508921.79800298787
22030.0 506361.7652310271
22040.0 504808.1539201024
22050.0 505875.9248559938
22060.0 473311.82796014904
22070.0 500593.0217788296
22080.0 497532.8595730381
22090.0 503402.58674598555
22100.0 501578.97624433425
22110.0 500138.0904122217
22120.0 500371.4145988819
22130.0 500453.3430621807
22140.0 499575.2623579161
22150.0 498449.1618574707
22160.0 483029.25975359674
22170.0 488062.0182473367
22180.0 495987.5954107847
22190.0 495673.2837611966
22200.0 494494.7180722919
22210.0 493834.2592476922
22220.0 493355.64492198295
22230.0 491923.1742086989
22240.0 491049.70989267115
22250.0 490684.698407636
22260.0 485812.15763718786
22270.0 489080.2052632541
22280.0 486739.83617841505
22290.0 487622.035922293
22300.0 485344.31801232166
22310.0 485563.31376355357
22320.0 484718.2327645629
22330.0 484411.85379332723
22340.0 482865.7081811108
22350.0 482871.1288918581
22360.0 481998.73184414447
22370.0 481007.0960817998
22380.0 475588.20753736375
22390.0 477967.4227534452
22400.0 479001.98149432853
22410.0 477798.2014812921
22420.0 474898.0091576272
22430.0 476251.39705852454
22440.0 475477.44323504996
22450.0 474584.0142509479
22460.0 474127.4624816683
22470.0 466533.70488655794
22480.0 471568.3027228612
22490.0 471021.07618700044
22500.0 470529.14484680933
22510.0 466426.79164890584
22520.0 464900.40948214167
22530.0 465001.4441611315
22540.0 453610.5156900288
22550.0 460184.45437889645
22560.0 460928.2472497999
22570.0 463519.6991933142
22580.0 462544.2601041749
22590.0 462879.7119075108
22600.0 462036.7136211266
22610.0 459899.04320201057
22620.0 454179.3121431313
22630.0 458734.4693837174
22640.0 456192.4551594567
22650.0 455586.1504133184
22660.0 457187.77009820106
22670.0 456693.05997874925
22680.0 456161.84590556327
22690.0 455097.20164651365
22700.0 454672.28281592176
22710.0 444485.36885969155
22720.0 453114.3041514695
22730.0 452495.1666819216
22740.0 449036.22700108314
22750.0 450300.18121937866
22760.0 449597.39784031914
22770.0 449583.1392068026
22780.0 448520.6975230063
22790.0 446366.9284142747
22800.0 443940.6810687844
22810.0 423839.54202284664
22820.0 443769.0658849264
22830.0 444276.95814676024
22840.0 444451.09620647016
22850.0 443412.05631030444
22860.0 441260.0894882488
22870.0 442106.79778328486
22880.0 441733.0594667208
22890.0 439560.2246437542
22900.0 440486.03648946516
22910.0 434646.24198449077
22920.0 438802.90596688085
22930.0 437115.8392909686
22940.0 437397.22392117156
22950.0 435825.90398278093
22960.0 432011.8342897247
22970.0 432837.0544098398
22980.0 434709.96662183455
22990.0 433309.6293149056
23000.0 433065.46445345867
23010.0 433036.95745470095
23020.0 431608.62017864257
23030.0 431086.52265110676
23040.0 430387.55462243804
23050.0 429782.67699625687
23060.0 429392.1481224565
23070.0 428716.87255848595
23080.0 428310.36425394006
23090.0 426979.24835558975
23100.0 426680.15963808604
23110.0 426151.48171595857
23120.0 425656.2727566834
23130.0 423280.4630286762
23140.0 421220.32112415455
23150.0 422694.53084008384
23160.0 421644.8051045241
23170.0 421682.4274534476
23180.0 418714.1581618667
23190.0 420583.3364833068
23200.0 420105.4396675791
23210.0 419488.65066131565
23220.0 418315.21131105843
23230.0 417805.15584143007
23240.0 417592.22834542516
23250.0 414982.7755193086
23260.0 415948.77047037985
23270.0 415573.20611971174
23280.0 414743.1613257296
23290.0 414047.19557990343
23300.0 413447.4371720783
23310.0 412268.4903661551
23320.0 412283.8112518198
23330.0 410804.4245644446
23340.0 411004.67702233576
23350.0 405592.8398995753
23360.0 409211.1595588598
23370.0 408678.10317343875
23380.0 400403.49117938324
23390.0 407692.5117301777
23400.0 406519.2259651385
23410.0 406345.46482720395
23420.0 405774.5080413567
23430.0 405120.99266096874
23440.0 403989.9217112436
23450.0 403597.65283487533
23460.0 402637.3884284646
23470.0 402532.172972047
23480.0 400849.15394987905
23490.0 401111.13768867624
23500.0 400090.78047563543
23510.0 399987.90616101
23520.0 399375.20395903446
23530.0 398939.6348912029
23540.0 398189.3131821329
23550.0 397704.51551084116
23560.0 396998.24857710977
23570.0 392124.1522630716
23580.0 395425.02696160163
23590.0 395331.4895418275
23600.0 394185.37648905936
23610.0 393460.72198589117
23620.0 393300.326648736
23630.0 392700.4105954751
23640.0 392270.40027699684
23650.0 391542.4025481768
23660.0 390701.5454073635
23670.0 389992.3270004074
23680.0 389027.74889883393
23690.0 388101.13012043625
23700.0 387886.167836458
23710.0 387052.32609359146
23720.0 385626.84430251975
23730.0 382790.6171200203
23740.0 379635.3489463884
23750.0 383895.39942803315
23760.0 383534.6475041683
23770.0 383921.1319961427
23780.0 383510.8933361304
23790.0 382989.01384213776
23800.0 382325.8305675432
23810.0 381726.9842195367
23820.0 381366.5539730613
23830.0 380390.54105125414
23840.0 373677.06347411143
23850.0 377316.2625144395
23860.0 369551.6764383695
23870.0 378027.0085853928
23880.0 377671.2963232044
23890.0 376843.75784453674
23900.0 376691.83487807366
23910.0 376180.548681045
23920.0 374594.63559963304
23930.0 375034.5995233933
23940.0 374478.7566806297
23950.0 373527.36901685764
23960.0 373322.275410154
23970.0 372769.19682528835
23980.0 371508.5710810203
23990.0 369947.84065252735
24000.0 368856.5025538729
24010.0 369883.99300229555
24020.0 369692.72806072107
24030.0 368891.70229484024
24040.0 368117.5490945385
24050.0 366997.55802764266
24060.0 367688.1400370819
24070.0 367449.70027959964
24080.0 365905.4173126598
24090.0 366075.83037865325
24100.0 365520.08703172614
24110.0 364564.07852910575
24120.0 363915.99973727367
24130.0 363369.94329726516
24140.0 362155.0890433358
24150.0 357978.4293886571
24160.0 357817.94394966884
24170.0 360667.0305262246
24180.0 360666.40915761236
24190.0 360744.8630533952
24200.0 359834.6730568001
24210.0 359719.83753883274
24220.0 358607.7024648719
24230.0 357758.2972848886
24240.0 355525.0504666307
24250.0 357256.0758996464
24260.0 356111.6216588089
24270.0 355169.0365261774
24280.0 355224.1698338472
24290.0 353720.15354623826
24300.0 354153.5264061279
24310.0 354025.27214564045
24320.0 353500.09108810977
24330.0 351058.43067077576
24340.0 350646.5350792066
24350.0 347520.29301689984
24360.0 350444.84864842414
24370.0 347208.24317697214
24380.0 349603.4159210416
24390.0 349033.8670513905
24400.0 348407.16273249243
24410.0 347751.36547880707
24420.0 346273.71057573723
24430.0 346498.40292078635
24440.0 345831.91054260154
24450.0 345347.8291842325
24460.0 344380.1922194569
24470.0 343827.42353784177
24480.0 343018.2609785133
24490.0 342174.1059165668
24500.0 340956.6580377027
24510.0 339673.0956132243
24520.0 339425.5599789382
24530.0 340037.0503883696
24540.0 340604.98585931055
24550.0 335382.9942676429
24560.0 334347.7434957883
24570.0 327019.24534702086
24580.0 338620.81387059565
24590.0 338209.0060805771
24600.0 337937.66433427134
24610.0 337329.4851350192
24620.0 336556.0698579106
24630.0 335327.9002316338
24640.0 336001.73448821384
24650.0 333762.43392416154
24660.0 334115.4575179896
24670.0 333971.62240163627
24680.0 332777.5161712502
24690.0 328517.7174934719
24700.0 328882.8857765327
24710.0 331219.3404569021
24720.0 330812.8168592664
24730.0 325604.37749808637
24740.0 330262.83939091687
24750.0 329439.660306417
24760.0 327548.07941144344
24770.0 328172.2333029577
24780.0 327278.5576985296
24790.0 327920.92479831097
24800.0 318779.58963020775
24810.0 326492.1411571797
24820.0 312763.25550523173
24830.0 325864.96275392623
24840.0 325592.6731389988
24850.0 324344.9815529641
24860.0 305914.00502843724
24870.0 320499.12963658
24880.0 321308.22577027406
24890.0 321599.1237831255
24900.0 321141.22288935434
24910.0 321639.42096739635
24920.0 320354.74359500373
24930.0 320500.4367496129
24940.0 319635.1289534212
24950.0 317321.10335067916
24960.0 318899.97660189227
24970.0 318412.2706714683
24980.0 315978.54072694253
24990.0 316955.82592340384
