#lam[Angstrom] flux[erg/cm2/s/A]
1010.0 122378.31220149717
1020.0 126717.22487586657
1030.0 437167.4452518251
1040.0 172324.50025036663
1050.0 129760.13141882134
1060.0 130933.17700655342
1070.0 138261.37291387745
1080.0 418419.95917394303
1090.0 426275.2951623324
1100.0 136652.56340208816
1110.0 137748.25216560336
1120.0 143103.93438602873
1130.0 139196.34226512825
1140.0 151167.5431839723
1150.0 141859.26285676102
1160.0 144556.4363293577
1170.0 144823.89791255377
1180.0 145447.849257664
1190.0 146333.2735979469
1200.0 220652.32179979995
1210.0 196391.43065080984
1220.0 1249509.631887143
1230.0 180749.93066457915
1240.0 736805.8484667494
1250.0 256666.82213383354
1260.0 357161.5860963897
1270.0 366956.40015561786
1280.0 378878.63560345944
1290.0 408928.4277188583
1300.0 440370.24113546
1310.0 484307.6411582338
1320.0 505895.77826012915
1330.0 514438.2143063117
1340.0 574184.1186978992
1350.0 552666.6760756995
1360.0 565843.8507997685
1370.0 574229.782734041
1380.0 586465.5487330002
1390.0 1342373.0519940222
1400.0 1492776.9799987131
1410.0 1103712.7718717095
1420.0 622894.3578645805
1430.0 611695.213068217
1440.0 614958.5176469442
1450.0 619132.8692952243
1460.0 624109.7195320589
1470.0 628895.8137755147
1480.0 632033.3696018697
1490.0 991504.4180373084
1500.0 626041.9394822103
1510.0 625155.0137489628
1520.0 626368.0946866318
1530.0 659092.7821652448
1540.0 630373.3200259334
1550.0 8812196.077040639
1560.0 628369.7378796118
1570.0 629974.6869053048
1580.0 664236.7611602809
1590.0 635066.0730477663
1600.0 698136.15041894
1610.0 636011.405709065
1620.0 635914.7192210956
1630.0 631183.2807837656
1640.0 5628978.686246176
1650.0 632649.9323978649
1660.0 812036.1916471873
1670.0 1096638.2151645457
1680.0 954460.0452958074
1690.0 749331.370198107
1700.0 813517.8537885397
1710.0 1055873.2246699869
1720.0 1289315.5113363836
1730.0 1601310.3206941562
1740.0 1481891.3132119747
1750.0 2045166.4656318782
1760.0 1744949.899035077
1770.0 1573813.0599950552
1780.0 2069374.4268889325
1790.0 2882845.3288906114
1800.0 3153955.209409468
1810.0 2092325.4061258838
1820.0 2219036.3648246406
1830.0 1744579.1617505061
1840.0 1655759.6408807398
1850.0 1504591.1077784277
1860.0 2422189.0907255136
1870.0 2734172.122944229
1880.0 3342610.0787743614
1890.0 3543447.013643853
1900.0 2293560.872697052
1910.0 5699703.449885445
1920.0 2952168.0344530325
1930.0 1771619.5192404918
1940.0 2499159.4883111287
1950.0 3610033.855073763
1960.0 4390605.288541626
1970.0 4179970.326826752
1980.0 3770581.7957630847
1990.0 3718515.894001786
2000.0 3960229.9730664333
2010.0 3418582.9720136
2020.0 3160387.169397451
2030.0 3791287.154677052
2040.0 4673242.615576973
2050.0 5627112.3233231325
2060.0 4028925.1772386516
2070.0 6371523.344356648
2080.0 6033104.654722314
2090.0 6209578.228525105
2100.0 6370676.857192736
2110.0 6459913.275372929
2120.0 6920033.751323896
2130.0 4572429.765285139
2140.0 6269663.642761279
2150.0 5513671.205545671
2160.0 6126187.247099008
2170.0 3979800.4420811064
2180.0 5728550.402298112
2190.0 6502817.236670168
2200.0 7918265.4247892555
2210.0 4957188.8325735135
2220.0 4131290.2989201453
2230.0 5905908.26779263
2240.0 7867163.260684487
2250.0 5586650.363396526
2260.0 5201429.229834094
2270.0 5731593.220889375
2280.0 6683374.413768349
2290.0 6217527.930478073
2300.0 5120515.256229637
2310.0 6643257.644623357
2320.0 6556655.5451220265
2330.0 4080746.252201738
2340.0 3559928.935531052
2350.0 3818683.8901015837
2360.0 2886303.812972506
2370.0 2983689.285798064
2380.0 2476383.179195921
2390.0 2759554.1305272644
2400.0 2385785.1504476056
2410.0 2440659.302964084
2420.0 5793621.601030565
2430.0 6397435.012559587
2440.0 5592774.424060585
2450.0 6163585.296616804
2460.0 6593737.088061738
2470.0 6000337.705050198
2480.0 5721813.119278107
2490.0 4494572.316661384
2500.0 5638772.204022475
2510.0 5232410.916685828
2520.0 3636776.93175603
2530.0 3680488.487446122
2540.0 3777181.2959624254
2550.0 5191288.883444559
2560.0 5064316.619536562
2570.0 6227197.3199641835
2580.0 5388515.530325895
2590.0 4754184.779063962
2600.0 4289378.509339393
2610.0 3010786.4740709523
2620.0 5908072.189451301
2630.0 4088659.779748782
2640.0 10395124.01403849
2650.0 10569227.325716514
2660.0 8793572.060030883
2670.0 9208093.06516291
2680.0 9830035.315214418
2690.0 9943942.981142124
2700.0 10515666.45887427
2710.0 8700340.062992945
2720.0 6343283.428549424
2730.0 7159037.491092707
2740.0 5651621.97305047
2750.0 5228236.012365386
2760.0 7221209.694100061
2770.0 8830299.996701367
2780.0 7009197.8701458555
2790.0 8239135.529375089
2800.0 3591966.0282046525
2810.0 7677666.87475211
2820.0 12992857.747425178
2830.0 12454682.873879908
2840.0 10121828.340397967
2850.0 7533005.241253575
2860.0 11728407.553036284
2870.0 11553697.618673336
2880.0 10400234.939009022
2890.0 11821163.995129958
2900.0 14902647.988323247
2910.0 15542094.311971344
2920.0 13752567.984237477
2930.0 14162728.120628856
2940.0 13310405.84123452
2950.0 13451325.015902495
2960.0 15273255.447228145
2970.0 13740768.611515082
2980.0 14107743.514003353
2990.0 14593177.70481457
3000.0 14440374.959851587
3010.0 15882320.06296481
3020.0 14371162.946482
3030.0 14609713.448293345
3040.0 14605546.11084885
3050.0 16641650.127808109
3060.0 15863842.615111342
3070.0 16280989.719844809
3080.0 15526896.16823923
3090.0 15932640.508711403
3100.0 15018756.338578923
3110.0 16703664.303666214
3120.0 15353176.25329353
3130.0 14837381.73954211
3140.0 16501063.573710654
3150.0 16752035.117300967
3160.0 14434204.777993493
3170.0 16906053.635925848
3180.0 14882484.995129151
3190.0 15378104.569312373
3200.0 15998193.683950214
3210.0 14910077.861771084
3220.0 15717920.480590291
3230.0 12023709.321679354
3240.0 15157477.508164246
3250.0 15504666.211516164
3260.0 18181004.26672168
3270.0 17219515.20042215
3280.0 15106238.70273195
3290.0 18157141.75280331
3300.0 18662474.275710694
3310.0 16764290.730020422
3320.0 17570091.953613583
3330.0 18602815.058915537
3340.0 16446158.89316606
3350.0 16360533.776708575
3360.0 16543019.83469815
3370.0 14718775.486286867
3380.0 16439997.051247902
3390.0 16515091.611534346
3400.0 17338149.837885033
3410.0 15823335.637363385
3420.0 16308495.593464408
3430.0 17688950.971532546
3440.0 16136724.548341498
3450.0 17122520.34745104
3460.0 16509552.010729365
3470.0 17164202.544438355
3480.0 16383192.301782824
3490.0 17435733.81606157
3500.0 16663159.105660027
3510.0 16681404.518848184
3520.0 15675095.287190635
3530.0 16352208.213323409
3540.0 18083805.773565143
3550.0 16940311.189018648
3560.0 18195313.757109728
3570.0 14589775.091012739
3580.0 16145050.11833192
3590.0 13655788.310293674
3600.0 17700614.83105325
3610.0 14924339.48159443
3620.0 15798375.294707637
3630.0 16877074.770933814
3640.0 16897289.599561196
3650.0 16588539.278906863
3660.0 18425896.05313472
3670.0 17420188.410295703
3680.0 15644864.034667896
3690.0 15664440.47766546
3700.0 16429099.301670695
3710.0 15667658.260446407
3720.0 16427994.581397649
3730.0 17668425.58606693
3740.0 17199304.896883674
3750.0 14566976.96811883
3760.0 19436669.669333536
3770.0 16135499.114159053
3780.0 24077626.479825594
3790.0 20884390.541673455
3800.0 17711198.12458798
3810.0 23978351.549440876
3820.0 22186179.54647354
3830.0 16743889.039635574
3840.0 17194849.19903818
3850.0 25695587.01882485
3860.0 25323691.43162835
3870.0 24593104.24389863
3880.0 23921131.94252965
3890.0 15989269.930708267
3900.0 23147217.103987806
3910.0 25789306.043057058
3920.0 26013461.683944616
3930.0 15743936.596816706
3940.0 21082944.520036545
3950.0 26009283.592392173
3960.0 23084743.03301374
3970.0 11822028.784871465
3980.0 25131863.506814245
3990.0 28072806.27382256
4000.0 28095454.300927255
4010.0 28484442.7426677
4020.0 29358903.667678796
4030.0 27303309.912936606
4040.0 29738385.75430344
4050.0 28379308.70200291
4060.0 27841174.204406578
4070.0 26891038.117099278
4080.0 27177267.070475213
4090.0 27694488.3829619
4100.0 18265858.659940153
4110.0 24567392.734570205
4120.0 28676113.11777723
4130.0 27103201.487199787
4140.0 29415882.48971875
4150.0 28184570.801361877
4160.0 28878082.443960004
4170.0 28062440.390140794
4180.0 27792931.772821903
4190.0 28994572.81099199
4200.0 26350457.701558158
4210.0 29492190.678897683
4220.0 28181781.003457293
4230.0 26500635.47067999
4240.0 27919634.35065956
4250.0 26831126.450285133
4260.0 28667911.986316003
4270.0 26452268.14179545
4280.0 28272477.46596923
4290.0 25588905.98190491
4300.0 24560950.044754773
4310.0 24311862.19745457
4320.0 26903214.41045242
4330.0 24822932.73268192
4340.0 16535462.76620019
4350.0 24288477.938949917
4360.0 28453631.65819531
4370.0 27773579.951410674
4380.0 26651397.53604419
4390.0 27648137.204906795
4400.0 26364438.723302234
4410.0 28035718.843929388
4420.0 26945556.097212665
4430.0 27371852.623940762
4440.0 26919768.10095798
4450.0 27101623.128919266
4460.0 25699976.706482008
4470.0 27311485.835830115
4480.0 27323154.072045453
4490.0 27535487.420492202
4500.0 28035398.24997411
4510.0 29108802.54751719
4520.0 26981544.17451124
4530.0 26189216.716080897
4540.0 27978022.051159363
4550.0 26670377.79141285
4560.0 27185537.348101966
4570.0 27833073.130495764
4580.0 26364724.5995198
4590.0 26383859.576945756
4600.0 27013623.84508069
4610.0 27183296.567478947
4620.0 26814263.315541293
4630.0 26893791.953070626
4640.0 27441389.258795388
4650.0 26824509.012742154
4660.0 27648936.187968615
4670.0 26738915.06265573
4680.0 27226937.68947989
4690.0 27616396.5635884
4700.0 26564097.47246398
4710.0 26451717.57781652
4720.0 27034191.090694796
4730.0 26310757.806344397
4740.0 26603804.13205635
4750.0 26961946.740295324
4760.0 26259541.05981157
4770.0 26543195.041680098
4780.0 26647360.008196488
4790.0 25853292.709514767
4800.0 26382356.285911422
4810.0 25694417.557529442
4820.0 25637779.716325525
4830.0 25596049.887290377
4840.0 24406012.62231238
4850.0 22754386.769847438
4860.0 17075811.489535306
4870.0 20654841.438212514
4880.0 23573936.356196575
4890.0 23798018.669904143
4900.0 24855442.095803227
4910.0 24782863.640256718
4920.0 23341658.38108552
4930.0 25122033.398788195
4940.0 24349565.365387607
4950.0 25284117.414764185
4960.0 28194792.343080223
4970.0 24781026.653669816
4980.0 23432509.76000961
4990.0 23996581.233254787
5000.0 24122892.50962532
5010.0 33927121.03422922
5020.0 23175955.62516578
5030.0 24768417.73146445
5040.0 22962938.913633913
5050.0 23925347.515236676
5060.0 24764676.727959614
5070.0 23691842.68272265
5080.0 22729802.047927786
5090.0 24439334.617771477
5100.0 23753143.609982494
5110.0 23401364.55534365
5120.0 23674557.197913956
5130.0 22734472.85530426
5140.0 22406910.503442857
5150.0 22750597.967189915
5160.0 23400432.985143572
5170.0 20774659.49770634
5180.0 22126320.30902946
5190.0 22026039.882598482
5200.0 22286142.590969205
5210.0 22489759.835573845
5220.0 22608757.937652096
5230.0 21272015.81369641
5240.0 22688398.33031905
5250.0 22877954.010061417
5260.0 21628233.597178236
5270.0 20086579.437318124
5280.0 21562008.10740841
5290.0 23071250.69359645
5300.0 22136430.17498251
5310.0 22688605.82605314
5320.0 21999476.532108866
5330.0 20843319.34745347
5340.0 21332856.17491086
5350.0 22124353.106124748
5360.0 22336228.33101126
5370.0 21170237.66001845
5380.0 21913460.105545603
5390.0 22039582.707287587
5400.0 20927013.639407795
5410.0 20787788.827305265
5420.0 21348585.91068005
5430.0 21027368.87392923
5440.0 22153287.056995478
5450.0 21457710.89556504
5460.0 21180750.05007345
5470.0 21938145.479708634
5480.0 21157993.59492655
5490.0 20967256.308809254
5500.0 21291679.66808549
5510.0 20960831.81962375
5520.0 21684794.616800778
5530.0 20679214.73926395
5540.0 21609257.78407896
5550.0 21134266.12797284
5560.0 21051060.94288016
5570.0 20432845.47374154
5580.0 20898822.025854386
5590.0 19815899.7762421
5600.0 20142869.9999491
5610.0 21118597.850541644
5620.0 20154233.98018802
5630.0 20912037.389766194
5640.0 20645998.37423788
5650.0 20648570.845210474
5660.0 19819806.259049777
5670.0 20553320.089371216
5680.0 20339166.66336643
5690.0 20355631.61802403
5700.0 20344314.67459844
5710.0 19677072.869831435
5720.0 20366273.61587351
5730.0 20458010.59813211
5740.0 20412051.630180046
5750.0 19668843.088304948
5760.0 20006114.87945841
5770.0 20178434.71050969
5780.0 19966838.926524326
5790.0 19806364.818400342
5800.0 19950691.206443936
5810.0 19828492.278242864
5820.0 19815855.17419688
5830.0 19817377.493116375
5840.0 19764833.336892016
5850.0 19570307.048877124
5860.0 19049079.75802944
5870.0 19483768.126330636
5880.0 19600071.976320438
5890.0 19047046.38833721
5900.0 19049652.091552317
5910.0 19136224.59820701
5920.0 19240095.767130427
5930.0 18815513.866628475
5940.0 19131997.149318106
5950.0 18884408.138935756
5960.0 19008117.67410871
5970.0 18990120.381083693
5980.0 18492881.661717694
5990.0 18666010.552953377
6000.0 18636446.236087125
6010.0 18430727.545132563
6020.0 18132464.815000918
6030.0 18328097.40942976
6040.0 18580202.356742773
6050.0 18437924.205054257
6060.0 18264726.953499366
6070.0 18205969.351297166
6080.0 18125913.37399272
6090.0 18217809.811204966
6100.0 17808530.999155156
6110.0 18013828.27838399
6120.0 17736242.986201115
6130.0 17774430.15251904
6140.0 17142451.365088
6150.0 17599612.161264565
6160.0 16864310.68328984
6170.0 17191612.29120283
6180.0 17629700.045566108
6190.0 17377718.19368841
6200.0 17571733.278001975
6210.0 17529184.54960948
6220.0 17271891.351422694
6230.0 17131335.137235593
6240.0 16797765.603617404
6250.0 16544252.985000135
6260.0 17121770.919317704
6270.0 17091803.4462552
6280.0 16828276.753635496
6290.0 16910794.36542438
6300.0 16826643.994802427
6310.0 16913658.63254537
6320.0 16534677.873325514
6330.0 16927311.76457577
6340.0 16476159.713857103
6350.0 16726884.080659736
6360.0 16500952.278926946
6370.0 16631217.063265821
6380.0 16561502.717582831
6390.0 16401888.496874915
6400.0 16273154.937296625
6410.0 16194084.042856442
6420.0 16079166.340903789
6430.0 16232891.437727522
6440.0 16032483.352580594
6450.0 16189779.285100603
6460.0 15668880.437736697
6470.0 16024658.136807328
6480.0 16020238.998146813
6490.0 15623647.515637908
6500.0 15381086.420487117
6510.0 15882746.41836716
6520.0 15625534.742894288
6530.0 15491364.755616853
6540.0 15098302.169025272
6550.0 14051970.930513568
6560.0 14563255.048719559
6570.0 12871006.839457512
6580.0 14569421.036279194
6590.0 15386919.127468053
6600.0 15259848.585469928
6610.0 15295632.075282885
6620.0 15372933.435349973
6630.0 15198841.697444713
6640.0 15255493.917509425
6650.0 15306439.009378731
6660.0 15133820.527715907
6670.0 15205339.643523801
6680.0 15074214.363930514
6690.0 15181853.688462853
6700.0 15003436.02909637
6710.0 14872548.588723835
6720.0 14828292.77272646
6730.0 15148349.485066969
6740.0 14885311.78236496
6750.0 14745453.431722516
6760.0 14776134.92031409
6770.0 14662767.517496934
6780.0 14692285.75490481
6790.0 14636107.641545162
6800.0 14571639.076365788
6810.0 14519162.787555175
6820.0 14509559.656856667
6830.0 14433075.24526153
6840.0 14296272.729588969
6850.0 14413447.265013764
6860.0 14183340.572173417
6870.0 14327249.119192785
6880.0 14261037.888183828
6890.0 14196453.471586812
6900.0 14210099.388790697
6910.0 14079339.392953938
6920.0 13996918.037802886
6930.0 14034536.544593152
6940.0 14013184.110272018
6950.0 13875349.55330341
6960.0 13903415.149790354
6970.0 13866070.747644154
6980.0 13690864.653370408
6990.0 13782951.943636743
7000.0 13637380.616284002
7010.0 13630559.923674129
7020.0 13423148.99314832
7030.0 13555165.286998708
7040.0 13525830.002857346
7050.0 13539964.020065904
7060.0 13454904.515094362
7070.0 13468364.637918063
7080.0 13380042.506798804
7090.0 13316917.730369827
7100.0 13329266.350528225
7110.0 13107541.505572658
7120.0 13069668.42211642
7130.0 13001916.19972476
7140.0 13291650.325842055
7150.0 12926632.081012135
7160.0 12911256.137211159
7170.0 12977456.219313074
7180.0 12886791.938502857
7190.0 12644278.311433103
7200.0 12880178.51994202
7210.0 12631593.012918962
7220.0 12710042.317682108
7230.0 12795234.187379561
7240.0 12674993.752565727
7250.0 12703735.639155528
7260.0 12656211.255429806
7270.0 12668729.079924606
7280.0 12477289.434804425
7290.0 12298267.561224
7300.0 12489892.934515342
7310.0 12334238.04584581
7320.0 12609829.643072888
7330.0 12234761.183551122
7340.0 12402290.55009654
7350.0 12339825.885201566
7360.0 12212910.2657778
7370.0 12278477.700376352
7380.0 12234982.790753752
7390.0 11902854.995662784
7400.0 12107340.91147756
7410.0 11785822.67749143
7420.0 11696798.612417486
7430.0 12049853.763176596
7440.0 11946236.578584494
7450.0 11771553.303570725
7460.0 11868405.194651587
7470.0 11874261.866156042
7480.0 11704951.39391825
7490.0 11763143.713686194
7500.0 11687258.175487405
7510.0 11562806.876888704
7520.0 11650310.320297854
7530.0 11648890.640745042
7540.0 11685583.396017145
7550.0 11612626.144065002
7560.0 11482079.65275406
7570.0 11487512.010405906
7580.0 11474703.200984763
7590.0 11405380.437264444
7600.0 11403954.566841662
7610.0 11410987.751515122
7620.0 11198773.312376864
7630.0 11382100.64817748
7640.0 11341234.029350003
7650.0 11294188.865967551
7660.0 10793931.653538994
7670.0 11191010.233352408
7680.0 11138799.794264223
7690.0 11036448.839263886
7700.0 11048743.426386496
7710.0 10921976.425589299
7720.0 10974331.623750648
7730.0 10990174.446309417
7740.0 10988585.628297284
7750.0 10769051.857302919
7760.0 10921913.797931144
7770.0 10709537.669912793
7780.0 10686710.861337708
7790.0 10826512.463386217
7800.0 10714567.824761363
7810.0 10704107.570337193
7820.0 10742476.861963429
7830.0 10545138.840310855
7840.0 10559921.533293415
7850.0 10540355.649823146
7860.0 10557977.532157052
7870.0 10597536.436255606
7880.0 10482618.60370697
7890.0 10527954.811667675
7900.0 10393256.566910129
7910.0 10433543.618095817
7920.0 10330887.715505568
7930.0 10229109.891770836
7940.0 10128100.167294832
7950.0 10187367.198188987
7960.0 10298331.754230151
7970.0 10294924.436826343
7980.0 10248779.516459404
7990.0 10200669.468295168
8000.0 10034630.669266013
8010.0 10153188.949303068
8020.0 10108946.717644773
8030.0 10001778.72568536
8040.0 10053898.296070583
8050.0 9885240.751899835
8060.0 9999174.362696327
8070.0 9948218.167330042
8080.0 9926766.134221828
8090.0 9793674.841355992
8100.0 9816912.906596689
8110.0 9874169.79485763
8120.0 9847775.254387973
8130.0 9810262.580999585
8140.0 9774026.905386508
8150.0 9717021.961826026
8160.0 9667091.927299358
8170.0 9658671.502837492
8180.0 9512461.511145478
8190.0 9491361.821412249
8200.0 9402948.857775394
8210.0 9338902.11576626
8220.0 9325660.179127252
8230.0 9337508.701269329
8240.0 9435910.715045318
8250.0 9250044.67412043
8260.0 9403986.72888202
8270.0 9371560.792869862
8280.0 9342036.093965681
8290.0 9259748.7675795
8300.0 9269321.229570968
8310.0 9131834.477320358
8320.0 9174594.628080841
8330.0 8907614.457332732
8340.0 8995323.369204326
8350.0 8979359.058506293
8360.0 8980922.280398764
8370.0 8999738.720782522
8380.0 9015072.28217356
8390.0 8775735.819637898
8400.0 8870092.665499428
8410.0 8845694.318879824
8420.0 8761046.466336302
8430.0 8775219.441161621
8440.0 8681407.505133383
8450.0 8672250.261243949
8460.0 8730550.230348522
8470.0 8530194.976105414
8480.0 8737082.827487255
8490.0 8700730.75758217
8500.0 8112575.556538769
8510.0 8493297.016220722
8520.0 8663737.286784204
8530.0 8567909.342974896
8540.0 7509898.4331831345
8550.0 8335235.216602901
8560.0 8522288.894694896
8570.0 8606581.917753939
8580.0 8502856.266395284
8590.0 8331818.687687667
8600.0 7962128.973527416
8610.0 8294462.069652546
8620.0 8453955.09529561
8630.0 8492588.944005767
8640.0 8480014.246963924
8650.0 8260871.311796244
8660.0 7191114.407954083
8670.0 7706496.29094791
8680.0 8187622.232451812
8690.0 8087346.123588689
8700.0 8317063.352702191
8710.0 8265242.974221455
8720.0 8278124.135274839
8730.0 8189356.265224392
8740.0 7760689.047454309
8750.0 7208412.475110044
8760.0 7754863.689506885
8770.0 8068944.424083274
8780.0 8204614.774771659
8790.0 8089574.916915151
8800.0 8233051.127240799
8810.0 7958334.488882616
8820.0 8030587.694678517
8830.0 8120379.526569156
8840.0 7906466.840092642
8850.0 7739781.642515524
8860.0 6926816.913975276
8870.0 7290611.059490593
8880.0 7743753.602070491
8890.0 7912946.80220756
8900.0 8011008.1911919275
8910.0 7887038.873649685
8920.0 7932834.385571679
8930.0 7807812.743958712
8940.0 7979481.072961508
8950.0 7879909.042382347
8960.0 7900634.368370552
8970.0 7816658.026231702
8980.0 7745308.057033304
8990.0 7674582.536029857
9000.0 7347025.572512635
9010.0 6643791.805550759
9020.0 6687544.477171684
9030.0 7448691.598469358
9040.0 7573576.791583407
9050.0 7633963.538679482
9060.0 7397479.67075793
9070.0 7666894.965840786
9080.0 7854864.213234292
9090.0 7286277.022243364
9100.0 7523565.66415113
9110.0 7449225.265878615
9120.0 7562019.83986673
9130.0 7571851.315036987
9140.0 7562945.0413675215
9150.0 7510467.79768841
9160.0 7497810.260719423
9170.0 7464956.828055
9180.0 7393950.293754812
9190.0 7376067.467850038
9200.0 7281850.696457236
9210.0 6929736.1500787735
9220.0 6675317.108501232
9230.0 5817628.949486859
9240.0 6646143.06294939
9250.0 7033736.8148965165
9260.0 6923374.089992688
9270.0 7184568.944167159
9280.0 7233930.084681452
9290.0 7192693.3889854755
9300.0 7217051.552530272
9310.0 7210011.631349996
9320.0 7167646.011339626
9330.0 7163747.054100842
9340.0 7163812.896457486
9350.0 7128252.4602237465
9360.0 7114290.842582554
9370.0 7109762.324405952
9380.0 7090139.610903922
9390.0 7041779.662533408
9400.0 6990939.740596602
9410.0 6574624.001383402
9420.0 6860947.640082386
9430.0 6914213.706962861
9440.0 6828826.205425611
9450.0 6926728.866785019
9460.0 6892782.1507771425
9470.0 6914079.758593508
9480.0 6876946.339911579
9490.0 6842244.502181961
9500.0 6808664.9060988445
9510.0 6715000.217099428
9520.0 6643320.803636874
9530.0 6421060.020897024
9540.0 6268523.540242556
9550.0 5938681.713855183
9560.0 6313396.813954825
9570.0 6500470.495277332
9580.0 6598096.537364829
9590.0 6624359.496380826
9600.0 6539195.735103608
9610.0 6591712.709138955
9620.0 6535229.756733235
9630.0 6535131.767146657
9640.0 6579522.151254695
9650.0 6527839.335380921
9660.0 6386997.451310785
9670.0 6549735.34499072
9680.0 6492429.238977045
9690.0 6468228.378903551
9700.0 6511679.591625608
9710.0 6504689.7371213
9720.0 6485819.004192626
9730.0 6458839.314026574
9740.0 6371113.402761066
9750.0 6389725.995075626
9760.0 6392915.5470652785
9770.0 6393437.660784197
9780.0 6379597.681521611
9790.0 6350573.709510182
9800.0 6324920.871787915
9810.0 6331283.310240332
9820.0 6306288.006618027
9830.0 6291031.287454041
9840.0 6264666.4151265025
9850.0 6211777.210037404
9860.0 6205104.843217331
9870.0 6236364.630749945
9880.0 6220353.102907084
9890.0 6088092.968902967
9900.0 6128421.234549523
9910.0 6118003.35697787
9920.0 6135602.29489029
9930.0 6086985.590163171
9940.0 6062485.353453964
9950.0 6083685.675349292
9960.0 6067314.411087747
9970.0 6027061.263498919
9980.0 6031039.366234239
9990.0 5987804.858099131
10010.0 5889052.633665703
10020.0 5850283.961292509
10030.0 5747028.682086468
10040.0 5342354.91054981
10050.0 4568950.751763914
10060.0 5381919.11144108
10070.0 5636636.983858165
10080.0 5753197.835948629
10090.0 5777343.156197743
10100.0 5774546.178258409
10110.0 5796513.400900381
10120.0 5720224.753500562
10130.0 5894954.461426169
10140.0 5813079.811219441
10150.0 5723539.329110437
10160.0 5701190.508226803
10170.0 5764135.84431085
10180.0 5662982.507560406
10190.0 5693769.451392905
10200.0 5712110.593467761
10210.0 5685587.844174822
10220.0 5629607.748017848
10230.0 5684620.39368976
10240.0 5651906.849627554
10250.0 5652945.252481242
10260.0 5651736.647293377
10270.0 5616119.785212047
10280.0 5613204.67730585
10290.0 5556053.446523627
10300.0 5581387.691955914
10310.0 5566897.966828728
10320.0 5567459.481351832
10330.0 5423987.721476711
10340.0 5519286.725290542
10350.0 5506715.120185382
10360.0 5502686.134731496
10370.0 5373325.418542247
10380.0 5471425.620953717
10390.0 5469884.005704647
10400.0 5434586.7816729
10410.0 5414892.910604125
10420.0 5419932.074928623
10430.0 5378729.172754718
10440.0 5402795.83501674
10450.0 5338243.903552469
10460.0 5112931.838652509
10470.0 5286760.287670794
10480.0 5311279.934428424
10490.0 5322803.50040049
10500.0 5289259.047563963
10510.0 5270800.981550105
10520.0 5242663.868390588
10530.0 5245074.501881653
10540.0 5243536.586468173
10550.0 5246829.471311161
10560.0 5231492.917749703
10570.0 5184477.265484308
10580.0 5134377.26923562
10590.0 5025533.722379414
10600.0 5084868.996325526
10610.0 5148626.618914924
10620.0 5143632.442069981
10630.0 5032523.583817806
10640.0 5140185.881125746
10650.0 5126182.496314467
10660.0 5019133.072620951
10670.0 5082808.237689594
10680.0 4930633.332754279
10690.0 4624283.544308198
10700.0 4990119.021356582
10710.0 4930078.066465189
10720.0 4996377.483084342
10730.0 4812040.3739131065
10740.0 4986437.458431968
10750.0 4855638.358139819
10760.0 4981162.178962644
10770.0 4943500.118744006
10780.0 4922717.998412374
10790.0 4850045.86469801
10800.0 4905633.744464601
10810.0 4721756.553842996
10820.0 6173667.752777101
10830.0 4702421.051178413
10840.0 4798371.221544967
10850.0 4846260.8404728975
10860.0 4808968.761796293
10870.0 4571862.673119513
10880.0 4756658.640998722
10890.0 4669123.502416382
10900.0 4702834.329632255
10910.0 4547290.751099466
10920.0 4552820.683872179
10930.0 4175637.061619681
10940.0 3662546.774825912
10950.0 4263800.767315406
10960.0 4440277.884523852
10970.0 4520054.126129336
10980.0 4469657.979328325
10990.0 4648106.969139719
11000.0 4663617.56393456
11010.0 4639510.356838874
11020.0 4528317.91434243
11030.0 4640890.8297684435
11040.0 4642725.781994432
11050.0 4612768.1068015015
11060.0 4620476.204354954
11070.0 4618822.65689202
11080.0 4605195.13283532
11090.0 4598317.303896445
11100.0 4581384.099026486
11110.0 4578430.1814573
11120.0 4543731.61860168
11130.0 4500233.271167325
11140.0 4537820.8110505035
11150.0 4520766.930157863
11160.0 4515842.989030919
11170.0 4515413.6656824825
11180.0 4489999.4728244115
11190.0 4385076.965709227
11200.0 4420007.520823567
11210.0 4464917.769347434
11220.0 4462458.356376493
11230.0 4451692.948107302
11240.0 4440317.595637938
11250.0 4266421.054364126
11260.0 4396115.39581887
11270.0 4404499.015056936
11280.0 4399230.328355007
11290.0 4225290.586578722
11300.0 4334830.60436459
11310.0 4349059.362392151
11320.0 4347105.1638372
11330.0 4254857.520244266
11340.0 4306734.4271202795
11350.0 4309011.370116122
11360.0 4287111.051325914
11370.0 4263083.707563236
11380.0 4255929.861768809
11390.0 4221309.521161805
11400.0 4137354.719849373
11410.0 4213033.991022595
11420.0 4229628.554221392
11430.0 4238204.176519585
11440.0 4179673.1204942865
11450.0 4143148.552268872
11460.0 4215420.821777564
11470.0 4201911.3072969355
11480.0 4187460.9241726957
11490.0 4185759.641391689
11500.0 4167244.7397128926
11510.0 4167011.7871050313
11520.0 4128038.1269018427
11530.0 4147380.6535504065
11540.0 4136541.585139375
11550.0 4133395.53789193
11560.0 4118235.6891162656
11570.0 4108763.2354047205
11580.0 4099347.7674510176
11590.0 4012946.797067453
11600.0 4052825.2252893588
11610.0 3918673.060970002
11620.0 4030478.408435002
11630.0 4003485.443687838
11640.0 3977106.6723636147
11650.0 3972713.4828866706
11660.0 3942746.6130447634
11670.0 3924904.1685041985
11680.0 4004366.487672386
11690.0 3944560.9432537467
11700.0 3972620.078939597
11710.0 3980109.7053498435
11720.0 3969262.9462048095
11730.0 3951733.777790078
11740.0 3939373.6034214674
11750.0 3698518.087950449
11760.0 3879177.1616596426
11770.0 3902622.953518977
11780.0 3814570.443389657
11790.0 3901652.5511847157
11800.0 3867132.123567378
11810.0 3855048.1796511873
11820.0 3852399.124592106
11830.0 3755297.1205275925
11840.0 3788862.4552877247
11850.0 3821611.144329755
11860.0 3814477.3731508674
11870.0 3826742.783357755
11880.0 3662468.2433508597
11890.0 3753026.3153935103
11900.0 3763556.6341040907
11910.0 3800072.3430052637
11920.0 3794337.810859669
11930.0 3783312.457933394
11940.0 3773876.5047296975
11950.0 3699952.2232835023
11960.0 3740040.6658043163
11970.0 3664231.122783475
11980.0 3649203.2089579115
11990.0 3630116.668120043
12000.0 3718542.214499801
12010.0 3696200.2481132546
12020.0 3702922.0350986486
12030.0 3576715.5517335357
12040.0 3657040.9675474847
12050.0 3675086.1880401974
12060.0 3666255.3693098705
12070.0 3654103.3429106856
12080.0 3412627.6456363634
12090.0 3618112.3384872363
12100.0 3556902.809469606
12110.0 3577347.6981939594
12120.0 3616341.8973426684
12130.0 3610542.438850474
12140.0 3608800.3492001435
12150.0 3589182.2993434956
12160.0 3592878.860259967
12170.0 3565415.9681963623
12180.0 3562703.286365624
12190.0 3552334.9942397415
12200.0 3531464.1225578277
12210.0 3514247.415291321
12220.0 3538429.690757484
12230.0 3514561.2634841837
12240.0 3509657.8699266426
12250.0 3475455.6401915266
12260.0 3484532.660331292
12270.0 3444818.1749549606
12280.0 3481937.911457325
12290.0 3486320.240270174
12300.0 3477799.185158336
12310.0 3430836.2471517567
12320.0 3457589.4523076923
12330.0 3435071.1973674437
12340.0 3392209.1494103447
12350.0 3409494.4548721462
12360.0 3375426.9628041405
12370.0 3409358.452820175
12380.0 3418828.017108606
12390.0 3401998.570096742
12400.0 3366087.3683641246
12410.0 3381054.9735828224
12420.0 3352457.9848448606
12430.0 3345148.7275167615
12440.0 3373947.8127735895
12450.0 3364922.9272085954
12460.0 3339291.009942726
12470.0 3329235.364902736
12480.0 3340343.8550356254
12490.0 3330908.974901011
12500.0 3327852.741763508
12510.0 3271077.538282354
12520.0 3227192.3798487047
12530.0 3273406.5729349237
12540.0 3293270.0156051414
12550.0 3271986.4320014245
12560.0 3242634.4296990666
12570.0 3454594.5513995467
12580.0 3219478.7365334323
12590.0 3252966.2284575277
12600.0 3231682.972696974
12610.0 3191158.9176973593
12620.0 3230255.844827541
12630.0 3228860.577310354
12640.0 3173378.071813755
12650.0 3198231.074357212
12660.0 3198891.0142339095
12670.0 3193603.204476667
12680.0 3166014.182441116
12690.0 3184105.573601392
12700.0 3163368.435581102
12710.0 3140728.9131275164
12720.0 3151224.616277159
12730.0 3139050.805737704
12740.0 3115656.004305046
12750.0 3108568.2694150107
12760.0 3087377.4061951474
12770.0 3057067.97491588
12780.0 3018752.546190581
12790.0 2955818.044359613
12800.0 2858383.8984819725
12810.0 2645978.218251673
12820.0 2439320.0733973393
12830.0 2738162.7438779175
12840.0 2875668.8593134955
12850.0 2945772.4070203295
12860.0 2981751.1330328374
12870.0 2996037.676351336
12880.0 3006107.693246051
12890.0 3019385.0697575468
12900.0 2982859.1971101593
12910.0 3013966.6337594287
12920.0 3006613.8688952527
12930.0 3009323.996033038
12940.0 3001002.0571427443
12950.0 3022065.9118968057
12960.0 2990470.2156158774
12970.0 2964579.3057991555
12980.0 2978828.55912277
12990.0 2981607.1556963827
13000.0 2973200.3732591528
13010.0 2977818.952416122
13020.0 2964567.054836195
13030.0 2937127.6170219635
13040.0 2944272.2326567834
13050.0 2942457.3998300885
13060.0 2923367.0771980262
13070.0 2934657.401276584
13080.0 2932359.446405478
13090.0 2921261.6126184426
13100.0 2901772.923230613
13110.0 2914690.5885815313
13120.0 2802392.2423498393
13130.0 2890978.060572342
13140.0 2888870.2141030403
13150.0 2799445.1819799202
13160.0 2870060.62906341
13170.0 2876081.3064448903
13180.0 2821855.3414999167
13190.0 2862765.3914348613
13200.0 2853267.71140041
13210.0 2893109.9573583333
13220.0 2843685.3713188213
13230.0 2841875.1394624333
13240.0 2836698.399693899
13250.0 2823605.1030787914
13260.0 2815168.0138482945
13270.0 2810037.8344242084
13280.0 2816196.158484792
13290.0 2767545.917092097
13300.0 2791924.498311543
13310.0 2790242.72693604
13320.0 2747448.9217246105
13330.0 2775353.360750851
13340.0 2773920.1786502167
13350.0 2751881.5739469905
13360.0 2764240.2298788778
13370.0 2751032.57436665
13380.0 2749415.2548865345
13390.0 2709521.3866235544
13400.0 2734819.105023773
13410.0 2729620.094053803
13420.0 2725022.773881489
13430.0 2715886.1028199866
13440.0 2719001.48075944
13450.0 2706100.8009212734
13460.0 2695242.4359390014
13470.0 2700045.359997637
13480.0 2692891.660559014
13490.0 2684242.4275730876
13500.0 2652148.4516095906
13510.0 2680965.150983477
13520.0 2669476.1563785016
13530.0 2666221.38059602
13540.0 2660546.9001745787
13550.0 2639334.977476922
13560.0 2619394.222339315
13570.0 2627194.1091900924
13580.0 2636660.4164251275
13590.0 2628700.3753847852
13600.0 2618593.846810524
13610.0 2624029.857582416
13620.0 2614148.091579373
13630.0 2598679.421275455
13640.0 2599911.8218963486
13650.0 2595322.8945036386
13660.0 2594827.808834242
13670.0 2579332.4063100605
13680.0 2562096.956711948
13690.0 2570445.4438420204
13700.0 2526872.2191964593
13710.0 2545459.4768383466
13720.0 2544925.300735685
13730.0 2531015.837061984
13740.0 2502627.4588753604
13750.0 2567243.41701043
13760.0 2512034.1702521173
13770.0 2521819.152985961
13780.0 2514948.6369791063
13790.0 2527068.243975595
13800.0 2504382.5305287335
13810.0 2514147.2300308095
13820.0 2500241.9022133285
13830.0 2472717.750565267
13840.0 2502169.109359603
13850.0 2487013.548789945
13860.0 2480450.5717766704
13870.0 2480748.9648297625
13880.0 2480540.8460319242
13890.0 2471966.560960675
13900.0 2445488.141511421
13910.0 2462250.3915283075
13920.0 2450390.1956379567
13930.0 2446597.6010662387
13940.0 2414605.6052627796
13950.0 2422655.1080391714
13960.0 2432741.676091522
13970.0 2431419.338986446
13980.0 2426268.2002890906
13990.0 2416707.9486164986
14000.0 2384092.939370819
14010.0 2387764.1104834466
14020.0 2409323.652836367
14030.0 2381036.405555558
14040.0 2395468.103165143
14050.0 2396552.6803862704
14060.0 2387338.8492966467
14070.0 2379308.590651169
14080.0 2363855.719317621
14090.0 2373366.1883119005
14100.0 2368850.6944668326
14110.0 2331952.407357446
14120.0 2332740.870328708
14130.0 2325714.5179073
14140.0 2347834.0448205797
14150.0 2344304.891413531
14160.0 2321144.1632240787
14170.0 2333955.2912600734
14180.0 2321114.1512651816
14190.0 2326247.0571115925
14200.0 2307879.5283033303
14210.0 2305398.5134750656
14220.0 2285105.504805094
14230.0 2308934.268768139
14240.0 2247808.072448558
14250.0 2282003.614966305
14260.0 2268361.7080393345
14270.0 2257702.038805527
14280.0 2275373.751179493
14290.0 2205222.187509342
14300.0 2269028.373906038
14310.0 2247199.9113819078
14320.0 2261129.363923177
14330.0 2260843.869422525
14340.0 2256187.366669423
14350.0 2248687.676637467
14360.0 2244911.2309935335
14370.0 2245317.762113769
14380.0 2236908.0173741844
14390.0 2231886.0547313555
14400.0 2076419.4009988508
14410.0 2219593.265913005
14420.0 2162345.580242843
14430.0 2170945.805650242
14440.0 2162653.590497709
14450.0 2198335.6957195024
14460.0 2184539.771995832
14470.0 2183017.1660895217
14480.0 2165207.599458787
14490.0 2173144.047672558
14500.0 2138859.649142608
14510.0 2121271.708988731
14520.0 2147076.8793116426
14530.0 2154027.426985228
14540.0 2082680.5959623966
14550.0 2131767.5625438225
14560.0 2132672.4453647747
14570.0 2118383.946329638
14580.0 2145068.578530632
14590.0 2121726.9857349815
14600.0 2127445.8345718198
14610.0 2130462.888339245
14620.0 2112719.7236415176
14630.0 2097918.677851804
14640.0 2083785.3128596875
14650.0 2040770.7032998065
14660.0 2110569.3590241224
14670.0 2098360.2586161317
14680.0 2099459.4148381487
14690.0 2084977.7150319736
14700.0 2057269.9639448363
14710.0 2074218.361625437
14720.0 2049069.642102642
14730.0 2081497.196076951
14740.0 2060715.697677457
14750.0 2027696.2039644702
14760.0 2058777.585798063
14770.0 2052535.8932336306
14780.0 2009465.944191783
14790.0 2054038.4841945444
14800.0 2049957.9324909202
14810.0 2023547.5761280854
14820.0 2040879.5395725875
14830.0 1986331.8978853812
14840.0 2027418.8119563884
14850.0 2004818.623845754
14860.0 2010362.8754548524
14870.0 1986767.143297073
14880.0 1819100.5911096162
14890.0 2010071.4407287636
14900.0 1990445.3343939995
14910.0 1990490.2085797074
14920.0 1999033.5656418558
14930.0 1995495.5235565999
14940.0 1986930.6631571997
14950.0 1985711.4704953302
14960.0 1951789.5794108622
14970.0 1963954.8584872233
14980.0 1959979.73256422
14990.0 1952082.135917324
15000.0 1960853.5913508674
15010.0 1941879.7715428034
15020.0 1887891.0926136205
15030.0 1896859.9157102471
15040.0 1860130.363428304
15050.0 1839102.0858253995
15060.0 1928771.1516568933
15070.0 1925908.5641171264
15080.0 1906166.9227041928
15090.0 1910798.678359101
15100.0 1901124.1217896997
15110.0 1914294.2679019007
15120.0 1899477.8401738266
15130.0 1923796.6461662129
15140.0 1894511.331942872
15150.0 1906529.469284443
15160.0 1886322.9734894815
15170.0 1894854.8194582618
15180.0 1883752.2803820597
15190.0 1886836.082269712
15200.0 1867162.4261930278
15210.0 1845468.682826359
15220.0 1840257.2256143517
15230.0 1853521.9328533225
15240.0 1839545.2111338149
15250.0 1850133.945603166
15260.0 1839737.4182570535
15270.0 1843927.3811089853
15280.0 1838555.4456768145
15290.0 1781073.0511756528
15300.0 1823987.1306584068
15310.0 1828454.5366730362
15320.0 1817018.044871039
15330.0 1815805.036744565
15340.0 1784663.256508845
15350.0 1835298.7809530422
15360.0 1808827.6644342965
15370.0 1809375.9204245978
15380.0 1771939.2262727162
15390.0 1784744.1085350877
15400.0 1744019.733910752
15410.0 1790132.2893319943
15420.0 1750651.0771253242
15430.0 1773183.3481660746
15440.0 1767909.0765418315
15450.0 1767967.208271153
15460.0 1773026.1812870696
15470.0 1757508.800047867
15480.0 1743929.5173769183
15490.0 1763053.667244199
15500.0 1752821.010674222
15510.0 1759518.977260954
15520.0 1750861.1664960089
15530.0 1730592.767950749
15540.0 1721473.8079389827
15550.0 1716951.0011329022
15560.0 1691534.8544795227
15570.0 1716116.8538173805
15580.0 1729732.0985302583
15590.0 1702521.7481827163
15600.0 1730364.7542255807
15610.0 1734253.3859480189
15620.0 1698810.5919664921
15630.0 1702943.9320222123
15640.0 1719530.8969577716
15650.0 1706287.5324299396
15660.0 1687266.518231236
15670.0 1682888.5997916067
15680.0 1676183.464642668
15690.0 1637081.8824816514
15700.0 1644026.1316289958
15710.0 1655076.8897057315
15720.0 1650253.8032262772
15730.0 1675407.3247215187
15740.0 1628830.1163748952
15750.0 1618426.6354115293
15760.0 1673281.8974104295
15770.0 1547141.4315728976
15780.0 1677514.986096503
15790.0 1672154.110828243
15800.0 1672426.7465517104
15810.0 1670241.14243648
15820.0 1613154.3656645764
15830.0 1640448.2203658486
15840.0 1634513.6383033753
15850.0 1619589.0263575588
15860.0 1603704.5016073822
15870.0 1565167.045346166
15880.0 1528583.5380609427
15890.0 1523180.3328303844
15900.0 1570750.6243822875
15910.0 1578550.468205185
15920.0 1616180.6774711593
15930.0 1617848.826627965
15940.0 1621555.1555790547
15950.0 1612130.3394967238
15960.0 1567607.648792382
15970.0 1641745.7753921915
15980.0 1612871.9574157896
15990.0 1622979.6269501958
16000.0 1604482.3779366112
16010.0 1583603.966700704
16020.0 1591403.588070374
16030.0 1606535.1526892006
16040.0 1575411.9431016631
16050.0 1585459.216655396
16060.0 1549184.2044403192
16070.0 1556237.706153036
16080.0 1546171.2786968502
16090.0 1492219.2069713492
16100.0 1458185.6255847288
16110.0 1440196.4883034157
16120.0 1477265.9756607641
16130.0 1507968.595630549
16140.0 1522145.9790344816
16150.0 1523547.4725374817
16160.0 1512742.2356778982
16170.0 1546251.5506986415
16180.0 1547560.5107112145
16190.0 1545731.7460699913
16200.0 1518144.070822233
16210.0 1547516.3590271848
16220.0 1551583.5129754888
16230.0 1543006.8695176512
16240.0 1535540.9840672456
16250.0 1549941.3026974944
16260.0 1545929.1362569593
16270.0 1543612.2313560038
16280.0 1539579.1883448714
16290.0 1529771.1137781842
16300.0 1527852.4272935009
16310.0 1520863.2006412281
16320.0 1501600.5572254064
16330.0 1493085.1345036791
16340.0 1501438.862268934
16350.0 1488506.1819366056
16360.0 1458997.8384563806
16370.0 1452142.1496482538
16380.0 1393436.8036535154
16390.0 1390984.5638213372
16400.0 1330677.3685393825
16410.0 1302114.9668195997
16420.0 1366408.2125773286
16430.0 1408196.8908689057
16440.0 1409906.7330134304
16450.0 1440496.7845893155
16460.0 1615688.163712129
16470.0 1442876.0982771178
16480.0 1461551.3246914307
16490.0 1435713.5002149579
16500.0 1466966.833660983
16510.0 1460037.2089830637
16520.0 1456232.5036245817
16530.0 1465315.0718529227
16540.0 1441119.7266632956
16550.0 1452024.9698645954
16560.0 1436542.1424535816
16570.0 1450972.7904615202
16580.0 1448729.267041608
16590.0 1432053.6105258844
16600.0 1446425.2129618123
16610.0 1441846.2050996975
16620.0 1446040.4094282952
16630.0 1427127.9462915307
16640.0 1430270.8882070642
16650.0 1401069.1938840984
16660.0 1424159.3474584061
16670.0 1410302.4623236186
16680.0 1403578.6242210849
16690.0 1412631.9540566145
16700.0 1408817.2324391112
16710.0 1398422.0850497065
16720.0 1363104.6096321645
16730.0 1385496.9802574818
16740.0 1376032.6685476475
16750.0 1328214.7269570713
16760.0 1340431.737840054
16770.0 1333321.7670807254
16780.0 1302668.4356233098
16790.0 1287211.695148252
16800.0 1188637.2162406251
16810.0 1155560.5358392992
16820.0 1230560.878853365
16830.0 1279911.3700785995
16840.0 1307890.6091523026
16850.0 1323381.3072613406
16860.0 1324688.7322577504
16870.0 1334152.0340837017
16880.0 1340619.540705355
16890.0 1302391.988790779
16900.0 1331554.7955804262
16910.0 1347914.2265950548
16920.0 1347904.3353400803
16930.0 1343920.1348037673
16940.0 1346444.6936600558
16950.0 1343360.645410171
16960.0 1338838.3182321985
16970.0 1324818.7730100737
16980.0 1332682.7154307025
16990.0 1323065.1221696902
17000.0 1317324.3480314538
17010.0 1302141.0793038495
17020.0 1323457.041618594
17030.0 1319894.8530681732
17040.0 1320826.657106024
17050.0 1320996.887213827
17060.0 1312557.8367501076
17070.0 1311731.4869384158
17080.0 1309811.2741220668
17090.0 1277235.2959842586
17100.0 1304992.722983187
17110.0 1241006.7017261258
17120.0 1298587.5232889268
17130.0 1301547.4993418108
17140.0 1295461.4279422187
17150.0 1291742.9560684667
17160.0 1280688.4814138368
17170.0 1286909.6728038585
17180.0 1282313.4054189147
17190.0 1277691.439631379
17200.0 1271272.4058026632
17210.0 1270235.0689797043
17220.0 1265368.3419821076
17230.0 1204435.1015715685
17240.0 1256870.6375585783
17250.0 1251425.0469557033
17260.0 1250501.2416510156
17270.0 1225856.0001369668
17280.0 1219894.2818272817
17290.0 1227866.7119814265
17300.0 1213518.1420333644
17310.0 1206284.1070500545
17320.0 1169317.3300193576
17330.0 1127473.393272824
17340.0 1100295.4702081925
17350.0 1083332.507758677
17360.0 979986.9033803185
17370.0 1045221.0488552849
17380.0 1112410.61118281
17390.0 1146903.5556109592
17400.0 1163839.978239639
17410.0 1157366.5034528426
17420.0 1183178.4279680778
17430.0 1176313.1518063257
17440.0 1196578.4072306743
17450.0 1168774.5120284082
17460.0 1170767.3271535644
17470.0 1163504.3356685177
17480.0 1189640.2976073266
17490.0 1198493.974626988
17500.0 1190243.366555253
17510.0 1160847.3535888593
17520.0 1185907.3139655774
17530.0 1186422.1796426163
17540.0 1186976.8112144226
17550.0 1160641.964433689
17560.0 1183249.1190531831
17570.0 1185924.3806129466
17580.0 1180101.4986365363
17590.0 1182035.9894520002
17600.0 1169687.5646704761
17610.0 1151622.2472952604
17620.0 1138640.0310782222
17630.0 1171690.995640046
17640.0 1124114.5363304473
17650.0 1168624.1774397485
17660.0 1157155.701623052
17670.0 1149846.8783986291
17680.0 1140408.0404843558
17690.0 1157647.034275689
17700.0 1152682.7596526833
17710.0 1147335.8254249361
17720.0 1128757.507160091
17730.0 1146610.505216242
17740.0 1143130.1471004987
17750.0 1138813.4665444482
17760.0 1131972.8852981436
17770.0 1109558.882527735
17780.0 1133266.2005355959
17790.0 1121311.7124227718
17800.0 1131076.313962654
17810.0 1110306.9577868045
17820.0 1124740.5547109628
17830.0 1116187.591049086
17840.0 1113376.0518924715
17850.0 1106461.6440325703
17860.0 1111629.505868241
17870.0 1114906.6534271413
17880.0 1114951.9175372378
17890.0 1111548.8565998166
17900.0 1111337.633631827
17910.0 1107008.0996104812
17920.0 1103267.8386691692
17930.0 1092594.6020425684
17940.0 1089642.8303440067
17950.0 1098347.049178754
17960.0 1094969.1736826776
17970.0 1088600.431503695
17980.0 1087335.6239029188
17990.0 1086508.014136891
18000.0 1081339.7961786557
18010.0 1098550.767419081
18020.0 1061509.2051884786
18030.0 1066049.2244920707
18040.0 1071548.2823333894
18050.0 1063990.6078044977
18060.0 1055663.5017746477
18070.0 1058281.9829856106
18080.0 1046360.2880421157
18090.0 1044513.680320456
18100.0 1065782.4044993985
18110.0 1029705.8162590084
18120.0 1022417.452280776
18130.0 1011764.9685912898
18140.0 991839.914137871
18150.0 965678.9648751686
18160.0 917250.2728824082
18170.0 821575.9992673801
18180.0 852704.4415506982
18190.0 938417.2313664632
18200.0 964825.6289305205
18210.0 984473.3036519968
18220.0 966239.6098022629
18230.0 1000761.0628251312
18240.0 1003143.5681038991
18250.0 1012901.3932201549
18260.0 1016844.715425782
18270.0 1017748.9223630751
18280.0 1008935.4748450995
18290.0 1018420.0596951939
18300.0 1015614.239080215
18310.0 1017432.3485929712
18320.0 989987.9925126049
18330.0 1016444.7723358858
18340.0 1012477.2320672313
18350.0 1010976.4368044827
18360.0 1008166.326126639
18370.0 988226.6417294143
18380.0 1004012.4142689599
18390.0 1004109.3968058894
18400.0 1000761.5437243064
18410.0 990684.1449965986
18420.0 971278.5624991285
18430.0 990872.3195275636
18440.0 994178.9972098682
18450.0 991138.380986021
18460.0 990792.3684527543
18470.0 968276.3168003279
18480.0 988854.4438764292
18490.0 986091.0231699903
18500.0 982980.2711131708
18510.0 980837.622334375
18520.0 967158.4533853505
18530.0 969685.3085593579
18540.0 976199.6946324703
18550.0 940455.746655474
18560.0 968027.6433673555
18570.0 969659.2739863527
18580.0 956238.7196110705
18590.0 963173.0868964812
18600.0 962140.4737380209
18610.0 955688.5524383136
18620.0 951837.982215679
18630.0 950302.9292562173
18640.0 948889.7586533214
18650.0 964495.867524805
18660.0 934237.7481746869
18670.0 936321.4974413577
18680.0 926121.0289177168
18690.0 921549.6601948508
18700.0 912565.4760714385
18710.0 900028.556235973
18720.0 869670.7889741814
18730.0 856028.6785424651
18740.0 1002820.7207517916
18750.0 676591.6158884881
18760.0 789555.3440264473
18770.0 836526.8444542657
18780.0 869965.0700386201
18790.0 883523.7038878491
18800.0 894297.9681493305
18810.0 901397.1401459154
18820.0 896847.772387773
18830.0 908090.134395911
18840.0 892748.705747892
18850.0 897185.2652686451
18860.0 893760.9400058622
18870.0 908151.4370052456
18880.0 899859.3937451352
18890.0 903090.8388543654
18900.0 888742.7625228334
18910.0 891209.2254320089
18920.0 892408.8141388341
18930.0 861355.4786053267
18940.0 886800.2699559123
18950.0 892699.4109132935
18960.0 877946.9175700613
18970.0 892191.9434608581
18980.0 897598.2286254615
18990.0 884115.577371207
19000.0 892566.6077100863
19010.0 892304.6256894424
19020.0 891584.2949046753
19030.0 879289.6440087369
19040.0 887324.1213253576
19050.0 882355.6692565272
19060.0 884576.3456135751
19070.0 884604.0733395177
19080.0 876818.4042915824
19090.0 880738.1463659904
19100.0 877388.6147036555
19110.0 867485.0745072931
19120.0 868987.3705678096
19130.0 873066.0997917056
19140.0 869150.8508873768
19150.0 868739.1224649458
19160.0 864994.3698188161
19170.0 865804.6249613159
19180.0 864732.4960765068
19190.0 845125.5156521761
19200.0 856972.5427996287
19210.0 855289.7294971928
19220.0 856228.2715233654
19230.0 856136.4284737818
19240.0 854105.7655003453
19250.0 849729.1818871171
19260.0 847016.0866002982
19270.0 839270.9994681249
19280.0 838789.6908929996
19290.0 843652.0779303774
19300.0 840092.4239043235
19310.0 827062.9737401239
19320.0 836321.9784267705
19330.0 833145.6498220447
19340.0 820571.4962705129
19350.0 826026.7045314773
19360.0 822385.9395877701
19370.0 817674.0228921811
19380.0 811111.6973671042
19390.0 792235.6013180232
19400.0 792118.1751279102
19410.0 791315.0436440512
19420.0 761561.3055372983
19430.0 719615.42333334
19440.0 660295.6812328751
19450.0 640702.0449312918
19460.0 722448.8142600483
19470.0 750825.2212053075
19480.0 766215.4758243067
19490.0 767125.744663344
19500.0 786210.1758593172
19510.0 767018.4865064593
19520.0 795183.2227632189
19530.0 794553.601075964
19540.0 793728.9964431953
19550.0 799100.5031987221
19560.0 799501.2572820039
19570.0 798507.4200708452
19580.0 795848.6322980163
19590.0 794552.6095049885
19600.0 793853.1918114164
19610.0 791120.2594736317
19620.0 791790.3574085664
19630.0 780624.0074385409
19640.0 790137.582559459
19650.0 792635.9265756848
19660.0 791193.4607390773
19670.0 790148.2475299828
19680.0 788281.2595294231
19690.0 786272.315890888
19700.0 786047.8447639253
19710.0 784229.4451469561
19720.0 753974.7053050118
19730.0 773574.9373500419
19740.0 778959.7364761616
19750.0 778565.9185300394
19760.0 776663.6151964002
19770.0 776786.4388070446
19780.0 752666.9192462394
19790.0 767834.1588416658
19800.0 772241.1034488074
19810.0 770055.3486423603
19820.0 768265.8261165924
19830.0 768599.0696497238
19840.0 767335.4112388958
19850.0 747451.1593563631
19860.0 751409.2590210086
19870.0 761467.0321137867
19880.0 760352.6923531236
19890.0 759405.7854245004
19900.0 758590.0896638168
19910.0 756230.4330970503
19920.0 754338.4445902937
19930.0 736729.2282266559
19940.0 752744.7090250881
19950.0 750776.4858359516
19960.0 745790.5527463796
19970.0 735976.0339475714
19980.0 746531.0757068304
19990.0 746612.0526547986
20010.0 742553.9234273981
20020.0 736805.0443077933
20030.0 738446.4014561063
20040.0 735527.1963624381
20050.0 728651.4424277454
20060.0 735988.6863362204
20070.0 733064.756252177
20080.0 733472.603968729
20090.0 729671.5645898446
20100.0 731641.5971888024
20110.0 729564.4000384931
20120.0 729422.5543551662
20130.0 726943.399405085
20140.0 721188.2720377477
20150.0 724362.4741264072
20160.0 723886.3431592053
20170.0 721697.3786252274
20180.0 721435.3432066634
20190.0 718219.2096232942
20200.0 716123.519299609
20210.0 703577.7485623766
20220.0 715040.2777640386
20230.0 710762.9911424769
20240.0 710103.053295747
20250.0 711847.2373267657
20260.0 706899.6046405289
20270.0 706865.2594518668
20280.0 706912.0166518826
20290.0 703999.6980286507
20300.0 684037.7857051775
20310.0 704302.7012214783
20320.0 703097.3698919829
20330.0 700837.6012860038
20340.0 687761.9573742064
20350.0 697333.0574205708
20360.0 697125.28925956
20370.0 694704.1414862294
20380.0 677977.9886085058
20390.0 694370.8759480567
20400.0 689579.8052931525
20410.0 685170.465664744
20420.0 689992.2561647792
20430.0 689596.643481432
20440.0 688254.6863748522
20450.0 685935.9125885741
20460.0 686007.4267206739
20470.0 683668.8476216047
20480.0 683669.430182447
20490.0 682283.0767873736
20500.0 681310.9313532334
20510.0 678690.496787107
20520.0 672649.6660497026
20530.0 676139.655286245
20540.0 672698.9040965631
20550.0 674660.3599737461
20560.0 673911.9596771579
20570.0 672117.037804836
20580.0 671190.495591435
20590.0 666497.5350379322
20600.0 650279.6789492937
20610.0 676528.4302435257
20620.0 665679.0435889136
20630.0 630523.1832953598
20640.0 663906.2983181597
20650.0 663094.7023612527
20660.0 661484.2921889954
20670.0 651522.3409518923
20680.0 657051.2740093519
20690.0 657138.0666405745
20700.0 643063.4876480371
20710.0 650249.4652357858
20720.0 651690.6012837534
20730.0 652830.4746297975
20740.0 650380.3780605436
20750.0 650326.0180372947
20760.0 644355.0260125402
20770.0 637872.8353873503
20780.0 647012.3099391318
20790.0 646994.7268927783
20800.0 642587.7851917697
20810.0 644276.9095308571
20820.0 641613.1969027197
20830.0 633856.3797779765
20840.0 633994.1656434658
20850.0 637914.4116737633
20860.0 638308.0204659476
20870.0 636039.362568483
20880.0 633727.6479863359
20890.0 631166.4481195306
20900.0 634634.5479066637
20910.0 632351.2653467335
20920.0 610324.716735744
20930.0 628925.7825687289
20940.0 629821.3011159739
20950.0 628975.078678556
20960.0 625605.6700623704
20970.0 625549.90224965
20980.0 623763.0834898507
20990.0 622699.5640434037
21000.0 623665.2766300762
21010.0 618425.9478489228
21020.0 607205.4866305579
21030.0 619583.3800106578
21040.0 619732.4848645113
21050.0 618546.2578455284
21060.0 615086.8657973021
21070.0 611940.2856083312
21080.0 614238.9359269668
21090.0 606697.3708721426
21100.0 611323.7442317093
21110.0 610595.0805609897
21120.0 610035.2427125156
21130.0 609876.463834042
21140.0 604600.7665960884
21150.0 606415.0325430101
21160.0 587980.3228646509
21170.0 604064.6470933908
21180.0 602909.5049616918
21190.0 577988.058610374
21200.0 599855.6610565521
21210.0 588176.5503417827
21220.0 597181.6162105926
21230.0 590338.6341976953
21240.0 595553.0861399673
21250.0 596689.2894919803
21260.0 573281.2544199616
21270.0 592848.0653355431
21280.0 591844.0194287851
21290.0 589564.6212125323
21300.0 585073.6158333654
21310.0 591033.5658031363
21320.0 588323.9182267938
21330.0 588435.644722174
21340.0 587274.5971625386
21350.0 572845.4992894671
21360.0 583974.8877445493
21370.0 583175.8349069635
21380.0 583382.1961411068
21390.0 578766.7909786255
21400.0 581072.1253324428
21410.0 579540.7080529908
21420.0 579166.6946749542
21430.0 573625.4642616829
21440.0 574423.8951157731
21450.0 574410.7244658311
21460.0 572124.3248828453
21470.0 572175.5305761953
21480.0 571556.0750620476
21490.0 570113.1783829585
21500.0 568927.8025825152
21510.0 566398.2214448394
21520.0 564165.4572263986
21530.0 562999.0461319825
21540.0 560400.3643154885
21550.0 559794.6141329309
21560.0 558100.5514240309
21570.0 555012.8995863928
21580.0 551895.8567550986
21590.0 547075.885138051
21600.0 543059.9879709163
21610.0 535783.8422734733
21620.0 528257.2299190034
21630.0 516152.3055431368
21640.0 495419.77463796537
21650.0 443723.5169480412
21660.0 439625.74872681935
21670.0 505133.38011043787
21680.0 510978.68173557596
21690.0 516992.3042002127
21700.0 527537.6406038653
21710.0 531541.9059227518
21720.0 535626.6840737219
21730.0 536246.5131834865
21740.0 537435.6332094935
21750.0 538228.2422784558
21760.0 537134.7003052378
21770.0 539799.9291205145
21780.0 524017.9709102349
21790.0 539397.3509294186
21800.0 540571.7903378963
21810.0 539635.7446823848
21820.0 527344.8028668863
21830.0 538272.6894982617
21840.0 538072.1339805364
21850.0 537569.8286127095
21860.0 536690.4685412889
21870.0 532636.8655969652
21880.0 519375.94071642816
21890.0 534960.537045638
21900.0 532381.6363209147
21910.0 532569.4065931023
21920.0 532201.7420339768
21930.0 531383.1297484821
21940.0 528978.0929297016
21950.0 529669.3892360418
21960.0 529183.2412645341
21970.0 528018.0774399363
21980.0 527313.335761242
21990.0 525539.5748235105
22000.0 525627.7088902234
22010.0 523206.82743546803
22020.0 523643.49536533625
22030.0 520899.3888470764
22040.0 519310.8531123385
22050.0 520871.44901261904
22060.0 494217.3764627953
22070.0 516078.17388754105
22080.0 512724.95482059906
22090.0 518054.5942807217
22100.0 516162.875461021
22110.0 514579.3719410671
22120.0 514937.6214910564
22130.0 514785.3859150352
22140.0 513990.37044135534
22150.0 512898.44438882446
22160.0 494993.6257990387
22170.0 501234.2038372512
22180.0 510346.59607394104
22190.0 509915.475577281
22200.0 508748.20990374
22210.0 507920.88003252074
22220.0 507627.4440848493
22230.0 506147.67240147357
22240.0 505251.51220349415
22250.0 504852.83568482596
22260.0 500489.4191407988
22270.0 503058.16005944775
22280.0 500770.3329061873
22290.0 501747.5236839545
22300.0 499163.2453679991
22310.0 499530.0502197415
22320.0 498600.34695696324
22330.0 498469.4181425296
22340.0 496800.7402910205
22350.0 496719.942047716
22360.0 495680.56434461987
22370.0 494988.69639828685
22380.0 489982.24463745725
22390.0 491929.64531556115
22400.0 492843.5381771724
22410.0 491566.2007529723
22420.0 488879.4600251759
22430.0 489732.4079046057
22440.0 489261.5894979137
22450.0 487953.8870750898
22460.0 487657.2972166102
22470.0 481198.86940892774
22480.0 485178.4450144387
22490.0 484426.704245991
22500.0 483993.54663527885
22510.0 479102.1753753614
22520.0 477600.6227603451
22530.0 478151.6950911463
22540.0 469275.3288922362
22550.0 472978.9843352002
22560.0 473531.9798254166
22570.0 476773.2629064158
22580.0 475373.84323228995
22590.0 475686.8428891726
22600.0 475077.40081272234
22610.0 473243.28478905675
22620.0 468251.9864360044
22630.0 472054.1546040867
22640.0 468318.9495486863
22650.0 469052.18229166826
22660.0 469911.25190423796
22670.0 469498.8577466708
22680.0 469042.1673146838
22690.0 467966.7364900608
22700.0 467572.7612561715
22710.0 457195.5024772607
22720.0 466000.5614234796
22730.0 465324.66574131453
22740.0 462331.74602680595
22750.0 463102.858065047
22760.0 462630.43123878725
22770.0 462312.1594267151
22780.0 461357.24547420896
22790.0 459004.8877065255
22800.0 457414.7681867462
22810.0 441370.73465057334
22820.0 456906.2824992279
22830.0 457002.9132326937
22840.0 456999.0553391762
22850.0 456159.6132121985
22860.0 453865.19194394414
22870.0 454741.99374827335
22880.0 454092.8267519136
22890.0 451503.23839040805
22900.0 452882.1153546486
22910.0 445916.91386485886
22920.0 451176.1223104369
22930.0 449300.5075701468
22940.0 449824.45177272125
22950.0 447976.57938848087
22960.0 444676.22479760076
22970.0 445905.86753177125
22980.0 446821.8500602773
22990.0 445096.73063760233
23000.0 445410.07139245304
23010.0 445082.04660123854
23020.0 443624.86938411486
23030.0 442992.02866448386
23040.0 442620.72492931294
23050.0 441596.8591577942
23060.0 441524.2895618112
23070.0 440812.52107999095
23080.0 440101.507155877
23090.0 438850.4933667163
23100.0 438648.0540501142
23110.0 437976.81312291464
23120.0 437494.23269457155
23130.0 434359.58220184955
23140.0 433304.0909733261
23150.0 434627.35902828816
23160.0 433837.5787033041
23170.0 433497.2338301006
23180.0 430649.2647066817
23190.0 432564.13052414777
23200.0 431874.88830227545
23210.0 430990.6212341539
23220.0 430180.3713207792
23230.0 429673.3723037154
23240.0 429280.68767959275
23250.0 426944.79655888607
23260.0 427605.8996182544
23270.0 427091.42062269454
23280.0 426252.9785160504
23290.0 425671.2125663557
23300.0 425046.0512595149
23310.0 423845.18837967684
23320.0 423772.06052585354
23330.0 422388.54199309484
23340.0 422414.08006161393
23350.0 417602.5448341363
23360.0 420924.46322405705
23370.0 420211.4321496713
23380.0 412538.31252504955
23390.0 419154.4323492424
23400.0 418013.0328568518
23410.0 417728.2050696929
23420.0 417159.65868973534
23430.0 416505.7405238996
23440.0 414790.9938504143
23450.0 414814.2761148221
23460.0 413976.3199141577
23470.0 413744.5840727954
23480.0 412092.84228291624
23490.0 412253.98498206266
23500.0 411122.77334086836
23510.0 410963.44153162395
23520.0 410539.1987028432
23530.0 410150.6059614585
23540.0 409151.6870490372
23550.0 408654.2492032265
23560.0 408225.2888477726
23570.0 403685.92585496523
23580.0 406300.83065052005
23590.0 406345.0685723191
23600.0 405019.9104562859
23610.0 404260.2561902577
23620.0 404303.187711603
23630.0 403603.3951480591
23640.0 402978.9440952346
23650.0 402315.1844930522
23660.0 401503.15082434035
23670.0 400676.30247469636
23680.0 399769.781147094
23690.0 398985.86577717145
23700.0 398813.0732995784
23710.0 397794.24809946836
23720.0 396564.309538234
23730.0 393629.99182575574
23740.0 389388.4597303625
23750.0 394720.0928688868
23760.0 394219.77009181865
23770.0 394398.330121933
23780.0 393879.0134275422
23790.0 393327.70252053195
23800.0 392631.7942078293
23810.0 392049.7092557701
23820.0 391597.8667702955
23830.0 390861.079196488
23840.0 384381.4310297931
23850.0 388273.83700841636
23860.0 381381.444133833
23870.0 388159.97602483485
23880.0 387649.5898289555
23890.0 386707.52358777204
23900.0 386485.99917455635
23910.0 385929.49795168574
23920.0 384246.0359597396
23930.0 384469.6174135973
23940.0 383916.4582261016
23950.0 383119.687109084
23960.0 382701.1630359933
23970.0 382103.1268630835
23980.0 380457.7696230811
23990.0 379086.0539981847
24000.0 378178.41675271565
24010.0 379003.976228578
24020.0 378471.0325090318
24030.0 377559.99619200587
24040.0 376663.0185098741
24050.0 375715.70899430366
24060.0 376304.5086670934
24070.0 376383.1976337278
24080.0 374534.11742315535
24090.0 374690.6041222592
24100.0 374456.44056318613
24110.0 373504.53810831707
24120.0 372843.3922078946
24130.0 373007.44444743736
24140.0 371915.11323422194
24150.0 367248.07378622604
24160.0 367231.19476123876
24170.0 370439.29377510207
24180.0 370155.42087038443
24190.0 369826.117502983
24200.0 368763.1414993798
24210.0 368560.03418160643
24220.0 367516.3031996998
24230.0 366664.61795762955
24240.0 364402.1267949816
24250.0 366056.1839266294
24260.0 364707.95726642496
24270.0 363724.12549456436
24280.0 363942.2078872771
24290.0 362223.2265732899
24300.0 362704.8901902178
24310.0 362635.7020155626
24320.0 361956.1150008303
24330.0 359694.5637677804
24340.0 358911.1227824573
24350.0 356483.16063991596
24360.0 358515.221853044
24370.0 356013.0237010201
24380.0 358281.8666828902
24390.0 357473.4297461511
24400.0 356711.00275912514
24410.0 356139.98844657093
24420.0 354353.5016995688
24430.0 354942.9980804095
24440.0 353979.2343865873
24450.0 353645.39790775406
24460.0 352731.4912083347
24470.0 352079.5185032013
24480.0 351441.8174507532
24490.0 350708.40954109305
24500.0 349367.4944336381
24510.0 347757.8302551019
24520.0 348018.67845302116
24530.0 348626.5582184787
24540.0 349286.9484871192
24550.0 344944.72374235827
24560.0 345241.2784369501
24570.0 337699.47777754714
24580.0 347282.12936688756
24590.0 347002.2699692967
24600.0 346436.0621392438
24610.0 345914.2420876126
24620.0 345051.6713045044
24630.0 343294.39166318986
24640.0 344040.4612478312
24650.0 341928.78146336554
24660.0 342015.55120288144
24670.0 341640.4673584294
24680.0 340659.9958011596
24690.0 335996.95506417914
24700.0 336645.98452823196
24710.0 339448.6259429986
24720.0 338962.4942421179
24730.0 334608.0521503655
24740.0 338508.89767532324
24750.0 337883.25551696256
24760.0 335996.36765452527
24770.0 336865.25999724225
24780.0 335982.56790451496
24790.0 336674.5837605079
24800.0 329221.0151179707
24810.0 335564.5237038023
24820.0 324968.9424693096
24830.0 334677.3993964033
24840.0 334245.4647405357
24850.0 333361.062967032
24860.0 319108.4116967098
24870.0 329587.6766721286
24880.0 329670.18831903307
24890.0 329298.4370205955
24900.0 328799.08192532085
24910.0 329490.0807342009
24920.0 328106.37833871506
24930.0 327743.53966479254
24940.0 326915.24382609385
24950.0 324604.5253826368
24960.0 326349.3407156173
24970.0 325964.8219537425
24980.0 323045.47386036726
24990.0 324939.70676066575
