#lam[Angstrom] flux[erg/cm2/s/A]
1010.0 0.5049457188248234
1020.0 0.5228485199715256
1030.0 1.803798657342642
1040.0 0.7110288952197282
1050.0 0.5354038329833707
1060.0 0.5402439263695149
1070.0 0.5704808062992405
1080.0 1.7264444605678726
1090.0 1.7588563624650968
1100.0 0.5638421914105866
1110.0 0.568361985274117
1120.0 0.5904587033544264
1130.0 0.574335555385224
1140.0 0.6237302005361212
1150.0 0.5853230829174394
1160.0 0.5964525857681209
1170.0 0.5975561236733142
1180.0 0.6001295675123557
1190.0 0.6037821843308022
1200.0 0.9104141148688738
1210.0 0.8103196901767838
1220.0 5.155593443490239
1230.0 0.7457562063789143
1240.0 3.040051930351107
1250.0 1.0588603746714473
1260.0 1.4735001257881513
1270.0 1.5138420099907557
1280.0 1.5629633129969223
1290.0 1.6868629447428847
1300.0 1.816565116063569
1310.0 1.9977214573764261
1320.0 2.086686224631427
1330.0 2.1219118626412063
1340.0 2.3682447458233673
1350.0 2.279237982008826
1360.0 2.3335883336118965
1370.0 2.3681487810410404
1380.0 2.418359681069123
1390.0 5.536964833069987
1400.0 6.157530003396276
1410.0 4.552059619789413
1420.0 2.5677845255298646
1430.0 2.5214883383038273
1440.0 2.5344226989430547
1450.0 2.551285332071577
1460.0 2.5713630972158747
1470.0 2.591293606510566
1480.0 2.603496796279857
1490.0 4.0861790683258885
1500.0 2.577747066131764
1510.0 2.5735018985341434
1520.0 2.576327107417449
1530.0 2.6920647402272992
1540.0 2.5582347921187067
1550.0 36.32487420915289
1560.0 2.5592628514538682
1570.0 2.5482805394562362
1580.0 2.67004652217862
1590.0 2.5458644013399407
1600.0 2.7913593980878755
1610.0 2.5409062039386128
1620.0 2.540704424760486
1630.0 2.525667223466059
1640.0 23.100392748296166
1650.0 2.5045175087438705
1660.0 3.2396705754756048
1670.0 4.411638588599505
1680.0 2.488471894641731
1690.0 2.48095478803709
1700.0 2.470815216135995
1710.0 2.4583273871198945
1720.0 2.639075042374511
1730.0 2.470676339577428
1740.0 2.517450773228322
1750.0 3.735113943389543
1760.0 2.4486901314585316
1770.0 2.447919574435868
1780.0 2.4552956543320383
1790.0 2.6258470466427783
1800.0 2.438841435004476
1810.0 3.0080770109074773
1820.0 3.0597478197169155
1830.0 2.393821290060303
1840.0 2.3785518104694723
1850.0 2.5680176490356708
1860.0 2.470387535394561
1870.0 2.3506769091672375
1880.0 3.8540506718545045
1890.0 4.8232507092821555
1900.0 2.3272865505616496
1910.0 15.636668300377396
1920.0 2.311191205776578
1930.0 2.3214645343099023
1940.0 2.2793437223192163
1950.0 2.278100489552805
1960.0 2.2549260173050927
1970.0 2.241652982545955
1980.0 2.2296577653597276
1990.0 2.2198712403918806
2000.0 2.204856742181333
2010.0 2.185642262023594
2020.0 2.0950982110463507
2030.0 1.9760858467671287
2040.0 1.9180113201163214
2050.0 1.8307723695320677
2060.0 1.800287902449201
2070.0 1.8138979623235363
2080.0 1.7740123906087102
2090.0 1.8291954262698622
2100.0 1.7897251562015908
2110.0 1.7899981455947758
2120.0 1.8416694886101765
2130.0 1.8391195986848696
2140.0 1.9343598766470305
2150.0 1.7695850465282175
2160.0 1.7832137743854992
2170.0 1.7402831637483576
2180.0 1.8087787344341268
2190.0 1.7693163380451438
2200.0 1.7870783413268707
2210.0 1.8086639211905742
2220.0 1.897692743424322
2230.0 1.8567734343361477
2240.0 1.886738439709439
2250.0 2.0039400298150767
2260.0 1.9553225066389315
2270.0 1.994309464890218
2280.0 2.0349632280531944
2290.0 2.0774460204493588
2300.0 2.172534853085326
2310.0 2.2856694322487314
2320.0 2.3993356690368164
2330.0 4.299546795365451
2340.0 2.725803268236271
2350.0 2.4306260356698783
2360.0 2.372803530636122
2370.0 2.4192641714640764
2380.0 2.4651660172386642
2390.0 2.6947476550840985
2400.0 2.5583618701237034
2410.0 2.611444401296655
2420.0 2.6475318620508004
2430.0 5.732623083350763
2440.0 2.7352222336515193
2450.0 2.787436098314845
2460.0 2.8215879334767253
2470.0 2.8649127330630275
2480.0 2.9085222121157397
2490.0 2.9530495701474107
2500.0 2.9933967922033022
2510.0 3.340757428810731
2520.0 3.083260584815428
2530.0 3.124787712878824
2540.0 3.1598698177604216
2550.0 3.2016620245709766
2560.0 3.7087814736050246
2570.0 3.2801896313577856
2580.0 3.3224168016308044
2590.0 3.444931784400614
2600.0 3.404014455888371
2610.0 3.439658962748116
2620.0 3.474872806140618
2630.0 3.5134183498098945
2640.0 3.5531618339731628
2650.0 3.5840511439411715
2660.0 3.608915061163256
2670.0 4.050725093211676
2680.0 3.670827642645616
2690.0 3.707648825581934
2700.0 3.7426899907634716
2710.0 3.770764303340966
2720.0 3.8162994453959405
2730.0 4.0912456466854445
2740.0 4.1261155438048895
2750.0 3.9135760315659422
2760.0 3.9649411519009177
2770.0 3.9886291327667522
2780.0 4.024778099133759
2790.0 16.04213391514654
2800.0 10.132782430719024
2810.0 4.1396849881975015
2820.0 4.173531745146158
2830.0 6.500193440791541
2840.0 4.238122943362807
2850.0 4.5182635708004995
2860.0 4.395478312124389
2870.0 4.380425729409761
2880.0 4.506114784536626
2890.0 4.6877976549882865
2900.0 4.939407173674299
2910.0 4.990827949235818
2920.0 5.701889249671483
2930.0 5.938005081713533
2940.0 4.829411152422972
2950.0 5.0288139221008885
2960.0 5.225489322122464
2970.0 4.754229676968025
2980.0 5.160559034401684
2990.0 5.161163996157766
3000.0 4.959275431536191
3010.0 5.1933889223885
3020.0 4.942223827361642
3030.0 5.616541396734474
3040.0 5.481571192205476
3050.0 5.3359837379797215
3060.0 5.890924951229446
3070.0 10.196148094368077
3080.0 6.650376107527142
3090.0 6.218171795594051
3100.0 7.14449725985838
3110.0 19.88654096257268
3120.0 39.48188182261666
3130.0 28.83963394930144
3140.0 47.8300773103473
3150.0 74.97871788119414
3160.0 88.73587175907141
3170.0 118.42884981059123
3180.0 78.06312251132177
3190.0 40.71289120045855
3200.0 50.0303008756167
3210.0 97.86063857059447
3220.0 75.7103917176367
3230.0 35.44260179914342
3240.0 59.2737946996235
3250.0 87.04535774624934
3260.0 222.64906126793113
3270.0 120.48613600919359
3280.0 166.16850427608097
3290.0 225.27561641433746
3300.0 80.2650388521371
3310.0 149.97381754286502
3320.0 127.12891733243036
3330.0 349.0333181181455
3340.0 229.3614020618947
3350.0 197.30730173906875
3360.0 124.20277120495676
3370.0 20.56808084089735
3380.0 74.65268152999504
3390.0 44.941524524765455
3400.0 129.9587699879367
3410.0 55.935517222996
3420.0 43.13646036028071
3430.0 46.79529347072043
3440.0 9.496821375884322
3450.0 24.080471975834264
3460.0 19.994896121768768
3470.0 21.19602086195248
3480.0 41.91230494375065
3490.0 24.399636927497077
3500.0 45.22224101894237
3510.0 45.56841285175508
3520.0 29.2780829820528
3530.0 88.11516337636579
3540.0 315.07397669096446
3550.0 175.09722381699024
3560.0 120.28293706475544
3570.0 28.41466353067546
3580.0 14.508441216463723
3590.0 17.212043092260565
3600.0 25.1811753718277
3610.0 35.186702082377884
3620.0 68.7401694022971
3630.0 111.39008829597545
3640.0 173.36724739461528
3650.0 91.96814751556877
3660.0 275.18784052623505
3670.0 216.01980489838442
3680.0 64.62275972765683
3690.0 142.5413396170459
3700.0 128.10939771271845
3710.0 34.7673426349214
3720.0 12.780958978719827
3730.0 27.087746366859655
3740.0 13.923096180964501
3750.0 30.267355764546544
3760.0 83.03441278478444
3770.0 209.56306111236057
3780.0 272.34108381191754
3790.0 227.71463808899125
3800.0 235.8421729565686
3810.0 245.1568413960561
3820.0 56.527188746981736
3830.0 82.85666000300532
3840.0 176.0317871868679
3850.0 124.88247523204545
3860.0 24.707964240998322
3870.0 125.96561515573742
3880.0 56.96097147058087
3890.0 75.39660905845204
3900.0 76.17890155641176
3910.0 216.95828352287347
3920.0 102.90698782033732
3930.0 62.132369529164684
3940.0 99.59963025090578
3950.0 119.09228526924764
3960.0 47.5938727717232
3970.0 176.8801836215697
3980.0 369.9068044172136
3990.0 434.5186448525944
4000.0 438.16097334159093
4010.0 472.20970093209854
4020.0 451.43566502733574
4030.0 144.43491008935246
4040.0 315.58169069699284
4050.0 367.9913147848514
4060.0 438.008447700426
4070.0 449.47272453931004
4080.0 458.5210176346559
4090.0 445.0287119310427
4100.0 393.407072481097
4110.0 354.82677450405004
4120.0 338.09280327657166
4130.0 304.85691631893354
4140.0 297.3693070770719
4150.0 283.54207517454023
4160.0 265.0536826855308
4170.0 214.91096615961848
4180.0 180.69389754115662
4190.0 136.67966504101412
4200.0 112.20783551565187
4210.0 72.05242026745596
4220.0 17.99062896279175
4230.0 10.429115381750897
4240.0 64.45125094208086
4250.0 111.38257467576683
4260.0 229.26667196485232
4270.0 233.37693448899714
4280.0 280.1840328747502
4290.0 244.2085594342586
4300.0 483.0183054009294
4310.0 572.248754029176
4320.0 675.869386914346
4330.0 799.2824407724444
4340.0 859.4962319747036
4350.0 894.4007326437356
4360.0 902.0105490072749
4370.0 1130.6352143169076
4380.0 719.6393969855549
4390.0 1244.7970493680182
4400.0 1062.2805005424113
4410.0 1233.9484198901594
4420.0 1320.0781565298694
4430.0 736.2192740054868
4440.0 995.9611658919847
4450.0 1284.695076341123
4460.0 836.432199993163
4470.0 1049.1043219994258
4480.0 1348.1616626958808
4490.0 1546.6690446816092
4500.0 1626.1085316822869
4510.0 1128.307767945878
4520.0 1518.3115213287483
4530.0 1460.2994753087296
4540.0 1838.9619755899264
4550.0 1329.6117837904746
4560.0 1962.129734880036
4570.0 2239.8979185502776
4580.0 1726.8597529699816
4590.0 614.216732043246
4600.0 1087.6108483187288
4610.0 1448.6768122901856
4620.0 2040.6256143354033
4630.0 889.1629525476932
4640.0 1003.8575749676219
4650.0 1332.428483428303
4660.0 2005.681376854044
4670.0 1223.2432680711295
4680.0 1176.9054653635953
4690.0 2029.6299459752988
4700.0 2554.72799092367
4710.0 2778.2928205162375
4720.0 1647.8115574228823
4730.0 2448.1767041336207
4740.0 2429.805053728975
4750.0 2985.63815373661
4760.0 1497.5680948346817
4770.0 556.3158662720364
4780.0 930.1071570087881
4790.0 1110.6409573168855
4800.0 1113.5395522830638
4810.0 224.06693563506897
4820.0 663.3486611212536
4830.0 1058.976338420063
4840.0 1672.2298506309492
4850.0 1066.2821418378462
4860.0 1058.5030383499984
4870.0 1848.0276799887315
4880.0 2350.349970642652
4890.0 3974.092035168146
4900.0 3205.2296357251653
4910.0 4040.960450550884
4920.0 5873.862492381576
4930.0 6539.389616055769
4940.0 5652.669973889439
4950.0 6833.137694398268
4960.0 555.4704172967624
4970.0 1189.718885899063
4980.0 1616.6666318352363
4990.0 2000.9877351762377
5000.0 1270.5197471649612
5010.0 735.4454696711658
5020.0 954.0316379986637
5030.0 1840.1159488971416
5040.0 1818.7438299918722
5050.0 1556.7936704067722
5060.0 1459.2195088266483
5070.0 1795.4065761577242
5080.0 1599.2736528811163
5090.0 1825.8269039239653
5100.0 2243.5520098258303
5110.0 1705.2482371114797
5120.0 2060.470609959472
5130.0 2118.9701170592084
5140.0 2188.3438098069264
5150.0 2161.092783987438
5160.0 2176.255532417987
5170.0 558.059592393201
5180.0 587.3598878010945
5190.0 1005.3707382769875
5200.0 1667.6850317489739
5210.0 1151.5162264002506
5220.0 4519.389107891331
5230.0 3687.0399183068694
5240.0 3087.8788624023528
5250.0 2976.3378347725125
5260.0 3486.513722326233
5270.0 2215.2131518832944
5280.0 3513.5820705670753
5290.0 4494.8517466379735
5300.0 4837.141125996074
5310.0 4437.774617064179
5320.0 3704.6884963067105
5330.0 3026.906376943748
5340.0 4319.918391467582
5350.0 4758.242244250837
5360.0 3472.5901969285956
5370.0 3206.023710729975
5380.0 4469.7176360220055
5390.0 4664.381994520592
5400.0 3683.0246173559435
5410.0 3384.804153162786
5420.0 4645.28764623049
5430.0 3627.981323418519
5440.0 4863.717855977736
5450.0 1777.3977022951235
5460.0 1590.752064991881
5470.0 2029.5585686994486
5480.0 2171.236678788219
5490.0 2535.3775548529384
5500.0 1771.5950919741886
5510.0 2107.6045192708984
5520.0 2570.5720075304303
5530.0 2615.3629187912206
5540.0 2912.8963647821147
5550.0 3130.306885459381
5560.0 3197.836284547465
5570.0 2790.4549283323418
5580.0 2916.690684629862
5590.0 2749.069527517898
5600.0 1977.6413063543082
5610.0 1908.3936564655514
5620.0 1661.9550138916807
5630.0 1878.221606026302
5640.0 1671.4186017969614
5650.0 2482.6710192936007
5660.0 2050.3892187839883
5670.0 2048.36604576133
5680.0 2394.437825523547
5690.0 2890.5935099109124
5700.0 3042.967590004162
5710.0 3038.916396251682
5720.0 3285.215527532471
5730.0 3395.2252869101494
5740.0 3306.359374981259
5750.0 3410.3104089348913
5760.0 2693.9970855471647
5770.0 2800.310169536517
5780.0 3475.314053039313
5790.0 3802.5687486797597
5800.0 4059.2401521862803
5810.0 3543.2171446379098
5820.0 3490.043001286125
5830.0 3578.9368428748758
5840.0 3005.794762261839
5850.0 1944.793998267358
5860.0 1734.4933124055317
5870.0 1262.0286750771122
5880.0 523.8705449870911
5890.0 63.60943605850851
5900.0 43.556459751548076
5910.0 459.82605628252014
5920.0 1022.8701256103803
5930.0 1372.5504602602953
5940.0 1752.7816782293426
5950.0 1618.6700555276063
5960.0 1650.4168686250734
5970.0 1956.0936641348046
5980.0 2206.1863508972597
5990.0 2687.1825136376933
6000.0 2576.7626351738645
6010.0 2928.6384793029174
6020.0 3323.7249000402157
6030.0 3836.487784612459
6040.0 3922.4983284864775
6050.0 4452.987892410292
6060.0 4803.496563161576
6070.0 5407.389506930288
6080.0 6639.620681891683
6090.0 5373.648702893635
6100.0 5208.7066340222755
6110.0 5693.510414286631
6120.0 6529.075765650773
6130.0 7456.851875719786
6140.0 7637.550180388571
6150.0 5580.246302756138
6160.0 2586.1777896158283
6170.0 2292.3700710211697
6180.0 2518.601309551507
6190.0 1583.1374003651647
6200.0 1855.119081197707
6210.0 2207.6874806050764
6220.0 1518.7033379250743
6230.0 1384.9867517342254
6240.0 1544.2977955901708
6250.0 1998.6160430764385
6260.0 2338.7659024039335
6270.0 2541.540292544506
6280.0 2563.3157723699496
6290.0 2958.5860242858735
6300.0 3184.0631104066824
6310.0 3954.5188979974905
6320.0 4174.4701297007705
6330.0 4130.675341854496
6340.0 5384.352417910198
6350.0 4186.474188376813
6360.0 3384.593994195169
6370.0 4038.680130270545
6380.0 3943.096229425127
6390.0 3832.373519329969
6400.0 4990.101410623515
6410.0 6552.445589863268
6420.0 5235.437416094604
6430.0 5901.779708838274
6440.0 7626.172405444555
6450.0 7236.1520988292
6460.0 8122.564390275357
6470.0 10141.578758394255
6480.0 5492.05353369048
6490.0 5348.285570786671
6500.0 4903.034833675207
6510.0 5420.108898404551
6520.0 5918.018559118612
6530.0 7626.070445680545
6540.0 8749.48520435066
6550.0 7364.155870477249
6560.0 7914.137268957968
6570.0 8380.257700352173
6580.0 8141.033787800335
6590.0 8740.380016371057
6600.0 8175.779834970948
6610.0 8156.079140108898
6620.0 7560.613931953775
6630.0 7205.004744356299
6640.0 7288.616273538515
6650.0 5428.115573999227
6660.0 4931.626275210309
6670.0 6111.000224976874
6680.0 4456.147811377307
6690.0 4243.01508775063
6700.0 5058.034679452079
6710.0 5336.1270041379785
6720.0 2906.671360668487
6730.0 3777.970469441138
6740.0 4527.453337256023
6750.0 3818.862885987045
6760.0 4334.91499769517
6770.0 5708.48562280771
6780.0 4770.497848512776
6790.0 3853.545104724314
6800.0 4851.222464731678
6810.0 5541.489144364505
6820.0 5026.817440271448
6830.0 6351.707418576068
6840.0 6690.086850907456
6850.0 5390.99879822025
6860.0 5284.827280169539
6870.0 5737.899833664953
6880.0 6396.298919404942
6890.0 6137.956662323135
6900.0 6666.700343856901
6910.0 8409.36790093378
6920.0 6993.054386204325
6930.0 8601.195020670131
6940.0 8396.212754806542
6950.0 10349.90193671726
6960.0 11479.68720306905
6970.0 12912.80777788711
6980.0 14228.583509306956
6990.0 15000.590641156603
7000.0 14740.579565260325
7010.0 17277.794477422103
7020.0 19946.56600858395
7030.0 22284.54252295291
7040.0 26917.125983340655
7050.0 29516.582069953434
7060.0 7571.859663563715
7070.0 11454.791941689347
7080.0 14200.4695191651
7090.0 6962.946097646206
7100.0 5967.953703677502
7110.0 8756.11722929354
7120.0 10805.370568495093
7130.0 3489.062196123737
7140.0 4460.719537528775
7150.0 5977.162663957265
7160.0 6322.764289446359
7170.0 7037.920079654846
7180.0 8559.046268231545
7190.0 11830.42353895419
7200.0 7210.338008523565
7210.0 7318.730296244069
7220.0 10437.645787661038
7230.0 11191.518122839661
7240.0 13443.235126065023
7250.0 18366.147612267323
7260.0 21417.880453121128
7270.0 19316.07565869367
7280.0 19434.791469426786
7290.0 24590.5443275153
7300.0 31008.330423455343
7310.0 34174.520968729186
7320.0 38320.82987400619
7330.0 41552.78764179149
7340.0 31567.815837066584
7350.0 23915.444066861623
7360.0 30007.344360074334
7370.0 36906.818626397064
7380.0 26209.639005296915
7390.0 24671.413989921275
7400.0 23627.416625607453
7410.0 20958.61036025811
7420.0 15756.568285663454
7430.0 20566.259391112868
7440.0 20211.00453818253
7450.0 12402.292704889554
7460.0 14827.562509525766
7470.0 16920.6928384641
7480.0 15049.769090869133
7490.0 18819.66671785264
7500.0 22036.625652472943
7510.0 16743.013551669897
7520.0 19707.621745261662
7530.0 24131.2532533912
7540.0 24213.468419618446
7550.0 28587.39674218925
7560.0 34709.2434761061
7570.0 32667.32681676431
7580.0 34015.60784924042
7590.0 25183.532998990067
7600.0 27629.932988152326
7610.0 30291.112761970988
7620.0 38456.45646666764
7630.0 22441.66725343834
7640.0 19846.316175022544
7650.0 9947.903279509392
7660.0 3939.838048873756
7670.0 3774.327619619317
7680.0 6446.693983073728
7690.0 5805.017892562824
7700.0 4773.908259983474
7710.0 10834.17937678539
7720.0 18006.82552686501
7730.0 25955.64050744501
7740.0 30434.561174503928
7750.0 22470.643440790802
7760.0 22653.990541748863
7770.0 27597.273222428994
7780.0 27318.297749292677
7790.0 27647.051884037668
7800.0 27977.693086884177
7810.0 38465.484685581054
7820.0 38549.93362758221
7830.0 30439.868420979914
7840.0 29724.368872202016
7850.0 36534.26222397628
7860.0 37741.619307439956
7870.0 37366.18402378327
7880.0 45404.43843176449
7890.0 50488.88199148516
7900.0 45891.69850488617
7910.0 38381.2710494553
7920.0 36370.78397257826
7930.0 38245.490817095066
7940.0 40225.52574634309
7950.0 41840.33028502658
7960.0 51726.00857658028
7970.0 43770.22017982898
7980.0 44308.41454024572
7990.0 42113.717014716916
8000.0 47771.72594632177
8010.0 44241.51937744156
8020.0 49088.72564673439
8030.0 53259.39455864065
8040.0 56902.384440216316
8050.0 46976.163409168345
8060.0 56599.033426203896
8070.0 60543.244823649286
8080.0 64831.60835475379
8090.0 75242.4102173526
8100.0 82107.20158811977
8110.0 84081.03837829584
8120.0 86364.68544102354
8130.0 99933.80220170198
8140.0 106021.30521019606
8150.0 114653.8683193864
8160.0 115250.2144145715
8170.0 122220.3162595161
8180.0 86588.01512794441
8190.0 82344.3791790596
8200.0 71615.18429916012
8210.0 82226.54362860718
8220.0 92020.30297891694
8230.0 104633.46527684784
8240.0 111230.60854188804
8250.0 108034.14767976505
8260.0 108327.81285271102
8270.0 92715.02705543554
8280.0 87443.58936582597
8290.0 89626.10537395922
8300.0 81826.64782166015
8310.0 85643.81481655467
8320.0 96144.95165193222
8330.0 92457.94624085502
8340.0 85857.10908543218
8350.0 83151.47301120464
8360.0 89481.52773302018
8370.0 90825.79102760184
8380.0 85384.30446513371
8390.0 81066.52664033503
8400.0 90736.14580153908
8410.0 97475.82659935456
8420.0 89235.1915684415
8430.0 74189.83498779967
8440.0 45068.50070315167
8450.0 30674.85061504852
8460.0 29880.71761828248
8470.0 30059.428089313624
8480.0 37072.25407924153
8490.0 41152.110700022495
8500.0 41190.12003212145
8510.0 36668.896158983494
8520.0 34534.26963143744
8530.0 32287.822498329162
8540.0 34539.14622700115
8550.0 41462.604669443346
8560.0 45060.537683216215
8570.0 47895.62844408642
8580.0 45160.79552514605
8590.0 38766.31453581989
8600.0 34959.8499253873
8610.0 41065.5927301163
8620.0 48574.548582073745
8630.0 42746.926624815474
8640.0 44387.19369062757
8650.0 41984.21556668895
8660.0 42283.123824264956
8670.0 40051.65595574091
8680.0 37650.917859653164
8690.0 43588.20046550509
8700.0 41436.7014530423
8710.0 47640.55247560536
8720.0 49066.49586002549
8730.0 55963.814687797174
8740.0 55424.314614417075
8750.0 53828.71248424173
8760.0 65489.49861591901
8770.0 61798.20656891857
8780.0 70824.52348357785
8790.0 82620.09021907224
8800.0 90594.22809455411
8810.0 91103.74207984965
8820.0 84217.81494295679
8830.0 97759.03825032806
8840.0 109506.37857520836
8850.0 119637.10619863831
8860.0 73052.03769129743
8870.0 60548.04279744593
8880.0 67215.53559562983
8890.0 76144.27254183382
8900.0 85861.36713764007
8910.0 99313.86418333321
8920.0 100244.43646947181
8930.0 108403.53942232873
8940.0 85354.67850945817
8950.0 84636.26423554028
8960.0 93071.10796930903
8970.0 102119.48134179444
8980.0 110819.9919758959
8990.0 120695.83490880838
9000.0 117206.81814575417
9010.0 121803.25781617565
9020.0 115932.6385941796
9030.0 113519.10663868373
9040.0 128431.4182141218
9050.0 131374.81742094204
9060.0 133827.95807266442
9070.0 138010.1683697206
9080.0 143773.7578505556
9090.0 146544.33616548483
9100.0 153453.3972283554
9110.0 154898.57040819176
9120.0 158575.761595183
9130.0 164643.6633956502
9140.0 165983.90323142175
9150.0 168855.63963384865
9160.0 175286.32496925822
9170.0 176454.75415798818
9180.0 179089.83967553105
9190.0 184949.61654597946
9200.0 180076.67292811783
9210.0 143666.91343503117
9220.0 127604.60702841464
9230.0 109933.39014439935
9240.0 114963.26052275948
9250.0 107388.27076610876
9260.0 118456.1225078294
9270.0 125679.41697790063
9280.0 107260.68369109111
9290.0 97949.07238907523
9300.0 94143.71363687317
9310.0 101722.08528853908
9320.0 96195.58197831167
9330.0 106007.48052607174
9340.0 118067.32010976413
9350.0 107605.4970556336
9360.0 110593.08585364107
9370.0 107170.09189724401
9380.0 110501.37213843914
9390.0 112615.71454095085
9400.0 117375.52242609629
9410.0 128393.59027996993
9420.0 126235.69941669372
9430.0 131604.163296999
9440.0 124667.90322386606
9450.0 125534.8740856505
9460.0 128362.66098149821
9470.0 137765.43133650566
9480.0 145610.10163811734
9490.0 151963.83665756625
9500.0 150467.2992767479
9510.0 148303.45337016502
9520.0 150980.76762768935
9530.0 156173.04077857913
9540.0 153174.42593283847
9550.0 154765.30747887367
9560.0 164599.02035442708
9570.0 167206.47395600541
9580.0 172648.58200548822
9590.0 169794.9279864077
9600.0 154656.8489859858
9610.0 170007.80833101866
9620.0 177785.4845031606
9630.0 181187.60205399938
9640.0 153499.15113733397
9650.0 171368.8331637897
9660.0 189075.6612215824
9670.0 175741.25413280973
9680.0 171125.88205489112
9690.0 180272.09477635683
9700.0 192352.79093212108
9710.0 178188.81738712997
9720.0 185282.96585314334
9730.0 145151.7546844483
9740.0 150664.33209229162
9750.0 159952.54890072433
9760.0 165964.5980323903
9770.0 163717.92502035847
9780.0 161148.78134583245
9790.0 168701.1107368954
9800.0 181500.42310874866
9810.0 163934.68715906507
9820.0 164084.6815578116
9830.0 157177.37953339863
9840.0 161466.64874535048
9850.0 170046.44632898102
9860.0 176755.0334447004
9870.0 178884.22676039292
9880.0 186463.78142996738
9890.0 188941.38550500566
9900.0 143227.00454600248
9910.0 124742.85198771268
9920.0 127041.18210363429
9930.0 137977.51480567307
9940.0 162138.2967902543
9950.0 166792.26347021645
9960.0 170122.50422201812
9970.0 158045.34845375223
9980.0 159281.97716893288
9990.0 152935.48306835917
10010.0 154370.22341610113
10020.0 155942.8190958519
10030.0 155674.71182614478
10040.0 159658.6689262482
10050.0 147346.09657622123
10060.0 148762.52673695516
10070.0 163218.1854081697
10080.0 169041.4209484939
10090.0 163037.29727697046
10100.0 180623.15197489344
10110.0 166436.0086831082
10120.0 169133.44240154006
10130.0 178210.99624289625
10140.0 165139.67303525945
10150.0 171947.34295100905
10160.0 164885.13887679006
10170.0 174952.37881267167
10180.0 167610.37675859462
10190.0 174210.17188039326
10200.0 180926.5556809386
10210.0 177451.54465687549
10220.0 170085.42064325346
10230.0 173298.30463907326
10240.0 189543.33372903545
10250.0 164664.4426610344
10260.0 153746.0731869742
10270.0 160798.21922301
10280.0 156182.64976854398
10290.0 173059.75373936695
10300.0 165806.07221119286
10310.0 179985.38760803052
10320.0 166870.40401463353
10330.0 177603.92842991842
10340.0 154875.74165360996
10350.0 173493.2558181141
10360.0 182957.20879072158
10370.0 194576.8247731166
10380.0 175735.11076498628
10390.0 177338.02726991882
10400.0 180556.61576937677
10410.0 176928.3097820741
10420.0 186128.77780385752
10430.0 178198.93683528455
10440.0 197307.30977458443
10450.0 198159.32308557193
10460.0 195798.1163043892
10470.0 177348.5175326399
10480.0 185510.95477034873
10490.0 194931.17101744024
10500.0 188885.22439289873
10510.0 186495.08424802762
10520.0 184441.9122306334
10530.0 207270.29422276316
10540.0 192826.95722371715
10550.0 195008.66447038812
10560.0 194738.96933510786
10570.0 185931.12544534498
10580.0 196757.5155648681
10590.0 194259.69969330993
10600.0 206803.63610987997
10610.0 198116.91418953985
10620.0 194231.70555726104
10630.0 207617.52393425227
10640.0 200902.37432037402
10650.0 196284.0564679186
10660.0 193152.92884420266
10670.0 199620.49798163056
10680.0 198195.0521279401
10690.0 204118.14528331527
10700.0 205826.43644712484
10710.0 208396.39592700425
10720.0 210776.4270787138
10730.0 192997.83254606402
10740.0 207895.98902237107
10750.0 209705.86450747598
10760.0 208010.26816746805
10770.0 214567.49950450854
10780.0 215807.80901641838
10790.0 212226.85853714927
10800.0 210359.9420665998
10810.0 206788.1846052315
10820.0 215549.92117292812
10830.0 215412.8487083336
10840.0 219856.96927295666
10850.0 212428.9968464144
10860.0 208802.2534283317
10870.0 215469.34993747482
10880.0 220647.23096380432
10890.0 209143.6899166296
10900.0 217217.46787760546
10910.0 204898.47584718306
10920.0 209918.74935094887
10930.0 209363.80634173597
10940.0 215685.2488671275
10950.0 207757.89940095594
10960.0 201688.20894326657
10970.0 204861.5194940584
10980.0 198461.39820045483
10990.0 207550.16503619665
11000.0 203032.9260273035
11010.0 205392.55802627435
11020.0 188489.90803364135
11030.0 184609.9770159479
11040.0 187168.37778286828
11050.0 177162.72752547535
11060.0 188388.6432758213
11070.0 188371.2260348885
11080.0 182543.33680229005
11090.0 189134.6159694768
11100.0 184066.66104892187
11110.0 182807.33552822375
11120.0 183319.81101569487
11130.0 191398.14351120574
11140.0 197698.26754941838
11150.0 185161.3967047553
11160.0 191643.25240312956
11170.0 187897.90910894857
11180.0 200712.8548234968
11190.0 182547.1735456964
11200.0 184912.95451295574
11210.0 191984.0920119919
11220.0 190388.33775588413
11230.0 198858.57150769065
11240.0 199092.74426733234
11250.0 192805.48803477752
11260.0 200468.79332396126
11270.0 205413.90473038403
11280.0 192424.18365847284
11290.0 198971.97459434322
11300.0 188212.07553820556
11310.0 194774.92162146562
11320.0 201183.46419827687
11330.0 192600.30991409966
11340.0 183962.56363753238
11350.0 192958.24936868518
11360.0 191576.8241075014
11370.0 179511.8651021829
11380.0 141304.86772656156
11390.0 179218.54660666295
11400.0 141073.6584943217
11410.0 164684.9453897018
11420.0 185766.46929252814
11430.0 193580.54845064372
11440.0 187000.56025431654
11450.0 193657.03831312334
11460.0 193842.69037949256
11470.0 201873.11245332359
11480.0 196589.39568019632
11490.0 202497.70986087897
11500.0 206191.1816944002
11510.0 199622.3750353374
11520.0 197046.2358832884
11530.0 198530.74873874374
11540.0 192538.62885803825
11550.0 202265.86961916127
11560.0 199462.66464429811
11570.0 199784.80167686325
11580.0 201936.11371653492
11590.0 191262.35076343006
11600.0 196855.01404335824
11610.0 184119.62586591562
11620.0 194993.82492154857
11630.0 201344.12798432543
11640.0 192772.72605423038
11650.0 197086.349131449
11660.0 197511.37851307399
11670.0 202815.38043552547
11680.0 189381.6566627973
11690.0 126944.28569706855
11700.0 189633.16413834828
11710.0 197271.21138693273
11720.0 199453.83178908424
11730.0 196067.07490510968
11740.0 193077.8991745367
11750.0 185979.40945105403
11760.0 180022.84973485692
11770.0 104513.77375496176
11780.0 155721.11594024944
11790.0 191123.05686199293
11800.0 188008.8887902155
11810.0 188562.75272553245
11820.0 192834.8986673701
11830.0 183097.71089380677
11840.0 196343.28995457548
11850.0 190175.1413000645
11860.0 196082.65365227396
11870.0 199581.25701109064
11880.0 169384.27437692226
11890.0 189358.72683752194
11900.0 199242.90787818693
11910.0 192391.99501345493
11920.0 199028.5521555034
11930.0 200284.28930412937
11940.0 194153.92145924107
11950.0 187876.33823346882
11960.0 190178.00604018633
11970.0 169481.88546612445
11980.0 190094.1418984247
11990.0 187981.07633742562
12000.0 192088.8357829444
12010.0 195685.45335451356
12020.0 195282.58544398381
12030.0 187339.68265935115
12040.0 201474.15488123838
12050.0 196713.41710935155
12060.0 205757.65934391908
12070.0 194453.18648927606
12080.0 201545.25908217847
12090.0 192499.601585906
12100.0 204771.13409594438
12110.0 192241.58161257574
12120.0 200670.7641353365
12130.0 193920.30678253248
12140.0 207883.943942306
12150.0 208761.2562261678
12160.0 198990.723516243
12170.0 206308.76081260468
12180.0 206396.98311507862
12190.0 205335.87236025065
12200.0 200482.69299669683
12210.0 203088.57057590928
12220.0 201408.29316139617
12230.0 205614.6957530558
12240.0 206667.58335068397
12250.0 207468.3761097407
12260.0 209080.84856478948
12270.0 203790.2961809991
12280.0 212089.39880332377
12290.0 206412.73143184875
12300.0 209092.38406624057
12310.0 206560.37670683
12320.0 203746.90120049258
12330.0 205836.29700612917
12340.0 206043.47966466774
12350.0 208973.6823292771
12360.0 205174.26999991015
12370.0 207580.70767642886
12380.0 212712.17029611068
12390.0 201451.81254364867
12400.0 203131.99973421925
12410.0 195802.40693037712
12420.0 188149.34413225355
12430.0 156134.7213397624
12440.0 191277.97571802337
12450.0 201467.81127655494
12460.0 200238.12400557403
12470.0 199978.09674052516
12480.0 199287.98448135357
12490.0 204926.0122278244
12500.0 201334.22035242734
12510.0 197555.3027382294
12520.0 144592.86550208033
12530.0 193766.02327160447
12540.0 202044.23104679643
12550.0 202828.35382752705
12560.0 200570.08661427844
12570.0 199526.2646368056
12580.0 202441.5722044298
12590.0 196927.37000792526
12600.0 201829.897817063
12610.0 203561.40563175062
12620.0 200633.08345204787
12630.0 200590.02121933192
12640.0 195326.87364055414
12650.0 204103.97600839025
12660.0 203525.28338166306
12670.0 200450.69076034825
12680.0 195174.2631445387
12690.0 206001.3892115049
12700.0 200783.71839785323
12710.0 204928.47626748984
12720.0 208526.82414247093
12730.0 205133.13202288622
12740.0 197726.1049085949
12750.0 200843.32381446866
12760.0 208041.01069637566
12770.0 206297.14359828434
12780.0 201781.2415056563
12790.0 208717.0594183686
12800.0 204842.65233622707
12810.0 206211.93025954533
12820.0 196591.6764940779
12830.0 199203.27576815907
12840.0 204731.94335341832
12850.0 200624.2859438406
12860.0 195085.6785393797
12870.0 204146.5811401258
12880.0 201650.0690025747
12890.0 202834.26171088457
12900.0 191533.07368110193
12910.0 197486.89765638876
12920.0 201601.61063668554
12930.0 202878.18362225848
12940.0 205725.76661308584
12950.0 202186.03139533618
12960.0 206843.74760992077
12970.0 203254.30061590852
12980.0 204187.87862701828
12990.0 201006.8366431216
13000.0 207452.57966431012
13010.0 200961.16789130785
13020.0 206823.4507218064
13030.0 205100.15375799473
13040.0 207707.5167992605
13050.0 204789.29484550055
13060.0 204506.3328966329
13070.0 200159.87595279148
13080.0 198948.6639524954
13090.0 194975.38658903033
13100.0 202140.21416918153
13110.0 202574.761753858
13120.0 176692.387343406
13130.0 191181.79193779203
13140.0 195767.39969628706
13150.0 178308.790631631
13160.0 200046.4507313854
13170.0 200590.87383592787
13180.0 193750.71194515112
13190.0 199644.79505925498
13200.0 196738.03317826096
13210.0 192764.36329380918
13220.0 195238.494430359
13230.0 191397.85256344636
13240.0 193537.83470127714
13250.0 180912.7758439165
13260.0 192363.09799116515
13270.0 182842.53314323182
13280.0 186411.66415430186
13290.0 172300.75511025122
13300.0 180118.0279251866
13310.0 166335.51074492047
13320.0 137604.95956875733
13330.0 165554.3643973876
13340.0 131084.46747725352
13350.0 113124.52335647642
13360.0 130581.83048663726
13370.0 120875.73362183105
13380.0 131624.97476135418
13390.0 137477.13990535797
13400.0 129043.45805397596
13410.0 130192.69585228215
13420.0 117301.45628417275
13430.0 117470.08536588824
13440.0 113169.70395230743
13450.0 129960.77504274076
13460.0 127475.7216378863
13470.0 122243.2187370903
13480.0 124245.85204760305
13490.0 132063.8320925263
13500.0 103177.37634845145
13510.0 125503.04310899586
13520.0 116367.18637367562
13530.0 122661.62014277054
13540.0 109610.71456096308
13550.0 116535.77069396841
13560.0 125204.80697613109
13570.0 115036.19126254963
13580.0 112793.49355342465
13590.0 108626.71984849942
13600.0 125188.86014776392
13610.0 114225.35751461529
13620.0 105583.15146123701
13630.0 115727.9314753383
13640.0 110177.05999340003
13650.0 119743.1010157433
13660.0 112997.32454220799
13670.0 117812.7735726897
13680.0 111465.63734245108
13690.0 115778.12735541382
13700.0 114911.37010749271
13710.0 99001.68736393392
13720.0 122096.28712432804
13730.0 109887.37338877546
13740.0 112399.34815752681
13750.0 115400.15920663161
13760.0 112696.1606940454
13770.0 119942.08896200113
13780.0 115119.20223416423
13790.0 118094.81551037404
13800.0 120679.643790591
13810.0 125648.96607483081
13820.0 105937.33871998188
13830.0 119233.94220261343
13840.0 120824.87254602164
13850.0 119831.64639357424
13860.0 111957.21874508707
13870.0 123132.41610051217
13880.0 109252.52145989485
13890.0 122233.224477388
13900.0 103961.70904217979
13910.0 105551.93326493226
13920.0 102973.02799160992
13930.0 109723.3377220951
13940.0 109621.99995646787
13950.0 103305.5321948103
13960.0 116791.44271471426
13970.0 105671.13788621072
13980.0 96893.7463394756
13990.0 107033.99579652489
14000.0 98967.00325750095
14010.0 101611.98472231605
14020.0 108703.73219101109
14030.0 112488.06132113952
14040.0 104832.98245331066
14050.0 101267.52024662116
14060.0 109438.04404388786
14070.0 99099.87334499041
14080.0 100784.13414961802
14090.0 98397.63645817533
14100.0 96577.16205631211
14110.0 98368.74518886128
14120.0 94453.83061104138
14130.0 106923.04003693386
14140.0 88540.88946669445
14150.0 100237.30689970226
14160.0 98437.16833665424
14170.0 85022.96897662732
14180.0 96198.04730210168
14190.0 86109.80183065821
14200.0 99564.03836289888
14210.0 96471.1463987292
14220.0 93469.61693815992
14230.0 93333.85048120673
14240.0 93401.67551159
14250.0 89068.36842770001
14260.0 90644.67283106505
14270.0 92095.32273800144
14280.0 84464.80214853854
14290.0 90431.82106266057
14300.0 103407.6554798999
14310.0 92601.41758195256
14320.0 88872.14992391547
14330.0 93967.42595034711
14340.0 89954.61148035285
14350.0 93536.72351367716
14360.0 93324.00505071037
14370.0 99992.64059097065
14380.0 96848.06232304862
14390.0 87448.23549890282
14400.0 100652.84486571226
14410.0 86062.86373527194
14420.0 95751.4096075924
14430.0 106026.36998264542
14440.0 92261.65336024277
14450.0 91042.45697306299
14460.0 97510.46086456088
14470.0 91954.57849209859
14480.0 99213.83962267444
14490.0 104613.37925677895
14500.0 89325.85539412295
14510.0 99667.93053501219
14520.0 104393.93217911408
14530.0 94082.79896740676
14540.0 97194.15933178308
14550.0 104922.1388404387
14560.0 93458.88385223619
14570.0 96212.0623673761
14580.0 107859.00688577286
14590.0 101921.19940750118
14600.0 96687.70317443037
14610.0 97230.84260593682
14620.0 94414.50578290923
14630.0 90610.63296298342
14640.0 101089.045146339
14650.0 104964.82483289961
14660.0 97082.29702263599
14670.0 94378.67881767449
14680.0 86467.92841189557
14690.0 90896.55561122943
14700.0 92826.91031382376
14710.0 98259.10251958221
14720.0 98170.96522842062
14730.0 98212.71994039373
14740.0 88670.95666936316
14750.0 92996.71937385133
14760.0 95164.75659531594
14770.0 93413.65031992673
14780.0 102828.42654756745
14790.0 96245.72077830213
14800.0 91663.58751210518
14810.0 94284.58274915772
14820.0 93185.34648913098
14830.0 101912.98173209281
14840.0 96548.86047830973
14850.0 95526.7347273944
14860.0 101707.41147963586
14870.0 96016.26273490855
14880.0 94369.8344932388
14890.0 97917.28209948206
14900.0 93760.57251886006
14910.0 102239.59178613355
14920.0 95251.44455645602
14930.0 101080.66282974115
14940.0 94036.10710588936
14950.0 96910.36288507993
14960.0 97801.24416728395
14970.0 103834.48294643262
14980.0 103625.33524051674
14990.0 98360.49503140575
15000.0 95742.08132547562
15010.0 97370.95612227531
15020.0 95687.65492206207
15030.0 101311.31472474469
15040.0 104926.14878119573
15050.0 100788.2570523813
15060.0 101019.04157785772
15070.0 98795.39560669867
15080.0 97001.7166390281
15090.0 108676.62867468619
15100.0 100280.98471385428
15110.0 100856.24375629665
15120.0 105203.81535113139
15130.0 95297.99513549752
15140.0 113427.77297168436
15150.0 106354.42031069568
15160.0 96892.77515259782
15170.0 87381.1854971797
15180.0 108339.98234453672
15190.0 104124.30927101358
15200.0 102189.78365804991
15210.0 113059.99612360346
15220.0 103076.57509120011
15230.0 114147.38856111963
15240.0 100539.48803324053
15250.0 102099.7705074795
15260.0 98411.0839838055
15270.0 106396.14993640369
15280.0 103977.37333507664
15290.0 110467.99421049772
15300.0 109076.27308840773
15310.0 107923.52496919583
15320.0 93883.2778525506
15330.0 107916.56373856212
15340.0 110058.19362738339
15350.0 105223.34498218616
15360.0 108147.5175821667
15370.0 108033.6111481504
15380.0 107626.9777167159
15390.0 108519.69978781971
15400.0 103012.58936161439
15410.0 109320.5434378393
15420.0 103529.2080954636
15430.0 108352.84742892765
15440.0 106501.94284378643
15450.0 112817.1317612794
15460.0 112792.11518128034
15470.0 105594.20310390907
15480.0 109627.01802907501
15490.0 113639.27895688661
15500.0 105044.09810584268
15510.0 109843.8792160321
15520.0 115601.24704755412
15530.0 109682.26038151993
15540.0 110192.75921797057
15550.0 113111.65705697547
15560.0 113452.80289847206
15570.0 106779.6157424131
15580.0 106666.88023976571
15590.0 113663.69654183731
15600.0 110652.83849725446
15610.0 110764.40345511658
15620.0 115402.70091554489
15630.0 114889.97987837493
15640.0 115649.65534370333
15650.0 105633.86581151944
15660.0 112037.28486487192
15670.0 120535.0282543512
15680.0 120645.01322940859
15690.0 113021.01520693184
15700.0 114300.15518685493
15710.0 117307.04716916777
15720.0 113912.32515391009
15730.0 114984.96145454668
15740.0 121168.73753843394
15750.0 117083.01343799195
15760.0 116108.81483992089
15770.0 120386.73674425288
15780.0 115122.069651101
15790.0 121602.52555998502
15800.0 115104.5564714698
15810.0 119237.55547061673
15820.0 121930.75239359922
15830.0 120357.2074043994
15840.0 116272.86541754083
15850.0 119715.21743298447
15860.0 122888.03745071977
15870.0 123963.59347070867
15880.0 123613.12249313026
15890.0 120471.40273905317
15900.0 119412.38313185015
15910.0 121190.72174813761
15920.0 122442.03936663672
15930.0 120924.9739873719
15940.0 122429.61761030568
15950.0 127052.4332354453
15960.0 126663.9058627558
15970.0 121656.07250494708
15980.0 125040.061419007
15990.0 121529.11334793924
16000.0 124430.42727914063
16010.0 128080.93921246185
16020.0 124606.87214803672
16030.0 128405.79708583152
16040.0 121385.33002579815
16050.0 125880.5334079982
16060.0 124514.55503052265
16070.0 128905.10409529562
16080.0 127170.6971622516
16090.0 126944.46123134738
16100.0 125808.87830269251
16110.0 127549.84937613909
16120.0 127066.94145182103
16130.0 125414.5105286025
16140.0 128503.55660953672
16150.0 126074.82569164538
16160.0 128683.24777594136
16170.0 133202.85886230695
16180.0 129519.41995080194
16190.0 122827.34504144841
16200.0 125233.84113421246
16210.0 126662.71631365886
16220.0 131404.92924498583
16230.0 131006.8882630064
16240.0 131041.7672831303
16250.0 128318.51730533087
16260.0 128915.01632953073
16270.0 133037.90035590614
16280.0 131898.16138427693
16290.0 131456.88741473103
16300.0 131985.746530348
16310.0 132099.1115628441
16320.0 127648.91068054696
16330.0 136602.61380030346
16340.0 131085.09292207172
16350.0 131271.78704591698
16360.0 131172.05517174766
16370.0 136627.50029960962
16380.0 133722.75235036077
16390.0 132915.27056142272
16400.0 134549.0626953231
16410.0 130606.34883126806
16420.0 132902.19096920418
16430.0 134805.73510906188
16440.0 136157.78325096561
16450.0 135904.7833948325
16460.0 133039.98875080887
16470.0 138020.7116885314
16480.0 138263.96083833638
16490.0 132393.2859901149
16500.0 134590.8941438474
16510.0 134233.4932994844
16520.0 136614.84045710368
16530.0 136641.41661668237
16540.0 134505.67075313366
16550.0 137416.65474132885
16560.0 140224.3187063713
16570.0 137609.28267334186
16580.0 137166.58664218322
16590.0 135905.04661288045
16600.0 135213.8745855322
16610.0 135141.32856002665
16620.0 135327.13868772314
16630.0 139738.2917150064
16640.0 138769.22889545502
16650.0 140744.91007779908
16660.0 137671.00926203112
16670.0 133644.27844811082
16680.0 139169.0776361028
16690.0 139565.72982590197
16700.0 136969.02101757386
16710.0 137250.09952243022
16720.0 135117.58440647498
16730.0 139828.1486036854
16740.0 138984.09180275112
16750.0 136201.39200363346
16760.0 138293.27120633775
16770.0 137210.34041089335
16780.0 140569.40961723754
16790.0 139411.37630656068
16800.0 140198.04803537237
16810.0 139262.54724716078
16820.0 138941.16646071902
16830.0 139831.33567610595
16840.0 138174.35489326756
16850.0 137617.6541121925
16860.0 137828.3083328959
16870.0 136344.22355538278
16880.0 133856.78974208806
16890.0 133560.26970503433
16900.0 137863.994632172
16910.0 139311.90356100688
16920.0 127763.77249156513
16930.0 139728.59642379088
16940.0 133023.35735774587
16950.0 133898.67429338497
16960.0 132586.045196053
16970.0 124869.6514706744
16980.0 135251.23671218575
16990.0 129675.33795551931
17000.0 128625.18020048358
17010.0 132339.25644723143
17020.0 131465.2606956483
17030.0 129683.74394581198
17040.0 126643.03619762193
17050.0 124441.1949754547
17060.0 128895.45820631787
17070.0 125847.89846323172
17080.0 117156.51922182243
17090.0 127731.5974820104
17100.0 124070.42374394408
17110.0 116143.44700752755
17120.0 121300.95327277726
17130.0 119457.44414065183
17140.0 113184.27680824099
17150.0 119476.19007847675
17160.0 114911.80935032893
17170.0 114904.51662379815
17180.0 106941.3888989977
17190.0 109144.21817574794
17200.0 117801.83045415772
17210.0 111143.94273411602
17220.0 116097.02499043841
17230.0 104995.89609582227
17240.0 116510.18917749915
17250.0 120546.59126072872
17260.0 102933.56534554408
17270.0 108722.90943192353
17280.0 112861.93751992995
17290.0 105135.81360937936
17300.0 120297.30149484142
17310.0 103151.35798960821
17320.0 103967.98428035082
17330.0 113339.65157256293
17340.0 99409.73286640934
17350.0 100864.87116184067
17360.0 107125.98645880751
17370.0 104601.39475732979
17380.0 102916.83105736991
17390.0 104422.3854974488
17400.0 99060.13866906904
17410.0 104755.32898058258
17420.0 103322.71179366663
17430.0 100801.87710824441
17440.0 99858.89642443485
17450.0 100401.31874209234
17460.0 100037.08856129553
17470.0 97949.56388201007
17480.0 102269.85992761367
17490.0 97777.13138115808
17500.0 88593.14255960073
17510.0 97322.91873954765
17520.0 101342.26292094814
17530.0 98693.27710384263
17540.0 94342.49428816249
17550.0 91882.16097402824
17560.0 82167.77729756682
17570.0 94742.18795145614
17580.0 85385.40124313404
17590.0 95437.29853630492
17600.0 91104.13333089699
17610.0 96130.42062689389
17620.0 81544.80192439379
17630.0 92376.76222336944
17640.0 88997.33652373518
17650.0 92819.35898974749
17660.0 97567.20467433872
17670.0 81978.63452454274
17680.0 76097.09837620874
17690.0 95727.99422927275
17700.0 89011.270083746
17710.0 84192.4589396675
17720.0 75189.82329701413
17730.0 85758.32265585208
17740.0 85538.78906909906
17750.0 82642.16837761033
17760.0 74456.77424067844
17770.0 83754.33560500022
17780.0 83560.48397089483
17790.0 72329.51833812764
17800.0 91759.52820672466
17810.0 69771.50057675784
17820.0 76012.95994809737
17830.0 85869.17036186616
17840.0 83412.64469510078
17850.0 73773.7905706056
17860.0 75693.32794749635
17870.0 71715.98182576582
17880.0 76627.69670548495
17890.0 81920.21058647924
17900.0 78707.02096883839
17910.0 70857.96885263978
17920.0 75529.19623149093
17930.0 72538.74457437696
17940.0 74536.46541235149
17950.0 80592.82475177119
17960.0 64297.85509243823
17970.0 80841.00643451401
17980.0 84356.88877785785
17990.0 65215.983122543585
18000.0 67119.2459685202
18010.0 68988.9078536116
18020.0 68023.52804469754
18030.0 68632.60377483747
18040.0 79016.54100617293
18050.0 67448.80123887357
18060.0 75554.27197283358
18070.0 64125.965708117954
18080.0 67003.59094465186
18090.0 73356.63818248753
18100.0 66178.11294558915
18110.0 70023.67378867834
18120.0 59696.180657098404
18130.0 75373.33652680424
18140.0 81409.29489774586
18150.0 69812.94576993155
18160.0 77598.29614342
18170.0 63334.353518144635
18180.0 66185.56139415153
18190.0 65969.97962537639
18200.0 68299.43969291511
18210.0 63938.90761572615
18220.0 62180.10003973818
18230.0 79608.7769649946
18240.0 75596.23939152191
18250.0 70342.09031923152
18260.0 61650.64674824231
18270.0 61412.595178546
18280.0 71720.84080144981
18290.0 76036.34454266398
18300.0 66468.18297659974
18310.0 69839.65591174367
18320.0 57980.33634809258
18330.0 66988.49128573989
18340.0 67458.87472455273
18350.0 67375.8831646155
18360.0 70794.44310582895
18370.0 59402.89958703856
18380.0 70994.89049191204
18390.0 58308.852436776106
18400.0 66799.96588285967
18410.0 74326.94733007296
18420.0 57454.67827856359
18430.0 62413.81822816533
18440.0 56462.17167898642
18450.0 63881.5396310238
18460.0 62144.28155851886
18470.0 58107.82233308084
18480.0 51514.834083258334
18490.0 62964.444334518426
18500.0 58584.38008696014
18510.0 66842.54084054555
18520.0 68988.88659517714
18530.0 54779.22935108796
18540.0 60518.47160810218
18550.0 65239.928366144195
18560.0 52366.77690721141
18570.0 53201.31705066965
18580.0 51993.61847696745
18590.0 51332.96340444655
18600.0 51393.890833123325
18610.0 53309.437262846455
18620.0 58801.95469371772
18630.0 59928.077125725824
18640.0 57945.03105888744
18650.0 50629.18247154891
18660.0 64751.282425886864
18670.0 57968.24085974747
18680.0 55757.54459474002
18690.0 63046.66473086605
18700.0 63786.37616804176
18710.0 57906.99460634975
18720.0 59856.96354571128
18730.0 50822.87248628154
18740.0 61925.21198222792
18750.0 62135.90991390604
18760.0 58099.18890105139
18770.0 55903.84838924237
18780.0 52708.997378569205
18790.0 55302.59286902466
18800.0 63853.82136051768
18810.0 57662.06285304624
18820.0 65676.9953467092
18830.0 68520.52284144027
18840.0 61597.378402602015
18850.0 55049.54575165729
18860.0 61246.27066719829
18870.0 66972.09208378298
18880.0 59364.972501359196
18890.0 63735.05092010482
18900.0 63264.68933980515
18910.0 56998.64776056428
18920.0 51198.532182356714
18930.0 58962.73122437056
18940.0 56897.177576372254
18950.0 65688.53604852312
18960.0 61352.76002170604
18970.0 61310.51799594299
18980.0 53564.21547126525
18990.0 67854.24744753171
19000.0 67235.26742485109
19010.0 60131.314903218285
19020.0 63621.08138262116
19030.0 59754.52397691369
19040.0 65161.93987971183
19050.0 62340.76389740636
19060.0 55634.53491613037
19070.0 64713.16293586626
19080.0 65958.6164566516
19090.0 63116.06247845665
19100.0 60020.035001165976
19110.0 52057.34052496145
19120.0 64268.7662795362
19130.0 65268.05007553562
19140.0 66166.83410229564
19150.0 64468.88013009377
19160.0 55554.1951588445
19170.0 60250.094688605284
19180.0 61292.97221934896
19190.0 62558.10775109537
19200.0 58725.81378377116
19210.0 62994.599817507675
19220.0 59123.13188745963
19230.0 62034.84388781939
19240.0 59232.25192442397
19250.0 63835.02246203807
19260.0 55030.04250057559
19270.0 63662.84404011237
19280.0 65115.13958057988
19290.0 59727.31462202445
19300.0 55641.764164442844
19310.0 47484.637707806476
19320.0 60164.966752144304
19330.0 58489.754797420384
19340.0 63341.789843673025
19350.0 62419.02839079727
19360.0 64507.4424389362
19370.0 62858.69998799213
19380.0 55008.50953799351
19390.0 54790.186588887984
19400.0 57544.62614080528
19410.0 59881.58767015199
19420.0 64443.98306422638
19430.0 54135.31943580311
19440.0 54589.47930830378
19450.0 49554.77668168143
19460.0 59930.429055977875
19470.0 61878.874431153985
19480.0 55075.74130725788
19490.0 59476.42118422964
19500.0 55523.92306215715
19510.0 51972.3760895321
19520.0 58842.50046804398
19530.0 59917.20499599865
19540.0 58517.51252491804
19550.0 51426.318554746016
19560.0 56937.552585424986
19570.0 65467.20261704957
19580.0 63060.89564952416
19590.0 60707.24468292454
19600.0 53933.57121718016
19610.0 58964.70682479245
19620.0 61596.025324162
19630.0 51820.22539686568
19640.0 61519.60297042247
19650.0 57701.55204491488
19660.0 62613.365120256494
19670.0 56022.413196447764
19680.0 58613.58977356567
19690.0 59829.300851545864
19700.0 63510.99682779288
19710.0 54910.80993958374
19720.0 63913.41094962715
19730.0 53066.14946056855
19740.0 60652.8894723284
19750.0 47744.26248496002
19760.0 53476.780498441396
19770.0 52601.56551279872
19780.0 47189.601027985846
19790.0 54570.988543998625
19800.0 52164.84717149076
19810.0 54715.310112986816
19820.0 53133.63766595829
19830.0 57382.7032197567
19840.0 55126.6137744243
19850.0 55219.44482988737
19860.0 48721.434386229565
19870.0 56845.41644338098
19880.0 55527.07900132985
19890.0 51983.018560164826
19900.0 49526.97022670607
19910.0 52239.99918201245
19920.0 56268.512745019856
19930.0 59007.35780886803
19940.0 53773.60987352603
19950.0 53845.11693896144
19960.0 60214.126005251805
19970.0 46689.60907238293
19980.0 57823.91014027998
19990.0 52268.875709003594
20010.0 55836.92888328375
20020.0 53924.786488839636
20030.0 56473.07309521071
20040.0 53735.24320236208
20050.0 55080.52381033044
20060.0 53686.67991911294
20070.0 56776.83002866541
20080.0 53448.07663902544
20090.0 53400.98575019385
20100.0 50655.0559239478
20110.0 54144.63440475163
20120.0 54993.837948080436
20130.0 51457.45649230874
20140.0 60075.010537204085
20150.0 53614.562082938566
20160.0 52106.13812945361
20170.0 51491.175676687424
20180.0 53849.46222474078
20190.0 48563.698773548334
20200.0 51916.7444364779
20210.0 59804.209943615715
20220.0 53982.10706489778
20230.0 55621.65118689454
20240.0 57531.50580970179
20250.0 53647.88893323726
20260.0 50823.851057576525
20270.0 50840.92618266018
20280.0 56599.75630849278
20290.0 51971.83743504397
20300.0 52909.55163255206
20310.0 55611.42769048725
20320.0 58177.656819326716
20330.0 53989.29444891274
20340.0 55117.560579271674
20350.0 50392.36871038532
20360.0 56276.915842197224
20370.0 56673.58447475796
20380.0 55716.30960806574
20390.0 49963.66724210558
20400.0 52988.556876915456
20410.0 53955.58602968522
20420.0 58147.50113175504
20430.0 53645.49475188019
20440.0 49755.65087269481
20450.0 51768.47599424846
20460.0 57295.363616518676
20470.0 59191.45323949859
20480.0 52231.48986322589
20490.0 48931.47998765213
20500.0 56083.32711282605
20510.0 57828.563743071994
20520.0 54971.14176499355
20530.0 54875.110292004094
20540.0 49464.97931973914
20550.0 54432.98884819024
20560.0 57138.80737731309
20570.0 55949.5219071354
20580.0 59436.862437683245
20590.0 56328.670468879565
20600.0 54070.35950078745
20610.0 56346.773215761285
20620.0 53462.01314829305
20630.0 50258.22176385974
20640.0 51338.626880123025
20650.0 53566.93699706686
20660.0 59375.03311467498
20670.0 53603.4857330091
20680.0 56673.27035202785
20690.0 52583.07897174316
20700.0 61316.523592144724
20710.0 52880.69641550462
20720.0 55343.13637058814
20730.0 53123.41152864801
20740.0 55672.65868743146
20750.0 56495.230346866
20760.0 51707.866007019955
20770.0 57596.85866779745
20780.0 56803.73732927541
20790.0 56277.18249140775
20800.0 57693.965654236
20810.0 51703.76231769488
20820.0 58067.95662660482
20830.0 55796.14358114766
20840.0 56513.15618112653
20850.0 54660.119281733365
20860.0 56876.010383021654
20870.0 55820.84098495058
20880.0 56571.587087538326
20890.0 53444.00619076856
20900.0 58777.59629465967
20910.0 57277.81139923153
20920.0 61746.25710986529
20930.0 55060.47564429029
20940.0 55102.632784815796
20950.0 57608.2979259992
20960.0 54833.089567818315
20970.0 56460.64821028152
20980.0 60400.827853394476
20990.0 54589.15199714994
21000.0 58911.544641531895
21010.0 57955.57578655457
21020.0 57059.96743221191
21030.0 57839.156682653935
21040.0 58778.15625693603
21050.0 56697.14443596303
21060.0 60325.874615652974
21070.0 57486.48379596288
21080.0 53889.608476884445
21090.0 58500.343658439415
21100.0 61360.68634064983
21110.0 56239.11502344763
21120.0 56507.98470689071
21130.0 59968.28175862277
21140.0 61785.045075626906
21150.0 58047.21126090696
21160.0 60001.813946849645
21170.0 54521.0216333513
21180.0 60973.25032050199
21190.0 58419.56950824999
21200.0 57947.322196626694
21210.0 60378.14938558863
21220.0 60508.33757514593
21230.0 58198.485765368074
21240.0 62131.341990824585
21250.0 59789.19714754006
21260.0 58948.61783956151
21270.0 56776.47653217061
21280.0 58550.52172534707
21290.0 57654.889419180625
21300.0 59757.442613566476
21310.0 62208.97780856728
21320.0 59968.93750415089
21330.0 61572.339700346056
21340.0 58574.96939712041
21350.0 62976.907594466466
21360.0 60119.106292447985
21370.0 59713.96999097166
21380.0 58857.4196901079
21390.0 61186.9693898206
21400.0 57682.226090120326
21410.0 61092.963790990456
21420.0 57839.88499245084
21430.0 63821.12769451005
21440.0 63521.580897119784
21450.0 62863.01172901147
21460.0 63046.92230410126
21470.0 61783.59100844102
21480.0 59759.90321335018
21490.0 60025.19041885442
21500.0 58981.40412493075
21510.0 61828.582831546686
21520.0 60040.96753875294
21530.0 62088.17424651563
21540.0 62230.0024548566
21550.0 60765.132163744034
21560.0 60749.319820295015
21570.0 63498.60490580792
21580.0 63312.33393897882
21590.0 61085.96047267785
21600.0 61271.29550692221
21610.0 64315.85304173165
21620.0 60757.090577086
21630.0 61196.18611296317
21640.0 63746.61664938652
21650.0 60992.721186360555
21660.0 63304.76822387287
21670.0 62151.664793248616
21680.0 65640.2479520142
21690.0 64809.385642655834
21700.0 60107.91083383027
21710.0 62414.79452555529
21720.0 61697.640717842274
21730.0 62964.47591063185
21740.0 63275.54860399153
21750.0 61563.015797856984
21760.0 60970.790492286396
21770.0 62042.08068723745
21780.0 61127.30467189144
21790.0 62887.8016047188
21800.0 61158.8978272237
21810.0 65410.42455030557
21820.0 60980.80827388492
21830.0 62350.87949799389
21840.0 62958.2107226492
21850.0 62604.798947813564
21860.0 62237.705673524404
21870.0 62708.02789974904
21880.0 63921.902126493376
21890.0 62914.6031586846
21900.0 62672.29952006098
21910.0 63895.477186873584
21920.0 62085.035354217696
21930.0 61950.456522067245
21940.0 62851.375690405584
21950.0 63693.72885927853
21960.0 64486.38452865195
21970.0 62496.599198552656
21980.0 63842.307368949674
21990.0 64213.28853985943
22000.0 64138.675311483246
22010.0 63034.126914968954
22020.0 63422.313119150574
22030.0 60636.58032386309
22040.0 63129.787529060886
22050.0 61113.81973477959
22060.0 56302.0909409929
22070.0 63658.95664770246
22080.0 57529.67685491008
22090.0 63129.28256262154
22100.0 62880.39177083188
22110.0 63280.000080102516
22120.0 64385.73919014377
22130.0 63409.08490125005
22140.0 64834.83111284504
22150.0 63184.7918249528
22160.0 63470.894037537284
22170.0 62568.26975060413
22180.0 65020.973964167075
22190.0 60911.852678224
22200.0 61554.154892769984
22210.0 61596.35360778232
22220.0 65032.49563799214
22230.0 62650.48506759569
22240.0 66615.08231239172
22250.0 66510.14155765771
22260.0 62577.123803419316
22270.0 62320.8625496665
22280.0 61405.87529638277
22290.0 63122.30554358053
22300.0 64927.485291232755
22310.0 63990.66653939243
22320.0 64676.06428800846
22330.0 61907.03909396993
22340.0 62216.60423035409
22350.0 61972.573424087386
22360.0 62333.736618256415
22370.0 64454.336312885156
22380.0 62268.47950800656
22390.0 65915.66220358579
22400.0 65661.26339962785
22410.0 62972.93259612299
22420.0 62266.70829308857
22430.0 63677.57249053068
22440.0 61247.230220847916
22450.0 66817.0219011385
22460.0 63625.88561434862
22470.0 63491.06832796408
22480.0 65471.79304199575
22490.0 62265.582756466574
22500.0 62746.28647136086
22510.0 64582.264686697294
22520.0 63460.72040243495
22530.0 63826.914618610535
22540.0 60600.74983520963
22550.0 63642.91377498578
22560.0 65279.22128560186
22570.0 60234.80051944624
22580.0 64857.754253722145
22590.0 63035.24248845963
22600.0 62690.533223628605
22610.0 63017.60695924481
22620.0 63101.32569530891
22630.0 61176.08043180496
22640.0 60370.6826687451
22650.0 64081.18440611912
22660.0 62307.868588247446
22670.0 64964.6214083488
22680.0 62458.83467318484
22690.0 64369.407938471995
22700.0 59746.064204174945
22710.0 62598.20747033567
22720.0 61801.6402369074
22730.0 62806.41150392586
22740.0 61718.99627137281
22750.0 64961.889039253474
22760.0 63021.39680758402
22770.0 63436.160576314745
22780.0 60946.51247090138
22790.0 62318.17611509381
22800.0 56874.92088510663
22810.0 64822.86415556615
22820.0 64089.738926422986
22830.0 60084.930197726484
22840.0 60390.70746946724
22850.0 62551.28374161095
22860.0 63212.20451418917
22870.0 63578.6342871708
22880.0 62708.31806057069
22890.0 63868.149856166965
22900.0 63843.02105262145
22910.0 59460.2842712484
22920.0 60416.742490289
22930.0 45302.792209746076
22940.0 45233.13692958943
22950.0 51202.48664986842
22960.0 50034.99387056033
22970.0 52180.60709164449
22980.0 53002.21931314333
22990.0 55838.79603504673
23000.0 55305.96525736433
23010.0 52255.90355433806
23020.0 54922.8267592362
23030.0 54714.904538826195
23040.0 56707.627318804254
23050.0 53727.42559918254
23060.0 55513.993879972906
23070.0 55298.40066117068
23080.0 57221.574942753265
23090.0 53210.64072475999
23100.0 55900.27500715841
23110.0 53643.53328995951
23120.0 54470.75162078824
23130.0 54535.94581674049
23140.0 51537.59856069928
23150.0 57907.09830508465
23160.0 53544.06854983721
23170.0 52288.09229499834
23180.0 57582.45404052971
23190.0 57442.49678647666
23200.0 51202.013032786876
23210.0 54037.73177949168
23220.0 43890.5870266138
23230.0 42025.501774093485
23240.0 49366.39081278668
23250.0 45984.517804985575
23260.0 48467.62408837031
23270.0 50196.575372144405
23280.0 47576.93065632322
23290.0 53510.826940870065
23300.0 43363.24172580974
23310.0 49351.25801112029
23320.0 53835.579296817996
23330.0 51467.26308288263
23340.0 47908.377369349546
23350.0 48078.43171068488
23360.0 49397.1214486625
23370.0 49438.17524152727
23380.0 48337.603534776754
23390.0 49354.267828400465
23400.0 48690.072122386824
23410.0 46953.50941674203
23420.0 54509.0507114774
23430.0 47693.51350659084
23440.0 46868.700302057434
23450.0 51044.8760979266
23460.0 50938.55689414914
23470.0 53750.73348023511
23480.0 52924.11248768359
23490.0 48181.14928503145
23500.0 49029.087582715845
23510.0 44913.391880786585
23520.0 39074.27767920525
23530.0 41979.09697800513
23540.0 42832.99227714362
23550.0 44688.89657666928
23560.0 45230.909876560734
23570.0 47300.39917680045
23580.0 43133.792477391544
23590.0 45289.85578417945
23600.0 47325.50457968603
23610.0 44223.244381375145
23620.0 44585.3811834131
23630.0 47480.64098580643
23640.0 47508.913288562435
23650.0 48075.31309167056
23660.0 48358.659895126664
23670.0 40236.92269893881
23680.0 47007.998503117284
23690.0 48735.92230762937
23700.0 48098.51361250413
23710.0 47461.89291772045
23720.0 46872.328223320874
23730.0 49446.07402922417
23740.0 46336.64533549567
23750.0 46745.799642127546
23760.0 41505.0609490852
23770.0 50834.7497564025
23780.0 43900.026564052336
23790.0 44777.554872071436
23800.0 45474.11318041277
23810.0 46383.354989097745
23820.0 39377.18629814459
23830.0 38096.995635629675
23840.0 43785.12841723491
23850.0 41111.70672728695
23860.0 38458.919537672155
23870.0 41324.92934841056
23880.0 42726.446659511625
23890.0 43372.622470925926
23900.0 44668.39578267283
23910.0 39630.21759476045
23920.0 37919.38390716559
23930.0 46626.438719941034
23940.0 42531.367033022245
23950.0 43501.51523534264
23960.0 40490.816660218276
23970.0 42330.0404743088
23980.0 43006.43778873915
23990.0 42301.98660349222
24000.0 39594.96141857473
24010.0 40355.69073398742
24020.0 38701.59154971617
24030.0 43355.88936578801
24040.0 39379.57518219822
24050.0 39871.33799891218
24060.0 41594.018315958136
24070.0 37590.008625844705
24080.0 35823.36406049447
24090.0 39818.894488006925
24100.0 37279.6624158252
24110.0 39830.84984397574
24120.0 35900.39077243572
24130.0 38514.67470125109
24140.0 35994.22913038076
24150.0 40373.666559829864
24160.0 33902.500489601625
24170.0 36084.11241970773
24180.0 41517.79435011506
24190.0 32558.45706822721
24200.0 42302.626102443974
24210.0 36112.6419243281
24220.0 35652.7717465375
24230.0 37402.75456905226
24240.0 39475.65189186608
24250.0 34027.4672150096
24260.0 34912.20303846177
24270.0 34553.7743622474
24280.0 36126.810186305454
24290.0 38312.532510705576
24300.0 34347.48333539524
24310.0 33228.07441733448
24320.0 39588.87318534639
24330.0 32110.81371058794
24340.0 34355.73873611695
24350.0 38813.11776194921
24360.0 29420.52958806473
24370.0 30857.36231448605
24380.0 37703.85734118433
24390.0 37302.53536819028
24400.0 36049.57139546685
24410.0 33711.135923053356
24420.0 31937.668450908957
24430.0 33113.42125087651
24440.0 30964.51630795179
24450.0 37361.59963715438
24460.0 32728.251966629843
24470.0 31603.01629642383
24480.0 31934.881126496522
24490.0 33737.86095688344
24500.0 35515.86078756368
24510.0 30289.553718539766
24520.0 30229.291149824803
24530.0 29502.780581389485
24540.0 25456.298113266308
24550.0 34572.56080072452
24560.0 34038.87273542577
24570.0 35397.00152573516
24580.0 33171.02781633637
24590.0 29547.778907226497
24600.0 29243.298098423686
24610.0 26820.038189886178
24620.0 34912.88448163853
24630.0 32220.398773683348
24640.0 35026.33706601771
24650.0 30669.912458631225
24660.0 31916.5528515475
24670.0 27696.070144724592
24680.0 29969.71695946184
24690.0 32123.719374409484
24700.0 28864.390210892074
24710.0 30827.68324765266
24720.0 30319.085584725435
24730.0 26336.979022063748
24740.0 26525.88275967631
24750.0 27643.954597601703
24760.0 35037.57243577248
24770.0 29992.934874245355
24780.0 27978.315912998634
24790.0 27892.878452021287
24800.0 27570.13434650903
24810.0 27710.28413092398
24820.0 27490.89307078192
24830.0 31291.928710928525
24840.0 31347.491651356442
24850.0 32424.88949202699
24860.0 28405.52283301153
24870.0 26684.488674261054
24880.0 26699.17931577752
24890.0 26485.346157580538
24900.0 24204.158799644632
24910.0 27096.88404199068
24920.0 30782.645928438582
24930.0 28721.84357864091
24940.0 28251.92647292902
24950.0 31650.614867492226
24960.0 29120.212462327574
24970.0 26714.892757428745
24980.0 25131.384752787813
24990.0 26639.026628911917
