#lam[Angstrom] flux[erg/cm2/s/A]
1010.0 8.84763048367468
1020.0 9.161518676758336
1030.0 31.60458688776659
1040.0 12.45939065969142
1050.0 9.382989757506751
1060.0 9.468416472063142
1070.0 9.999151903828242
1080.0 30.253453288814708
1090.0 30.822884125990225
1100.0 9.899000316100507
1110.0 10.014040055365165
1120.0 10.44127279443309
1130.0 10.160546367842484
1140.0 11.026351198860308
1150.0 10.364740691616284
1160.0 10.546255781182598
1170.0 10.57089435003805
1180.0 10.657902410869525
1190.0 10.75586924403089
1200.0 16.604219260069446
1210.0 14.602785827201087
1220.0 90.81794759868887
1230.0 14.308832182322199
1240.0 55.79589463096053
1250.0 23.33397484622116
1260.0 31.456017852778974
1270.0 34.57446909151266
1280.0 37.20047038537437
1290.0 42.93388488174103
1300.0 45.76325104630108
1310.0 53.64241058373653
1320.0 58.938295848325026
1330.0 61.784310090341066
1340.0 73.88262897333948
1350.0 80.04245981912456
1360.0 83.94940298158812
1370.0 88.48210011400883
1380.0 98.44320080179631
1390.0 164.6824012025743
1400.0 180.53818791093693
1410.0 159.09376773163268
1420.0 137.36101345378637
1430.0 143.53508458925486
1440.0 164.40150484184582
1450.0 180.96423015632257
1460.0 202.20077178229826
1470.0 201.13810768033284
1480.0 233.04795594773472
1490.0 288.49130645559967
1500.0 286.924710203076
1510.0 314.90128290469994
1520.0 384.6256164645536
1530.0 788.719527048536
1540.0 1064.4773570447203
1550.0 1616.427990963682
1560.0 925.5304003016464
1570.0 1358.3198743853848
1580.0 1764.5995087192741
1590.0 1965.3438427718893
1600.0 2232.5903787918855
1610.0 2143.652049491779
1620.0 2194.6569454584583
1630.0 2166.00363694605
1640.0 3331.9224008357055
1650.0 2695.258965423714
1660.0 2593.390831958749
1670.0 2963.6370774516586
1680.0 15136.503759046089
1690.0 12423.053869579824
1700.0 14541.58472382493
1710.0 25198.56455006442
1720.0 39605.25488775239
1730.0 55507.71131716295
1740.0 54792.94600705062
1750.0 57418.95301438914
1760.0 77216.57231401347
1770.0 59723.86814721226
1780.0 79044.20127690212
1790.0 169053.62693067003
1800.0 208280.95505567416
1810.0 103502.98388364608
1820.0 95543.55013888859
1830.0 91066.02190680944
1840.0 86462.73721512477
1850.0 83901.66965735731
1860.0 163542.07435437164
1870.0 191426.33306367428
1880.0 198419.67731740323
1890.0 201957.94516125112
1900.0 158044.00479785705
1910.0 151051.00937859112
1920.0 197722.7778373667
1930.0 96749.03582577316
1940.0 169917.30093003478
1950.0 251524.41199105332
1960.0 339983.12724979286
1970.0 328541.150376276
1980.0 280503.23730301904
1990.0 371876.163396143
2000.0 385814.73305151955
2010.0 327100.7691083521
2020.0 321352.28007207334
2030.0 369464.3268928034
2040.0 453723.7743814566
2050.0 574789.2428392874
2060.0 364183.36442630604
2070.0 1065088.4724875528
2080.0 1116892.4739616765
2090.0 1397310.7764866725
2100.0 1304842.9609180854
2110.0 1446656.914123641
2120.0 1585560.3611076097
2130.0 946655.9573974799
2140.0 1282916.2619842254
2150.0 1155458.2112768309
2160.0 1349826.6439939658
2170.0 812608.3470708868
2180.0 1253804.6453427498
2190.0 1433772.8195332764
2200.0 1803292.085376008
2210.0 917621.625554282
2220.0 822880.671342096
2230.0 1249791.518149278
2240.0 1908303.1188597307
2250.0 1170580.670010233
2260.0 1074775.0457839428
2270.0 1134962.0461844767
2280.0 1433733.102291342
2290.0 1387755.117509254
2300.0 1172674.6534822753
2310.0 1562122.2098157783
2320.0 1449025.5434745701
2330.0 483708.3730545378
2340.0 481450.78823027684
2350.0 545007.4503464309
2360.0 347520.5836361404
2370.0 371871.5227925584
2380.0 281106.3469834897
2390.0 321083.07866062253
2400.0 256176.7621108483
2410.0 293495.73180104006
2420.0 1250590.9551118943
2430.0 1398354.6692710593
2440.0 1408156.6378400587
2450.0 1602590.2867385966
2460.0 1633744.9828999627
2470.0 1465898.1405548078
2480.0 1265931.3916887094
2490.0 1039944.7683119767
2500.0 1473140.0727402086
2510.0 1177032.6948234206
2520.0 765008.3498729018
2530.0 775563.6009319861
2540.0 985854.2892672503
2550.0 1375189.805211547
2560.0 1230858.1477196466
2570.0 1608279.3007005989
2580.0 1077843.940224037
2590.0 948162.5480318757
2600.0 635715.0459922387
2610.0 425431.2866951459
2620.0 970908.7196338755
2630.0 715356.0114164745
2640.0 2839199.768593862
2650.0 3005330.382896659
2660.0 2456185.3797499845
2670.0 2651851.2751339898
2680.0 2969988.03744637
2690.0 2886233.8959512375
2700.0 3218516.8710464127
2710.0 2402243.0844445657
2720.0 1708407.4627986178
2730.0 1786274.8144001265
2740.0 1254917.1572039155
2750.0 1071566.4287029784
2760.0 1756583.8231418817
2770.0 2079474.947057133
2780.0 1606271.6192510647
2790.0 702376.8564430117
2800.0 255129.16630126224
2810.0 1128788.762008672
2820.0 3083513.9946739683
2830.0 3289571.6882164474
2840.0 2858460.641568539
2850.0 2128038.6496608364
2860.0 3659936.9985740003
2870.0 3763891.4989255113
2880.0 3265280.6690713875
2890.0 3822069.604009927
2900.0 5476751.966504072
2910.0 5129636.914943228
2920.0 4663199.253178427
2930.0 4461914.864050555
2940.0 4537996.504669392
2950.0 4369131.6463494
2960.0 5712031.527991494
2970.0 4963857.153614958
2980.0 4709235.5628391225
2990.0 5064168.57882025
3000.0 5460319.926353181
3010.0 5983372.572421435
3020.0 5203411.780442259
3030.0 5260542.333143305
3040.0 5343193.349552046
3050.0 6150944.605184625
3060.0 5570985.619272553
3070.0 5968839.273517164
3080.0 5752976.88354141
3090.0 6137822.6897343155
3100.0 5510089.493257706
3110.0 6171756.240185862
3120.0 5700839.737074643
3130.0 5345593.378748861
3140.0 5963190.128712127
3150.0 6357416.501639993
3160.0 5070678.539052516
3170.0 6503117.413322878
3180.0 5310904.26240458
3190.0 5619652.601239182
3200.0 6083342.820628789
3210.0 5516072.541704662
3220.0 6199088.586224209
3230.0 4084088.102878809
3240.0 5729366.066182595
3250.0 6122151.804053137
3260.0 7440535.339850801
3270.0 6960214.131272525
3280.0 5814511.790426088
3290.0 7290821.416406287
3300.0 7631856.46672908
3310.0 6532977.528919302
3320.0 6799054.16676185
3330.0 7364948.042485226
3340.0 6386811.510616908
3350.0 6301794.500339017
3360.0 6248293.691247918
3370.0 5444174.892981197
3380.0 6408666.366209827
3390.0 6447322.057228539
3400.0 6968364.885377916
3410.0 6363583.112187122
3420.0 6449569.297656961
3430.0 7241532.774350104
3440.0 6473285.460333648
3450.0 7182610.55142292
3460.0 6589511.858565302
3470.0 6935769.574662056
3480.0 6217270.9607973145
3490.0 7280398.691594362
3500.0 6952906.009050647
3510.0 6870132.912589352
3520.0 6364706.184710221
3530.0 6829704.834989581
3540.0 7807761.943300147
3550.0 7158033.884253708
3560.0 7756099.757711719
3570.0 6154164.585384176
3580.0 6854354.355952977
3590.0 5656214.871206489
3600.0 7720273.016384936
3610.0 6361100.478024754
3620.0 6894084.131385802
3630.0 7266686.868143715
3640.0 7305215.579201752
3650.0 7051803.485392245
3660.0 7879562.609248337
3670.0 6920868.407777102
3680.0 6962907.854091212
3690.0 7509877.066228439
3700.0 8192998.498166449
3710.0 8209942.227470956
3720.0 8481374.869927019
3730.0 8856720.191605274
3740.0 9055650.192081582
3750.0 7761153.47170987
3760.0 10146915.602435607
3770.0 8955458.614959693
3780.0 12898313.311812958
3790.0 10729358.250481976
3800.0 9960298.729180954
3810.0 12710355.311925853
3820.0 11437736.33233877
3830.0 8919100.220378932
3840.0 9421738.819074122
3850.0 13172629.175987314
3860.0 12006002.123908387
3870.0 12410457.544076135
3880.0 12745499.056252291
3890.0 8874922.784868084
3900.0 12093342.471408615
3910.0 12329189.251734834
3920.0 11775395.656092698
3930.0 5201244.168485524
3940.0 7844700.275423286
3950.0 12601950.844086785
3960.0 11026360.011437194
3970.0 4371689.952030046
3980.0 12587343.801766712
3990.0 14494142.269614914
4000.0 14362184.578178303
4010.0 14648633.723786872
4020.0 15237059.49240015
4030.0 14227307.429179858
4040.0 15342701.201960364
4050.0 14737717.886412276
4060.0 14698197.017992545
4070.0 14219789.434717793
4080.0 14070857.652794609
4090.0 15638678.366751509
4100.0 11108852.090943128
4110.0 14042130.664042957
4120.0 15476045.817107921
4130.0 14366208.270816991
4140.0 15877646.729901625
4150.0 15109789.265989756
4160.0 15758545.845789144
4170.0 14907575.675562639
4180.0 14837534.838986233
4190.0 15773797.455872942
4200.0 14005605.368591802
4210.0 15595337.654431954
4220.0 15175460.175938332
4230.0 14412028.841993563
4240.0 14786112.281564778
4250.0 14522067.885233253
4260.0 15147753.389737794
4270.0 14175060.759826021
4280.0 14872466.756315261
4290.0 13313007.148533115
4300.0 11991765.905070534
4310.0 12032080.30195186
4320.0 14877637.842304282
4330.0 13772542.20951551
4340.0 10237693.252419678
4350.0 13946120.345665079
4360.0 15956624.344335156
4370.0 15186184.776969124
4380.0 14581205.403281868
4390.0 14909329.19889054
4400.0 14344241.522645459
4410.0 15161149.619698767
4420.0 14832755.299292196
4430.0 15066495.607609665
4440.0 14827663.119244162
4450.0 14993485.004510513
4460.0 13696657.464455716
4470.0 15252184.854867274
4480.0 15345012.011841731
4490.0 15409762.84834543
4500.0 15610184.8185907
4510.0 16653991.937945332
4520.0 15164090.17780983
4530.0 14291742.873509651
4540.0 15471719.903038401
4550.0 15038822.249783706
4560.0 15442161.44655283
4570.0 15685933.4659201
4580.0 14800208.70608541
4590.0 14812328.101724006
4600.0 15079213.795293191
4610.0 15316844.769911863
4620.0 15333704.848651782
4630.0 15292391.502968611
4640.0 15685324.381007599
4650.0 15346040.41683142
4660.0 15729430.458289484
4670.0 15145005.936255751
4680.0 15597007.767027756
4690.0 15554823.993340896
4700.0 15258987.316109609
4710.0 15156872.765026348
4720.0 15562025.808082882
4730.0 14985989.64073031
4740.0 15301835.407523952
4750.0 15713771.169414854
4760.0 15037613.000634884
4770.0 15303545.194010552
4780.0 15571281.914657082
4790.0 14955216.419135835
4800.0 15345018.73608981
4810.0 14859944.486189526
4820.0 15001318.914473519
4830.0 15117806.635743393
4840.0 14336990.3589413
4850.0 13971177.163487166
4860.0 10143122.736161578
4870.0 12770280.572807077
4880.0 14043315.747766579
4890.0 13961338.941205457
4900.0 14719560.591183241
4910.0 14486075.929491753
4920.0 13779774.5786355
4930.0 14869000.652242886
4940.0 14274353.889889434
4950.0 14862899.819184104
4960.0 14600024.01154094
4970.0 14641798.943767566
4980.0 13715620.112808822
4990.0 14029438.547482654
5000.0 14107316.198376175
5010.0 13345607.616677852
5020.0 13422919.784264604
5030.0 14694973.560393952
5040.0 13275243.36509624
5050.0 14170843.368316516
5060.0 14718869.275027515
5070.0 13982145.925811695
5080.0 13360502.588457448
5090.0 14407282.17893521
5100.0 13961326.297944475
5110.0 13840692.252644422
5120.0 13989758.243713098
5130.0 13304569.09373611
5140.0 13361047.859917209
5150.0 13316937.672505148
5160.0 13927402.653228842
5170.0 12463374.01599082
5180.0 13287998.066273628
5190.0 13125693.015633514
5200.0 13142130.335882062
5210.0 13309693.323417189
5220.0 13394576.273522401
5230.0 12681227.412515849
5240.0 13488485.81341627
5250.0 13422007.37511536
5260.0 12708674.963331155
5270.0 11835524.755256144
5280.0 12572844.822377687
5290.0 13862342.495689832
5300.0 13097579.50758673
5310.0 13516144.46537632
5320.0 13169428.423286008
5330.0 12345946.344593644
5340.0 12898567.123620963
5350.0 13223429.062327221
5360.0 13520923.74517468
5370.0 12901661.491458166
5380.0 13190168.778354479
5390.0 13290710.631210014
5400.0 12565998.558616612
5410.0 12485198.943308037
5420.0 12852609.543791922
5430.0 12622997.826267116
5440.0 13435920.934123995
5450.0 13033753.57805853
5460.0 12841343.046611039
5470.0 13285863.120737292
5480.0 12715163.266765786
5490.0 12620197.18542712
5500.0 12874397.734251663
5510.0 12502329.227646314
5520.0 13220238.955674509
5530.0 12508994.624009483
5540.0 13202860.044434678
5550.0 12858621.137460882
5560.0 12794530.61947886
5570.0 12477339.462220661
5580.0 12704755.56779044
5590.0 12042083.04101557
5600.0 12265305.46376802
5610.0 12947535.647972647
5620.0 12289633.336912055
5630.0 12809449.433532175
5640.0 12525133.19118566
5650.0 12594488.265330974
5660.0 11902229.738464523
5670.0 12525203.450945891
5680.0 12396465.560696162
5690.0 12472355.007419912
5700.0 12452575.94564223
5710.0 11890339.274005478
5720.0 12558023.784700409
5730.0 12569553.16834838
5740.0 12624365.760087581
5750.0 12037087.633504314
5760.0 12357105.264700372
5770.0 12499606.950222313
5780.0 12257527.521719968
5790.0 12180040.348827265
5800.0 12329328.787080927
5810.0 12226705.642842727
5820.0 12259600.110449294
5830.0 12312970.829758665
5840.0 12276665.572247654
5850.0 12057382.549061341
5860.0 11800213.925868658
5870.0 12094697.626788052
5880.0 12077987.505778484
5890.0 11873230.388650414
5900.0 11853247.583715277
5910.0 11942991.031936511
5920.0 11946906.660023885
5930.0 11656508.561229797
5940.0 11910225.95289623
5950.0 11719984.353422103
5960.0 11845918.84647283
5970.0 11877680.815818073
5980.0 11485800.116196586
5990.0 11621788.27752338
6000.0 11605525.968762327
6010.0 11420952.534146894
6020.0 11306750.16290776
6030.0 11453864.41659566
6040.0 11652274.602549542
6050.0 11525624.057568
6060.0 11443655.565246163
6070.0 11420332.968808493
6080.0 11308026.021177635
6090.0 11303177.164099712
6100.0 11111207.939648507
6110.0 11211858.555612292
6120.0 11105108.373748409
6130.0 11092979.163457314
6140.0 10662829.06577643
6150.0 10976417.570441402
6160.0 10462796.350602426
6170.0 10725586.577774739
6180.0 11021914.737253163
6190.0 10885327.65653711
6200.0 11032155.949896406
6210.0 11017605.011183212
6220.0 10781126.423624374
6230.0 10724856.449957121
6240.0 10467466.23622956
6250.0 10316901.469152197
6260.0 10733187.359156009
6270.0 10705299.385256713
6280.0 10444038.504621511
6290.0 10625074.942486908
6300.0 10489489.175704865
6310.0 10623625.249258038
6320.0 10288833.786850004
6330.0 10706106.126213374
6340.0 10326005.439243248
6350.0 10610347.191915624
6360.0 10329465.410884382
6370.0 10501698.488331936
6380.0 10479522.153170878
6390.0 10358617.489664609
6400.0 10290828.895179935
6410.0 10261655.421069903
6420.0 10153998.775649294
6430.0 10257226.396061633
6440.0 10221177.881534472
6450.0 10285026.503613254
6460.0 9903702.170427913
6470.0 10178900.012782136
6480.0 10160062.868891772
6490.0 9940405.329606054
6500.0 9754772.545578692
6510.0 10185197.47751191
6520.0 10046429.584047459
6530.0 10012354.034853054
6540.0 9888866.924645385
6550.0 9435699.037820632
6560.0 7403045.921005091
6570.0 8881165.5397908
6580.0 9686695.424929267
6590.0 9634473.956901852
6600.0 9830891.738447938
6610.0 9800948.772983016
6620.0 9892039.341927117
6630.0 9686738.651876612
6640.0 9739122.162594799
6650.0 9827059.85369699
6660.0 9671205.887638988
6670.0 9745017.704330089
6680.0 9630870.76982574
6690.0 9728590.061421165
6700.0 9591033.861206975
6710.0 9501856.301263865
6720.0 9493202.066608638
6730.0 9538834.289621782
6740.0 9547584.67691276
6750.0 9426615.946385516
6760.0 9492881.119570816
6770.0 9345931.161993135
6780.0 9445221.157844068
6790.0 9381431.000586042
6800.0 9341415.182440907
6810.0 9312606.97122261
6820.0 9333219.6649141
6830.0 9247747.059736911
6840.0 9149268.485013727
6850.0 9292326.619137894
6860.0 9094121.256138107
6870.0 9235848.500311455
6880.0 9183512.007688414
6890.0 9151206.117267804
6900.0 9177784.10961612
6910.0 9049924.374858294
6920.0 9022263.817638526
6930.0 9044097.768120218
6940.0 9047830.897463832
6950.0 8953180.333266644
6960.0 8987407.481099254
6970.0 8958528.914505107
6980.0 8775651.821292104
6990.0 8908929.799950771
7000.0 8727148.367712282
7010.0 8793061.629614461
7020.0 8607128.679575613
7030.0 8743696.630519915
7040.0 8743844.797178581
7050.0 8765994.74987156
7060.0 8714010.66787752
7070.0 8630265.8071459
7080.0 8659430.470194291
7090.0 8609290.624475738
7100.0 8654179.801085576
7110.0 8458542.988252223
7120.0 8479413.294588022
7130.0 8404820.640975947
7140.0 8542260.8902994
7150.0 8403142.202064333
7160.0 8361728.648643211
7170.0 8442201.74158986
7180.0 8312031.902915709
7190.0 8150695.669862231
7200.0 8367021.061204783
7210.0 8156561.049489289
7220.0 8188750.639752243
7230.0 8334519.8008307265
7240.0 8228171.064968082
7250.0 8241957.294535808
7260.0 8210477.540572466
7270.0 8267342.232167397
7280.0 8098842.380738882
7290.0 7937466.207138225
7300.0 8129067.409458968
7310.0 7962261.537921398
7320.0 8106576.226413889
7330.0 7959866.231671326
7340.0 8105613.035863628
7350.0 8044614.550974936
7360.0 7917732.509911374
7370.0 8023604.613797635
7380.0 8002903.86330174
7390.0 7707318.246607732
7400.0 7896886.118101291
7410.0 7661633.302732909
7420.0 7603498.024490922
7430.0 7874157.58367559
7440.0 7794606.126666571
7450.0 7661405.909447359
7460.0 7763427.402611062
7470.0 7777329.949716872
7480.0 7642332.513149021
7490.0 7709012.035833059
7500.0 7660721.9261181485
7510.0 7588525.115479069
7520.0 7609405.2371969605
7530.0 7628086.24990608
7540.0 7684580.661674094
7550.0 7622130.737329819
7560.0 7528795.462315683
7570.0 7538995.247820681
7580.0 7519931.530789245
7590.0 7500224.928380147
7600.0 7493330.569616749
7610.0 7511014.763292867
7620.0 7336145.735837776
7630.0 7506348.2031281125
7640.0 7478270.612553043
7650.0 7447375.982171169
7660.0 7030631.7373792315
7670.0 7374029.572960004
7680.0 7348294.794641803
7690.0 7278620.855418193
7700.0 7300609.885221741
7710.0 7147967.361535717
7720.0 7205978.242520739
7730.0 7252217.385059195
7740.0 7238715.657442401
7750.0 7063552.203209829
7760.0 7222018.012283317
7770.0 7134928.109190808
7780.0 7084360.268128375
7790.0 7153481.078903929
7800.0 7078265.636700282
7810.0 7070046.928482609
7820.0 7114274.962870641
7830.0 6966452.808265065
7840.0 6957155.315045491
7850.0 6965639.708454595
7860.0 6991421.917623047
7870.0 7028249.639099254
7880.0 6928035.2176977545
7890.0 6987529.040038284
7900.0 6888733.173685826
7910.0 6893166.649377618
7920.0 6837574.697415577
7930.0 6762798.123194547
7940.0 6727158.341419498
7950.0 6772069.043794952
7960.0 6836663.763699521
7970.0 6812200.54546234
7980.0 6817278.209538121
7990.0 6791892.24775987
8000.0 6673785.346775199
8010.0 6749224.443462543
8020.0 6725938.939710936
8030.0 6627823.632412439
8040.0 6692526.624716984
8050.0 6546334.597196244
8060.0 6661548.258558199
8070.0 6606681.4559541745
8080.0 6600214.469765924
8090.0 6504578.809075581
8100.0 6543750.500833832
8110.0 6583292.443161674
8120.0 6570977.730453519
8130.0 6546378.455535012
8140.0 6525425.39465
8150.0 6484078.534636368
8160.0 6464000.523328192
8170.0 6468598.753648009
8180.0 6390339.683774889
8190.0 6379170.5695303725
8200.0 6295636.858127618
8210.0 6247108.557242437
8220.0 6258471.378821002
8230.0 6258672.224045712
8240.0 6322407.466563007
8250.0 6189744.003056191
8260.0 6302285.565190961
8270.0 6285592.640642124
8280.0 6256330.1104677
8290.0 6144019.017743146
8300.0 6156376.97228821
8310.0 6091081.77167991
8320.0 6088416.410089139
8330.0 5916478.31870388
8340.0 5975768.924773648
8350.0 6002911.98374942
8360.0 6011360.529724997
8370.0 5988257.519436183
8380.0 6013376.814057212
8390.0 5842212.02570413
8400.0 5979700.755317562
8410.0 5906826.13644832
8420.0 5914040.4683902245
8430.0 5941456.001512505
8440.0 5728516.769382674
8450.0 5940530.187231007
8460.0 5914410.331614709
8470.0 5619693.436791422
8480.0 5970261.521418035
8490.0 5949938.047941557
8500.0 5271724.512765045
8510.0 5740998.080538812
8520.0 5922939.373685147
8530.0 5851272.857974059
8540.0 4889665.54093648
8550.0 5526547.120279596
8560.0 5839217.131442582
8570.0 5910723.126015527
8580.0 5831329.064444999
8590.0 5711820.473890707
8600.0 5224976.944224772
8610.0 5701669.965700883
8620.0 5795213.277649737
8630.0 5837907.653623361
8640.0 5781385.050373523
8650.0 5706851.774988942
8660.0 4747812.40677028
8670.0 5187741.231512688
8680.0 5621505.357876244
8690.0 5557728.164584845
8700.0 5694861.581732183
8710.0 5648922.287865486
8720.0 5701107.059581521
8730.0 5652400.983882092
8740.0 5394319.047255474
8750.0 4884789.353425574
8760.0 5394275.400365159
8770.0 5576734.7284581615
8780.0 5651643.664932377
8790.0 5542718.796081289
8800.0 5645693.127483861
8810.0 5502022.922511758
8820.0 5526504.05994717
8830.0 5604626.823490189
8840.0 5459805.0359868985
8850.0 5417724.007488896
8860.0 4841314.8760589445
8870.0 5155844.218548344
8880.0 5383376.904762334
8890.0 5471304.528069293
8900.0 5504922.601324811
8910.0 5425653.79598927
8920.0 5421718.797735916
8930.0 5342545.899997695
8940.0 5478382.758618626
8950.0 5376436.170006283
8960.0 5427232.141047289
8970.0 5365799.319533233
8980.0 5310760.786175402
8990.0 5331641.130118898
9000.0 5167866.505526837
9010.0 4714806.03053571
9020.0 4772614.802015258
9030.0 5225000.866869797
9040.0 5268727.5842467835
9050.0 5285049.736225117
9060.0 5128978.916625442
9070.0 5278565.195856326
9080.0 5173209.720933261
9090.0 5040687.935937603
9100.0 5163630.672604523
9110.0 5129863.003317191
9120.0 5179438.37334661
9130.0 5206074.944802042
9140.0 5203843.317262664
9150.0 5158623.92968419
9160.0 5158826.069067715
9170.0 5140833.713944003
9180.0 5099155.960485309
9190.0 5114336.141538085
9200.0 5075832.930024818
9210.0 4862359.747608324
9220.0 4784478.83288291
9230.0 4232923.447745229
9240.0 4737880.89725935
9250.0 4914816.319542617
9260.0 4804069.1515112575
9270.0 4990985.904308642
9280.0 5004566.618326903
9290.0 4945064.060030105
9300.0 4975303.957291531
9310.0 4971624.8323766235
9320.0 4935777.773437377
9330.0 4929836.475224874
9340.0 4941317.89149573
9350.0 4906763.313914077
9360.0 4880279.90647854
9370.0 4902403.786354813
9380.0 4886770.645109371
9390.0 4853042.42526941
9400.0 4818958.03356781
9410.0 4563417.488421237
9420.0 4749286.643391202
9430.0 4753644.428042663
9440.0 4720672.106009182
9450.0 4760577.306343282
9460.0 4757522.071258716
9470.0 4789413.885174235
9480.0 4765040.0111720115
9490.0 4746711.534300255
9500.0 4735891.064231863
9510.0 4682668.041403164
9520.0 4680837.2141334275
9530.0 4577124.615469163
9540.0 4302706.302717728
9550.0 4030518.5722192586
9560.0 4513900.248714701
9570.0 4574683.289705478
9580.0 4621845.105572119
9590.0 4615408.692639894
9600.0 4557191.747731704
9610.0 4574108.03127182
9620.0 4554425.759641738
9630.0 4514313.233677457
9640.0 4549224.747280827
9650.0 4515408.976883209
9660.0 4452504.601795101
9670.0 4537160.385804838
9680.0 4485617.519341481
9690.0 4466913.262388893
9700.0 4520217.084668016
9710.0 4511747.87969016
9720.0 4504574.348910302
9730.0 4473556.610808709
9740.0 4417728.677521204
9750.0 4416203.6520311525
9760.0 4432530.307472522
9770.0 4438290.20352062
9780.0 4430754.813232828
9790.0 4408518.71661993
9800.0 4389571.111765156
9810.0 4403292.125677063
9820.0 4388949.458784029
9830.0 4376208.087800568
9840.0 4355025.768741359
9850.0 4314374.581798093
9860.0 4321759.701296401
9870.0 4348360.757100412
9880.0 4334929.221729834
9890.0 4236863.563522825
9900.0 4268957.399318432
9910.0 4260801.112030978
9920.0 4278450.224180543
9930.0 4249578.625463037
9940.0 4221650.244650221
9950.0 4247284.927375801
9960.0 4239131.675918431
9970.0 4208774.869001096
9980.0 4224915.42182052
9990.0 4195633.736269752
10010.0 4153495.7833294636
10020.0 4163979.5988776
10030.0 4087219.9263992105
10040.0 3920539.1382187176
10050.0 3416233.412012305
10060.0 3942532.1359845623
10070.0 4041033.160138281
10080.0 4083384.890765043
10090.0 4081994.1589187454
10100.0 4054130.833546318
10110.0 4051613.3083505332
10120.0 4018247.1833346714
10130.0 4089220.274272121
10140.0 4082069.88675821
10150.0 4002236.615198543
10160.0 3998193.1938172732
10170.0 4043097.022613465
10180.0 3973894.901584901
10190.0 3963960.933638836
10200.0 4000513.51006017
10210.0 3981736.489558572
10220.0 3937463.8192340396
10230.0 3988785.6990827974
10240.0 3961612.5305767166
10250.0 3950826.0093059004
10260.0 3970952.4896780276
10270.0 3942045.07022395
10280.0 3943548.3509430694
10290.0 3895816.4803484874
10300.0 3917177.351016489
10310.0 3909354.370367146
10320.0 3915168.339883084
10330.0 3772522.1095647854
10340.0 3822936.048697004
10350.0 3868087.008681465
10360.0 3870563.888119356
10370.0 3775138.3177288445
10380.0 3843950.997505522
10390.0 3850276.356352885
10400.0 3809790.8074210156
10410.0 3806141.387557408
10420.0 3812280.817859576
10430.0 3785059.8483296824
10440.0 3806821.349827144
10450.0 3757809.012551589
10460.0 3599404.5463030064
10470.0 3713436.9302220405
10480.0 3739526.4643072095
10490.0 3748525.8985562264
10500.0 3716779.9850481246
10510.0 3709657.8124273503
10520.0 3696193.5920438142
10530.0 3683975.9218233298
10540.0 3698863.251761468
10550.0 3703523.7360007823
10560.0 3694352.8635507086
10570.0 3651566.8453983334
10580.0 3618410.1774093015
10590.0 3540591.9595788964
10600.0 3606578.321999252
10610.0 3632906.2423087438
10620.0 3628569.7055137125
10630.0 3529903.4509950005
10640.0 3638509.7227983
10650.0 3627748.26144662
10660.0 3566637.9794738065
10670.0 3592748.151322146
10680.0 3515239.5282395156
10690.0 3328703.7512484477
10700.0 3520580.046904669
10710.0 3490671.1350126383
10720.0 3531041.740396553
10730.0 3417471.6638231575
10740.0 3531214.5008698795
10750.0 3443031.0510919807
10760.0 3533333.5299720247
10770.0 3499413.174965737
10780.0 3470750.9856286407
10790.0 3441857.565303381
10800.0 3475314.9027666044
10810.0 3381084.5317360694
10820.0 3475904.65418815
10830.0 3360514.19197142
10840.0 3401909.268815037
10850.0 3446904.8731124457
10860.0 3417166.9708466027
10870.0 3268012.782936686
10880.0 3387726.3642141833
10890.0 3343501.2667186703
10900.0 3390413.9972937847
10910.0 3282765.8552498035
10920.0 3270597.750144634
10930.0 3155246.7539340802
10940.0 2782982.490865371
10950.0 3187588.1592897545
10960.0 3253597.0481802044
10970.0 3282328.60472041
10980.0 3228718.32842835
10990.0 3336980.106396277
11000.0 3342502.350165048
11010.0 3312707.8107020613
11020.0 3237543.36439592
11030.0 3309368.9724076963
11040.0 3312706.4285675045
11050.0 3283009.245467453
11060.0 3292774.298624202
11070.0 3295982.5805799393
11080.0 3284794.825374511
11090.0 3279910.1111817528
11100.0 3266304.590210089
11110.0 3267292.170753686
11120.0 3231889.6416988666
11130.0 3188854.4557066057
11140.0 3239604.755141806
11150.0 3222655.984017036
11160.0 3217116.369234507
11170.0 3226115.1534956875
11180.0 3198729.379093153
11190.0 3129178.5840710676
11200.0 3146145.3267216636
11210.0 3188483.2622549147
11220.0 3190497.273481577
11230.0 3182766.5924076964
11240.0 3173840.1160197477
11250.0 3045751.8742001485
11260.0 3151410.007407588
11270.0 3152177.9705893146
11280.0 3147617.69456823
11290.0 3038094.94600249
11300.0 3084974.4732049466
11310.0 3107242.3282876913
11320.0 3108572.12170593
11330.0 3061739.929638077
11340.0 3079197.4619191494
11350.0 3078010.828257226
11360.0 3068289.2401567777
11370.0 3039299.8168339706
11380.0 3048195.420914431
11390.0 3012963.9910169877
11400.0 2948217.9686091193
11410.0 3018594.3722489467
11420.0 3010019.543728957
11430.0 3037714.9712270773
11440.0 2986153.0348013947
11450.0 2970559.0389277064
11460.0 3024776.285150066
11470.0 3014161.898601657
11480.0 2998273.229525046
11490.0 3004691.2551298095
11500.0 2990466.474137568
11510.0 2994281.5640982427
11520.0 2957918.733652144
11530.0 2981308.6026304746
11540.0 2973591.7903267257
11550.0 2973533.711043771
11560.0 2963055.6341030993
11570.0 2955296.926320718
11580.0 2949109.256023803
11590.0 2865943.664322738
11600.0 2912772.6601709793
11610.0 2795592.8544243323
11620.0 2904422.3700232757
11630.0 2890292.3493239684
11640.0 2849850.0126117016
11650.0 2863685.00597115
11660.0 2836842.5974943503
11670.0 2849323.882085916
11680.0 2886968.661381656
11690.0 2826135.8404729515
11700.0 2860788.662581921
11710.0 2870496.783928801
11720.0 2863342.996157895
11730.0 2847410.7956573437
11740.0 2842084.5208515767
11750.0 2699995.91364419
11760.0 2812026.2435904155
11770.0 2809652.955336084
11780.0 2747017.3631591806
11790.0 2816555.8766250554
11800.0 2792109.4525869954
11810.0 2781738.126015824
11820.0 2782348.876786171
11830.0 2727841.408190011
11840.0 2729292.027350804
11850.0 2760250.018506586
11860.0 2756189.5545408125
11870.0 2762572.978614213
11880.0 2656170.1536273994
11890.0 2708913.2031937665
11900.0 2727024.2727838005
11910.0 2750065.668990519
11920.0 2747826.176974608
11930.0 2739907.5910952683
11940.0 2733185.9238204295
11950.0 2673162.10982776
11960.0 2705467.930469119
11970.0 2651327.954761298
11980.0 2648801.889533548
11990.0 2652314.7602493996
12000.0 2694621.8380590193
12010.0 2673136.7647825005
12020.0 2685677.2110315803
12030.0 2616543.69640071
12040.0 2647279.4983791397
12050.0 2664092.649815596
12060.0 2659148.001364938
12070.0 2648479.9890846135
12080.0 2502227.2661390333
12090.0 2633754.0654410156
12100.0 2585346.1137958295
12110.0 2596853.658077873
12120.0 2623224.9849698935
12130.0 2622082.561642938
12140.0 2623479.4604483144
12150.0 2605047.80139578
12160.0 2612760.7664672476
12170.0 2588270.919905505
12180.0 2588919.2395169414
12190.0 2578493.258043952
12200.0 2560450.864547742
12210.0 2548546.178157297
12220.0 2574097.310599927
12230.0 2549455.7206320707
12240.0 2549792.1854191697
12250.0 2528718.341486972
12260.0 2532473.8875666
12270.0 2513326.9723494234
12280.0 2528894.4782036245
12290.0 2540650.8600366823
12300.0 2532004.4766201335
12310.0 2499177.2188742287
12320.0 2519985.3164766473
12330.0 2501891.2622488067
12340.0 2459557.674467176
12350.0 2481410.7362704
12360.0 2451764.7623963617
12370.0 2482699.0502281347
12380.0 2496679.455155407
12390.0 2478809.5798735446
12400.0 2446697.5271712868
12410.0 2462230.8647830547
12420.0 2441074.156992858
12430.0 2433322.6175496913
12440.0 2464839.3452935433
12450.0 2458844.3831873583
12460.0 2438029.936162038
12470.0 2431303.804806322
12480.0 2441668.6725746365
12490.0 2435216.8281365405
12500.0 2425749.499342044
12510.0 2387388.8366750833
12520.0 2341348.306812488
12530.0 2388926.5093065803
12540.0 2407474.107543031
12550.0 2393931.200863467
12560.0 2370204.636080597
12570.0 2371063.573249506
12580.0 2356363.2454747707
12590.0 2381672.1294357185
12600.0 2368019.3816908635
12610.0 2334013.630026383
12620.0 2365336.217786349
12630.0 2367903.4900062536
12640.0 2322780.5508788656
12650.0 2347941.6491242163
12660.0 2345619.6869084844
12670.0 2343263.544175342
12680.0 2320073.1740339473
12690.0 2335673.26068504
12700.0 2325999.3640039694
12710.0 2308312.78180678
12720.0 2324226.6667519477
12730.0 2316999.596328562
12740.0 2298979.5119465976
12750.0 2304316.857630263
12760.0 2295627.6927514593
12770.0 2282029.687276331
12780.0 2266758.5808660616
12790.0 2236649.4252696033
12800.0 2191537.1529547754
12810.0 2067129.3814432842
12820.0 1773815.8739163906
12830.0 2120361.3850494404
12840.0 2193384.8787212446
12850.0 2224532.5475237286
12860.0 2236784.127189695
12870.0 2233990.4868471613
12880.0 2230064.178912216
12890.0 2242300.4433183167
12900.0 2194952.793813832
12910.0 2226912.6360033513
12920.0 2220608.930970184
12930.0 2219875.532173615
12940.0 2211428.595410188
12950.0 2209721.5254518623
12960.0 2205758.844393624
12970.0 2179873.5650119074
12980.0 2189609.9460081775
12990.0 2198971.7529087653
13000.0 2192817.420850864
13010.0 2194126.2718402296
13020.0 2187826.5909945113
13030.0 2156945.949016327
13040.0 2168398.145385716
13050.0 2171127.462587125
13060.0 2154570.625700166
13070.0 2166490.3737638663
13080.0 2164536.7772193365
13090.0 2157117.335811024
13100.0 2136593.833919631
13110.0 2154829.2093243413
13120.0 2071595.3230010092
13130.0 2135661.24359845
13140.0 2132849.844965455
13150.0 2062156.4993802875
13160.0 2119317.9091594242
13170.0 2128387.7564241844
13180.0 2083067.6535744227
13190.0 2117799.3586022574
13200.0 2107511.8712142236
13210.0 2094068.4443553707
13220.0 2103659.8201470487
13230.0 2105265.628597789
13240.0 2101437.5056058136
13250.0 2088430.2672332719
13260.0 2082802.0361976193
13270.0 2079889.3399711133
13280.0 2071234.6102286407
13290.0 2036608.765049091
13300.0 2066291.5420654332
13310.0 2067319.5039689576
13320.0 2025871.4795891207
13330.0 2056993.4781811598
13340.0 2056351.8831700897
13350.0 2035486.7818954426
13360.0 2051796.9717695373
13370.0 2039414.3813823164
13380.0 2039307.1708980266
13390.0 2005452.9422911839
13400.0 2027800.770942639
13410.0 2025423.6807501763
13420.0 2020250.4713601784
13430.0 2014546.597212047
13440.0 2021258.5635808525
13450.0 2008639.210999591
13460.0 2000206.6033153064
13470.0 2007388.1169849169
13480.0 2000856.872203814
13490.0 1994199.9138894412
13500.0 1970382.5912769898
13510.0 1995754.8229935158
13520.0 1984393.4109245846
13530.0 1983915.7256061286
13540.0 1980965.8606037777
13550.0 1955075.292604942
13560.0 1947007.3577975906
13570.0 1953539.6727855774
13580.0 1962681.0400036147
13590.0 1954524.1385554227
13600.0 1944454.9367949646
13610.0 1956111.9700225452
13620.0 1947797.362074952
13630.0 1926415.0015729375
13640.0 1933417.35306292
13650.0 1936488.90706653
13660.0 1933680.5447055711
13670.0 1919407.6651151848
13680.0 1906951.5163466567
13690.0 1915255.3706494176
13700.0 1888779.6286968822
13710.0 1892528.012506516
13720.0 1893344.9079976038
13730.0 1883943.2382173855
13740.0 1869897.1454725722
13750.0 1897093.7946428978
13760.0 1869704.799977509
13770.0 1879943.0581290352
13780.0 1875705.592305247
13790.0 1887979.8105535281
13800.0 1869720.3545216888
13810.0 1878613.550264982
13820.0 1862851.9000485248
13830.0 1848102.6688201828
13840.0 1872000.414204487
13850.0 1851755.7269743087
13860.0 1847593.636103835
13870.0 1853931.2844683335
13880.0 1856259.1418009768
13890.0 1848793.3380877168
13900.0 1825552.3047923846
13910.0 1843468.6581257093
13920.0 1832067.0979338468
13930.0 1830009.7530363968
13940.0 1808790.77394173
13950.0 1809729.0354139255
13960.0 1822325.204741418
13970.0 1821255.8689430961
13980.0 1817989.7405782596
13990.0 1809418.8116699324
14000.0 1783766.3251717074
14010.0 1787836.2860289933
14020.0 1807789.6328538554
14030.0 1784092.5329040475
14040.0 1795080.9362296734
14050.0 1799678.5040121353
14060.0 1789916.2287248408
14070.0 1783164.0866293863
14080.0 1771852.456927174
14090.0 1782349.2032012655
14100.0 1778832.7501876594
14110.0 1750875.3553044437
14120.0 1753874.8551867197
14130.0 1743016.2987877717
14140.0 1763652.7682866305
14150.0 1760821.7093906915
14160.0 1737341.866707932
14170.0 1754761.5266701567
14180.0 1742048.0497945151
14190.0 1749612.019964088
14200.0 1732432.1570693
14210.0 1731273.2484636086
14220.0 1712096.6852284945
14230.0 1738582.253537407
14240.0 1683958.918796316
14250.0 1713331.355020553
14260.0 1703438.391022586
14270.0 1695661.9630965712
14280.0 1715748.7579304606
14290.0 1648493.6862536715
14300.0 1707531.943075866
14310.0 1677948.6862746768
14320.0 1703106.9852733333
14330.0 1704728.713111567
14340.0 1700618.3542089444
14350.0 1694089.127449943
14360.0 1691555.772738076
14370.0 1694633.495597055
14380.0 1687240.645267705
14390.0 1685729.3743950292
14400.0 1571792.8989369357
14410.0 1677520.3368069143
14420.0 1635513.3448488163
14430.0 1642381.6831877343
14440.0 1643070.7291954702
14450.0 1664756.4865557111
14460.0 1647598.437952076
14470.0 1651878.7471735324
14480.0 1633694.693291805
14490.0 1644262.6257704715
14500.0 1616015.0885268673
14510.0 1614214.7582494833
14520.0 1624315.3984462842
14530.0 1628368.2504645921
14540.0 1581804.9596153607
14550.0 1615383.2981996185
14560.0 1618167.5396420828
14570.0 1598755.5851993198
14580.0 1628715.8047437086
14590.0 1604505.8308634642
14600.0 1608678.022650727
14610.0 1617333.5252811855
14620.0 1600484.3021003436
14630.0 1584589.7349393817
14640.0 1582708.3711251987
14650.0 1540278.2841914266
14660.0 1604420.8601942402
14670.0 1590549.1120168744
14680.0 1594475.0360373582
14690.0 1582929.1808381348
14700.0 1558206.6489512147
14710.0 1570431.2441043463
14720.0 1547818.3785699813
14730.0 1582342.3038675415
14740.0 1566168.96751016
14750.0 1536355.058597112
14760.0 1563897.5545333892
14770.0 1555074.8085282992
14780.0 1523469.475653154
14790.0 1561274.678111576
14800.0 1556929.2280677732
14810.0 1529214.471110597
14820.0 1548913.5992710022
14830.0 1502950.755880378
14840.0 1533657.1980577086
14850.0 1520451.2509459679
14860.0 1515710.4742612562
14870.0 1500195.4260998915
14880.0 1405434.065689808
14890.0 1513895.4746758377
14900.0 1494927.0793973655
14910.0 1507901.5305466647
14920.0 1516104.9202462318
14930.0 1510920.000610349
14940.0 1499584.9487252648
14950.0 1499174.4468338098
14960.0 1465139.9353078767
14970.0 1476048.6856768094
14980.0 1474287.523927616
14990.0 1470304.7958206579
15000.0 1477375.8163105708
15010.0 1461911.5225086657
15020.0 1435095.0751333518
15030.0 1442047.0136237699
15040.0 1415198.2536127116
15050.0 1400561.223312379
15060.0 1461872.3487710354
15070.0 1459715.5843176297
15080.0 1436633.791755856
15090.0 1448476.730425767
15100.0 1442370.4904835473
15110.0 1456001.4271003269
15120.0 1420117.2952065456
15130.0 1435152.2840348633
15140.0 1413035.0374992639
15150.0 1443912.5759315798
15160.0 1425837.458405886
15170.0 1437743.7067903357
15180.0 1420095.8666874173
15190.0 1409974.6091763454
15200.0 1404571.8754640834
15210.0 1403981.1037043484
15220.0 1398205.1696402924
15230.0 1415947.9429831943
15240.0 1402822.6238616763
15250.0 1402612.3549313701
15260.0 1369751.8786469295
15270.0 1399138.6649956394
15280.0 1410764.8119155422
15290.0 1375636.9669752184
15300.0 1407239.0978055145
15310.0 1412120.094553252
15320.0 1394547.3878096952
15330.0 1380657.7051219414
15340.0 1317626.5540873758
15350.0 1363264.0079069675
15360.0 1388334.9650152978
15370.0 1400908.3791063
15380.0 1370928.0208721617
15390.0 1381748.5644363305
15400.0 1346046.0812194482
15410.0 1386372.536885146
15420.0 1340983.7055133046
15430.0 1337982.7934365065
15440.0 1296047.0134598934
15450.0 1341276.5154340924
15460.0 1366932.588329769
15470.0 1360606.319326955
15480.0 1350392.4804953695
15490.0 1372337.578852236
15500.0 1360795.2363698848
15510.0 1371410.3824502472
15520.0 1360572.5619766805
15530.0 1333920.601547461
15540.0 1314585.3173653283
15550.0 1272817.24223523
15560.0 1229338.1242901296
15570.0 1305562.0822823388
15580.0 1336836.3864159035
15590.0 1317799.564185841
15600.0 1349248.5034129831
15610.0 1357759.285154607
15620.0 1335260.623351359
15630.0 1328648.1994466805
15640.0 1344796.4306408213
15650.0 1330436.2125561927
15660.0 1314015.4592627187
15670.0 1302625.147403599
15680.0 1289526.5406221754
15690.0 1227016.766283718
15700.0 1168381.980305152
15710.0 1242709.7049409507
15720.0 1269843.1471533694
15730.0 1299346.7483720446
15740.0 1272656.0664399778
15750.0 1271607.4508084883
15760.0 1316087.6115706356
15770.0 1219316.2780884502
15780.0 1312787.1732195066
15790.0 1307744.5591686913
15800.0 1309495.3350325832
15810.0 1310878.9793909616
15820.0 1256933.978628328
15830.0 1284097.1012969138
15840.0 1275932.2640060473
15850.0 1259861.446756754
15860.0 1237974.713091584
15870.0 1175735.1005733903
15880.0 1064386.9769570616
15890.0 1140993.7132141006
15900.0 1201985.1347582228
15910.0 1221755.4182437519
15920.0 1263849.905431775
15930.0 1265025.4932458748
15940.0 1271382.3571399257
15950.0 1261351.0730513467
15960.0 1228109.3090024681
15970.0 1275501.6466795634
15980.0 1263670.4982125752
15990.0 1274289.1343940562
16000.0 1256438.058695118
16010.0 1230424.3200070425
16020.0 1249466.311357539
16030.0 1264483.0727473265
16040.0 1233012.5141751214
16050.0 1246712.6433512717
16060.0 1216048.5356665335
16070.0 1221071.286375778
16080.0 1215127.386484502
16090.0 1163809.6775920298
16100.0 1100876.5437518628
16110.0 1000420.6551573958
16120.0 1126503.5695777158
16130.0 1172515.7305862561
16140.0 1192914.069199265
16150.0 1194183.5931175642
16160.0 1179598.7988455992
16170.0 1215848.435732864
16180.0 1213428.9752251958
16190.0 1209765.217884362
16200.0 1182265.0050188093
16210.0 1210941.4868616422
16220.0 1215616.1185672348
16230.0 1204891.0391673045
16240.0 1200372.307848066
16250.0 1216071.5086651447
16260.0 1212554.3314628194
16270.0 1213283.9895361257
16280.0 1209122.928373391
16290.0 1200051.9569387124
16300.0 1199451.2250054437
16310.0 1194398.2991941962
16320.0 1174275.2812041063
16330.0 1169566.8042926001
16340.0 1187340.5617875385
16350.0 1175732.0131034267
16360.0 1145752.2029162273
16370.0 1148668.6302768642
16380.0 1087647.523437274
16390.0 1086580.3163692257
16400.0 999716.9690144977
16410.0 916384.9248111387
16420.0 1063558.8884121801
16430.0 1110258.6404854138
16440.0 1105109.4453094127
16450.0 1139493.2986646954
16460.0 1149738.9766265338
16470.0 1129401.1051180735
16480.0 1150910.3298229948
16490.0 1127001.6864968129
16500.0 1155420.5382219371
16510.0 1145285.236702664
16520.0 1139170.270582615
16530.0 1150431.8761105246
16540.0 1122148.999724895
16550.0 1134213.945818405
16560.0 1118525.4851215337
16570.0 1135333.8070223362
16580.0 1131993.6607511193
16590.0 1111024.8215558655
16600.0 1132624.552922475
16610.0 1127803.5349558424
16620.0 1120770.1446084892
16630.0 1114224.9272875465
16640.0 1119020.248270983
16650.0 1086524.1999111823
16660.0 1115628.350928146
16670.0 1101682.5731704654
16680.0 1097956.5622951593
16690.0 1109736.6468622822
16700.0 1109273.0665773232
16710.0 1098339.7857351766
16720.0 1072132.3051516875
16730.0 1093809.8602519217
16740.0 1087753.4815492893
16750.0 1054962.5696185553
16760.0 1059491.7871315144
16770.0 1063124.012923787
16780.0 1037738.9067800426
16790.0 1004150.7415834607
16800.0 904796.118605447
16810.0 834641.3791481408
16820.0 967116.4639411689
16830.0 1017454.5330144058
16840.0 1041432.4463683446
16850.0 1052228.9942220408
16860.0 1044461.7921781195
16870.0 1050599.457855417
16880.0 1057233.9810395774
16890.0 1033734.1499549515
16900.0 1046662.434717469
16910.0 1060555.958461963
16920.0 1059240.132862704
16930.0 1053909.6823036768
16940.0 1057302.1740034414
16950.0 1053209.8534933133
16960.0 1047646.3202704614
16970.0 1031709.257927247
16980.0 1040589.4675457408
16990.0 1030137.7124300868
17000.0 1022743.4556199263
17010.0 1007122.9403555167
17020.0 1033586.8007419808
17030.0 1028867.8944032899
17040.0 1031784.7293189665
17050.0 1031137.1810506253
17060.0 1025471.0313131078
17070.0 1023857.8279562847
17080.0 1023190.3575630191
17090.0 992500.5755874002
17100.0 1021312.698323836
17110.0 980607.0686204248
17120.0 1015191.3409028479
17130.0 1012125.937199997
17140.0 1013184.7484085874
17150.0 1010183.295622307
17160.0 998935.8628649861
17170.0 1007120.6845668006
17180.0 1003176.1818203108
17190.0 999091.4579568888
17200.0 993127.4655402912
17210.0 993664.7795081649
17220.0 994101.1464773421
17230.0 940818.3028040989
17240.0 987286.573955015
17250.0 981130.0173863051
17260.0 984475.1026176378
17270.0 964688.7866111816
17280.0 960952.3706318475
17290.0 970014.457211119
17300.0 957766.9326721351
17310.0 959365.01786025
17320.0 927117.952479171
17330.0 901822.8214734695
17340.0 880284.0891012482
17350.0 867309.7967567936
17360.0 721868.4507404566
17370.0 824163.204713515
17380.0 894492.5572094651
17390.0 910827.9080855113
17400.0 929066.6054864179
17410.0 913343.3655319562
17420.0 936448.5504390142
17430.0 926921.880722368
17440.0 944731.0828596909
17450.0 919590.3214166702
17460.0 920906.3334659537
17470.0 914213.731691238
17480.0 927003.430254939
17490.0 939913.3953962645
17500.0 932955.6110024013
17510.0 909175.7366338548
17520.0 925065.2522919339
17530.0 926616.5179758155
17540.0 929714.9639886266
17550.0 901445.6578407364
17560.0 924117.5746582933
17570.0 927429.5427456805
17580.0 920165.3752720022
17590.0 924363.6679505387
17600.0 913341.0553233115
17610.0 897778.9698402636
17620.0 886989.9509497003
17630.0 915736.0986668098
17640.0 872271.5564097258
17650.0 913305.9540160252
17660.0 901054.9427683149
17670.0 894174.3544964544
17680.0 886151.068924143
17690.0 903194.8425196235
17700.0 897645.8297846935
17710.0 891763.4260952831
17720.0 878894.0535895608
17730.0 893870.4356749017
17740.0 889822.6095853224
17750.0 885583.2427455495
17760.0 880467.2092114966
17770.0 861697.7563797702
17780.0 881844.5461741632
17790.0 869453.470047119
17800.0 881824.90919631
17810.0 863968.7056395954
17820.0 876977.842841047
17830.0 868427.701967854
17840.0 863665.6083134974
17850.0 856542.3185568926
17860.0 863597.083269557
17870.0 868781.888896504
17880.0 870632.2103080364
17890.0 866922.707183398
17900.0 868059.6204715396
17910.0 863963.3903751771
17920.0 859383.450609746
17930.0 849019.9629171424
17940.0 846313.6775303908
17950.0 857913.5106305265
17960.0 855231.2535537325
17970.0 848412.7817900467
17980.0 847917.7124266417
17990.0 849462.9670411908
18000.0 844212.5678180963
18010.0 843993.1329727449
18020.0 826997.6005005571
18030.0 831778.9312653301
18040.0 839592.2844503538
18050.0 831914.825160319
18060.0 825039.9422572661
18070.0 830537.1032123361
18080.0 821201.3961182871
18090.0 821427.0070752747
18100.0 813222.7733183823
18110.0 813082.3991600365
18120.0 812153.053157341
18130.0 808527.2931731084
18140.0 794532.6561370344
18150.0 778780.0264229795
18160.0 735990.4074659098
18170.0 624330.3335310179
18180.0 673153.7002724258
18190.0 753358.7394214371
18200.0 778181.5245163298
18210.0 789869.9149334027
18220.0 768045.5826881716
18230.0 792825.6538817076
18240.0 792644.8884224059
18250.0 799841.4688454758
18260.0 801933.0463642676
18270.0 800461.1944129973
18280.0 786908.8322820723
18290.0 800179.8681080882
18300.0 794582.0045578859
18310.0 797517.1710715044
18320.0 772704.9629918475
18330.0 796085.621343345
18340.0 791055.5164479722
18350.0 789205.0719570422
18360.0 786657.2749978198
18370.0 768611.1521613908
18380.0 785491.147316598
18390.0 782771.8526683722
18400.0 779352.7564697891
18410.0 769834.362486375
18420.0 758231.7976767323
18430.0 771439.9238716294
18440.0 774915.4719699884
18450.0 771932.6301754611
18460.0 775120.8464610908
18470.0 754148.7951727405
18480.0 771998.0888726407
18490.0 769468.1757549222
18500.0 767034.782503809
18510.0 765328.1195793896
18520.0 751273.6144192987
18530.0 754693.862528477
18540.0 763044.4547145028
18550.0 729397.7070759502
18560.0 756179.3565516201
18570.0 758448.2293088672
18580.0 742270.3747876117
18590.0 752652.8481592061
18600.0 753828.4891533867
18610.0 746496.9472279685
18620.0 744494.1112014102
18630.0 743126.942678095
18640.0 743674.5296777056
18650.0 739818.1961810641
18660.0 730950.6447402153
18670.0 738601.8030992846
18680.0 729429.673886802
18690.0 730726.2652653906
18700.0 726455.366085529
18710.0 718798.6003055087
18720.0 697871.1078344805
18730.0 695015.1413218006
18740.0 656852.5040437506
18750.0 524241.7078008047
18760.0 644467.6407081056
18770.0 677214.1016310358
18780.0 701062.1316563288
18790.0 705969.3174549035
18800.0 712387.608146746
18810.0 715441.9273102366
18820.0 705968.1053667449
18830.0 716412.2889063049
18840.0 699795.5455958095
18850.0 704150.2147823574
18860.0 696022.416093677
18870.0 710794.2571206603
18880.0 700292.5939819341
18890.0 703209.1092684767
18900.0 693584.383678684
18910.0 693394.3652103194
18920.0 697267.138990665
18930.0 673715.2209021557
18940.0 689804.7854488073
18950.0 694353.206453947
18960.0 676903.7568445478
18970.0 693392.9176300743
18980.0 700681.5858736448
18990.0 686954.1696438241
19000.0 695395.4985881344
19010.0 695861.9264255412
19020.0 695805.777795546
19030.0 683169.6143853059
19040.0 691814.2958878955
19050.0 686486.8432888006
19060.0 689872.9570414793
19070.0 690655.0939270084
19080.0 681402.6698507336
19090.0 687518.0978520621
19100.0 683648.1283246332
19110.0 673117.5577652674
19120.0 675635.8954276914
19130.0 680767.9792435891
19140.0 676662.6216412612
19150.0 677087.6605837512
19160.0 673249.076796962
19170.0 674961.364626173
19180.0 674583.754924945
19190.0 658731.6223933735
19200.0 670125.625875368
19210.0 665684.7482050265
19220.0 667615.4758675437
19230.0 668234.7481424944
19240.0 666950.5084883018
19250.0 662404.8808934474
19260.0 659744.3328087593
19270.0 653876.1462599364
19280.0 655268.394001028
19290.0 659802.6191000764
19300.0 656697.2806389369
19310.0 644359.7526387317
19320.0 655240.8446552248
19330.0 653581.8366881568
19340.0 641457.3143077391
19350.0 649803.5329559235
19360.0 648110.7111149103
19370.0 646524.1044803334
19380.0 642760.1171022353
19390.0 625828.1216396028
19400.0 631276.5813831671
19410.0 626398.8286877992
19420.0 615819.1574236368
19430.0 577132.8725851675
19440.0 520564.78677487816
19450.0 489568.64368781255
19460.0 585535.8985753349
19470.0 604994.5982947769
19480.0 613250.0166972749
19490.0 609533.5093262842
19500.0 625201.4348827297
19510.0 596772.0054437313
19520.0 628779.7757132247
19530.0 625322.9841288023
19540.0 622983.8381642689
19550.0 628178.4332898447
19560.0 627514.7427297648
19570.0 625617.0345231242
19580.0 621383.4969651522
19590.0 619879.3781572046
19600.0 618887.4741298589
19610.0 614347.6511073894
19620.0 619734.7181483859
19630.0 607376.4373555809
19640.0 614415.3664822936
19650.0 619231.3219382028
19660.0 617639.8344979043
19670.0 616702.7570733944
19680.0 614951.8114358691
19690.0 613016.5722695356
19700.0 613192.5218531445
19710.0 611675.1862917618
19720.0 584588.8243221535
19730.0 602195.6607844342
19740.0 607496.5305852238
19750.0 606754.0829324662
19760.0 605241.0835223142
19770.0 606030.8021560942
19780.0 583646.2942887644
19790.0 595702.906370905
19800.0 601902.4906935468
19810.0 600089.5860102053
19820.0 598295.2338961348
19830.0 599210.5760788545
19840.0 598554.7382759014
19850.0 579593.1330194672
19860.0 580762.9827143905
19870.0 593110.0437120991
19880.0 592088.0272111566
19890.0 591704.0794813057
19900.0 591489.2536390647
19910.0 588831.0397916721
19920.0 586157.1964392321
19930.0 570782.8387975572
19940.0 586348.032056361
19950.0 584378.6335571252
19960.0 578953.2559583482
19970.0 569826.3305651888
19980.0 581402.6154597104
19990.0 581816.6017284482
20010.0 577810.2487807097
20020.0 572356.7618697372
20030.0 574614.7149730037
20040.0 571228.5880905584
20050.0 564775.7212218771
20060.0 572989.3943675469
20070.0 569661.0075266304
20080.0 570968.9807000533
20090.0 567152.2938874775
20100.0 569494.688171566
20110.0 567911.6990746971
20120.0 568320.1510745658
20130.0 566183.2230882287
20140.0 559049.2351154613
20150.0 563984.1671563732
20160.0 563918.4592108283
20170.0 561745.4712787457
20180.0 561967.1033603336
20190.0 558639.2754550703
20200.0 557096.5495496071
20210.0 545191.380914379
20220.0 556537.5342787721
20230.0 552008.4476564276
20240.0 551182.5410477908
20250.0 554304.8944522371
20260.0 548773.3078699715
20270.0 549332.2613012579
20280.0 549310.034745727
20290.0 547160.8482034538
20300.0 530566.6029036109
20310.0 548507.455158091
20320.0 547439.4486554372
20330.0 544955.408110448
20340.0 531084.3256892038
20350.0 542309.0392256321
20360.0 542046.9827752324
20370.0 540283.6663379164
20380.0 523929.5799133139
20390.0 540414.7235015455
20400.0 535604.2971030134
20410.0 530340.0685402538
20420.0 536758.4540480747
20430.0 536619.38739207
20440.0 535733.0507487474
20450.0 533598.2441179388
20460.0 534086.8475000247
20470.0 531488.8108948803
20480.0 532116.6543021281
20490.0 531388.6277219587
20500.0 530730.1511546673
20510.0 528169.1346763436
20520.0 518866.04630069685
20530.0 526641.5980139174
20540.0 521780.20973942755
20550.0 525126.7814777147
20560.0 524816.8732278596
20570.0 522652.14499018027
20580.0 522599.15676476056
20590.0 517506.6385517409
20600.0 504355.8603506079
20610.0 519384.96493160806
20620.0 517972.9454142198
20630.0 489761.5386788301
20640.0 517412.89195546345
20650.0 516374.96524426783
20660.0 515297.97854506155
20670.0 501777.9418580523
20680.0 511018.29518296296
20690.0 511343.148520091
20700.0 499343.190634912
20710.0 503922.1587744687
20720.0 505752.3092274898
20730.0 507803.4832369219
20740.0 505250.417258723
20750.0 505813.2112918248
20760.0 499719.0853370314
20770.0 491324.7393940449
20780.0 503577.9247451387
20790.0 503606.5475434811
20800.0 498316.1016357442
20810.0 501535.6357400121
20820.0 498973.1123920229
20830.0 488909.3628353424
20840.0 491976.4558264616
20850.0 495771.4288291459
20860.0 496622.5618436087
20870.0 494271.8348691527
20880.0 492253.24790646345
20890.0 489638.00095499004
20900.0 494175.15401505266
20910.0 492645.8070865038
20920.0 477585.0020168921
20930.0 488460.5938599927
20940.0 490213.5475618937
20950.0 489536.7212753011
20960.0 485749.3949998038
20970.0 486013.20873596065
20980.0 484862.8024828934
20990.0 483640.2562413636
21000.0 485708.870010788
21010.0 480163.9237917115
21020.0 471616.77758328035
21030.0 481993.39321063744
21040.0 482615.9657520059
21050.0 481582.8601287149
21060.0 477863.6945166151
21070.0 475267.0697718995
21080.0 477892.1133252951
21090.0 470666.35774617345
21100.0 475109.8521779239
21110.0 474472.786620644
21120.0 474359.34107464575
21130.0 474070.2357815648
21140.0 469473.1400144084
21150.0 471988.4245005046
21160.0 455154.88899777294
21170.0 469759.66135352827
21180.0 469274.7380241428
21190.0 445338.6725534268
21200.0 466759.83709348046
21210.0 456754.35164416104
21220.0 464226.25620539195
21230.0 454219.5207776694
21240.0 463043.0259675809
21250.0 464561.66995320265
21260.0 446391.48455700063
21270.0 461139.9991714097
21280.0 459888.2637961838
21290.0 459082.6084315935
21300.0 454589.7630773501
21310.0 460141.0477336128
21320.0 457338.05240015325
21330.0 457863.97707713407
21340.0 456947.30176464946
21350.0 445787.93646229646
21360.0 454920.8411704778
21370.0 453960.98588868754
21380.0 454309.9706173291
21390.0 449376.1053563173
21400.0 452613.40010545397
21410.0 450791.16486457293
21420.0 451397.6696340725
21430.0 445099.62441387726
21440.0 446294.8990273388
21450.0 447053.6750182857
21460.0 445213.7788136194
21470.0 445523.2336336453
21480.0 445849.6484637267
21490.0 444630.38330383843
21500.0 444319.65815414244
21510.0 442074.5130141663
21520.0 440211.627884126
21530.0 440206.8225107963
21540.0 437706.8776540141
21550.0 438877.47255388164
21560.0 438215.06405661436
21570.0 436663.5592744457
21580.0 435460.4110952542
21590.0 432095.58292553417
21600.0 430960.61476555356
21610.0 426072.006615057
21620.0 423042.358474213
21630.0 416047.7303426238
21640.0 400299.98222067853
21650.0 345451.5741083607
21660.0 340428.30600541364
21670.0 394949.44092241593
21680.0 411620.7724821696
21690.0 411477.5070619858
21700.0 419407.5416514686
21710.0 421032.9362502815
21720.0 423660.5508586957
21730.0 422335.34547656006
21740.0 421603.36010391184
21750.0 422035.0147405833
21760.0 419102.40938660706
21770.0 423156.4240420351
21780.0 409846.0125334675
21790.0 421346.99383614375
21800.0 422474.1019719694
21810.0 421515.36412268406
21820.0 411181.5992798301
21830.0 419847.57444617077
21840.0 419426.32962180214
21850.0 418978.9848068511
21860.0 418041.5000009488
21870.0 413873.5452042088
21880.0 405357.0304168093
21890.0 415184.1285824543
21900.0 413707.62979186757
21910.0 414212.9039544031
21920.0 414337.5581259773
21930.0 413482.3523063964
21940.0 410917.0464958852
21950.0 412156.38069428084
21960.0 411666.5549017539
21970.0 410599.32911820954
21980.0 410239.05334349186
21990.0 408313.4975775206
22000.0 408814.03357650415
22010.0 406163.2966292561
22020.0 407199.9714465522
22030.0 404140.54627294914
22040.0 402842.85110806243
22050.0 405102.90595199383
22060.0 384409.400804753
22070.0 400798.3656660994
22080.0 397313.50053640554
22090.0 402960.94541526213
22100.0 400981.93030293204
22110.0 399109.5569613936
22120.0 400388.4901291611
22130.0 400372.00506766816
22140.0 399600.82001486304
22150.0 398820.77497069485
22160.0 382703.70993503573
22170.0 388570.3524898711
22180.0 396526.56988949364
22190.0 396631.60487969354
22200.0 395472.51987820445
22210.0 394737.37488507765
22220.0 394464.70417474944
22230.0 393379.19478806626
22240.0 392494.2009497324
22250.0 392437.51648673404
22260.0 386727.85203246726
22270.0 391006.06758660235
22280.0 388723.8831488958
22290.0 390004.77871966205
22300.0 387258.0742984621
22310.0 388285.7698861876
22320.0 387328.2254819903
22330.0 387415.1020822401
22340.0 385918.5425469764
22350.0 385931.77034537564
22360.0 385004.46498733864
22370.0 384712.8196372408
22380.0 378807.274295546
22390.0 381181.02896198473
22400.0 383097.56363650784
22410.0 381984.1583189759
22420.0 378810.5530099158
22430.0 380451.0077086367
22440.0 379971.52298381785
22450.0 379185.04862234584
22460.0 379192.9748372055
22470.0 373280.66105943534
22480.0 377171.50728916127
22490.0 376760.8735263617
22500.0 376811.99977103126
22510.0 371604.14602335554
22520.0 370779.07228289486
22530.0 371549.61854996654
22540.0 364588.3275048936
22550.0 367243.5037693253
22560.0 367993.22643506026
22570.0 371360.1917718063
22580.0 369427.7171162976
22590.0 370638.9624686823
22600.0 369987.5178289059
22610.0 367938.6731967801
22620.0 362798.98857244157
22630.0 367482.8839558386
22640.0 363625.0893468873
22650.0 364568.9547457977
22660.0 365387.6166969234
22670.0 365535.8056447241
22680.0 365326.40190442296
22690.0 364451.02652630594
22700.0 364383.0935081685
22710.0 355288.67959007365
22720.0 362828.87550046947
22730.0 362550.0114185211
22740.0 359144.6473442559
22750.0 360422.0432772886
22760.0 359989.746053621
22770.0 360226.2874543265
22780.0 359082.95864521095
22790.0 356858.4136677182
22800.0 355940.0030560805
22810.0 344396.90561679617
22820.0 355438.3978048807
22830.0 355116.2418993678
22840.0 355860.9570138252
22850.0 354906.6030217594
22860.0 352545.45903699443
22870.0 353932.2750596929
22880.0 353495.80108969135
22890.0 350148.7275085459
22900.0 352872.4071775028
22910.0 346236.6572602044
22920.0 351332.8123378332
22930.0 348538.1674224371
22940.0 350030.42251419177
22950.0 347919.2776134137
22960.0 345214.43271972093
22970.0 347119.52783306985
22980.0 347701.9829535996
22990.0 345958.038081235
23000.0 346652.85321611684
23010.0 346604.8896590598
23020.0 345006.7844890192
23030.0 344626.50062717753
23040.0 344516.07677236525
23050.0 343625.5129246264
23060.0 343787.2490838427
23070.0 343209.88525036705
23080.0 342830.54142372723
23090.0 341371.7976043271
23100.0 341527.5537917533
23110.0 341066.8499862986
23120.0 340592.6557825471
23130.0 337734.201695181
23140.0 336331.8772094299
23150.0 338451.4527308899
23160.0 336947.9682589406
23170.0 337261.5237939123
23180.0 334473.8193357891
23190.0 336694.39488454914
23200.0 336243.0504399458
23210.0 335624.24600221956
23220.0 334264.2815715186
23230.0 333879.9371473902
23240.0 333568.8641057702
23250.0 331473.848928216
23260.0 332690.34513317375
23270.0 332308.44784367614
23280.0 331632.9375635157
23290.0 331170.57378878
23300.0 330546.010020887
23310.0 329182.7962593956
23320.0 329793.45250474825
23330.0 328261.42875657143
23340.0 328754.5450153788
23350.0 323924.8622354405
23360.0 327243.96764483606
23370.0 326693.0940157506
23380.0 319263.5303932613
23390.0 326046.10677728
23400.0 324767.8231678282
23410.0 324660.7995650168
23420.0 324164.57596880395
23430.0 323594.9623789732
23440.0 321895.6687957508
23450.0 322096.8152189607
23460.0 321214.1016487974
23470.0 320758.72943770484
23480.0 319262.83452758554
23490.0 319790.2009768558
23500.0 318469.9174323226
23510.0 318551.9838942725
23520.0 317410.3503626571
23530.0 317222.16683755675
23540.0 316603.16331851523
23550.0 316171.9198060584
23560.0 315869.2062999239
23570.0 311308.0228001141
23580.0 315162.2193066328
23590.0 315494.77592110325
23600.0 314224.4423385
23610.0 313323.65886390576
23620.0 313467.4353954894
23630.0 312755.7219332919
23640.0 312205.3691324575
23650.0 311745.58502802264
23660.0 310990.2215845391
23670.0 310150.11814723053
23680.0 309214.7747162034
23690.0 308209.4112913988
23700.0 308901.48787258944
23710.0 307961.864460079
23720.0 306797.0210538407
23730.0 304744.377653443
23740.0 295678.6742592326
23750.0 305779.8108711872
23760.0 304980.3674892137
23770.0 305436.5241132368
23780.0 304946.6807432776
23790.0 304495.01737951586
23800.0 303615.31402172457
23810.0 303151.2106699637
23820.0 302569.1073241622
23830.0 300993.8282778546
23840.0 295706.5406505892
23850.0 300137.7773227285
23860.0 294868.374000774
23870.0 300363.2706849194
23880.0 300104.94737499126
23890.0 299023.7640708498
23900.0 298818.7807726203
23910.0 298223.3174804037
23920.0 296474.7741939107
23930.0 297505.11091346317
23940.0 297242.78763874643
23950.0 295853.6462239106
23960.0 296736.62110688846
23970.0 296229.75784973777
23980.0 294486.8145982876
23990.0 293281.47135277174
24000.0 292439.56811288605
24010.0 293282.04024409526
24020.0 292426.1416504785
24030.0 291753.1884280215
24040.0 291187.0952112491
24050.0 290767.98200011265
24060.0 292037.3187947197
24070.0 291766.4592645269
24080.0 290553.4443191023
24090.0 291186.7830487103
24100.0 290816.6817840855
24110.0 289834.54052532575
24120.0 288689.93344936025
24130.0 288417.4056196752
24140.0 286742.10678319534
24150.0 280226.50554706214
24160.0 280807.3243167404
24170.0 285859.8330920648
24180.0 286085.7018730307
24190.0 286160.63445428736
24200.0 285869.47753345495
24210.0 285961.8444128511
24220.0 285035.7512977643
24230.0 284401.62818816217
24240.0 281576.0150838903
24250.0 284063.381985307
24260.0 282539.3388922204
24270.0 281367.36580455163
24280.0 281293.48272223846
24290.0 279022.46964544716
24300.0 278703.04657407
24310.0 278445.31677010556
24320.0 279171.0551849873
24330.0 277320.5668671215
24340.0 277216.5185543166
24350.0 275382.16024648724
24360.0 278358.8919439789
24370.0 275835.8409262502
24380.0 279021.07535428397
24390.0 278278.4270670789
24400.0 277897.3387849328
24410.0 277403.4505080377
24420.0 275470.28223603294
24430.0 275867.19625151873
24440.0 275087.6109711324
24450.0 274464.22797854786
24460.0 272556.08499099454
24470.0 271096.42200881155
24480.0 269572.69903179945
24490.0 269231.71606005897
24500.0 269300.9130936124
24510.0 266897.370132266
24520.0 269938.2671761663
24530.0 271017.284225227
24540.0 272079.98127939994
24550.0 267666.6245639827
24560.0 269376.4346597116
24570.0 262136.19098582407
24580.0 271241.92731720343
24590.0 270724.16365354444
24600.0 270528.8799950589
24610.0 270002.6563414741
24620.0 269043.0326928979
24630.0 267297.3690494571
24640.0 268019.9454110339
24650.0 265300.40177769976
24660.0 265415.218149414
24670.0 264547.1745259155
24680.0 261890.16106450316
24690.0 254644.60803763772
24700.0 257765.10517271774
24710.0 262078.58231299373
24720.0 262574.05945810187
24730.0 258996.016608254
24740.0 263382.3824788129
24750.0 262997.2309235329
24760.0 260782.02808844714
24770.0 262427.79525841755
24780.0 261430.4624331314
24790.0 262555.9596127791
24800.0 255918.01776440954
24810.0 261844.4939870976
24820.0 254045.10118140804
24830.0 261163.23838062704
24840.0 260943.2855848038
24850.0 260146.5227935222
24860.0 249054.50000734223
24870.0 255828.17722594392
24880.0 255721.55444938445
24890.0 255663.5216776517
24900.0 255274.21891071057
24910.0 255552.29614838865
24920.0 252792.99043939373
24930.0 251774.53978237513
24940.0 248198.8261782541
24950.0 245896.92257899063
24960.0 250481.40898436212
24970.0 251536.9353944851
24980.0 249894.0118090053
24990.0 252381.01745395325
