#lam[Angstrom] flux[erg/cm2/s/A]
1010.0 25165.735194471374
1020.0 26057.983878044197
1030.0 89898.61219236533
1040.0 35436.610759591116
1050.0 26683.721795527985
1060.0 26924.944770456244
1070.0 28431.905390281765
1080.0 86043.39536481118
1090.0 87658.75580829222
1100.0 28101.046808621242
1110.0 28326.30653706873
1120.0 29427.573733016317
1130.0 28624.020287234976
1140.0 31085.775112655327
1150.0 29171.62213434287
1160.0 29726.299817794097
1170.0 29781.298487282347
1180.0 29909.5550577943
1190.0 30091.59598653774
1200.0 45373.670234141595
1210.0 40385.11464819361
1220.0 256947.02327843537
1230.0 37167.36771834311
1240.0 151511.61601035134
1250.0 52772.00856146838
1260.0 73437.03014436153
1270.0 75447.60897935307
1280.0 77895.74084338306
1290.0 84070.71214617594
1300.0 90534.87329442934
1310.0 99563.4328886938
1320.0 103997.30308683652
1330.0 105752.89590634502
1340.0 118029.75632270896
1350.0 113593.79307920104
1360.0 116302.53286087999
1370.0 118024.97358228755
1380.0 120527.40932315015
1390.0 275953.9997575074
1400.0 306882.0345246686
1410.0 226867.80521216453
1420.0 127974.51883806153
1430.0 125667.18649557598
1440.0 126311.81557672583
1450.0 127152.22385067167
1460.0 128152.86946876724
1470.0 129146.17607678931
1480.0 129754.36470145294
1490.0 203649.01920547936
1500.0 128471.03687812942
1510.0 128259.46410974053
1520.0 128400.2682714073
1530.0 134168.457822764
1540.0 127498.5744875236
1550.0 1810377.0984483976
1560.0 127549.81141860023
1570.0 127002.46950589186
1580.0 133071.1029503298
1590.0 126882.05281601578
1600.0 139117.15423266814
1610.0 126634.94371459768
1620.0 126624.88734383299
1630.0 125875.45584706943
1640.0 1151288.831886469
1650.0 124821.38587419495
1660.0 161460.30905950864
1670.0 219869.43220903323
1680.0 124021.69659971423
1690.0 123647.05531216328
1700.0 123141.7142983736
1710.0 122519.33968162804
1720.0 131527.53097743745
1730.0 123134.79289930908
1740.0 125465.96032447065
1750.0 186152.46137550613
1760.0 122039.03335345889
1770.0 122000.62995013148
1780.0 122368.24267805708
1790.0 130868.26756333001
1800.0 121548.18913239722
1810.0 149918.03411231335
1820.0 152493.22951012166
1830.0 119304.45281811753
1840.0 118543.44491655612
1850.0 127986.13735415821
1860.0 123120.39932741535
1870.0 117154.20174865736
1880.0 192080.08903182994
1890.0 240383.56121638598
1900.0 115988.46145383563
1910.0 779308.0306972528
1920.0 115186.293653639
1930.0 115698.3008597655
1940.0 113599.0629449168
1950.0 113537.10207830739
1960.0 112382.12117655686
1970.0 111720.61308138874
1980.0 111122.78935184953
1990.0 110635.0436819053
2000.0 109886.74367459255
2010.0 108929.12275900878
2020.0 104416.54347915812
2030.0 98485.14454152963
2040.0 95590.79732803108
2050.0 91242.93766294386
2060.0 89723.63738197323
2070.0 90401.94140670527
2080.0 88414.10538710504
2090.0 91164.34362124972
2100.0 89197.20342270088
2110.0 89210.80782360198
2120.0 91786.02151925121
2130.0 91658.93601055398
2140.0 96405.57295342324
2150.0 88193.44559576943
2160.0 88872.66897756759
2170.0 86733.07670682874
2180.0 90146.7858078838
2190.0 88180.01559342825
2200.0 89065.25953083367
2210.0 90140.97331050498
2220.0 94578.12363738188
2230.0 92538.64865950347
2240.0 94032.0398106696
2250.0 99873.07569295555
2260.0 97450.29229187357
2270.0 99393.23862998688
2280.0 101419.35846032816
2290.0 103536.54252978013
2300.0 108275.7262105068
2310.0 113914.07542129882
2320.0 119578.69569143679
2330.0 214281.94565530523
2340.0 135848.55427620563
2350.0 121138.5562446693
2360.0 118256.03215039898
2370.0 120572.1834393296
2380.0 122858.30490718994
2390.0 134300.90276029933
2400.0 127502.21759640615
2410.0 130147.26775947808
2420.0 131947.77836385826
2430.0 285699.0243553416
2440.0 136312.85997428893
2450.0 138909.47067477772
2460.0 140619.30584725886
2470.0 142777.13493686952
2480.0 144952.72229989298
2490.0 147174.43212859982
2500.0 149180.168952195
2510.0 166492.63290573176
2520.0 153661.07283097858
2530.0 155723.65421725644
2540.0 157463.0949460891
2550.0 159540.2291567617
2560.0 184815.77573515254
2570.0 163455.60674612038
2580.0 165552.59411416916
2590.0 171664.33657124228
2600.0 169597.41378157452
2610.0 171379.1431844498
2620.0 173120.03986110011
2630.0 175009.2951687833
2640.0 176984.13306767526
2650.0 178548.07491481377
2660.0 179759.19149126243
2670.0 201803.38393726983
2680.0 182833.69189168335
2690.0 184666.72581390754
2700.0 186409.1661629773
2710.0 187778.88299577305
2720.0 190148.44112935624
2730.0 203776.8971252764
2740.0 205533.94072707402
2750.0 194882.73867410893
2760.0 197423.55059053263
2770.0 198548.1411425773
2780.0 200351.52118111058
2790.0 799286.5591404777
2800.0 504809.2715306296
2810.0 206026.75936443437
2820.0 207710.60109724855
2830.0 323694.2082828334
2840.0 211048.02833835836
2850.0 225158.80666329784
2860.0 218688.46778601862
2870.0 216469.56483375837
2880.0 218367.40469959553
2890.0 219987.96834782584
2900.0 221651.2054193426
2910.0 223177.46597439377
2920.0 224812.91934265284
2930.0 262030.2679690776
2940.0 228125.35445293022
2950.0 234764.2533556457
2960.0 231510.65846914952
2970.0 233262.29720895475
2980.0 235656.78449492733
2990.0 236689.95572220098
3000.0 238122.81142086393
3010.0 239824.74019513055
3020.0 241652.37906428103
3030.0 243193.96142455423
3040.0 245019.06304269523
3050.0 246486.2590172655
3060.0 248055.37372030958
3070.0 249651.4601845881
3080.0 251124.10618581652
3090.0 252474.81374665795
3100.0 255118.91338013846
3110.0 256375.00581062466
3120.0 257977.763601923
3130.0 258716.63624136068
3140.0 260060.55393580673
3150.0 261490.98257381885
3160.0 262838.3839583478
3170.0 264024.4407304141
3180.0 265672.91720651736
3190.0 275670.2944273129
3200.0 268972.85532136646
3210.0 315712.27971465455
3220.0 272128.46611131314
3230.0 273869.72713306936
3240.0 275997.00595555676
3250.0 276566.2197910882
3260.0 278763.22795891296
3270.0 278982.0955339607
3280.0 280173.38556657924
3290.0 281650.40619567485
3300.0 282522.6921354878
3310.0 283754.17810823297
3320.0 284937.92131375946
3330.0 286224.1585411938
3340.0 317495.8855158414
3350.0 288942.5565898922
3360.0 292077.73533512285
3370.0 291482.2838682079
3380.0 292839.1436191543
3390.0 294370.4814149054
3400.0 295471.01737113786
3410.0 296584.10265862587
3420.0 336191.7270311635
3430.0 337354.4282498427
3440.0 300492.8405557961
3450.0 301147.1852743371
3460.0 302986.24905645446
3470.0 304794.5502870599
3480.0 306844.4241510377
3490.0 308164.5492513521
3500.0 306870.9692529249
3510.0 305357.0360559632
3520.0 304865.5389720357
3530.0 306655.05029089435
3540.0 306706.94476094097
3550.0 308300.4804205418
3560.0 308508.3859752233
3570.0 309394.3414045348
3580.0 319287.6144409233
3590.0 310056.2195762142
3600.0 309826.6957790426
3610.0 310054.48593665456
3620.0 312403.26059815515
3630.0 313735.62952646246
3640.0 312528.2898331065
3650.0 313333.89127737615
3660.0 317559.28990016656
3670.0 318346.27344295837
3680.0 315695.2450871637
3690.0 317328.95985331933
3700.0 317223.99024924904
3710.0 315020.0036659306
3720.0 277303.3186641583
3730.0 462315.95059818466
3740.0 241288.47896938308
3750.0 253859.85567351925
3760.0 242502.49894835267
3770.0 269801.84664049064
3780.0 243682.59193541115
3790.0 244260.07012991936
3800.0 263513.4149509461
3810.0 245389.92131325393
3820.0 248842.83910120698
3830.0 246486.5293266485
3840.0 272114.43156331195
3850.0 248758.60782420824
3860.0 496074.96217963606
3870.0 251868.87277868998
3880.0 302730.66551831964
3890.0 252877.98441610427
3900.0 299291.9199134723
3910.0 253856.75292105667
3920.0 253796.9219545995
3930.0 250504.57875653688
3940.0 249154.0244240653
3950.0 247104.01914096184
3960.0 324323.64537749765
3970.0 247846.80775172028
3980.0 301720.2271445498
3990.0 248571.9762072805
4000.0 249002.1939424224
4010.0 249378.1736099663
4020.0 257273.7486229832
4030.0 250153.02723990488
4040.0 250531.61404408986
4050.0 250904.18509876114
4060.0 251440.8777305083
4070.0 251627.86119603913
4080.0 283220.88766596204
4090.0 252302.07932528682
4100.0 337655.5033159116
4110.0 252888.08102298254
4120.0 253923.7029458565
4130.0 253456.81474023813
4140.0 254571.24030880354
4150.0 253866.71613037135
4160.0 253973.20402259834
4170.0 253878.73418191413
4180.0 253947.46256193708
4190.0 253990.41424895695
4200.0 256122.80196462033
4210.0 254528.40258774327
4220.0 254822.32367271266
4230.0 254971.770443183
4240.0 254977.17563375641
4250.0 255121.60379223782
4260.0 255309.34940511282
4270.0 255913.66894295294
4280.0 255769.41316485967
4290.0 256073.95151726922
4300.0 256213.3958696483
4310.0 256429.0065043502
4320.0 256638.82701954912
4330.0 405885.34546199645
4340.0 256856.43272419166
4350.0 285499.0928855462
4360.0 256920.06877429446
4370.0 257104.36514756735
4380.0 257398.63083635384
4390.0 257459.5704155486
4400.0 259020.06346242232
4410.0 257661.5433026765
4420.0 257741.75481483
4430.0 257786.6819398723
4440.0 258167.09283902228
4450.0 257997.4632289507
4460.0 269781.63225101994
4470.0 258219.58874338403
4480.0 258246.21019223417
4490.0 258350.65740960118
4500.0 258435.24744227726
4510.0 258589.8078930454
4520.0 258687.85581603646
4530.0 262011.50532900004
4540.0 258926.24070311253
4550.0 259036.94543117104
4560.0 259151.58094535558
4570.0 259252.69444841385
4580.0 259828.2746745038
4590.0 259454.36756065753
4600.0 260826.51275438722
4610.0 259637.13577794118
4620.0 260004.40494550875
4630.0 260526.1980304181
4640.0 261623.60942678995
4650.0 280436.19637498434
4660.0 262501.53010116745
4670.0 263260.91261374304
4680.0 262656.96823525074
4690.0 357219.3354256184
4700.0 264808.9447516767
4710.0 267738.68301088276
4720.0 277942.5790262862
4730.0 264013.1760429577
4740.0 274349.26797916554
4750.0 259571.90803782418
4760.0 265189.8606290118
4770.0 259599.6834476771
4780.0 259639.22177983916
4790.0 260981.6009872956
4800.0 259698.5001050504
4810.0 259721.68863104968
4820.0 259767.5734615897
4830.0 259793.43442201568
4840.0 259819.44703499269
4850.0 259833.77773307986
4860.0 558636.9821829136
4870.0 259885.56089996494
4880.0 265523.38163997093
4890.0 265549.61984455504
4900.0 259925.98407640684
4910.0 259937.31251031108
4920.0 259957.7162899863
4930.0 266230.19297176105
4940.0 259780.20923765295
4950.0 259465.22276490013
4960.0 1006904.252994112
4970.0 259117.35702514037
4980.0 266465.2264463075
4990.0 259047.6971131885
5000.0 259011.64955200828
5010.0 2510467.7645282946
5020.0 258844.08641191307
5030.0 258749.60343271666
5040.0 258616.12822301994
5050.0 258498.10734403378
5060.0 258903.59836858555
5070.0 258309.79918823723
5080.0 258738.03470758226
5090.0 258159.56962966162
5100.0 258086.27212872953
5110.0 258010.27930706344
5120.0 257912.5461426206
5130.0 257822.98505029443
5140.0 257660.99465772606
5150.0 257428.30754451992
5160.0 262183.9556921813
5170.0 257074.93766213325
5180.0 256964.22708520642
5190.0 264299.0308975019
5200.0 256703.5298051124
5210.0 257430.35949992388
5220.0 256466.56697491577
5230.0 256330.6833825668
5240.0 256217.99404640103
5250.0 256032.51496119762
5260.0 261780.99168695448
5270.0 261565.5947731988
5280.0 255496.71936021902
5290.0 255324.49178237736
5300.0 255100.60010844076
5310.0 254941.2868781518
5320.0 259498.38017190614
5330.0 254561.6099204802
5340.0 254432.87440123357
5350.0 254225.0382926581
5360.0 253994.16010899682
5370.0 253768.14141721703
5380.0 253550.9090018173
5390.0 253322.1087552825
5400.0 253123.0850196277
5410.0 252903.16588874726
5420.0 256501.52408414538
5430.0 256271.57172880095
5440.0 252331.71398710253
5450.0 252117.82117951202
5460.0 251842.01725318696
5470.0 251539.35949912152
5480.0 251263.3715248821
5490.0 251013.5481828547
5500.0 250790.52614547295
5510.0 251442.19114705911
5520.0 250341.69374568283
5530.0 250838.97980558494
5540.0 250555.36336950044
5550.0 249524.3187473278
5560.0 249233.3761283302
5570.0 248942.45139559018
5580.0 248695.320569029
5590.0 248798.03780712705
5600.0 248151.00082380744
5610.0 247838.5831932585
5620.0 247883.60011100487
5630.0 247276.84464185053
5640.0 247013.9352902284
5650.0 246767.39409558903
5660.0 246478.2573382165
5670.0 246221.25273284895
5680.0 245715.7344461433
5690.0 244964.01413876534
5700.0 244360.05577272785
5710.0 243801.7880310684
5720.0 243516.40353011477
5730.0 253715.98800668938
5740.0 242895.2476907655
5750.0 242552.11106619303
5760.0 245065.88347146477
5770.0 241906.8635580471
5780.0 241612.24411219676
5790.0 241328.97934683814
5800.0 241002.96703964274
5810.0 240688.7299875039
5820.0 244934.2961891303
5830.0 240004.26651544703
5840.0 239636.90551829006
5850.0 239306.89547072086
5860.0 238976.3677563544
5870.0 238666.13061261596
5880.0 268709.9327010117
5890.0 238046.3840479812
5900.0 237738.0257222104
5910.0 237448.25031624653
5920.0 237126.0983928439
5930.0 236824.11082477644
5940.0 236480.98636358097
5950.0 236080.96081645193
5960.0 235679.90173176167
5970.0 235860.70863791928
5980.0 235011.1248758989
5990.0 234704.06595236578
6000.0 234700.1033052932
6010.0 234091.01290919766
6020.0 233786.2598980328
6030.0 233593.74192449087
6040.0 233130.70637713082
6050.0 232791.15590537916
6060.0 232477.1482554475
6070.0 232158.94280886368
6080.0 231854.25646654717
6090.0 247987.15404091985
6100.0 231104.73271624013
6110.0 230711.4908711798
6120.0 230503.29151582115
6130.0 230047.914465353
6140.0 229739.837503604
6150.0 229443.17952435793
6160.0 229046.68881420474
6170.0 228694.4019615066
6180.0 228519.91478866822
6190.0 228022.02252260424
6200.0 227716.0386470221
6210.0 227405.99527245975
6220.0 227018.31193589093
6230.0 226657.43207343546
6240.0 226482.88603964666
6250.0 225984.14657717777
6260.0 225673.22037398556
6270.0 225375.19778422042
6280.0 225038.37129532313
6290.0 224724.57924773553
6300.0 248811.7330756188
6310.0 224076.57523865474
6320.0 223772.6608163214
6330.0 223456.38479504
6340.0 223112.69981995857
6350.0 222713.8812070201
6360.0 222232.44537294266
6370.0 226874.61415397626
6380.0 221456.0193616354
6390.0 221147.90737475656
6400.0 221145.9752169775
6410.0 220621.7846677216
6420.0 220313.2069753823
6430.0 222184.40361047207
6440.0 219725.0295584201
6450.0 219422.2657685316
6460.0 219093.26945204975
6470.0 218829.1972652217
6480.0 218446.2052113662
6490.0 218124.56689114514
6500.0 217761.6009587581
6510.0 217365.20397275634
6520.0 216951.90483119266
6530.0 217204.52977512582
6540.0 216210.14534601464
6550.0 215828.8848175051
6560.0 1004015.6905301716
6570.0 215141.71317422608
6580.0 214833.68167902945
6590.0 319444.3376470874
6600.0 214178.5353090537
6610.0 213852.54095672834
6620.0 213549.2225190237
6630.0 213192.77995218593
6640.0 212802.31134532017
6650.0 212346.04350573345
6660.0 211901.50167394395
6670.0 211617.37389514287
6680.0 211217.43575437285
6690.0 218176.3953411129
6700.0 210514.15128609628
6710.0 210034.9046492829
6720.0 209585.65311440753
6730.0 261746.03830919153
6740.0 208951.9213114928
6750.0 208553.28434002431
6760.0 208258.187110113
6770.0 207915.27776650453
6780.0 207532.01896360875
6790.0 209989.5544706733
6800.0 206820.75411467673
6810.0 206480.61623842095
6820.0 206086.11575482972
6830.0 205747.8260100384
6840.0 205266.65328069538
6850.0 204788.58253358174
6860.0 204348.60165013222
6870.0 203957.16572405054
6880.0 203578.61068609732
6890.0 203107.61325462855
6900.0 203559.86874620503
6910.0 202486.18426242843
6920.0 202043.85260384053
6930.0 201880.316388732
6940.0 201520.87451453117
6950.0 201332.66851556947
6960.0 200973.6077591724
6970.0 200577.62134173987
6980.0 200202.3866028621
6990.0 199823.2606040902
7000.0 203983.69569325785
7010.0 199270.27485590777
7020.0 199047.27410821096
7030.0 198908.09926639058
7040.0 199018.762178429
7050.0 198829.42306429852
7060.0 197548.24417239914
7070.0 218033.9246757323
7080.0 197089.5070134987
7090.0 196372.31805772873
7100.0 196025.72094156456
7110.0 195753.14536732153
7120.0 195558.5365731785
7130.0 194809.77923263982
7140.0 222303.08379691842
7150.0 194373.37868532966
7160.0 194092.25268746313
7170.0 193803.17784769167
7180.0 194821.36063726156
7190.0 193419.3648630349
7200.0 192934.6849074969
7210.0 192648.24836095414
7220.0 192417.75214048463
7230.0 192036.9891503195
7240.0 191674.54445124607
7250.0 198043.48222636202
7260.0 191204.36030385568
7270.0 190808.90920600563
7280.0 190398.44725213645
7290.0 198071.7620600533
7300.0 190070.02527665778
7310.0 189843.71584744207
7320.0 224773.05667560766
7330.0 189370.56350653133
7340.0 187948.74928405994
7350.0 186990.673618667
7360.0 186959.19783339225
7370.0 186827.41104959595
7380.0 185790.31431667393
7390.0 185274.55630554399
7400.0 184846.4344038618
7410.0 184333.3068750811
7420.0 183709.76490863657
7430.0 183658.26184307665
7440.0 183297.87354306452
7450.0 182485.23394051896
7460.0 182303.45912738465
7470.0 182138.54484090806
7480.0 181690.83357255685
7490.0 181551.91402877987
7500.0 181275.52270523112
7510.0 180728.67498460604
7520.0 180567.61335113595
7530.0 180297.63013959987
7540.0 179952.72673615642
7550.0 180540.8118928325
7560.0 179385.86265612527
7570.0 179156.97969591763
7580.0 179840.8496602939
7590.0 178217.92338602938
7600.0 177908.8858471045
7610.0 177416.8267209383
7620.0 179182.88078946085
7630.0 176093.28143668998
7640.0 174858.247454723
7650.0 173928.30648085393
7660.0 173844.7212454536
7670.0 173024.6391127045
7680.0 172615.53797053435
7690.0 172131.79221321637
7700.0 173016.63890843545
7710.0 171375.63340819086
7720.0 171319.56089473754
7730.0 171602.9605989881
7740.0 178627.84315475074
7750.0 172292.7196281466
7760.0 172424.81201758815
7770.0 172478.0506390067
7780.0 172479.3071455362
7790.0 172078.02169942297
7800.0 169915.77965434192
7810.0 171765.89886472048
7820.0 171863.8833285577
7830.0 171726.38029570438
7840.0 171589.82434857797
7850.0 171459.45833205714
7860.0 171278.46903642808
7870.0 170959.7990842634
7880.0 170888.0457184587
7890.0 170767.43310300712
7900.0 170470.36366460478
7910.0 169801.16440393028
7920.0 169505.4985721209
7930.0 169002.82218901737
7940.0 168391.99600620798
7950.0 166464.20630165577
7960.0 168777.72897746172
7970.0 175579.81921570672
7980.0 167768.05653095857
7990.0 167463.64787682108
8000.0 167615.56755552988
8010.0 166788.67149841116
8020.0 166828.22993184425
8030.0 166950.95766401003
8040.0 166927.51971531878
8050.0 167037.9948739723
8060.0 166161.71392291406
8070.0 166363.44164423493
8080.0 166410.2491243554
8090.0 166969.41302753473
8100.0 167322.10666797927
8110.0 167187.6595860489
8120.0 167140.39333348227
8130.0 167892.47939723497
8140.0 166908.12190602586
8150.0 165390.55846007686
8160.0 162998.87145613908
8170.0 161988.0840431023
8180.0 156785.48635778762
8190.0 156165.1744604786
8200.0 156346.08573119028
8210.0 158053.20821334995
8220.0 158754.35185151035
8230.0 158895.82738200962
8240.0 159307.08626085965
8250.0 159232.3689065583
8260.0 160724.63424505087
8270.0 158106.4978750459
8280.0 157543.62435789526
8290.0 157269.63547267797
8300.0 156798.09334217705
8310.0 157088.7941941981
8320.0 157355.30490417194
8330.0 156945.0453239266
8340.0 158582.24669003405
8350.0 156482.85720511622
8360.0 156767.43547011737
8370.0 156718.18494646047
8380.0 158376.6381420691
8390.0 155236.5162657533
8400.0 156244.63004833614
8410.0 156519.4837515312
8420.0 156822.87709428876
8430.0 155084.4294518954
8440.0 153678.32427238845
8450.0 153859.5433192021
8460.0 155141.47070074183
8470.0 155915.0331012098
8480.0 156173.263564313
8490.0 156454.2837132566
8500.0 156279.18643947583
8510.0 156053.09009300344
8520.0 152950.05969717194
8530.0 153366.8519645007
8540.0 153021.00873041994
8550.0 154417.06962179893
8560.0 152914.6991486701
8570.0 151823.7680307787
8580.0 148941.530890958
8590.0 148468.23837305896
8600.0 143854.06592529613
8610.0 144224.20441046482
8620.0 144086.07791646756
8630.0 142978.99719605234
8640.0 157476.38411452342
8650.0 142322.19885571115
8660.0 142392.9769000244
8670.0 141712.62203258448
8680.0 143207.74861316313
8690.0 141481.46346876986
8700.0 140591.7776941593
8710.0 140935.02585701068
8720.0 140896.4870293319
8730.0 141617.3609715963
8740.0 141307.33933481292
8750.0 140796.861945001
8760.0 142231.47414993474
8770.0 144090.5839679875
8780.0 142129.37244967808
8790.0 143107.21278812992
8800.0 143714.4142183496
8810.0 143378.25992110386
8820.0 142958.6048425505
8830.0 143978.24517446564
8840.0 146501.0248836623
8850.0 148613.87237873045
8860.0 143469.49782281157
8870.0 140412.02235432243
8880.0 141294.22592098988
8890.0 141701.40346127382
8900.0 147188.69111856056
8910.0 143870.58272762
8920.0 143354.23645733128
8930.0 145711.14998026405
8940.0 139110.46807068016
8950.0 141796.7864561717
8960.0 144445.93762217875
8970.0 144089.21482227396
8980.0 145830.57805347003
8990.0 148411.2789635476
9000.0 146733.1832712977
9010.0 147575.22233481013
9020.0 146269.18516720066
9030.0 151329.9789408254
9040.0 147372.79262376713
9050.0 148252.0618620364
9060.0 145470.3865587736
9070.0 146759.7538688431
9080.0 221595.97398155538
9090.0 149926.7092676542
9100.0 152367.62216420638
9110.0 153696.32640669518
9120.0 152961.088212912
9130.0 154041.2907140446
9140.0 153476.16397518155
9150.0 154042.65373015037
9160.0 157528.5261783367
9170.0 157659.4706511651
9180.0 156346.10711190602
9190.0 161672.396871388
9200.0 158506.11091096612
9210.0 148369.05840296595
9220.0 155848.94404610991
9230.0 142622.8308946056
9240.0 144138.68448723713
9250.0 141382.73053328702
9260.0 144795.05376384986
9270.0 144999.41158278618
9280.0 140469.99087528512
9290.0 139876.4501173165
9300.0 138554.84642875646
9310.0 140150.2142676809
9320.0 138838.25343410968
9330.0 140734.88729483273
9340.0 142586.09624299867
9350.0 140435.50140726304
9360.0 145042.89689476113
9370.0 141666.4379998678
9380.0 142316.67332553506
9390.0 141848.12261035244
9400.0 141889.7373891537
9410.0 146714.97659756272
9420.0 144896.2558181393
9430.0 148245.5067188053
9440.0 144118.47287904203
9450.0 147794.48183527193
9460.0 145947.35155156546
9470.0 147996.45501578716
9480.0 151082.69766449896
9490.0 152302.02093890478
9500.0 152694.64105239915
9510.0 150623.38146704415
9520.0 152873.03587368323
9530.0 154779.56614093177
9540.0 241269.06241706852
9550.0 242810.78048266022
9560.0 153121.58798258414
9570.0 156524.9446916693
9580.0 158299.2003665819
9590.0 156072.4084619177
9600.0 148817.44825469243
9610.0 155576.85609313482
9620.0 159005.6145544268
9630.0 156911.5287249015
9640.0 144544.0794530837
9650.0 153121.65212441515
9660.0 160681.16158628237
9670.0 154386.4162898552
9680.0 151944.0845365353
9690.0 158435.88987308292
9700.0 160594.02464961645
9710.0 154220.7246241057
9720.0 158528.72472058175
9730.0 147182.62806785607
9740.0 147549.53090438526
9750.0 151219.3442042618
9760.0 153088.4736857661
9770.0 151600.04158236083
9780.0 149861.5771886463
9790.0 150999.29745578676
9800.0 158374.121775906
9810.0 154310.08342371794
9820.0 153743.94641314316
9830.0 151143.74751484825
9840.0 150934.02910339436
9850.0 155719.03668479715
9860.0 156147.62223313918
9870.0 156659.11689497248
9880.0 162458.4631281719
9890.0 158900.83074543223
9900.0 126011.08058132921
9910.0 118149.36570150714
9920.0 119127.48393980968
9930.0 121665.31883609707
9940.0 128743.91972995899
9950.0 132547.5203644937
9960.0 131796.4867728508
9970.0 126246.86703001856
9980.0 125294.40304895153
9990.0 125821.91389040893
10010.0 124329.19477564808
10020.0 127114.69086080632
10030.0 139946.6337638054
10040.0 127981.93840974866
10050.0 122336.12540077479
10060.0 120420.81470370303
10070.0 128726.89982365353
10080.0 130976.29892326561
10090.0 127157.19827211967
10100.0 138007.01395321806
10110.0 127329.54356911832
10120.0 128952.39016073418
10130.0 148130.47039499972
10140.0 129182.09989929355
10150.0 130773.12267276202
10160.0 125569.65206973892
10170.0 134050.84571475646
10180.0 127593.0929793562
10190.0 130046.79424825696
10200.0 131329.60638882453
10210.0 135504.77673782653
10220.0 129175.18754692836
10230.0 130501.40570898818
10240.0 143730.62526613087
10250.0 126970.72650270083
10260.0 120861.5178697253
10270.0 124478.70035236565
10280.0 121188.03772689452
10290.0 129331.27655197558
10300.0 125446.8705297088
10310.0 133534.43615245665
10320.0 124909.37111630995
10330.0 132527.19803208188
10340.0 140108.4637557873
10350.0 129550.81912402232
10360.0 134628.12852584943
10370.0 144174.33814054576
10380.0 129662.6845496645
10390.0 127693.35561009531
10400.0 140275.08827468267
10410.0 136208.88654964961
10420.0 133337.66629024682
10430.0 126958.44188949848
10440.0 141369.1227516097
10450.0 144613.34853745252
10460.0 143298.8390238952
10470.0 125169.52584174203
10480.0 133949.21766412797
10490.0 141261.25762520032
10500.0 138601.49180511694
10510.0 130718.616997081
10520.0 127403.47479872729
10530.0 153562.51359897025
10540.0 136033.2080300093
10550.0 139186.4410258749
10560.0 134334.96702987686
10570.0 129620.70203054044
10580.0 147146.92595587758
10590.0 135083.88316179725
10600.0 143754.92112022167
10610.0 141962.58838645043
10620.0 130735.77107254777
10630.0 147891.14692443665
10640.0 143524.80661345474
10650.0 135819.50365860778
10660.0 139507.04962755437
10670.0 136505.02429689158
10680.0 138350.7952565012
10690.0 139637.81351608285
10700.0 141463.17258924904
10710.0 144129.48980930622
10720.0 150009.17237268778
10730.0 136115.59428336433
10740.0 141118.79685980122
10750.0 152937.3226253262
10760.0 139480.45578762938
10770.0 153269.95010688438
10780.0 153977.15388514404
10790.0 147575.81230191706
10800.0 146355.08303999086
10810.0 140625.69372981033
10820.0 413931.3675208441
10830.0 159447.86501306744
10840.0 159836.22090411838
10850.0 142336.45715541416
10860.0 143471.36301001668
10870.0 152340.07547374244
10880.0 161554.68030008464
10890.0 152604.59538314166
10900.0 162274.7251121326
10910.0 142260.8625903588
10920.0 166041.98472335254
10930.0 153179.8479835054
10940.0 161938.062855795
10950.0 149535.12630214138
10960.0 147585.45471364778
10970.0 150949.6930008071
10980.0 139415.8440717854
10990.0 156082.25949249524
11000.0 150993.89916584844
11010.0 149972.93512701205
11020.0 143906.08863106527
11030.0 142853.65634505535
11040.0 146278.45688722903
11050.0 132949.38612004928
11060.0 146086.35009997617
11070.0 142703.5901616988
11080.0 140171.00258544623
11090.0 143705.0120661589
11100.0 141300.33800151857
11110.0 140284.2339140544
11120.0 140154.77735774912
11130.0 142106.55532272143
11140.0 149819.8559148284
11150.0 140865.88783984297
11160.0 147656.1084795791
11170.0 144714.75911917287
11180.0 154355.7418892161
11190.0 140151.3080929431
11200.0 141188.36668221053
11210.0 141755.77161390326
11220.0 140892.68078709947
11230.0 154133.99668783625
11240.0 152364.63823242302
11250.0 150298.67774961444
11260.0 156488.70914649562
11270.0 154318.52232190792
11280.0 146573.32319795818
11290.0 148256.95909722897
11300.0 141967.01513059682
11310.0 149527.76189016752
11320.0 154167.79838034557
11330.0 145090.6972308511
11340.0 139937.74982234096
11350.0 143199.51047781965
11360.0 138030.4539871635
11370.0 130867.49689890286
11380.0 111620.02416093092
11390.0 126678.29144985325
11400.0 111338.13047388292
11410.0 119939.27639267425
11420.0 136971.14947263547
11430.0 143341.87056562357
11440.0 143454.24893667834
11450.0 142355.05459502508
11460.0 146881.03278237378
11470.0 153951.2888020064
11480.0 151434.41309651735
11490.0 156923.8300164532
11500.0 160261.19296595894
11510.0 155058.16719915732
11520.0 151231.6244377602
11530.0 155465.6009172085
11540.0 145159.50519205007
11550.0 150983.56243388512
11560.0 152521.91995553175
11570.0 153497.001784196
11580.0 154516.03804238152
11590.0 147687.39844217728
11600.0 148828.6797645989
11610.0 143052.01847156382
11620.0 146234.13317899918
11630.0 149810.28138399858
11640.0 145442.91108271666
11650.0 142681.77473235896
11660.0 143114.90207463
11670.0 136912.9742939408
11680.0 117142.85589467493
11690.0 92959.58945950535
11700.0 116140.64953430592
11710.0 131957.78331059785
11720.0 137817.1554560929
11730.0 136072.92813397152
11740.0 130479.23981720534
11750.0 122762.48841238562
11760.0 110966.43435333428
11770.0 88290.10551055532
11780.0 101556.92653112173
11790.0 120221.54676401825
11800.0 127778.27611298305
11810.0 130877.25152746623
11820.0 134678.2150074062
11830.0 136162.77857469264
11840.0 140240.786127016
11850.0 138407.81907025812
11860.0 146739.35755563626
11870.0 150131.20933219374
11880.0 131417.0938979809
11890.0 141059.00934969942
11900.0 151244.75067244476
11910.0 146896.4558246071
11920.0 151439.78606557095
11930.0 152018.93142836358
11940.0 142366.7609518574
11950.0 139193.45926552935
11960.0 138551.20978189798
11970.0 126061.230539832
11980.0 134401.95559661125
11990.0 131715.13860012605
12000.0 136741.90361456972
12010.0 138477.80086431024
12020.0 140489.0561268869
12030.0 135433.33836980734
12040.0 148205.2314835604
12050.0 143406.1175127699
12060.0 153977.00799837438
12070.0 142812.57362103433
12080.0 152125.88182188774
12090.0 141434.83292445733
12100.0 149137.61455728568
12110.0 135423.23630799848
12120.0 149502.95684965368
12130.0 142147.9189040236
12140.0 155050.45970599822
12150.0 157923.51344277392
12160.0 145296.64530313123
12170.0 161032.19645250228
12180.0 153027.20114952297
12190.0 153372.53732764948
12200.0 143376.3987128048
12210.0 148178.71171719613
12220.0 147794.4958841072
12230.0 151653.34648783808
12240.0 152032.94433764118
12250.0 158993.54253109347
12260.0 156576.89996449478
12270.0 152951.06433679568
12280.0 163139.28361468262
12290.0 152350.71653370018
12300.0 157947.39990496583
12310.0 154771.59041142778
12320.0 152094.49262466322
12330.0 150090.24807511433
12340.0 152562.90375363964
12350.0 156441.36537473352
12360.0 149538.44611739664
12370.0 150620.4395009958
12380.0 162537.4059060519
12390.0 140542.38579474285
12400.0 139938.30607245068
12410.0 133073.95247744632
12420.0 123209.21996686935
12430.0 98797.64487726995
12440.0 119642.89118901719
12450.0 142498.95761668182
12460.0 143652.97945538198
12470.0 144802.17594667163
12480.0 142931.92662753246
12490.0 144978.41294144065
12500.0 139826.11617307924
12510.0 125271.74251341824
12520.0 92477.85455350822
12530.0 115689.26046793666
12540.0 134830.45753101405
12550.0 141300.46908898564
12560.0 146983.41208551722
12570.0 191970.66208826864
12580.0 152129.4930029962
12590.0 141874.50523718054
12600.0 155031.32219193687
12610.0 154161.18121747932
12620.0 148351.32551220525
12630.0 148023.70297615783
12640.0 140099.89809179367
12650.0 151718.69278116093
12660.0 154983.12227076042
12670.0 150732.91756649548
12680.0 158618.37501267513
12690.0 157705.66076197597
12700.0 147822.34154544375
12710.0 155760.0201536262
12720.0 161739.4437507511
12730.0 156098.8206384235
12740.0 144829.58376404733
12750.0 148240.75690837335
12760.0 159204.27098610945
12770.0 155025.07031792798
12780.0 148660.05777485628
12790.0 159398.94204762953
12800.0 153132.90930339505
12810.0 154490.93286134762
12820.0 187870.54072412822
12830.0 153453.34785855463
12840.0 151248.07803316758
12850.0 154349.56609156745
12860.0 138498.7760065408
12870.0 151950.5506398544
12880.0 148653.60012205987
12890.0 147919.31591187633
12900.0 143310.8657899258
12910.0 140824.5508630284
12920.0 149502.5647051024
12930.0 147786.86329087956
12940.0 150583.61170018654
12950.0 151584.85909609502
12960.0 152480.00039566608
12970.0 150495.5341585491
12980.0 154821.31630324188
12990.0 146079.8462499187
13000.0 155238.47696558703
13010.0 148044.00834303346
13020.0 155485.38167262613
13030.0 154963.8933234632
13040.0 157072.69001562594
13050.0 153172.55714988205
13060.0 152284.72248294964
13070.0 149434.87233202512
13080.0 148215.7498798197
13090.0 143857.43326183702
13100.0 155049.0413405899
13110.0 152868.02843710873
13120.0 148130.35754569032
13130.0 141749.98938804958
13140.0 147222.88489580157
13150.0 147770.69452826984
13160.0 151631.42200520067
13170.0 152373.17194357084
13180.0 147018.19014102514
13190.0 152528.52838553244
13200.0 146556.75499029743
13210.0 154068.74518864628
13220.0 145651.50502768857
13230.0 143328.0201081247
13240.0 144419.25399822666
13250.0 134087.40130890548
13260.0 143003.16733773277
13270.0 132095.87516262103
13280.0 143964.5586401404
13290.0 127427.81282251657
13300.0 132524.79991624455
13310.0 119619.48756353983
13320.0 97301.93227598834
13330.0 120189.45564240153
13340.0 94993.21845806224
13350.0 84483.23494824496
13360.0 88667.24699040873
13370.0 83145.92296126243
13380.0 87163.83798326066
13390.0 92792.25113428605
13400.0 86466.08602603409
13410.0 91246.84435674606
13420.0 84110.74393624315
13430.0 83314.60268062231
13440.0 79432.5061536583
13450.0 90458.12016141525
13460.0 84726.85291762865
13470.0 84082.42354846424
13480.0 81120.1640748857
13490.0 90361.77128269641
13500.0 73017.55461016142
13510.0 85364.3676619536
13520.0 80056.90225083166
13530.0 84873.52868654291
13540.0 73351.19446542147
13550.0 78548.31019959325
13560.0 85421.77309056299
13570.0 77530.59352874289
13580.0 81235.1842853053
13590.0 78690.61464044286
13600.0 88907.63706450333
13610.0 77919.05761582722
13620.0 76773.84357907446
13630.0 90187.48824307835
13640.0 80460.84109654174
13650.0 86900.97385672093
13660.0 85092.96639472607
13670.0 87492.33705146142
13680.0 81792.7768399727
13690.0 85616.2191377035
13700.0 85397.69104348947
13710.0 77753.13013067961
13720.0 87489.31114588963
13730.0 84802.65353812094
13740.0 84846.1708856943
13750.0 91768.23917375234
13760.0 85313.96736257116
13770.0 89327.19558101936
13780.0 85520.32921468998
13790.0 92115.33568802988
13800.0 87086.29359830619
13810.0 93872.34653502612
13820.0 76313.35097748066
13830.0 83959.75105354007
13840.0 90746.40538392699
13850.0 83948.92644077129
13860.0 82630.0267718996
13870.0 92384.46606366434
13880.0 79714.99381840252
13890.0 89683.47555799247
13900.0 78618.57396650565
13910.0 79258.3160341513
13920.0 75438.15944878262
13930.0 85685.74879796398
13940.0 81442.25885519825
13950.0 74623.89152130314
13960.0 82620.04311077112
13970.0 77286.31068425367
13980.0 73717.04335741492
13990.0 80390.58321254124
14000.0 76007.28570103458
14010.0 76590.87833808275
14020.0 82307.96921700833
14030.0 82858.77828405438
14040.0 77660.66918383326
14050.0 76982.34117049011
14060.0 85113.5971994221
14070.0 73278.95695896
14080.0 78914.54734708097
14090.0 71293.56725375881
14100.0 75838.01835723966
14110.0 75937.07735724666
14120.0 70845.04327895315
14130.0 79757.27933124203
14140.0 68268.93949990855
14150.0 78531.90166966719
14160.0 78294.94158110706
14170.0 68372.07910346097
14180.0 74747.1624118026
14190.0 68774.02815518595
14200.0 72950.67260167908
14210.0 77945.28358705947
14220.0 72687.72697454816
14230.0 70023.10001239798
14240.0 72175.322420713
14250.0 71151.016183635
14260.0 71462.90543995527
14270.0 72945.02398279586
14280.0 67203.0623495023
14290.0 70210.8288284081
14300.0 81870.68712993909
14310.0 71898.39710453586
14320.0 71175.55502954275
14330.0 73110.98598903863
14340.0 68404.1171587646
14350.0 74928.95055113902
14360.0 73955.45341721443
14370.0 76888.01374208723
14380.0 75960.36190990359
14390.0 66247.86647139145
14400.0 76465.3086921719
14410.0 68271.12676406227
14420.0 71889.11510109282
14430.0 82401.61807676585
14440.0 70918.01078949124
14450.0 66044.39584776321
14460.0 74254.61334657049
14470.0 69946.52986055939
14480.0 74629.830592818
14490.0 79323.80377029142
14500.0 66631.77699175297
14510.0 76088.74782227003
14520.0 80311.78159559064
14530.0 73984.67728336883
14540.0 73250.2753490408
14550.0 78255.69053035567
14560.0 70641.87934085102
14570.0 71661.05961826775
14580.0 83134.34747428841
14590.0 80630.637222935
14600.0 77259.59088495566
14610.0 74520.2064659729
14620.0 70254.86150050651
14630.0 70157.84322606341
14640.0 79416.03272863882
14650.0 80741.06364754372
14660.0 77043.74399404801
14670.0 74527.26230446687
14680.0 69197.2783714511
14690.0 70783.57240114
14700.0 74882.05548293993
14710.0 76012.2813658613
14720.0 79092.13641253591
14730.0 77902.5178727847
14740.0 71366.59973124765
14750.0 72398.53369780266
14760.0 74487.96889874534
14770.0 76286.94622492354
14780.0 82332.68683856406
14790.0 75340.41692642945
14800.0 72962.27896325313
14810.0 75104.0500509926
14820.0 73943.86017560447
14830.0 78871.64901059671
14840.0 77571.8125435814
14850.0 74547.04446321048
14860.0 80573.43064306777
14870.0 76367.29998391279
14880.0 73640.07324838878
14890.0 75647.81164813705
14900.0 74553.57014155413
14910.0 81179.8225970958
14920.0 75997.16586148096
14930.0 80114.0926350606
14940.0 74706.35142949957
14950.0 74765.25815726482
14960.0 75379.47099346017
14970.0 80839.06601317058
14980.0 81110.97186659143
14990.0 77579.64222645365
15000.0 77899.66155660746
15010.0 76438.04380642548
15020.0 76080.88067633582
15030.0 78791.52125189363
15040.0 83257.5997793419
15050.0 80560.70281284666
15060.0 79953.88266230734
15070.0 78919.66763205481
15080.0 76981.02381162852
15090.0 85384.15301030887
15100.0 78990.46320478922
15110.0 80491.15219465326
15120.0 84187.72002980873
15130.0 77587.57234642454
15140.0 88935.27214229392
15150.0 85278.9481554743
15160.0 79530.32837233672
15170.0 73804.94743098792
15180.0 83214.95389173951
15190.0 83672.97209683056
15200.0 83175.79300055462
15210.0 87933.03585848316
15220.0 81383.0581765565
15230.0 90496.3740326751
15240.0 81461.43753770128
15250.0 82646.96340367748
15260.0 79914.23113060533
15270.0 82931.88704241936
15280.0 83543.32379251243
15290.0 86548.88978997193
15300.0 85681.77915056312
15310.0 86064.27746384323
15320.0 75970.11800015582
15330.0 86909.01397549864
15340.0 88310.2321895
15350.0 89769.65548944878
15360.0 86403.71460134478
15370.0 86368.07789840794
15380.0 86681.94535624378
15390.0 87486.22033671281
15400.0 83996.3712016767
15410.0 87896.80650171387
15420.0 84170.74275447059
15430.0 86272.30014882132
15440.0 85087.73943560329
15450.0 91279.93814384751
15460.0 90452.46626383634
15470.0 84591.00276832162
15480.0 89425.17733240526
15490.0 89813.05235687271
15500.0 85193.83902598431
15510.0 88644.722143803
15520.0 92364.03000550231
15530.0 88486.78676333989
15540.0 90364.99505546576
15550.0 90432.23215421775
15560.0 90808.44012382522
15570.0 86838.4865887822
15580.0 86827.96277986676
15590.0 91423.10992022768
15600.0 88924.87571081874
15610.0 89165.74035862231
15620.0 92185.06789091186
15630.0 91633.89640294395
15640.0 91618.44185975159
15650.0 86453.62631190872
15660.0 91173.52733805784
15670.0 96474.22079556002
15680.0 95709.10487765535
15690.0 90698.97424106926
15700.0 92871.50518542062
15710.0 93678.77302194881
15720.0 91917.89782656055
15730.0 93853.26276876064
15740.0 96913.83770254414
15750.0 94162.36915906539
15760.0 94125.50895718312
15770.0 95182.01627200656
15780.0 92566.65421638216
15790.0 96345.55090113886
15800.0 91986.02363957855
15810.0 95384.32573902539
15820.0 96675.21184096938
15830.0 96292.02739149834
15840.0 93392.60624468679
15850.0 95797.1463772071
15860.0 96507.02521122611
15870.0 98830.37188483978
15880.0 98724.09493701914
15890.0 97516.48554126912
15900.0 95578.69229283364
15910.0 97276.26613143984
15920.0 97736.85942053847
15930.0 96683.56892276698
15940.0 97119.64666144189
15950.0 99961.88248677686
15960.0 99799.2604629719
15970.0 100294.46347923852
15980.0 98363.20368207255
15990.0 96571.55418958091
16000.0 98320.1101359164
16010.0 100793.68068054582
16020.0 97973.67674960262
16030.0 100784.66203177192
16040.0 96413.16093755056
16050.0 99101.08886211083
16060.0 99065.92113950191
16070.0 101712.8586224456
16080.0 100306.3020305535
16090.0 99824.21333658815
16100.0 99113.22199191975
16110.0 99602.67465800936
16120.0 100226.30593605188
16130.0 99373.453390711
16140.0 101224.91749711793
16150.0 99791.4919066361
16160.0 101526.25256427901
16170.0 103595.02566843493
16180.0 101107.66569580605
16190.0 98152.86080782967
16200.0 100213.40202985435
16210.0 99360.91618043472
16220.0 102264.32048092439
16230.0 102245.66908550143
16240.0 101957.74934866483
16250.0 100448.43127039826
16260.0 101096.78607439875
16270.0 102562.48202538487
16280.0 101938.54208430368
16290.0 101371.15781349364
16300.0 101813.36952891888
16310.0 102269.41017932314
16320.0 98912.391378227
16330.0 104496.00951001901
16340.0 100906.69324978393
16350.0 101919.22037185417
16360.0 101156.88408827409
16370.0 104561.92354882533
16380.0 103469.23297105063
16390.0 101968.77080362303
16400.0 102971.86225929995
16410.0 100452.09718481952
16420.0 101068.04277860366
16430.0 102474.39012817743
16440.0 103203.34125889344
16450.0 103669.64284578618
16460.0 135078.41388780522
16470.0 104024.94582399007
16480.0 104049.56266469398
16490.0 100308.95717367495
16500.0 101322.56601235416
16510.0 102077.30514379623
16520.0 102331.75457968618
16530.0 102855.96132000006
16540.0 101707.70188584746
16550.0 102563.50205008492
16560.0 103595.98318769527
16570.0 102482.38346629901
16580.0 102675.04412324134
16590.0 100972.7951701727
16600.0 101152.92209546367
16610.0 101421.94244965694
16620.0 101671.67014133443
16630.0 103158.30891991133
16640.0 102032.63617410083
16650.0 104095.9073319278
16660.0 102718.56016768972
16670.0 100204.29578060456
16680.0 101863.13124655612
16690.0 101916.35922701325
16700.0 101687.0177355982
16710.0 101080.21501448858
16720.0 101176.19375735369
16730.0 102200.73404679656
16740.0 100825.10447524997
16750.0 102996.83214191954
16760.0 101655.78867328526
16770.0 100625.53234367828
16780.0 102125.97075226156
16790.0 105956.72754333634
16800.0 102349.04917320996
16810.0 101462.0043723344
16820.0 101160.71193417785
16830.0 101293.85620895395
16840.0 100583.55579780524
16850.0 100602.2634731173
16860.0 100203.56612398183
16870.0 99874.05334962532
16880.0 97402.01315543817
16890.0 98061.53990878588
16900.0 100641.90342710221
16910.0 100375.04631977936
16920.0 93548.49813545734
16930.0 99909.03187412398
16940.0 95885.36671088659
16950.0 96834.26083250107
16960.0 95453.61266151952
16970.0 91388.89145543418
16980.0 96756.94370575037
16990.0 92837.17548025491
17000.0 93105.67547734512
17010.0 95109.65421068945
17020.0 95248.8519545731
17030.0 93515.39282184652
17040.0 91042.8685362123
17050.0 91572.29782839956
17060.0 92162.0066327413
17070.0 91500.54411609794
17080.0 84206.46873252439
17090.0 92268.71880888144
17100.0 90842.64763314191
17110.0 83859.78536676975
17120.0 85867.98128404829
17130.0 86196.33748344239
17140.0 81648.56115991485
17150.0 84440.75192977786
17160.0 81915.74338330144
17170.0 82177.97165861016
17180.0 76800.47661760784
17190.0 77345.83012211049
17200.0 84538.435047624
17210.0 78982.43343110512
17220.0 82024.15077017811
17230.0 75329.30536204633
17240.0 82452.95563321248
17250.0 85088.45611135311
17260.0 71256.04082178173
17270.0 75417.32352712369
17280.0 76477.18588885799
17290.0 73834.58159374051
17300.0 83633.06355454335
17310.0 71007.7682961694
17320.0 69964.31664392931
17330.0 77536.77165972357
17340.0 71667.2134953478
17350.0 71173.20910020944
17360.0 70796.52146066831
17370.0 71470.9158413398
17380.0 70732.97906515904
17390.0 73187.72398817606
17400.0 65089.255535802324
17410.0 66485.1513195691
17420.0 71489.21382197297
17430.0 70168.28125507305
17440.0 66185.82403132855
17450.0 67679.47817601117
17460.0 64954.11191285953
17470.0 64343.2137301957
17480.0 70743.39911937853
17490.0 66205.30825835987
17500.0 58545.209281242045
17510.0 65129.21028225675
17520.0 68539.32807619707
17530.0 65468.13852416833
17540.0 60238.35622612931
17550.0 60861.11221947382
17560.0 55356.14159225739
17570.0 61877.86353609298
17580.0 56033.76687261983
17590.0 65015.186325421804
17600.0 60941.905344277126
17610.0 65811.890317135
17620.0 52131.683380579896
17630.0 62869.87859685095
17640.0 56702.512479972735
17650.0 61987.39582707491
17660.0 64882.56973616978
17670.0 54150.601808451625
17680.0 48720.5116094517
17690.0 60653.94505081828
17700.0 59441.839881961
17710.0 55030.26327877828
17720.0 50795.026853719246
17730.0 57465.94513090314
17740.0 57486.1338125874
17750.0 52954.72896643598
17760.0 49173.07172560241
17770.0 55502.891461090476
17780.0 56782.74696148104
17790.0 49620.01208898467
17800.0 60596.84486853299
17810.0 45648.26467363209
17820.0 52205.620756043645
17830.0 55832.281093729536
17840.0 50176.573275804745
17850.0 47364.60339950159
17860.0 50430.89164953104
17870.0 45882.15165120405
17880.0 51404.51351696565
17890.0 58152.03862032951
17900.0 50988.8397737402
17910.0 45004.34009164397
17920.0 48873.44960954595
17930.0 50016.71327718502
17940.0 50321.147856479205
17950.0 52436.2605123208
17960.0 42951.06871722019
17970.0 52545.41505992682
17980.0 58165.68082758676
17990.0 45662.01598284353
18000.0 44701.34480001076
18010.0 47487.17057229053
18020.0 44955.29740835645
18030.0 48802.474523246434
18040.0 51925.64767492849
18050.0 45353.73253773803
18060.0 47177.91027510637
18070.0 44217.96716055415
18080.0 45906.60573261297
18090.0 52570.482602548065
18100.0 51277.33172319229
18110.0 46685.635258136186
18120.0 38699.47063096088
18130.0 53625.1500650933
18140.0 55002.09980994666
18150.0 44517.707128166425
18160.0 50411.38913181945
18170.0 44260.074720893506
18180.0 42870.399270891154
18190.0 48917.52437968402
18200.0 43552.704300635814
18210.0 43331.96154224411
18220.0 39436.71250662219
18230.0 57750.54165603286
18240.0 52932.69794028328
18250.0 49580.31502278747
18260.0 40746.74035258603
18270.0 42562.599367425806
18280.0 47327.53796094552
18290.0 52506.065625883624
18300.0 44744.190432167714
18310.0 46658.37547229082
18320.0 41065.17961028631
18330.0 48559.67319478456
18340.0 46473.45300126552
18350.0 44940.53175462689
18360.0 46636.97852879306
18370.0 40861.69604073586
18380.0 49469.443643071834
18390.0 39731.57378121604
18400.0 47310.09561684614
18410.0 50164.24901100923
18420.0 40587.22745128228
18430.0 42681.78046135692
18440.0 41068.30993115727
18450.0 45251.18584666791
18460.0 43931.178034501725
18470.0 40615.74006599369
18480.0 37506.89588267804
18490.0 43842.381057104576
18500.0 41194.78275075094
18510.0 47351.9734523487
18520.0 46243.64148520421
18530.0 37450.20317622651
18540.0 39685.53812381283
18550.0 46190.14656569614
18560.0 38034.9659588549
18570.0 38067.060875041774
18580.0 38755.61755492835
18590.0 37720.74826647909
18600.0 35587.34493619294
18610.0 39012.74552490884
18620.0 42086.08982019741
18630.0 42336.48072205573
18640.0 37946.917393918135
18650.0 40800.502009424024
18660.0 44308.876769490416
18670.0 39108.73461134225
18680.0 39499.36581578708
18690.0 45872.54401552926
18700.0 41613.387316165026
18710.0 39768.103265010526
18720.0 42254.987500357434
18730.0 36302.70211387494
18740.0 84803.6356538784
18750.0 43708.2315625903
18760.0 39684.764817460564
18770.0 40453.62725435996
18780.0 40115.40801707204
18790.0 42282.15805211889
18800.0 43586.962198934314
18810.0 39509.998247054726
18820.0 47024.111480124746
18830.0 49478.91052928814
18840.0 41173.3963512593
18850.0 38974.53971171206
18860.0 44863.69504771917
18870.0 47203.03352897247
18880.0 42431.449191644846
18890.0 45001.677505054424
18900.0 43470.79100220308
18910.0 41365.2051304011
18920.0 38595.83383126987
18930.0 45299.771171899905
18940.0 42339.37721060403
18950.0 48247.34392834309
18960.0 43641.12327576634
18970.0 44438.33673457736
18980.0 40393.69572678169
18990.0 47290.22971011281
19000.0 47415.16794531052
19010.0 42971.03054460949
19020.0 46717.62914285457
19030.0 43805.85623785563
19040.0 47571.16930765799
19050.0 42243.52862439923
19060.0 38642.01691557548
19070.0 46357.3198840831
19080.0 49134.933158125874
19090.0 46868.5806149585
19100.0 44528.16577225669
19110.0 37945.21983413471
19120.0 47632.63101460884
19130.0 43617.90212934128
19140.0 46425.07449888131
19150.0 48834.80962337169
19160.0 39285.43728937075
19170.0 46052.64888620666
19180.0 47729.311317745465
19190.0 43268.12909723452
19200.0 39350.6805044187
19210.0 43915.294869678066
19220.0 45183.746364911174
19230.0 44262.43693931632
19240.0 39367.24964000786
19250.0 47223.03810654393
19260.0 40825.828825865974
19270.0 46130.95009974173
19280.0 44297.91334468977
19290.0 44494.66272065013
19300.0 40928.78029960232
19310.0 37468.15709340043
19320.0 42423.99890167093
19330.0 41366.51933004163
19340.0 44022.34009448346
19350.0 43037.936672193275
19360.0 41168.98886613021
19370.0 44589.400752932415
19380.0 39530.51024289595
19390.0 35978.73752201994
19400.0 36541.55156911843
19410.0 39543.677433286095
19420.0 45249.84102867302
19430.0 39900.85144911133
19440.0 39095.391591979045
19450.0 37915.35932787973
19460.0 43999.35253794919
19470.0 41037.80581672515
19480.0 36518.47741560519
19490.0 39932.149765677925
19500.0 40853.01113273224
19510.0 41179.83529429922
19520.0 41837.5748482894
19530.0 39541.51284680494
19540.0 38796.03597046532
19550.0 34030.890166158715
19560.0 38442.620990281954
19570.0 44288.91933604991
19580.0 41193.0850359365
19590.0 40356.32468859476
19600.0 36315.10187940322
19610.0 38535.503731188095
19620.0 41064.58902512367
19630.0 35622.948607657185
19640.0 41231.48093866414
19650.0 40297.167655700076
19660.0 42474.966137159885
19670.0 37496.4037165086
19680.0 38909.91359472362
19690.0 41806.51850408861
19700.0 41164.57675343517
19710.0 36329.58330068498
19720.0 44124.51975872104
19730.0 36374.423781957696
19740.0 38743.19669606991
19750.0 33489.707356505474
19760.0 37006.010493217946
19770.0 38413.109740270826
19780.0 38101.52988286309
19790.0 38195.175999975036
19800.0 36134.27830325113
19810.0 37594.503072484484
19820.0 36119.45791912988
19830.0 39184.20355955596
19840.0 39141.70992801117
19850.0 39719.18536670746
19860.0 39201.41405133366
19870.0 41312.28091456833
19880.0 37624.53502702167
19890.0 34659.33369552363
19900.0 33535.50263477757
19910.0 36947.75059874024
19920.0 39921.64689434157
19930.0 42083.01925844265
19940.0 37619.85806669919
19950.0 36857.24438273066
19960.0 42433.47414702732
19970.0 33486.831287780806
19980.0 39633.01818922824
19990.0 36604.00889437247
20010.0 40063.62563511118
20020.0 38863.357141318
20030.0 40323.047607838314
20040.0 39820.12504108394
20050.0 39941.888984051526
20060.0 37607.3960112594
20070.0 39810.17078883933
20080.0 37424.3680419013
20090.0 35905.50286363048
20100.0 36379.00183357207
20110.0 39892.88692567442
20120.0 39338.91916091648
20130.0 37918.88531833886
20140.0 42905.26695004705
20150.0 38762.07774127865
20160.0 37138.30677549198
20170.0 38077.3138476108
20180.0 40171.6102092144
20190.0 35286.63686319911
20200.0 37750.11465831765
20210.0 44691.73244510997
20220.0 39527.4024901611
20230.0 41510.10830910408
20240.0 42400.3937474883
20250.0 38323.94408700395
20260.0 37417.93901658215
20270.0 37853.3587029457
20280.0 41413.17079550176
20290.0 38024.91096195996
20300.0 36847.81929947589
20310.0 41394.24633019331
20320.0 42323.77384151002
20330.0 40797.91609637058
20340.0 40717.58593816665
20350.0 38123.78007739871
20360.0 42033.90600025592
20370.0 42289.859317825976
20380.0 41532.41960072325
20390.0 38110.97464331241
20400.0 40555.81971331036
20410.0 40733.95651345719
20420.0 43926.823571161345
20430.0 40096.622349695666
20440.0 38716.87623363317
20450.0 39094.41965896539
20460.0 42036.324871221914
20470.0 44002.6973340183
20480.0 40133.71259677103
20490.0 37885.477749746264
20500.0 43375.51879840321
20510.0 43670.35956135711
20520.0 40207.51959161095
20530.0 41367.66505230795
20540.0 38566.94188396419
20550.0 40676.11512744521
20560.0 43482.122559965646
20570.0 43539.98162706125
20580.0 45084.394582632915
20590.0 43151.247838136725
20600.0 41478.20981401003
20610.0 44575.451141643076
20620.0 41573.673267229984
20630.0 38753.02343445228
20640.0 40665.30239714256
20650.0 42577.31521697272
20660.0 44303.661128561675
20670.0 42303.33377979448
20680.0 43904.92471636519
20690.0 41899.68602389393
20700.0 46138.62225685181
20710.0 40726.07806055184
20720.0 42797.09458025404
20730.0 41361.190976161146
20740.0 43591.78784808642
20750.0 42505.35741195895
20760.0 41460.15252285618
20770.0 44296.070823755836
20780.0 44136.96672420728
20790.0 43699.92075532469
20800.0 44478.26659804757
20810.0 41753.60358505885
20820.0 43782.25240908922
20830.0 42647.14054331901
20840.0 44345.83900580815
20850.0 43160.65990440422
20860.0 43698.01777316764
20870.0 42846.52366849924
20880.0 44498.553147808576
20890.0 42731.80544259581
20900.0 44839.59806844915
20910.0 44541.471113865206
20920.0 46950.80144637991
20930.0 42784.10285711568
20940.0 43126.65880105397
20950.0 45223.632444721654
20960.0 43686.64072001842
20970.0 43406.948062749594
20980.0 45983.92955655576
20990.0 42866.744311376744
21000.0 45012.53533011707
21010.0 45588.74296978663
21020.0 44168.89745411494
21030.0 44728.04005467053
21040.0 45628.63423543553
21050.0 43671.334201665995
21060.0 46216.73853592045
21070.0 44889.69704654025
21080.0 43143.2381109549
21090.0 45400.20142081
21100.0 46643.19325042653
21110.0 43452.48003655736
21120.0 44651.07136579456
21130.0 46871.18683546305
21140.0 46899.33291912385
21150.0 45466.020009944026
21160.0 45158.24784620242
21170.0 43200.725405506906
21180.0 45884.333798772066
21190.0 45188.16630030348
21200.0 45532.04040038435
21210.0 45824.94419626582
21220.0 46209.41263543235
21230.0 45146.96485603817
21240.0 46666.63454582623
21250.0 46106.29058213407
21260.0 45749.8461547724
21270.0 44825.25174812012
21280.0 44558.04578434882
21290.0 44492.044191505905
21300.0 45735.82897149955
21310.0 46627.29814089602
21320.0 45525.08860434005
21330.0 46441.47519453501
21340.0 45639.73929668146
21350.0 47256.835123810975
21360.0 45389.45554170829
21370.0 45733.464983214755
21380.0 45385.45205147102
21390.0 46175.48965016074
21400.0 44074.17093881682
21410.0 45653.55018105446
21420.0 44542.641015013665
21430.0 46799.5457480919
21440.0 47107.33811956266
21450.0 46998.59443092106
21460.0 46458.33401023684
21470.0 46256.2016004382
21480.0 45439.31923176647
21490.0 45129.26041299003
21500.0 45019.936564327305
21510.0 45588.34240756157
21520.0 45166.733406713465
21530.0 46067.13161431125
21540.0 45904.59535330988
21550.0 45357.829994321
21560.0 45462.5956923772
21570.0 46479.70425753268
21580.0 46326.873194903514
21590.0 45235.594615019014
21600.0 45393.86668325534
21610.0 46430.144286779265
21620.0 45027.29281079717
21630.0 45146.10415219001
21640.0 46083.46544034007
21650.0 44743.62362271989
21660.0 45914.58392889988
21670.0 48127.93366265546
21680.0 46779.003686428885
21690.0 46139.935391677114
21700.0 44728.27563997831
21710.0 45246.552898271104
21720.0 44934.56797200801
21730.0 45245.50197594652
21740.0 45396.79340136245
21750.0 45088.14836301583
21760.0 44154.36634341837
21770.0 44842.18821901498
21780.0 44583.73492732155
21790.0 44842.86649700545
21800.0 44436.205032660626
21810.0 45979.364075397054
21820.0 44354.29045494811
21830.0 44813.091748174425
21840.0 44956.64183251952
21850.0 44257.601180731384
21860.0 43942.87279475642
21870.0 44294.52755105713
21880.0 45175.06214223776
21890.0 44985.85653875004
21900.0 44687.019995373055
21910.0 44945.23421355094
21920.0 43959.17417128199
21930.0 43919.53127322119
21940.0 44341.98367598152
21950.0 44196.48289805936
21960.0 44657.24997349129
21970.0 43646.12307835625
21980.0 44155.43380116499
21990.0 44622.98785300784
22000.0 44105.88057848577
22010.0 43401.37338506481
22020.0 43655.39220962813
22030.0 42765.11235253355
22040.0 43687.221333221896
22050.0 43693.68632680083
22060.0 42681.51581575739
22070.0 43917.96497615238
22080.0 42705.467534648415
22090.0 44070.58246692564
22100.0 43206.10992959646
22110.0 43455.56307773152
22120.0 43728.617556713165
22130.0 43335.6921336081
22140.0 43770.38840821101
22150.0 43395.51124044704
22160.0 43212.768227580535
22170.0 42930.76843868708
22180.0 43602.4622083915
22190.0 41430.374333390486
22200.0 41671.98207048663
22210.0 42008.37012104154
22220.0 43466.19104762304
22230.0 42839.78899903345
22240.0 43712.22856479473
22250.0 43872.22163759152
22260.0 42167.169381831205
22270.0 41880.0577809735
22280.0 42096.19469687207
22290.0 42646.99236397722
22300.0 42544.6678377168
22310.0 43284.04013952371
22320.0 42604.26294933251
22330.0 41950.97149763357
22340.0 41701.36237733716
22350.0 40937.53027569003
22360.0 41727.64579585727
22370.0 42757.051886279936
22380.0 41081.73786895946
22390.0 42844.36047345224
22400.0 42911.52564723353
22410.0 41097.97438251611
22420.0 41147.54411510906
22430.0 41480.03518157677
22440.0 40874.16545345588
22450.0 43030.643739669766
22460.0 41451.959494922536
22470.0 41178.57623577882
22480.0 41927.67424240404
22490.0 40234.87805857365
22500.0 41017.162587980594
22510.0 41216.94848724984
22520.0 41171.783171730065
22530.0 40952.66693715712
22540.0 39934.9763020095
22550.0 41293.587860771324
22560.0 41176.691347989516
22570.0 39935.54121882601
22580.0 41188.31714337304
22590.0 41211.32255062884
22600.0 40869.875221713126
22610.0 40848.80770137627
22620.0 40582.46982230079
22630.0 39279.115848104695
22640.0 38231.470331318655
22650.0 40759.909982056
22660.0 39750.681118407934
22670.0 41207.54824413145
22680.0 39326.02632822734
22690.0 40915.0959572847
22700.0 37932.14408070575
22710.0 39992.01681037215
22720.0 38671.63910347224
22730.0 40546.45206506779
22740.0 39302.713817729906
22750.0 40804.98349471708
22760.0 39912.259426782635
22770.0 40589.27374815263
22780.0 39083.60341924261
22790.0 38989.9871171899
22800.0 36129.28721835508
22810.0 40565.52397828913
22820.0 40351.500962152255
22830.0 38814.67267580096
22840.0 38011.89381377402
22850.0 39628.053498638306
22860.0 39846.7884239799
22870.0 39857.143045044446
22880.0 39731.867476620064
22890.0 39933.07446452357
22900.0 39261.17167838374
22910.0 36654.67416937876
22920.0 38071.29739987452
22930.0 29275.67423912366
22940.0 28761.91202486919
22950.0 31158.181876385046
22960.0 31044.762838015682
22970.0 31224.480213455412
22980.0 31530.88661049384
22990.0 32252.852670176944
23000.0 32897.06803025233
23010.0 31120.454713172418
23020.0 31653.714694304366
23030.0 33007.23151852305
23040.0 33226.05648651101
23050.0 31836.675099632695
23060.0 32701.971690182563
23070.0 31960.898573732855
23080.0 33322.62960202171
23090.0 31711.702921949123
23100.0 34688.690969106305
23110.0 31936.333448947742
23120.0 32552.085084507868
23130.0 31803.9701389054
23140.0 31185.93699512545
23150.0 35759.504167887804
23160.0 32172.632781295222
23170.0 30534.79942329909
23180.0 34345.85470517627
23190.0 34390.64766059062
23200.0 31529.27697669
23210.0 32747.140410096876
23220.0 29194.629622296146
23230.0 26766.83712631103
23240.0 31260.499618382335
23250.0 29777.753763172106
23260.0 29504.13275224479
23270.0 30979.621016015728
23280.0 28885.858280755318
23290.0 32182.209052484326
23300.0 27814.883686461217
23310.0 30147.39700446601
23320.0 32676.98656351295
23330.0 30831.181990440295
23340.0 31382.695382346526
23350.0 29738.394193276108
23360.0 31882.52569469174
23370.0 29833.486003080725
23380.0 32303.215417096293
23390.0 30802.639925258416
23400.0 30819.030881459646
23410.0 28603.176895814762
23420.0 32866.238207042945
23430.0 29798.573758527506
23440.0 30026.803624386397
23450.0 31455.007779341217
23460.0 30634.24015742782
23470.0 34657.24708966432
23480.0 33201.6467606211
23490.0 30449.453134961288
23500.0 32378.800924252173
23510.0 28505.18978648907
23520.0 28140.928146558846
23530.0 29200.26673210241
23540.0 29639.428056137913
23550.0 29454.07190700651
23560.0 29694.535849295677
23570.0 30306.065556733643
23580.0 27396.58921687279
23590.0 28993.181921790056
23600.0 29706.626947397213
23610.0 29180.840866615395
23620.0 28965.780877052428
23630.0 29394.046504973347
23640.0 30684.78282450939
23650.0 29397.134096549908
23660.0 30098.094763306988
23670.0 26316.19467497969
23680.0 29832.973481767112
23690.0 30501.476164793283
23700.0 28682.53889370308
23710.0 30766.515670255845
23720.0 28288.349863130767
23730.0 31374.291381644103
23740.0 30424.55600636164
23750.0 28749.62275848518
23760.0 28199.869601627866
23770.0 32033.245973146644
23780.0 27169.386169341786
23790.0 30153.047306759196
23800.0 28149.514228772467
23810.0 30687.07439297258
23820.0 27870.458415511504
23830.0 26609.04058394406
23840.0 29542.69071204658
23850.0 28107.525628458017
23860.0 25242.91733179639
23870.0 27910.805766237543
23880.0 28526.72794520316
23890.0 28987.55946595875
23900.0 30267.986913721186
23910.0 26791.356168652637
23920.0 25886.644516539192
23930.0 31585.339924129046
23940.0 27503.41655093672
23950.0 28204.19536175818
23960.0 27935.240412818064
23970.0 27337.89701286916
23980.0 29678.13474459733
23990.0 29589.206459557892
24000.0 26045.618292375257
24010.0 27836.86380336892
24020.0 26072.731862180764
24030.0 28621.94973924882
24040.0 26565.763086708197
24050.0 27618.581708246285
24060.0 28928.396313990215
24070.0 25426.161397044118
24080.0 25184.00760647969
24090.0 27554.98540295448
24100.0 24975.279347442727
24110.0 27526.839770105213
24120.0 26266.066565486253
24130.0 24594.583493908805
24140.0 26031.994000504033
24150.0 28764.527589543955
24160.0 23479.922616679465
24170.0 26454.623491634644
24180.0 27775.295473162216
24190.0 21567.396967562647
24200.0 28558.53085185801
24210.0 25929.625223922303
24220.0 24590.484143610098
24230.0 25024.859388348013
24240.0 26696.393316692745
24250.0 24078.057645390407
24260.0 23937.871945442133
24270.0 24154.507645451245
24280.0 25221.050996573613
24290.0 27517.780186567707
24300.0 23344.213835265713
24310.0 22665.552965174065
24320.0 28086.006872417158
24330.0 22323.657711839187
24340.0 23018.052996921524
24350.0 25486.681538758912
24360.0 20148.421215368435
24370.0 22170.372872861284
24380.0 26856.5082970237
24390.0 24892.493438255966
24400.0 23707.754113863193
24410.0 23163.58778416987
24420.0 22955.873798576544
24430.0 22973.573016150272
24440.0 20785.628947870588
24450.0 26154.61822323704
24460.0 21551.29434795746
24470.0 20667.447188780294
24480.0 21961.124164176043
24490.0 24673.301880574974
24500.0 24653.26616793313
24510.0 20691.616441034224
24520.0 20353.181397550412
24530.0 19182.1549711307
24540.0 18393.071842907077
24550.0 24138.819246909407
24560.0 23519.630832350333
24570.0 25831.260579984395
24580.0 24688.591334761844
24590.0 19455.8095813086
24600.0 20469.28619492933
24610.0 18526.38909642161
24620.0 24289.35349221427
24630.0 23191.39056752613
24640.0 24599.838378382155
24650.0 21723.47311369609
24660.0 21080.073995839593
24670.0 18252.55888570309
24680.0 19643.219396671262
24690.0 22546.355576400158
24700.0 19998.536798242327
24710.0 21751.899915941838
24720.0 20571.565137672886
24730.0 17994.066123737364
24740.0 17689.000561689318
24750.0 19344.611376239
24760.0 24115.99365978831
24770.0 20034.43833024572
24780.0 19111.18483332729
24790.0 20714.679909301605
24800.0 20492.534002843124
24810.0 18680.558581701407
24820.0 18204.279083759044
24830.0 21617.76780248758
24840.0 21885.458290416787
24850.0 23759.9976094001
24860.0 19421.28132658223
24870.0 18990.07326646205
24880.0 17738.675016588306
24890.0 16377.226105758282
24900.0 15851.771108870844
24910.0 19488.43435316356
24920.0 21735.103879663813
24930.0 20737.253025405145
24940.0 20775.820127665385
24950.0 21240.332089004827
24960.0 18017.60376525774
24970.0 16972.48604417126
24980.0 18038.587748884853
24990.0 19309.204725908097
