#lam[Angstrom] flux[erg/cm2/s/A]
1010.0 1859.4006285063952
1020.0 1925.3254961965042
1030.0 6642.26714302629
1040.0 2618.276629287563
1050.0 1971.5588952234693
1060.0 1989.381945006404
1070.0 2100.725543832152
1080.0 6357.419808475274
1090.0 6476.772658717216
1100.0 2076.2796593831745
1110.0 2092.9232454911075
1120.0 2174.2916974947875
1130.0 2114.9201841915883
1140.0 2296.8099018681937
1150.0 2155.3804056374693
1160.0 2196.363433763952
1170.0 2200.4270766410464
1180.0 2209.903467706989
1190.0 2223.3537808000365
1200.0 3352.4882266770865
1210.0 2983.902794064526
1220.0 18984.840017153067
1230.0 2746.1556906611836
1240.0 11194.61807437717
1250.0 3899.1233584977595
1260.0 5425.983345915954
1270.0 5574.537383355745
1280.0 5755.420553292681
1290.0 6211.665740011214
1300.0 6689.278068064027
1310.0 7356.364059922639
1320.0 7683.965896149999
1330.0 7813.679987423836
1340.0 8720.770597402072
1350.0 8393.01412021709
1360.0 8593.152624533355
1370.0 8720.417232411486
1380.0 8905.312725441529
1390.0 20389.1934261727
1400.0 22674.348525389873
1410.0 16762.400954884557
1420.0 9455.5515390145
1430.0 9285.071587979794
1440.0 9332.700841069061
1450.0 9394.795519134293
1460.0 9468.729527042029
1470.0 9542.121253764031
1480.0 9587.058214592293
1490.0 15046.853869974295
1500.0 9492.238402898814
1510.0 9476.606406287478
1520.0 9487.00998168674
1530.0 9913.199720940036
1540.0 9420.38745253597
1550.0 133761.89217074882
1560.0 9424.173829208838
1570.0 9383.733801448963
1580.0 9832.122399362484
1590.0 9374.837251709283
1600.0 10278.842857532969
1610.0 9356.579864434943
1620.0 9355.837306493419
1630.0 9300.4661384802
1640.0 85064.36834536925
1650.0 9222.587228098952
1660.0 11929.701515086785
1670.0 16245.328681256648
1680.0 9163.507282112447
1690.0 9135.826834068172
1700.0 9098.493485401777
1710.0 9052.519437069872
1720.0 9718.096320174198
1730.0 9098.000361547556
1740.0 9270.243062365591
1750.0 13754.143927773737
1760.0 9017.059214865947
1770.0 9014.224414457769
1780.0 9041.409678654534
1790.0 9669.45176322335
1800.0 8980.844027153422
1810.0 11076.988237178197
1820.0 11267.277195334496
1830.0 8815.0797321854
1840.0 8758.87629537186
1850.0 9456.583777273563
1860.0 9097.062190012088
1870.0 8656.308029036194
1880.0 14192.295120702138
1890.0 17761.360214404278
1900.0 8570.256399913691
1910.0 57580.54909975092
1920.0 8511.108170413137
1930.0 8549.037301644032
1940.0 8393.96672386498
1950.0 8389.458802750862
1960.0 8304.221445480058
1970.0 8255.505188894385
1980.0 8211.380462504887
1990.0 8175.448302399319
2000.0 8120.231419063504
2010.0 8049.6021674169815
2020.0 7716.210629243285
2030.0 7278.212059051468
2040.0 7064.508971262175
2050.0 6743.42572696341
2060.0 6631.359573678711
2070.0 6682.178819063383
2080.0 6535.323294872891
2090.0 6739.631191636417
2100.0 6594.450020363192
2110.0 6595.895056626404
2120.0 6786.952385719192
2130.0 6777.821307913795
2140.0 7129.253050992608
2150.0 6521.671548721439
2160.0 6572.8052513344255
2170.0 6415.217477793428
2180.0 6667.179797929818
2190.0 6524.831995396799
2200.0 6589.239725262908
2210.0 6671.1920432789375
2220.0 6997.745509990869
2230.0 6850.4368739717875
2240.0 6962.128855004035
2250.0 7400.754803842482
2260.0 7211.8411256541685
2270.0 7360.048826484782
2280.0 7513.677114313615
2290.0 7671.838239322626
2300.0 8019.390135949699
2310.0 8440.35699917277
2320.0 8870.24989346279
2330.0 15871.004713934579
2340.0 10076.051386467761
2350.0 8977.79516731125
2360.0 8777.407594003851
2370.0 8941.224048240932
2380.0 9128.376599291905
2390.0 9972.40226762777
2400.0 9489.042066857897
2410.0 9692.38697736112
2420.0 9804.42311937391
2430.0 21207.042453213988
2440.0 10167.31105518053
2450.0 10384.821751245632
2460.0 10486.541596710847
2470.0 10647.696504804013
2480.0 10812.16978796977
2490.0 10941.556831365791
2500.0 11138.32813126452
2510.0 12420.67282927501
2520.0 11457.428831962254
2530.0 11662.555362173624
2540.0 11822.844355761541
2550.0 12029.162436348777
2560.0 13910.695613217038
2570.0 12324.776075583319
2580.0 12477.768422856378
2590.0 12910.117349219614
2600.0 12976.231011698555
2610.0 13011.355631498318
2620.0 13273.340039297005
2630.0 13594.879390437214
2640.0 13869.702889125208
2650.0 13780.37015452747
2660.0 14088.048001194878
2670.0 15585.46932557223
2680.0 14405.347333856143
2690.0 14455.822825085985
2700.0 14572.349076778197
2710.0 14703.560632493016
2720.0 14485.112583318509
2730.0 15743.819236236539
2740.0 15830.286866008528
2750.0 15242.430891536442
2760.0 15590.27730270713
2770.0 15923.160406605572
2780.0 15825.826796638667
2790.0 60176.84371619318
2800.0 38237.19798850322
2810.0 16510.18220797002
2820.0 16744.974059155553
2830.0 25027.277090204796
2840.0 16509.08013820288
2850.0 17197.988956134992
2860.0 17056.019630350205
2870.0 17263.70570870157
2880.0 17870.74647515617
2890.0 18407.51355457504
2900.0 19218.499701606197
2910.0 19151.89912896241
2920.0 20686.83331251935
2930.0 22570.97623601291
2940.0 19177.981515154337
2950.0 19876.598061436194
2960.0 20351.67248867165
2970.0 18946.686899117558
2980.0 20067.283603001197
2990.0 20232.988977208348
3000.0 19689.953924862402
3010.0 20407.23651206019
3020.0 19726.34068571246
3030.0 21419.860537387194
3040.0 21239.028677903898
3050.0 21453.220471421122
3060.0 22270.55201072731
3070.0 25742.25659781272
3080.0 22916.614124367537
3090.0 23005.76369932999
3100.0 23753.135580063485
3110.0 30420.81197710112
3120.0 35805.732255817995
3130.0 33593.706594793526
3140.0 37849.06424937825
3150.0 43667.9721791324
3160.0 40914.847324944094
3170.0 47146.396508409656
3180.0 38415.474556484376
3190.0 34525.02338761368
3200.0 36312.33394029352
3210.0 41135.30974907735
3220.0 38329.70537887853
3230.0 33640.54472426929
3240.0 41137.56766762577
3250.0 42425.43713092472
3260.0 63453.41814199667
3270.0 50714.084626842174
3280.0 56637.264434497534
3290.0 60498.83772464462
3300.0 64929.77354613914
3310.0 57414.57817958442
3320.0 53761.42538661476
3330.0 65983.88220944998
3340.0 53600.278432250576
3350.0 47386.097103550055
3360.0 44454.23494913049
3370.0 35887.586357650674
3380.0 44666.883728620414
3390.0 42077.38642305002
3400.0 56177.44896415903
3410.0 43544.73104470713
3420.0 48137.347817570604
3430.0 49139.718576387226
3440.0 33205.656535091905
3450.0 40624.126420791275
3460.0 39806.810743719056
3470.0 39368.66884430304
3480.0 47206.07823802036
3490.0 40316.14434229622
3500.0 49772.71207939784
3510.0 47635.42774312201
3520.0 42973.79190959162
3530.0 52126.10684933628
3540.0 75887.03052440778
3550.0 65137.81929134669
3560.0 54594.352719133254
3570.0 39781.84234229694
3580.0 36938.679820167265
3590.0 38443.9262290006
3600.0 45347.83198570377
3610.0 43592.91704010997
3620.0 48432.64182096261
3630.0 54046.512193120274
3640.0 57100.393354459346
3650.0 48010.73463515444
3660.0 82348.00874722566
3670.0 82608.98552870471
3680.0 59616.2372599597
3690.0 68208.77598232034
3700.0 75397.871446098
3710.0 49887.521780620526
3720.0 37751.85797897284
3730.0 54577.43023779531
3740.0 34776.28352568571
3750.0 37183.22253380784
3760.0 45966.18659332264
3770.0 68811.2247404802
3780.0 83602.56029159512
3790.0 65543.02341814106
3800.0 71239.98122492322
3810.0 73123.14097485066
3820.0 42056.36570001858
3830.0 43002.77606459867
3840.0 57818.8975815484
3850.0 65568.23069827216
3860.0 59682.55796822213
3870.0 66915.08260409143
3880.0 58766.71357751894
3890.0 60249.951927351496
3900.0 57913.15925856812
3910.0 84166.42394387093
3920.0 64314.57920552682
3930.0 47691.006501325355
3940.0 58349.55384380685
3950.0 68700.21949102811
3960.0 52042.23046501279
3970.0 63894.56496648083
3980.0 106017.80186738927
3990.0 119865.4436259677
4000.0 110462.96834047594
4010.0 138798.7971766968
4020.0 146780.1411113062
4030.0 80120.8200153969
4040.0 123377.12872437785
4050.0 126966.73241148563
4060.0 121234.15045036975
4070.0 121259.07613601434
4080.0 153210.84563244076
4090.0 215202.77331130605
4100.0 158220.82326230255
4110.0 146533.4149767794
4120.0 164526.76528562538
4130.0 142119.76095807884
4140.0 144055.40731210925
4150.0 155529.53301661153
4160.0 173411.13311544334
4170.0 143329.18939215565
4180.0 141509.7073907269
4190.0 120145.11256541398
4200.0 97217.44556045838
4210.0 82561.30410967514
4220.0 57760.20236558566
4230.0 49089.58633479824
4240.0 75791.41395608752
4250.0 82765.51278746477
4260.0 107815.04307953682
4270.0 101086.89975423885
4280.0 111876.26727679424
4290.0 98449.67658209903
4300.0 106289.49513212193
4310.0 134274.98836720648
4320.0 154522.57034699857
4330.0 190355.72803068996
4340.0 196988.46741130544
4350.0 224478.11263191642
4360.0 263802.08537821483
4370.0 254726.89819348138
4380.0 145488.57735664214
4390.0 215899.31888359762
4400.0 229075.38702719504
4410.0 209096.68100277378
4420.0 220242.98352796983
4430.0 156941.00047180027
4440.0 192174.88671915323
4450.0 195038.83177825733
4460.0 170522.32677291706
4470.0 285038.8420487263
4480.0 292697.32009556855
4490.0 313966.8036210167
4500.0 311052.8775728572
4510.0 342152.75772201084
4520.0 301039.21108129725
4530.0 198356.5264839609
4540.0 267106.13636423316
4550.0 255335.0589933939
4560.0 355041.94935486605
4570.0 371688.1028294655
4580.0 214942.8592789159
4590.0 250131.49478052335
4600.0 324318.8648968409
4610.0 336047.0086106435
4620.0 330944.78299241245
4630.0 339311.19822078675
4640.0 342700.1533122085
4650.0 270016.0997245374
4660.0 387747.8756258489
4670.0 352528.6674307957
4680.0 353574.631381609
4690.0 377732.71136106603
4700.0 406075.0736090432
4710.0 420000.0313184897
4720.0 406306.2531661683
4730.0 405054.54873156064
4740.0 376159.156145314
4750.0 409943.6746987675
4760.0 345078.47995202284
4770.0 345957.64081295964
4780.0 344205.5527070853
4790.0 327843.378116326
4800.0 294814.9824062222
4810.0 213148.4607631549
4820.0 273948.61988604075
4830.0 309557.75090420386
4840.0 343748.54799383803
4850.0 332985.0585151643
4860.0 338656.59532136266
4870.0 316666.1454345661
4880.0 286000.1513483896
4890.0 382962.2454233274
4900.0 467736.178459526
4910.0 482323.32223154244
4920.0 397476.4882567544
4930.0 481431.387989906
4940.0 402473.5147951958
4950.0 497229.41685247526
4960.0 387460.2335747028
4970.0 384380.1663789717
4980.0 305913.6210481823
4990.0 277248.8736550633
5000.0 278898.2149197194
5010.0 379562.4598986408
5020.0 266808.310435116
5030.0 352034.31786169496
5040.0 234999.58639454242
5050.0 282261.7495345204
5060.0 281004.8109462757
5070.0 281129.81196593336
5080.0 242858.89749503636
5090.0 260067.27311556035
5100.0 277358.15253564424
5110.0 222196.92467479798
5120.0 252292.91971719568
5130.0 246244.92456921845
5140.0 241640.29550563786
5150.0 240112.8009853668
5160.0 254861.00944598514
5170.0 180429.09504209424
5180.0 217410.05403725652
5190.0 238353.7688438378
5200.0 298920.77981204423
5210.0 192805.7206237212
5220.0 420452.74749814573
5230.0 373157.3162253775
5240.0 506926.7531985781
5250.0 432045.64063365955
5260.0 366748.8393022803
5270.0 241443.29093399705
5280.0 436687.2462460677
5290.0 535830.66230083
5300.0 421870.73209360294
5310.0 538655.3705222947
5320.0 475736.3983038729
5330.0 324983.2768782451
5340.0 451768.46202358836
5350.0 424059.143826746
5360.0 517453.60938204225
5370.0 361501.7195594753
5380.0 522131.51492161304
5390.0 492429.1357962704
5400.0 364349.10227853025
5410.0 352100.8887729677
5420.0 495142.62315782846
5430.0 333613.217358727
5440.0 459473.3120259236
5450.0 349840.73543040437
5460.0 391445.1576977024
5470.0 478418.3784575111
5480.0 450166.7920932497
5490.0 475472.2255076247
5500.0 406916.21825555386
5510.0 399070.7858207708
5520.0 501618.4334895914
5530.0 491938.68076702114
5540.0 494172.32675156585
5550.0 535367.2198969307
5560.0 546808.8270580997
5570.0 501106.1181063744
5580.0 451984.21523078904
5590.0 318747.74774839694
5600.0 338327.9092539257
5610.0 524803.2811346342
5620.0 496387.4836100006
5630.0 576736.1949504717
5640.0 581218.4663507746
5650.0 631895.218909065
5660.0 580904.1071078134
5670.0 607877.705046618
5680.0 601862.0198730609
5690.0 583970.1205108656
5700.0 587288.3082290285
5710.0 614932.8721799861
5720.0 647251.7540483965
5730.0 631767.0740375918
5740.0 650958.1333566316
5750.0 669968.879999051
5760.0 651537.9704123833
5770.0 656415.3132877089
5780.0 651679.6089014341
5790.0 636324.8179836976
5800.0 671191.9054562176
5810.0 662537.7878865121
5820.0 675959.2827002885
5830.0 643524.4928980966
5840.0 637014.9664228461
5850.0 596662.5408853138
5860.0 484535.7953372239
5870.0 450871.1829296042
5880.0 317699.8759987827
5890.0 185288.2941038933
5900.0 238467.1443849039
5910.0 388234.70598453743
5920.0 499497.28128799715
5930.0 572869.653287412
5940.0 590940.7730081204
5950.0 602604.8046747867
5960.0 610730.0884144679
5970.0 623310.7949832854
5980.0 622516.9594842485
5990.0 659415.7802552996
6000.0 664361.5351031241
6010.0 672910.1850852979
6020.0 664704.911084956
6030.0 703953.3794924091
6040.0 699559.5292861243
6050.0 701716.4287048522
6060.0 711010.395622102
6070.0 705196.2694334132
6080.0 735319.0526782054
6090.0 675186.052077134
6100.0 564238.9445115664
6110.0 647083.8412172978
6120.0 477597.7077005837
6130.0 647215.9512512822
6140.0 644615.4015599076
6150.0 654866.7804568158
6160.0 423913.3820041279
6170.0 468635.66940426873
6180.0 639918.5517718508
6190.0 574963.7911325201
6200.0 605384.6445793046
6210.0 576179.6196355033
6220.0 551040.9511318406
6230.0 535171.4974433363
6240.0 537828.7268321762
6250.0 537074.5506274168
6260.0 520026.29901931697
6270.0 565292.2429126416
6280.0 569043.8939973555
6290.0 585271.3879201621
6300.0 575154.3233426783
6310.0 589735.298723688
6320.0 610026.750332558
6330.0 621586.3557695327
6340.0 635821.7589374696
6350.0 636607.6863834346
6360.0 555202.6216889662
6370.0 557260.380815553
6380.0 480150.92141961126
6390.0 473588.4989644036
6400.0 519534.1364082898
6410.0 584336.8980106288
6420.0 621725.1050304167
6430.0 597219.1026429732
6440.0 487417.3703787615
6450.0 620020.2304289516
6460.0 519743.0623107968
6470.0 602809.191491207
6480.0 684277.1112132467
6490.0 566670.6409345962
6500.0 560740.5202805025
6510.0 687965.5242926138
6520.0 709049.3544206069
6530.0 736654.2175334492
6540.0 747942.4225128846
6550.0 725862.8230652888
6560.0 799230.0851536096
6570.0 674926.0110979188
6580.0 777286.7676566669
6590.0 765889.2526488476
6600.0 786552.0210491087
6610.0 784071.8470743287
6620.0 798794.4050386596
6630.0 792225.9629178826
6640.0 789991.852714261
6650.0 772155.0805113863
6660.0 744493.2035641267
6670.0 777714.9729665576
6680.0 722773.4424194216
6690.0 723907.7411656965
6700.0 703191.6906305093
6710.0 544765.8889385663
6720.0 586599.6757151261
6730.0 636452.1847194453
6740.0 620043.7447195683
6750.0 603056.264845296
6760.0 608786.6323116369
6770.0 614519.5196623068
6780.0 579887.7110338801
6790.0 576842.9227345051
6800.0 570145.0963499174
6810.0 580139.5119547874
6820.0 539985.9796146052
6830.0 531615.3873784865
6840.0 513074.1554542125
6850.0 490323.1456249659
6860.0 465806.3009590779
6870.0 487680.9604215669
6880.0 493980.1606288491
6890.0 479626.859955464
6900.0 482575.74123794516
6910.0 549974.14726248
6920.0 526707.921470899
6930.0 601721.0883479549
6940.0 590241.7523862104
6950.0 628524.3049215929
6960.0 638889.6026540123
6970.0 619765.8717322076
6980.0 610054.3829644007
6990.0 619581.655934522
7000.0 636618.2187640256
7010.0 666813.8626259766
7020.0 669300.8064183439
7030.0 711012.0568414811
7040.0 812895.9838768728
7050.0 862973.9682056742
7060.0 754186.289904585
7070.0 788579.779962392
7080.0 811241.8450396167
7090.0 717124.2199704902
7100.0 743212.4486287984
7110.0 742860.5769021496
7120.0 798083.7242251167
7130.0 654224.3882359652
7140.0 646639.678616798
7150.0 558950.0771642642
7160.0 714627.7556468007
7170.0 736539.5870892908
7180.0 763362.8310636462
7190.0 783278.0435991093
7200.0 684720.3631759034
7210.0 720498.9029855344
7220.0 806827.7905941561
7230.0 819333.3839300128
7240.0 800656.5298903767
7250.0 819679.5431901207
7260.0 861719.6303041466
7270.0 844488.224994883
7280.0 827923.4901873508
7290.0 887968.0668484
7300.0 880844.5908736923
7310.0 886649.3135116148
7320.0 826819.0065117715
7330.0 764180.3621091101
7340.0 885444.6393470797
7350.0 887328.9569924178
7360.0 831969.5502664758
7370.0 906130.7892490091
7380.0 903060.1059266008
7390.0 888045.6694194354
7400.0 880807.9074643031
7410.0 895514.5861214162
7420.0 905255.2849699468
7430.0 898735.9998385594
7440.0 902850.6706513483
7450.0 897014.8841750807
7460.0 881199.5200235358
7470.0 905720.3962326278
7480.0 926543.6730688507
7490.0 899828.2954224617
7500.0 909844.5183076974
7510.0 907607.0696521896
7520.0 922245.0309842544
7530.0 923333.7689201032
7540.0 928815.9374768717
7550.0 940987.7700347691
7560.0 930409.1412817395
7570.0 936601.4925886393
7580.0 942241.7816491966
7590.0 918740.2944736116
7600.0 930639.1815017682
7610.0 904525.4924585689
7620.0 937829.8657124804
7630.0 921338.1701113656
7640.0 910531.2237600595
7650.0 905771.1856721144
7660.0 779545.9195329832
7670.0 758751.2179287099
7680.0 889266.5738876631
7690.0 884356.6265955511
7700.0 728883.1935177804
7710.0 868776.786644404
7720.0 888221.0105370531
7730.0 902468.5759257138
7740.0 912560.594700027
7750.0 873663.1389556894
7760.0 892935.2881689935
7770.0 902390.4231040557
7780.0 895677.5115809359
7790.0 898105.8986710445
7800.0 903745.5000109707
7810.0 918707.0813087045
7820.0 908698.7800087201
7830.0 891891.5368257909
7840.0 896302.5737298446
7850.0 906467.3793502416
7860.0 913992.4901991828
7870.0 918592.2069708233
7880.0 921469.5665711376
7890.0 929489.4452978177
7900.0 926673.5230506092
7910.0 900596.2564056022
7920.0 925524.198582774
7930.0 928124.869384061
7940.0 910428.8454740425
7950.0 906381.3668807076
7960.0 937222.193664351
7970.0 944008.1973645798
7980.0 928435.0024160951
7990.0 939850.2622113634
8000.0 927177.5942965564
8010.0 943547.0922789241
8020.0 940775.8252275615
8030.0 940399.0564297951
8040.0 946963.0570787167
8050.0 923231.1185405086
8060.0 951352.0188756264
8070.0 933428.6526301528
8080.0 933759.6327183995
8090.0 945055.3917539921
8100.0 952227.9420859278
8110.0 951849.1351948808
8120.0 943066.4130884461
8130.0 949976.7224737727
8140.0 953830.4463514893
8150.0 957351.4671046115
8160.0 946080.665673891
8170.0 947201.8476803317
8180.0 802711.2130128749
8190.0 782400.2692519908
8200.0 816858.7777568572
8210.0 931919.4026271828
8220.0 922450.2271930705
8230.0 947469.0055325818
8240.0 938443.4526118384
8250.0 947501.7897480925
8260.0 946068.5361136681
8270.0 946912.3003271979
8280.0 945955.8714178986
8290.0 940366.4941302413
8300.0 941648.7407537805
8310.0 933331.8234043159
8320.0 929679.623619448
8330.0 829470.5881504433
8340.0 935445.9566213806
8350.0 922408.6979831645
8360.0 902953.9990047299
8370.0 929629.9802582822
8380.0 838828.0879022504
8390.0 817409.4724365255
8400.0 897532.6167081624
8410.0 889711.3326771798
8420.0 913849.6592428582
8430.0 818688.9377861534
8440.0 830717.144681088
8450.0 897289.8846402962
8460.0 894509.552719051
8470.0 835060.974857692
8480.0 901795.6088308609
8490.0 903801.1886941572
8500.0 851898.8591065933
8510.0 856340.5504148563
8520.0 868568.0071217464
8530.0 895267.5129768313
8540.0 775349.4423781171
8550.0 883222.5646789304
8560.0 907131.8680438957
8570.0 908685.26018112
8580.0 901197.6700193919
8590.0 911366.7676051521
8600.0 910689.3664111453
8610.0 883149.6745379512
8620.0 898734.0237746729
8630.0 910738.4159568392
8640.0 911011.9365850975
8650.0 904132.0785382455
8660.0 766119.9697121094
8670.0 865471.5967755726
8680.0 846455.2877778643
8690.0 757957.3941655781
8700.0 895369.610397827
8710.0 898526.6225927656
8720.0 899721.9992807043
8730.0 899525.7746762036
8740.0 903607.003350104
8750.0 905822.0729999179
8760.0 885376.3008847551
8770.0 888839.3822329032
8780.0 903166.2017501771
8790.0 907909.6152394803
8800.0 883149.6354037548
8810.0 822874.5417387804
8820.0 835919.2578255665
8830.0 885502.3147213648
8840.0 884692.6550098204
8850.0 913269.7258918616
8860.0 895319.5306973016
8870.0 879434.450263218
8880.0 895312.0170658827
8890.0 890111.3391174519
8900.0 895232.8358010537
8910.0 898423.4092482575
8920.0 893332.8106609539
8930.0 896658.1776486862
8940.0 893464.8687493465
8950.0 886152.83030956
8960.0 896928.455206981
8970.0 891803.1948616224
8980.0 891812.4191379285
8990.0 893138.4306286958
9000.0 833754.1712440621
9010.0 879872.9042673311
9020.0 876341.4024494285
9030.0 883230.9167427995
9040.0 895064.3138837179
9050.0 895684.4787295806
9060.0 891672.7507417835
9070.0 893264.2093592756
9080.0 897552.9877763187
9090.0 850463.4613421392
9100.0 872907.0384419293
9110.0 883097.237835749
9120.0 891177.7531224433
9130.0 897876.0474746695
9140.0 895776.0769953583
9150.0 893030.6036932388
9160.0 897062.0028997754
9170.0 892333.7370982586
9180.0 895328.1355958802
9190.0 898283.2030975256
9200.0 894829.0208326528
9210.0 888162.6247091372
9220.0 887051.7539000585
9230.0 885219.9483355322
9240.0 888852.7759659977
9250.0 877940.809333913
9260.0 876545.8626268684
9270.0 886789.2324777505
9280.0 879206.8614078728
9290.0 852337.2386480095
9300.0 874611.3125002723
9310.0 878272.1194009319
9320.0 874341.6265733172
9330.0 875906.1823951143
9340.0 876784.4497351446
9350.0 871616.7658717298
9360.0 868176.5049906117
9370.0 873131.1886139859
9380.0 871179.8736268168
9390.0 870047.883800387
9400.0 866884.0987054651
9410.0 869703.2263566074
9420.0 867833.5817533113
9430.0 873001.8114703498
9440.0 865213.0601578234
9450.0 847698.5316884357
9460.0 865514.7781082779
9470.0 868309.5671873521
9480.0 869463.6961478238
9490.0 870958.4969163964
9500.0 869536.8842310208
9510.0 865408.859140472
9520.0 869064.7994781624
9530.0 863968.4080926614
9540.0 864807.3283576722
9550.0 837143.9779466913
9560.0 863271.6706711409
9570.0 848206.5421532808
9580.0 863743.1650907464
9590.0 864619.6035045472
9600.0 810409.442533451
9610.0 860563.5969449099
9620.0 863714.3464975429
9630.0 854463.9335811696
9640.0 757215.3422613634
9650.0 806466.6365948336
9660.0 854201.6691377007
9670.0 821028.8347629491
9680.0 786722.9902179306
9690.0 817384.0178479301
9700.0 839190.765218431
9710.0 797678.5157517996
9720.0 833942.0307341787
9730.0 789722.1885640512
9740.0 803048.8651654073
9750.0 839093.4599064888
9760.0 851512.7212882735
9770.0 813004.0197466329
9780.0 794459.6784624205
9790.0 801363.7978209868
9800.0 847866.0782238614
9810.0 846638.883174547
9820.0 846657.7823519299
9830.0 836666.6828031676
9840.0 843370.5417278034
9850.0 846423.0852182381
9860.0 844406.1058784198
9870.0 843334.8508049013
9880.0 846135.6987483801
9890.0 844973.2644772746
9900.0 806619.5070858903
9910.0 773121.792566997
9920.0 782675.4036406437
9930.0 789769.0716070044
9940.0 816308.1380849123
9950.0 816245.1255312016
9960.0 813033.4255147846
9970.0 802448.3162040154
9980.0 806214.4161292562
9990.0 805867.8618063306
10010.0 803637.2209783669
10020.0 812137.0161542651
10030.0 808336.2920849486
10040.0 808220.204276715
10050.0 792476.0225199034
10060.0 778585.39326939
10070.0 807995.3171971072
10080.0 812159.0914270647
10090.0 801216.8592301453
10100.0 816039.2026717828
10110.0 803925.3733477086
10120.0 799122.5517036081
10130.0 808745.9635038618
10140.0 800111.2547209017
10150.0 797525.6495764779
10160.0 796238.7668275407
10170.0 801893.606409375
10180.0 794575.2878691179
10190.0 798180.8420528047
10200.0 798672.0976070531
10210.0 796201.7147917235
10220.0 788344.5242492638
10230.0 794297.0750472889
10240.0 811181.2966625756
10250.0 786402.2070650129
10260.0 776999.1580059926
10270.0 785291.0153077611
10280.0 776320.4691378896
10290.0 787897.3668517309
10300.0 780880.1380243776
10310.0 796380.1823561284
10320.0 781826.7014769514
10330.0 784981.1701722846
10340.0 679803.3824872335
10350.0 749926.1132575338
10360.0 787858.3077376505
10370.0 794157.5232162207
10380.0 780994.3389231454
10390.0 778497.8684215184
10400.0 753787.9863958218
10410.0 781456.6527157847
10420.0 784260.6387591119
10430.0 775436.4602576692
10440.0 790952.6138003939
10450.0 788414.9778308396
10460.0 789088.9939377437
10470.0 767898.4752022048
10480.0 778674.8663780008
10490.0 781865.8270321374
10500.0 757314.2691704971
10510.0 772527.4209205478
10520.0 771596.6529644713
10530.0 788733.894143494
10540.0 779186.8737658667
10550.0 778299.812427534
10560.0 776100.5850724318
10570.0 770019.5560130301
10580.0 760335.6362310738
10590.0 767548.8898664588
10600.0 775304.8288557824
10610.0 770141.7556722475
10620.0 765439.1615166992
10630.0 777710.4472969639
10640.0 772461.0898149763
10650.0 765808.6660565907
10660.0 743505.4575479132
10670.0 761455.8946329429
10680.0 759906.0521012048
10690.0 767055.865948138
10700.0 766255.7993281261
10710.0 768423.5449216077
10720.0 767204.2495025962
10730.0 736003.2975454462
10740.0 768924.4733584543
10750.0 757324.6247278007
10760.0 759441.1784576501
10770.0 768343.9572523601
10780.0 763786.7442424409
10790.0 757186.8642393539
10800.0 750586.6336394867
10810.0 745058.3382853168
10820.0 775157.0706525557
10830.0 753448.495872233
10840.0 755860.8177687755
10850.0 754807.8420313501
10860.0 748243.1924252248
10870.0 755957.9021602417
10880.0 760470.24015276
10890.0 753691.502885309
10900.0 756685.4451618507
10910.0 747794.0373228916
10920.0 751402.9632611481
10930.0 753001.61997299
10940.0 758638.5183525321
10950.0 751512.035782186
10960.0 743515.3148814901
10970.0 744996.3316136888
10980.0 744854.6197838536
10990.0 750684.1262312535
11000.0 748636.3736684752
11010.0 743726.4254432217
11020.0 740532.5374252837
11030.0 741640.8574818638
11040.0 743842.7459434791
11050.0 734628.0338999205
11060.0 743158.3713958396
11070.0 736993.4064562772
11080.0 740748.4627378832
11090.0 741958.7117676585
11100.0 742385.5229569236
11110.0 735788.6444251176
11120.0 724276.955049255
11130.0 734497.1484881897
11140.0 736754.7293761865
11150.0 732061.5858015765
11160.0 732418.2883531273
11170.0 735684.5845799862
11180.0 736968.7747793378
11190.0 728840.3988758122
11200.0 724412.1360817328
11210.0 731609.0157297691
11220.0 728935.2174546102
11230.0 733081.4093871341
11240.0 724601.192642161
11250.0 674966.4882716205
11260.0 708840.332194361
11270.0 728431.714858753
11280.0 725623.810341563
11290.0 722322.8679697373
11300.0 710034.7146522615
11310.0 723347.8904179478
11320.0 726581.86677922
11330.0 721458.4523756132
11340.0 717698.8774339258
11350.0 721862.7392616731
11360.0 720814.4548988187
11370.0 705253.7650160715
11380.0 637599.9472600671
11390.0 698781.9355657848
11400.0 626200.5849223706
11410.0 682896.880720448
11420.0 691068.4773387525
11430.0 713632.0349647338
11440.0 686875.6452330925
11450.0 709051.6300255706
11460.0 714822.5394578248
11470.0 704118.1259857801
11480.0 701408.8121348871
11490.0 709554.0033533473
11500.0 713312.0422024098
11510.0 710837.3151720051
11520.0 711686.6477488679
11530.0 710937.9865927142
11540.0 702503.4796146336
11550.0 705046.1862116834
11560.0 706315.9466315667
11570.0 706815.1145720951
11580.0 706725.9165346227
11590.0 672277.6901074909
11600.0 695947.2619003159
11610.0 630642.2225397691
11620.0 701029.1572812751
11630.0 699507.4293509271
11640.0 655897.3800707161
11650.0 698729.3042993799
11660.0 696906.7571010903
11670.0 697432.3314093131
11680.0 694366.0506908444
11690.0 634927.0952341541
11700.0 694808.5945749904
11710.0 692551.0588282538
11720.0 692493.6182425701
11730.0 694020.654880987
11740.0 688088.5009340247
11750.0 690996.8550822001
11760.0 688494.9772419832
11770.0 625896.4753063411
11780.0 645271.9447378999
11790.0 681030.1605522898
11800.0 683287.3819008796
11810.0 681435.4097861523
11820.0 668481.8240908345
11830.0 606002.1421927182
11840.0 676635.3982519765
11850.0 679170.9342332454
11860.0 681142.3711812611
11870.0 679564.1420362309
11880.0 593622.4839172144
11890.0 654651.5238212101
11900.0 678440.3073034099
11910.0 676139.1719322508
11920.0 678803.6540732818
11930.0 676990.8604375125
11940.0 674718.6489880279
11950.0 650514.1500471348
11960.0 651261.2442285969
11970.0 581847.830443542
11980.0 645773.3140493507
11990.0 664853.1026471024
12000.0 669539.1874313288
12010.0 670443.615773947
12020.0 666437.5285414057
12030.0 658890.7872647843
12040.0 669040.4740454629
12050.0 663574.2471119114
12060.0 667187.4838926697
12070.0 660069.6164090763
12080.0 641309.6579828438
12090.0 652239.7158236011
12100.0 661232.5989255949
12110.0 659921.4224020921
12120.0 662032.7706623247
12130.0 659121.6623353556
12140.0 662488.4308745109
12150.0 662038.5354190776
12160.0 657844.994673506
12170.0 660293.260552704
12180.0 658911.7885934507
12190.0 656670.4477399556
12200.0 655583.3153120651
12210.0 655477.8799628355
12220.0 656332.1740403582
12230.0 655648.1990164389
12240.0 653632.879302458
12250.0 655322.619090957
12260.0 654524.4724012532
12270.0 650727.7425857682
12280.0 652267.8711047699
12290.0 651221.3999891138
12300.0 650529.892262572
12310.0 648172.5195641607
12320.0 645133.3518773864
12330.0 645448.2758497888
12340.0 647058.3085542469
12350.0 647304.3410053455
12360.0 644884.601132906
12370.0 645620.5494623207
12380.0 645597.8204759711
12390.0 640225.8844061287
12400.0 641176.7737486438
12410.0 638455.9540282299
12420.0 631950.5897609297
12430.0 619518.3119417648
12440.0 636311.729118391
12450.0 637070.2926072513
12460.0 637088.3108631135
12470.0 635003.1802716806
12480.0 636553.1485924077
12490.0 635450.3655979569
12500.0 633231.0247546342
12510.0 631600.8939600199
12520.0 605491.2459608626
12530.0 628574.9418992788
12540.0 632632.0715926002
12550.0 630456.679567665
12560.0 629652.034806021
12570.0 632088.6822478756
12580.0 630762.0721756236
12590.0 625883.2506046348
12600.0 626013.0453667501
12610.0 626859.2079974144
12620.0 625684.9105950725
12630.0 624588.8840378079
12640.0 621136.9652958098
12650.0 625031.3217855268
12660.0 623406.9906647534
12670.0 616627.5639118425
12680.0 599266.9247189005
12690.0 621845.428074589
12700.0 619343.2916049887
12710.0 621263.7933202409
12720.0 621410.1077278658
12730.0 620004.5169425216
12740.0 610235.4152472093
12750.0 616275.268907943
12760.0 618198.8354185681
12770.0 615729.9951819774
12780.0 614363.8613902804
12790.0 616579.6645310514
12800.0 613244.5747171488
12810.0 606219.7470924004
12820.0 567358.5802739011
12830.0 589740.0285897505
12840.0 606617.6389726916
12850.0 595169.2028990852
12860.0 606244.8093085086
12870.0 607167.9815754038
12880.0 603441.8632911772
12890.0 602869.9642058687
12900.0 565329.9934997023
12910.0 594346.9763730961
12920.0 602511.9473281296
12930.0 602191.5292773178
12940.0 602643.5209876724
12950.0 601900.2215639027
12960.0 602063.2467828747
12970.0 600960.7353153577
12980.0 593621.5800564953
12990.0 599835.2328043954
13000.0 600191.5233188684
13010.0 594308.749232408
13020.0 598964.1608701436
13030.0 593108.3614176832
13040.0 596286.1674165502
13050.0 596689.4739480398
13060.0 594799.1334585234
13070.0 593471.2273663552
13080.0 588838.7236406404
13090.0 588168.6393102143
13100.0 588994.4915615951
13110.0 577534.7855286247
13120.0 483697.19345460495
13130.0 534656.8463655544
13140.0 566796.9192438329
13150.0 489423.4615248268
13160.0 571509.0271449324
13170.0 583744.4341358194
13180.0 586642.2918193715
13190.0 587987.539987026
13200.0 582472.5241916172
13210.0 584781.553249162
13220.0 583984.4886151346
13230.0 585421.3623633455
13240.0 585341.669073304
13250.0 581085.1595256856
13260.0 582550.178342534
13270.0 577081.5573773235
13280.0 575972.995855702
13290.0 558822.1072391229
13300.0 574008.1258053242
13310.0 568582.7905764508
13320.0 529329.9694637734
13330.0 572197.2759847012
13340.0 566479.2385970433
13350.0 561768.7490425284
13360.0 563767.7717407602
13370.0 563440.9813704978
13380.0 564077.5343285018
13390.0 562347.5003300842
13400.0 560277.7758634104
13410.0 561892.1344185134
13420.0 558468.8648898499
13430.0 560018.9398096543
13440.0 557815.1525897234
13450.0 564622.7628464329
13460.0 560441.1137679216
13470.0 558296.9304392479
13480.0 558470.8554998207
13490.0 561432.7994774001
13500.0 548552.1280093762
13510.0 559185.4066633312
13520.0 555252.319566637
13530.0 557820.6086025288
13540.0 553981.6028632642
13550.0 552323.3757381019
13560.0 557579.090366023
13570.0 553983.9590155979
13580.0 553482.2921202581
13590.0 550962.816440902
13600.0 549421.3230052396
13610.0 550779.9998040919
13620.0 544860.1098970481
13630.0 529840.5075765185
13640.0 536712.5283252297
13650.0 550764.7690806807
13660.0 548949.729504918
13670.0 549224.5684623121
13680.0 546651.2321208711
13690.0 548541.0229126811
13700.0 549494.4899472782
13710.0 546215.9146686376
13720.0 547763.1425023747
13730.0 546138.491542821
13740.0 547628.2396206041
13750.0 547058.2216556396
13760.0 545179.4832743584
13770.0 545205.8660931882
13780.0 542979.2043781165
13790.0 542982.1548559347
13800.0 545083.8449806243
13810.0 544863.2207059783
13820.0 540575.9025786853
13830.0 541071.9848826455
13840.0 541596.086999633
13850.0 531165.0210001653
13860.0 520426.7609968619
13870.0 537964.2007115553
13880.0 534337.6534598272
13890.0 535692.3698874582
13900.0 532139.3505684566
13910.0 513643.23189050396
13920.0 520395.2632713061
13930.0 523275.68218989694
13940.0 530779.3855821599
13950.0 522825.3183274574
13960.0 531700.2700553989
13970.0 519339.5450255415
13980.0 522136.4294464187
13990.0 527750.8948022716
14000.0 507757.7127458262
14010.0 522481.03320505307
14020.0 527703.0578779873
14030.0 527667.8439407627
14040.0 518740.7721853065
14050.0 523899.81003143237
14060.0 522549.62409594667
14070.0 521679.4552575914
14080.0 516852.2625301269
14090.0 521385.71186350664
14100.0 517734.8768376183
14110.0 520553.32302572805
14120.0 514521.8052389213
14130.0 515363.0184622222
14140.0 512915.7907798228
14150.0 519731.31633815425
14160.0 514705.36957373907
14170.0 510944.16343467607
14180.0 511365.8583219221
14190.0 509328.02010534663
14200.0 513707.5826561183
14210.0 513421.0877467175
14220.0 510434.8169852075
14230.0 507959.4572146615
14240.0 503144.2024817686
14250.0 491179.43522600207
14260.0 481191.46805053053
14270.0 480790.8608289156
14280.0 498696.6344005671
14290.0 499917.3465839092
14300.0 509076.0194879303
14310.0 504617.5386953308
14320.0 507205.0395727376
14330.0 507871.8583643753
14340.0 499691.65644102497
14350.0 501753.11324255867
14360.0 503500.3170460071
14370.0 505161.6458503784
14380.0 506308.8404332218
14390.0 499609.77487290214
14400.0 496049.90092292917
14410.0 498428.06982230156
14420.0 500825.99304171914
14430.0 504907.9666703817
14440.0 500253.9049803176
14450.0 496369.5497158775
14460.0 501640.9702695756
14470.0 498083.6213130432
14480.0 500138.1785841046
14490.0 500281.72870527266
14500.0 496244.4899777049
14510.0 490796.29952569737
14520.0 497667.29411191994
14530.0 497218.65534119273
14540.0 496885.4365570053
14550.0 495547.71184426924
14560.0 486374.0442998962
14570.0 491596.7421864616
14580.0 497000.2730092007
14590.0 495044.64832432463
14600.0 486569.80132811837
14610.0 475350.90621129144
14620.0 487133.0707343581
14630.0 484160.7947180675
14640.0 487280.6827306748
14650.0 485039.9780614824
14660.0 485712.14514138387
14670.0 479394.1248682394
14680.0 483416.30320631247
14690.0 480548.47500767355
14700.0 481251.86575376615
14710.0 480699.56385149335
14720.0 487291.9628119005
14730.0 486584.7588330696
14740.0 479534.0792429875
14750.0 478916.14115717093
14760.0 484074.11740027094
14770.0 470581.1158852207
14780.0 472595.95204901777
14790.0 481891.16179841035
14800.0 472126.31921227346
14810.0 479014.82416425267
14820.0 479975.2510181622
14830.0 477912.9410897241
14840.0 478219.12227101217
14850.0 473747.32114975253
14860.0 473266.2947376774
14870.0 460363.4799271429
14880.0 429891.905857096
14890.0 469458.7460881226
14900.0 469212.3540548003
14910.0 474531.19518320553
14920.0 475492.5409753389
14930.0 477713.76937391586
14940.0 475715.30823604524
14950.0 474464.32607940503
14960.0 476380.3230625312
14970.0 476468.13584702316
14980.0 475634.6267754527
14990.0 473403.17475190724
15000.0 459766.99113291036
15010.0 461734.8707150932
15020.0 415119.9807391758
15030.0 419169.1250732873
15040.0 409478.88677909627
15050.0 428973.74160856067
15060.0 462000.300595329
15070.0 467368.5397717069
15080.0 465411.33631603484
15090.0 471431.8346350247
15100.0 470081.015921653
15110.0 469869.621295432
15120.0 469116.8733332094
15130.0 458127.75787504
15140.0 471476.3134374024
15150.0 460497.51310504763
15160.0 451698.7365571607
15170.0 451404.81045345764
15180.0 468681.7547431868
15190.0 467211.9593416556
15200.0 468024.75546850805
15210.0 469473.55856520246
15220.0 465306.6007498643
15230.0 470617.2210242726
15240.0 463466.3121492946
15250.0 465908.3965890189
15260.0 457497.35320302227
15270.0 461977.9708938789
15280.0 451615.1082705754
15290.0 459473.89634517767
15300.0 462354.6504933197
15310.0 465191.9136879507
15320.0 457937.38177563593
15330.0 448985.7443148645
15340.0 455567.9452538496
15350.0 463506.33482606045
15360.0 464995.2300157205
15370.0 454276.9148240862
15380.0 455022.54965223477
15390.0 454256.4022304135
15400.0 452123.3900935562
15410.0 449730.47770808026
15420.0 448079.9018909126
15430.0 447346.2569432819
15440.0 459208.55323345
15450.0 461455.8684183014
15460.0 455882.3996247252
15470.0 455942.89226843073
15480.0 458499.1143370174
15490.0 459744.7959340046
15500.0 452804.25772229163
15510.0 449467.7145656793
15520.0 459579.271496856
15530.0 455303.52773003624
15540.0 431847.14334929356
15550.0 453964.58800529334
15560.0 444464.3070567883
15570.0 440269.2650421927
15580.0 452952.22463545646
15590.0 452426.38482241146
15600.0 451420.6350661019
15610.0 452198.05757539975
15620.0 448893.9196232278
15630.0 444315.3600501402
15640.0 453098.40004192624
15650.0 441212.9790734807
15660.0 450550.5533829519
15670.0 453604.0330951599
15680.0 451149.0004344348
15690.0 449584.8303229187
15700.0 446631.0963011169
15710.0 446481.2208227692
15720.0 427744.1822772773
15730.0 435071.87111898087
15740.0 438329.7369968848
15750.0 430996.2798950515
15760.0 422382.43653153855
15770.0 423458.8043809075
15780.0 432934.33600923215
15790.0 447432.4386822242
15800.0 446471.5500038822
15810.0 446918.7247151695
15820.0 442720.5586590816
15830.0 442867.65599910636
15840.0 442101.82185840345
15850.0 446466.99645691353
15860.0 445940.9794194485
15870.0 443747.8878013807
15880.0 440149.6127567992
15890.0 419332.64805752697
15900.0 437396.9505068952
15910.0 434144.34040041966
15920.0 443568.7132088867
15930.0 443256.05608503957
15940.0 444076.7033681032
15950.0 444457.2305247754
15960.0 443708.94596784463
15970.0 441213.67716219224
15980.0 441269.9556407403
15990.0 442142.84478939546
16000.0 441818.92723161407
16010.0 440524.88944433513
16020.0 441191.6997494044
16030.0 439885.5483085378
16040.0 428703.04485650006
16050.0 435120.1999316848
16060.0 426686.36926700687
16070.0 426582.6936054503
16080.0 435486.59785326273
16090.0 437389.59999934747
16100.0 435250.3602248457
16110.0 435079.30269498547
16120.0 428704.1046617773
16130.0 422495.2882551486
16140.0 406484.62073063804
16150.0 382074.3707256957
16160.0 384639.77864490537
16170.0 418494.36025798443
16180.0 420447.5765644155
16190.0 393861.6306733168
16200.0 370871.0584442294
16210.0 406645.5968051967
16220.0 419423.8491559986
16230.0 420640.39562816033
16240.0 426929.1273040557
16250.0 418256.3166388587
16260.0 422106.0301224074
16270.0 428781.5706676034
16280.0 430090.0402346856
16290.0 430905.3528974511
16300.0 427341.62329316774
16310.0 423922.3206962726
16320.0 428053.63167600654
16330.0 428947.74103493145
16340.0 426016.57635354146
16350.0 413996.0288884429
16360.0 420892.451026431
16370.0 419909.6901317814
16380.0 423268.5467565466
16390.0 421153.1291246008
16400.0 421187.2935699818
16410.0 421407.25411067205
16420.0 424463.9985082878
16430.0 423252.9659436254
16440.0 412535.32606201497
16450.0 412397.9135288719
16460.0 420003.9816539526
16470.0 415489.55902972305
16480.0 419411.9994895957
16490.0 416991.2159879237
16500.0 419118.22693625547
16510.0 419077.2968276615
16520.0 414612.5485127948
16530.0 409095.33362211456
16540.0 411376.11039632256
16550.0 417215.86797602527
16560.0 417212.13693582476
16570.0 415692.8728883075
16580.0 409849.19581394724
16590.0 414197.9456030241
16600.0 413628.74236526754
16610.0 406400.1061784388
16620.0 411817.3344418109
16630.0 409289.5104565291
16640.0 408738.8941071666
16650.0 403752.82948743197
16660.0 400741.63846677286
16670.0 406206.61488177354
16680.0 407400.1580517793
16690.0 404542.89417389093
16700.0 397188.1930873481
16710.0 383636.9359869929
16720.0 361445.7323870066
16730.0 385538.4970883024
16740.0 385164.793828705
16750.0 342177.35435710306
16760.0 375660.84868676914
16770.0 390530.6393248434
16780.0 398946.04740725725
16790.0 400521.812549817
16800.0 399712.0042326286
16810.0 400136.1883558765
16820.0 399526.2500222819
16830.0 399369.0406487092
16840.0 397141.7880220007
16850.0 397750.74179280584
16860.0 396717.4318904141
16870.0 388100.2167390072
16880.0 388841.13287290366
16890.0 390166.88309016847
16900.0 379565.7246255756
16910.0 387033.2010837517
16920.0 391889.5521284524
16930.0 393681.94029176567
16940.0 391875.87474265735
16950.0 390220.3451491459
16960.0 390214.6001567841
16970.0 388242.8842875798
16980.0 389198.4518271621
16990.0 387022.6439448125
17000.0 384353.3233786453
17010.0 385620.41623511096
17020.0 385281.55228761013
17030.0 385332.738435397
17040.0 383476.8259497109
17050.0 376655.5022756244
17060.0 381819.7696324554
17070.0 371984.3381727434
17080.0 375638.7791733249
17090.0 370683.74281784595
17100.0 347062.90591645736
17110.0 324216.159729051
17120.0 359821.3285174245
17130.0 371024.95414971974
17140.0 372618.79562813276
17150.0 374518.3282590803
17160.0 372720.6669253389
17170.0 369740.35171096894
17180.0 369973.21493828716
17190.0 369473.17345545837
17200.0 371688.76209203876
17210.0 366878.65082478826
17220.0 369889.09203606343
17230.0 362849.03708653204
17240.0 361404.5162226945
17250.0 369368.7602865958
17260.0 364228.550204643
17270.0 365007.5259962662
17280.0 365244.3075256163
17290.0 364452.99469566287
17300.0 366007.03283948684
17310.0 355883.87340122287
17320.0 354271.97011648124
17330.0 360183.52518826193
17340.0 354629.5716974499
17350.0 354702.49715423916
17360.0 360469.4250873176
17370.0 359022.0723372301
17380.0 353582.3596756882
17390.0 357339.12542038184
17400.0 353904.7854337286
17410.0 351798.2321079273
17420.0 349718.5407152119
17430.0 351745.55686836527
17440.0 353647.47866227216
17450.0 353781.3597720436
17460.0 351808.2091204315
17470.0 350952.4877264843
17480.0 352232.0765327903
17490.0 348311.65112919774
17500.0 340735.75586768484
17510.0 348458.00591696636
17520.0 347612.79158104764
17530.0 343209.31267238205
17540.0 340326.97358999745
17550.0 340328.66961483605
17560.0 340504.8602415841
17570.0 344164.3645670251
17580.0 341144.60618729
17590.0 337022.76320244663
17600.0 338726.45339335443
17610.0 339044.8733979085
17620.0 332290.2865136003
17630.0 340245.3849012931
17640.0 336967.9687615538
17650.0 338785.52238711127
17660.0 334946.70983728976
17670.0 333879.69426186493
17680.0 328319.5987519217
17690.0 338154.2772284716
17700.0 334344.9202081549
17710.0 329846.0385051588
17720.0 328133.5542751087
17730.0 332487.6697677213
17740.0 331784.631831732
17750.0 329979.28403778956
17760.0 324531.56439916656
17770.0 322892.017963823
17780.0 325473.78846764105
17790.0 324755.2090631737
17800.0 330992.4096676955
17810.0 318715.8676823933
17820.0 317804.8129299031
17830.0 321236.20941522176
17840.0 325754.8687486459
17850.0 314655.1271176678
17860.0 319100.87497147976
17870.0 317016.015393941
17880.0 318679.4016903732
17890.0 324207.61181768146
17900.0 316966.95154882886
17910.0 314167.50813917146
17920.0 319497.47984295123
17930.0 316688.06126180233
17940.0 313742.9502336197
17950.0 318922.9509075487
17960.0 308759.1033211418
17970.0 318228.8930886802
17980.0 318534.08747036575
17990.0 307442.54906422365
18000.0 311252.32281073264
18010.0 305496.6018414311
18020.0 305154.1268018623
18030.0 304663.8223190457
18040.0 305528.4417370694
18050.0 302007.8917643672
18060.0 311802.8610593555
18070.0 306372.0204883718
18080.0 304602.456744301
18090.0 312464.67571042146
18100.0 304467.7638888428
18110.0 300985.799486565
18120.0 299632.1536724005
18130.0 305911.6993065916
18140.0 308164.3939367769
18150.0 302885.4745047969
18160.0 308708.67926066177
18170.0 298591.36664257164
18180.0 298441.3420034711
18190.0 298422.50445954484
18200.0 299067.461745614
18210.0 295858.8063400181
18220.0 293903.55734851025
18230.0 307038.43128784536
18240.0 303746.54544340953
18250.0 299747.20304198377
18260.0 290780.8435825874
18270.0 289648.54573604814
18280.0 294997.55283961876
18290.0 298221.23710383987
18300.0 295104.0741277599
18310.0 296911.84407889255
18320.0 288510.4486553654
18330.0 297501.6676755295
18340.0 296060.53120450064
18350.0 290860.1392291859
18360.0 292878.6116595795
18370.0 289258.78721572604
18380.0 296029.51965722785
18390.0 285912.5155352171
18400.0 289354.4936609481
18410.0 292667.8603586327
18420.0 284362.8993554174
18430.0 281596.4518692714
18440.0 280502.2904385517
18450.0 281298.9160869257
18460.0 253183.51431130382
18470.0 243462.25368373672
18480.0 270883.20184649044
18490.0 281993.3248031179
18500.0 282128.838077526
18510.0 283584.43331731006
18520.0 283284.62552560924
18530.0 276239.4686501664
18540.0 282484.1880628452
18550.0 283124.5516166434
18560.0 269301.3407147462
18570.0 273952.8007324637
18580.0 270698.3892929345
18590.0 272635.05568401463
18600.0 271005.41313245916
18610.0 272748.1091815883
18620.0 278385.5158957563
18630.0 277864.3534672087
18640.0 277674.42017295933
18650.0 272178.2085029935
18660.0 278197.94467102346
18670.0 275243.327645582
18680.0 274764.6842564275
18690.0 278912.4698211877
18700.0 276339.78598936374
18710.0 268872.3410401144
18720.0 271562.43612436485
18730.0 262413.65365682985
18740.0 274740.9382455419
18750.0 274460.55161023483
18760.0 269809.07413367805
18770.0 267856.0871369845
18780.0 267774.7227110778
18790.0 269182.4123284648
18800.0 272720.0494378722
18810.0 270459.2978777143
18820.0 273561.6542931548
18830.0 274508.6059494392
18840.0 267182.8458101804
18850.0 261078.80889823198
18860.0 256584.40075222115
18870.0 271590.95357360947
18880.0 264672.71889351594
18890.0 267559.10131578136
18900.0 266244.1262508543
18910.0 262334.2742325768
18920.0 258044.68323713323
18930.0 262930.19863395876
18940.0 263077.7023044653
18950.0 268192.1285666583
18960.0 262979.8687100287
18970.0 263543.77958175546
18980.0 258994.50321148906
18990.0 259438.96196313124
19000.0 266926.707341004
19010.0 261345.9286349771
19020.0 263560.52932564705
19030.0 261494.3847483229
19040.0 260474.73543468956
19050.0 255741.41020471367
19060.0 257555.6634900338
19070.0 260548.76952472026
19080.0 261669.08422511822
19090.0 259878.8834896324
19100.0 257950.56470924112
19110.0 251222.05181167857
19120.0 259966.37227711122
19130.0 261290.54446148823
19140.0 260392.00418508222
19150.0 258803.57165016705
19160.0 255021.95991822935
19170.0 257894.30835052556
19180.0 257247.2303392751
19190.0 256542.00002580095
19200.0 255224.86524625472
19210.0 256498.61818009432
19220.0 252016.72462840594
19230.0 254434.5144565204
19240.0 251642.98833262175
19250.0 252027.4056521703
19260.0 247496.72644089302
19270.0 250906.55076535544
19280.0 244213.60201574527
19290.0 234416.56075874038
19300.0 209790.26508288697
19310.0 165218.72361717778
19320.0 216654.2856768894
19330.0 232967.75118121196
19340.0 241886.7602568603
19350.0 245625.6927026936
19360.0 246725.40874058934
19370.0 246573.16825804094
19380.0 242127.29113016638
19390.0 241258.59748892154
19400.0 240460.28734006677
19410.0 239519.0588968836
19420.0 234701.5110140271
19430.0 222247.19273911425
19440.0 205735.39626443453
19450.0 157876.08736246126
19460.0 183693.86658482894
19470.0 213723.61773733198
19480.0 220830.44833440983
19490.0 221348.51419366343
19500.0 190924.88341599036
19510.0 177455.63651109327
19520.0 222178.27442465082
19530.0 232994.73935021748
19540.0 236370.09531453802
19550.0 235081.10465575499
19560.0 236730.72206214452
19570.0 243649.517217931
19580.0 241614.421261178
19590.0 239802.4374680612
19600.0 237257.75901724372
19610.0 238130.6329638118
19620.0 238530.72394143871
19630.0 232718.9623379311
19640.0 237707.32028394158
19650.0 238309.22331028307
19660.0 239665.4195295992
19670.0 235284.38906998213
19680.0 235870.7417281938
19690.0 235497.43764340974
19700.0 235732.19012513832
19710.0 228158.59948198884
19720.0 230239.32744492765
19730.0 222086.36586270347
19740.0 220351.7065604217
19750.0 206438.29189119104
19760.0 194050.35033079927
19770.0 166229.10835280496
19780.0 146041.21468337651
19790.0 186491.132556058
19800.0 202047.42930162593
19810.0 210851.07182800706
19820.0 214293.26005378496
19830.0 217257.75704192952
19840.0 212353.31703922065
19850.0 185071.56017450575
19860.0 158409.3963720933
19870.0 193337.55857644064
19880.0 213945.857944429
19890.0 217040.79331008383
19900.0 218034.47540550222
19910.0 215162.18956242554
19920.0 194633.25040182238
19930.0 196507.9343125906
19940.0 207221.83121907883
19950.0 217839.7211036524
19960.0 210302.284028597
19970.0 214076.26478347174
19980.0 226438.0203876911
19990.0 221692.0289378177
20010.0 225395.71013314207
20020.0 224565.43761211672
20030.0 225799.2880731513
20040.0 223856.22153893142
20050.0 225091.9579091851
20060.0 223773.61728532574
20070.0 224865.5594877383
20080.0 221739.36469544854
20090.0 221400.91283417898
20100.0 219573.6114940232
20110.0 222744.13954008557
20120.0 220995.67809963506
20130.0 218250.41955704193
20140.0 224376.7638646788
20150.0 221335.05105084882
20160.0 219185.14107737658
20170.0 219018.25393657503
20180.0 219901.32966926374
20190.0 214201.88816459253
20200.0 217447.3469720338
20210.0 221255.6520525408
20220.0 218008.17739461877
20230.0 220136.08553516187
20240.0 218813.77654387092
20250.0 216405.69031602493
20260.0 214313.3268728464
20270.0 214910.94627863428
20280.0 218007.60845553645
20290.0 211786.17343089147
20300.0 214522.7795325877
20310.0 216135.57159272756
20320.0 218558.64488355885
20330.0 216938.57069945638
20340.0 215387.44967193453
20350.0 210433.7811883263
20360.0 215391.30546683972
20370.0 216663.9824861655
20380.0 213614.85216285763
20390.0 210397.38457773853
20400.0 214257.8497578784
20410.0 212197.53358644995
20420.0 216363.68590934947
20430.0 211499.26696855619
20440.0 208541.38069542267
20450.0 209931.8670557274
20460.0 211410.91611933507
20470.0 212322.42786871476
20480.0 209015.2622262334
20490.0 205873.4592281732
20500.0 212096.06893406683
20510.0 211625.5373415924
20520.0 210061.18696815806
20530.0 209838.12528267707
20540.0 203865.07617372932
20550.0 206713.91975514984
20560.0 209304.24582568466
20570.0 208220.88445520788
20580.0 210017.0656625208
20590.0 207852.8194780679
20600.0 206047.8257924453
20610.0 207579.7724539985
20620.0 205292.03650454705
20630.0 200879.20088679722
20640.0 200822.93778085322
20650.0 203300.4272430042
20660.0 206579.979224015
20670.0 203528.05377184902
20680.0 206276.10081592406
20690.0 202811.68043647148
20700.0 208520.07770220004
20710.0 202789.58212891765
20720.0 203802.7955658256
20730.0 200951.21650031963
20740.0 203159.62001899706
20750.0 203718.26591623516
20760.0 200858.11436599796
20770.0 202847.6052681113
20780.0 202868.68795735735
20790.0 202385.25455911766
20800.0 202290.81288982873
20810.0 199244.57374336087
20820.0 201503.83007511523
20830.0 200709.4814886202
20840.0 200103.80837962878
20850.0 197944.8577042272
20860.0 199903.78950175754
20870.0 198543.4636287049
20880.0 199376.7802370416
20890.0 195784.03919610122
20900.0 200655.980580932
20910.0 199499.944361058
20920.0 201091.85883575396
20930.0 197026.7244476179
20940.0 195852.04073516978
20950.0 196607.99943880877
20960.0 192756.90047957542
20970.0 192803.96396363122
20980.0 197376.6897123157
20990.0 193780.15788161647
21000.0 196781.12836085254
21010.0 195974.3412503583
21020.0 195183.25638188378
21030.0 196045.67735577218
21040.0 196461.96972555824
21050.0 193670.62783935774
21060.0 196048.94830775846
21070.0 194208.14518545894
21080.0 190816.08614606573
21090.0 189448.453557938
21100.0 193078.20322481828
21110.0 191266.7852159203
21120.0 191717.49957457837
21130.0 193512.99593938654
21140.0 193747.96497077853
21150.0 190578.2160723739
21160.0 184271.55951951977
21170.0 184592.92820079817
21180.0 192266.9631212393
21190.0 191102.90330427405
21200.0 191254.96574808354
21210.0 191560.80042295667
21220.0 191744.46732502643
21230.0 190575.76653834543
21240.0 192325.50556745272
21250.0 190004.57148801704
21260.0 189044.60734017106
21270.0 188424.32541041033
21280.0 188648.65565611175
21290.0 189534.18814577378
21300.0 189508.86280571378
21310.0 190856.27967405148
21320.0 188520.05870683127
21330.0 190038.39992857733
21340.0 187898.84336782398
21350.0 189281.18892945425
21360.0 187786.51671435824
21370.0 187273.43660678985
21380.0 186715.5386881864
21390.0 187970.20295152257
21400.0 185734.96933461487
21410.0 187607.36782006436
21420.0 185242.38849192383
21430.0 188340.28133595642
21440.0 187468.17918096497
21450.0 185546.47835984267
21460.0 186937.89250728075
21470.0 186476.62380074774
21480.0 184983.23720301103
21490.0 184710.31271469707
21500.0 184316.43036688078
21510.0 185275.79006512894
21520.0 183821.57184367877
21530.0 184744.52102294017
21540.0 184506.10171428166
21550.0 184266.72978366545
21560.0 183709.10739180254
21570.0 184022.5387517758
21580.0 184165.97967378932
21590.0 182960.48258947142
21600.0 182794.20754796275
21610.0 184021.81450398228
21620.0 182948.78348600006
21630.0 182172.91441250584
21640.0 183051.5673669671
21650.0 182182.3623454616
21660.0 182007.79929111162
21670.0 182539.9949712932
21680.0 182206.2770187172
21690.0 182226.8178194573
21700.0 180235.0206552584
21710.0 181153.16544976458
21720.0 180349.05226249644
21730.0 180272.6010650196
21740.0 180639.5318566678
21750.0 179342.02460897318
21760.0 179414.23932064002
21770.0 179421.63601949788
21780.0 170193.90071920166
21790.0 177358.1309757821
21800.0 178422.80392988116
21810.0 178846.40943189833
21820.0 177665.37156665325
21830.0 177824.6256530317
21840.0 177860.60168195324
21850.0 178532.22968834618
21860.0 177600.5495984878
21870.0 177115.2714401688
21880.0 176961.60522765544
21890.0 175972.86562120478
21900.0 170881.43211714088
21910.0 176643.06521590747
21920.0 176470.90021647242
21930.0 176305.87707484694
21940.0 175965.83583956084
21950.0 176087.4764750045
21960.0 175828.43902066478
21970.0 175236.73345259472
21980.0 175274.02974039584
21990.0 174473.71786271897
22000.0 173156.3569435544
22010.0 173367.72679010668
22020.0 173589.60750979793
22030.0 172777.47013709552
22040.0 171647.53459957312
22050.0 159052.43091014875
22060.0 146004.60906755563
22070.0 167661.1190478158
22080.0 151965.45490466597
22090.0 163783.5345623909
22100.0 171163.4500695141
22110.0 171697.657755155
22120.0 172151.9817752436
22130.0 171819.82796737395
22140.0 171955.80598431258
22150.0 171548.10581573017
22160.0 171600.58743185404
22170.0 171168.6806228631
22180.0 171424.98609523912
22190.0 170753.21315218686
22200.0 170238.2419537509
22210.0 166320.47251479092
22220.0 170158.64498923457
22230.0 166349.3732517692
22240.0 170047.48362459242
22250.0 169815.58560768235
22260.0 168190.969413644
22270.0 164498.5150043189
22280.0 165934.90229562082
22290.0 167659.99137873648
22300.0 167446.16214697086
22310.0 166345.87478657957
22320.0 167929.24912617696
22330.0 167147.53457626502
22340.0 167276.0343357798
22350.0 167527.50775813937
22360.0 167312.74162306477
22370.0 167303.7371556157
22380.0 166413.19445347824
22390.0 166239.5334597186
22400.0 166491.3341704618
22410.0 166407.27654818937
22420.0 166070.08069899792
22430.0 166090.60649995314
22440.0 164587.63345252932
22450.0 165819.65500061013
22460.0 165258.13768282806
22470.0 165226.34191559706
22480.0 164945.1277196302
22490.0 164790.79509811656
22500.0 164548.74404398495
22510.0 164656.43460572665
22520.0 164138.24666627517
22530.0 164242.34032135177
22540.0 162509.59105084435
22550.0 163270.06377028188
22560.0 163766.41051453838
22570.0 162521.51040451115
22580.0 162798.72192394047
22590.0 162086.505104539
22600.0 161093.3699301197
22610.0 159454.8363670613
22620.0 157873.01443992901
22630.0 158263.95413127044
22640.0 159160.1454449606
22650.0 157279.9683965315
22660.0 159041.740241971
22670.0 160405.17562624015
22680.0 160366.09943298582
22690.0 160401.12638753495
22700.0 159694.8961212231
22710.0 159905.77123489938
22720.0 159923.08170142156
22730.0 159798.73376892685
22740.0 159291.97744650004
22750.0 159664.3526700871
22760.0 159256.13093041987
22770.0 158847.79802650653
22780.0 158417.7772473476
22790.0 158410.1062264071
22800.0 157069.32264135694
22810.0 157454.77107328683
22820.0 155050.7121387277
22830.0 156164.17632867998
22840.0 156646.15092540436
22850.0 157337.49188734777
22860.0 157310.32438170977
22870.0 157170.55844215243
22880.0 156954.2340402003
22890.0 156742.00136055658
22900.0 156721.21692729706
22910.0 155690.4774081391
22920.0 155594.02283361007
22930.0 140253.229730037
22940.0 142590.41812985053
22950.0 147703.1681008822
22960.0 144941.79955769877
22970.0 147250.87249333438
22980.0 148241.8869452617
22990.0 149202.0028868965
23000.0 150441.14035061354
23010.0 148517.7127392154
23020.0 149207.84611557244
23030.0 149449.07444784752
23040.0 149758.7842536979
23050.0 149330.09554802443
23060.0 149426.20830360882
23070.0 149064.80259553823
23080.0 149474.17832414593
23090.0 148878.35557414006
23100.0 150555.73425959292
23110.0 148459.29443996827
23120.0 148177.27267828648
23130.0 148093.59184048485
23140.0 147202.449041889
23150.0 150534.94775183607
23160.0 147444.1878538489
23170.0 147239.70940609908
23180.0 148921.53241318365
23190.0 148453.41686277956
23200.0 146045.1427096075
23210.0 147218.2500022024
23220.0 134208.17077094235
23230.0 132514.50892081962
23240.0 139021.09495018184
23250.0 138449.2934418719
23260.0 139929.46580997176
23270.0 140622.57849120497
23280.0 141066.84684264625
23290.0 143288.5294800378
23300.0 137967.16755549706
23310.0 141400.018974368
23320.0 143251.91983715352
23330.0 142017.7740570644
23340.0 139502.97374468832
23350.0 129460.45346082254
23360.0 139641.88062531035
23370.0 137835.7098764835
23380.0 123842.76451716179
23390.0 141057.96051685506
23400.0 139820.56189440322
23410.0 140151.74466537632
23420.0 141900.77082507554
23430.0 140321.53832513298
23440.0 139956.08121535045
23450.0 140364.779456811
23460.0 140692.15908909417
23470.0 142833.6196776426
23480.0 140819.37237650453
23490.0 139652.82409439236
23500.0 141617.98111380756
23510.0 138419.64749809064
23520.0 124889.92523432935
23530.0 129301.21433937474
23540.0 131825.34471811878
23550.0 132493.55648047235
23560.0 134010.2695721428
23570.0 135851.171991189
23580.0 134134.2297441222
23590.0 134255.60218338846
23600.0 136389.03320358336
23610.0 134863.09092119476
23620.0 134290.8779421728
23630.0 136668.6522685818
23640.0 135672.10446907714
23650.0 135702.5169397649
23660.0 135919.6251997627
23670.0 133195.0307560843
23680.0 135365.54163465885
23690.0 135950.77381925742
23700.0 136402.97126324172
23710.0 136164.2940333714
23720.0 133111.15811985766
23730.0 135533.51943476585
23740.0 136057.07005053305
23750.0 134169.4599613269
23760.0 133342.39714966892
23770.0 135859.929596181
23780.0 134058.06930798295
23790.0 133747.14232320877
23800.0 132818.392593404
23810.0 134224.67213012683
23820.0 126454.5409198435
23830.0 121497.56643856905
23840.0 127013.53828610676
23850.0 127161.78685093508
23860.0 126395.960648747
23870.0 127291.77173443743
23880.0 129621.95406471094
23890.0 127762.95160984821
23900.0 128656.6503982238
23910.0 128317.0724506012
23920.0 126181.43770679632
23930.0 131374.1562308838
23940.0 128403.79396069748
23950.0 128910.39767424206
23960.0 127463.36111528623
23970.0 127917.97853747709
23980.0 128866.48115889546
23990.0 128929.00502043238
24000.0 125828.61807280529
24010.0 128012.9734758687
24020.0 124843.37382789663
24030.0 128450.61654094292
24040.0 125571.25444873139
24050.0 125118.20354416697
24060.0 127531.15384282335
24070.0 126504.35966193023
24080.0 123166.05717112914
24090.0 126247.39616459957
24100.0 123224.9343696551
24110.0 126805.96580701294
24120.0 123237.27305005514
24130.0 122547.7637857302
24140.0 116273.7792979981
24150.0 123303.65949118108
24160.0 117699.44690621825
24170.0 120568.42350700208
24180.0 124285.6112941668
24190.0 117933.15358486607
24200.0 124765.56521541596
24210.0 119597.42633661152
24220.0 119325.729617619
24230.0 120821.49704942905
24240.0 123666.1726068202
24250.0 118538.46335375415
24260.0 119031.2892586354
24270.0 119719.71230135368
24280.0 117911.63247088995
24290.0 122514.83179960793
24300.0 119365.47226685895
24310.0 117481.59923865813
24320.0 122860.95454499542
24330.0 115836.34631903676
24340.0 117688.15916046943
24350.0 121589.2250478601
24360.0 114374.560049818
24370.0 113758.14188051892
24380.0 121486.36128094536
24390.0 119137.09350169163
24400.0 117916.30078531354
24410.0 116123.41317304564
24420.0 115962.75658744657
24430.0 117114.35832086478
24440.0 111743.20896682741
24450.0 118808.66399389284
24460.0 113035.95208120662
24470.0 110868.23129280403
24480.0 113124.34559303937
24490.0 114680.93300462225
24500.0 114699.71952237297
24510.0 112893.95511776686
24520.0 111889.89581284898
24530.0 111017.0055953368
24540.0 105542.04444903194
24550.0 115097.83078661839
24560.0 114732.91114519903
24570.0 116021.68498244416
24580.0 114931.87791748423
24590.0 109783.29590110447
24600.0 108150.22297205347
24610.0 106113.52907286993
24620.0 114306.62022611253
24630.0 114088.34246028378
24640.0 113575.56774629053
24650.0 110524.0881054162
24660.0 111417.74152088678
24670.0 106077.20794552678
24680.0 109133.48374508398
24690.0 111841.51026037664
24700.0 111306.63811899787
24710.0 110959.06707085481
24720.0 111399.05103887997
24730.0 104973.83806455825
24740.0 104318.28170097608
24750.0 107183.83026942145
24760.0 111935.96239816233
24770.0 110507.95859356507
24780.0 105909.84678514261
24790.0 105855.40800912328
24800.0 105372.87352241758
24810.0 103923.14762098034
24820.0 104049.30192793476
24830.0 108189.02727055823
24840.0 107063.30765268995
24850.0 103177.98299027099
24860.0 98902.5573990081
24870.0 100050.84681431645
24880.0 99169.91324265055
24890.0 97700.98268976889
24900.0 97466.47914276837
24910.0 99858.77656672696
24920.0 102814.71997602722
24930.0 100996.88457788443
24940.0 100049.23907456137
24950.0 102716.70859515641
24960.0 101459.9530848161
24970.0 98845.53057583493
24980.0 97160.23498861503
24990.0 98578.41839420695
