#lam[Angstrom] flux[erg/cm2/s/A]
1010.0 343280.7880820353
1020.0 355451.7748978467
1030.0 1226289.0872211133
1040.0 483383.75869034405
1050.0 363987.34136500076
1060.0 367277.81598445756
1070.0 387833.9660506339
1080.0 1173700.8413161
1090.0 1195735.6518150335
1100.0 383320.78994933976
1110.0 386393.51309889124
1120.0 401415.67986631615
1130.0 390454.56714752817
1140.0 424034.87505441136
1150.0 397924.2950208088
1160.0 405490.5429700289
1170.0 406240.76888051943
1180.0 407990.2912481624
1190.0 410473.47534790984
1200.0 618933.2104152044
1210.0 550885.3159339217
1220.0 3504963.2353232936
1230.0 506992.6701287839
1240.0 2066739.816929305
1250.0 719852.4719900134
1260.0 1001739.9209336821
1270.0 1029165.8269148465
1280.0 1062560.306742935
1290.0 1146791.8620638833
1300.0 1234968.1985593843
1310.0 1358124.98413985
1320.0 1418606.5256064325
1330.0 1442554.2181059055
1340.0 1610020.4291274822
1350.0 1549510.3370233746
1360.0 1586459.7176770794
1370.0 1609955.188999684
1380.0 1644090.417446757
1390.0 3764233.6222187285
1400.0 4186116.7929905
1410.0 3094658.60710891
1420.0 1745674.9592020242
1430.0 1714201.0984357859
1440.0 1722994.356178973
1450.0 1734458.1993147046
1460.0 1748107.8083476382
1470.0 1761657.3067751501
1480.0 1769953.4889241916
1490.0 2777935.77436369
1500.0 1752447.8725966883
1510.0 1749561.8536049111
1520.0 1751482.5407097973
1530.0 1830165.3041315768
1540.0 1739182.7591729045
1550.0 24694993.954638585
1560.0 1739881.69730128
1570.0 1732415.5749500678
1580.0 1815196.6217884077
1590.0 1730773.0124404666
1600.0 1897669.6198164627
1610.0 1727402.2626311611
1620.0 1727265.1096377827
1630.0 1717042.3329739391
1640.0 15704502.319242267
1650.0 1702664.1286395714
1660.0 2202448.5901913783
1670.0 2999195.623370313
1680.0 1691756.0331406929
1690.0 1686645.605740266
1700.0 1679752.4510793092
1710.0 1671263.6403213935
1720.0 1794142.226068034
1730.0 1679659.03836027
1740.0 1711458.1965318213
1750.0 2539270.9109020075
1760.0 1664712.7927096647
1770.0 1664189.0398113031
1780.0 1669205.061356849
1790.0 1785152.5414793086
1800.0 1658019.8825944907
1810.0 2045006.8763419546
1820.0 2080135.8247846246
1830.0 1627413.01563751
1840.0 1617033.0427162154
1850.0 1745839.6113724567
1860.0 1679466.8282386248
1870.0 1598086.963468088
1880.0 2620134.4867755384
1890.0 3279037.123123327
1900.0 1582186.4324993032
1910.0 10630401.17109331
1920.0 1571247.8542288768
1930.0 1578238.2155182038
1940.0 1549600.580581395
1950.0 1548758.9235525087
1960.0 1533006.9938761217
1970.0 1523990.2517489719
1980.0 1515834.489085963
1990.0 1509184.9372271586
2000.0 1498979.535584085
2010.0 1485918.293157264
2020.0 1424363.1300165602
2030.0 1343460.2708572526
2040.0 1303983.7651481472
2050.0 1244679.7721670119
2060.0 1223957.7893724502
2070.0 1233247.3607510885
2080.0 1206122.537929708
2090.0 1243677.5573636263
2100.0 1216843.7721386845
2110.0 1217039.21671369
2120.0 1252191.478989445
2130.0 1250460.4943323554
2140.0 1315231.6777383564
2150.0 1203173.106825658
2160.0 1212467.7706803263
2170.0 1183289.8538274167
2180.0 1229855.1792264509
2190.0 1203102.0524955748
2200.0 1215147.7168635791
2210.0 1229855.7886368302
2220.0 1290365.4709901921
2230.0 1262681.0779205281
2240.0 1283089.4084367575
2250.0 1362950.7421889156
2260.0 1329576.3441635056
2270.0 1356220.0237870927
2280.0 1383977.176583824
2290.0 1412838.1948253522
2300.0 1477472.9520835932
2310.0 1554448.3708895696
2320.0 1631985.462945691
2330.0 2923815.205873856
2340.0 1853949.980280504
2350.0 1653037.6411776638
2360.0 1613978.141865688
2370.0 1645384.4489728208
2380.0 1676992.2723430423
2390.0 1833003.6823496826
2400.0 1740811.8938842884
2410.0 1776849.341695016
2420.0 1801130.861019617
2430.0 3899183.9443755643
2440.0 1861178.9640175924
2450.0 1897182.7159441288
2460.0 1920096.125836348
2470.0 1949416.6203835825
2480.0 1979142.179559611
2490.0 2008671.215579419
2500.0 2037053.9851715704
2510.0 2273018.999401074
2520.0 2097564.0273409532
2530.0 2126714.7309143217
2540.0 2151018.9461600846
2550.0 2180454.53433103
2560.0 2525202.911883503
2570.0 2234241.6848769453
2580.0 2262569.301906123
2590.0 2345494.1613724264
2600.0 2320030.3761488223
2610.0 2343847.6808645222
2620.0 2369213.2550358176
2630.0 2395612.002504002
2640.0 2426974.0212928266
2650.0 2446016.429423795
2660.0 2465128.445605947
2670.0 2762290.564176054
2680.0 2507861.3970158757
2690.0 2531723.4422801216
2700.0 2555297.8178258855
2710.0 2573245.2478755866
2720.0 2600525.3585757334
2730.0 2790081.4997010916
2740.0 2813250.157112958
2750.0 2671024.9921076815
2760.0 2707536.3013776364
2770.0 2725719.652446172
2780.0 2745878.3753895527
2790.0 10918307.768929202
2800.0 6897954.381744457
2810.0 2828817.1879621935
2820.0 2854162.8324359814
2830.0 4432322.874572967
2840.0 2892771.603143049
2850.0 3078061.457188383
2860.0 2995850.1848262446
2870.0 2971362.27156058
2880.0 2999843.1009342847
2890.0 3029384.745771098
2900.0 3064908.9559739116
2910.0 3081954.134684193
2920.0 3120052.2402557195
2930.0 3618233.6968256296
2940.0 3143086.2429869003
2950.0 3235055.9667106103
2960.0 3199961.6409427444
2970.0 3204953.8547805147
2980.0 3249334.569731491
2990.0 3263492.0189543697
3000.0 3276195.5047714296
3010.0 3305024.060929107
3020.0 3320104.1256824085
3030.0 3360511.9751657764
3040.0 3381863.895614899
3050.0 3404112.0822138293
3060.0 3429916.1242631
3070.0 3483792.889613343
3080.0 3480911.7987485663
3090.0 3505707.621826355
3100.0 3536346.587011799
3110.0 3631920.6337592043
3120.0 3690145.934900081
3130.0 3683685.9964621724
3140.0 3718467.3348579966
3150.0 3808102.1097170347
3160.0 3747338.128404949
3170.0 3832632.540008909
3180.0 3781236.9817567086
3190.0 3915541.5067058397
3200.0 3834997.2025666838
3210.0 4434827.309683327
3220.0 3841221.327932257
3230.0 3829818.6460762597
3240.0 3915086.1122995117
3250.0 3934425.896118186
3260.0 4163256.1120127146
3270.0 4098337.271590676
3280.0 4106122.828072773
3290.0 4160128.9377800245
3300.0 4312418.115727192
3310.0 4119502.7651220844
3320.0 4135428.5504824505
3330.0 4227503.12102252
3340.0 4561759.894374865
3350.0 4180810.5266206106
3360.0 4197946.503234975
3370.0 4090555.5127492044
3380.0 4183549.074243045
3390.0 4184183.045396397
3400.0 4272422.23103907
3410.0 4202628.888394706
3420.0 4759219.046623106
3430.0 4797735.0085562505
3440.0 4199077.734649867
3450.0 4261924.717318912
3460.0 4287568.469016791
3470.0 4308744.956694334
3480.0 4399352.472294432
3490.0 4371956.117187297
3500.0 4429863.6185297305
3510.0 4372777.201453201
3520.0 4320016.318552339
3530.0 4407459.997642911
3540.0 4537117.012537742
3550.0 4487638.41083194
3560.0 4423903.011229732
3570.0 4341964.303996479
3580.0 4463546.41482994
3590.0 4359345.530279327
3600.0 4430918.6234948095
3610.0 4374993.69830847
3620.0 4432516.618571801
3630.0 4498325.908662548
3640.0 4508387.6490056235
3650.0 4466128.436968328
3660.0 4780431.1603083545
3670.0 4764310.742774513
3680.0 4572754.849124456
3690.0 4620640.228664388
3700.0 4715905.098221553
3710.0 4503236.275906975
3720.0 3920684.7269357336
3730.0 6463390.227504161
3740.0 3421844.5300768106
3750.0 3600827.20028409
3760.0 3491496.903722536
3770.0 4009945.9869260173
3780.0 3771224.207991727
3790.0 3622482.0819940977
3800.0 3913075.218608177
3810.0 3672232.11575058
3820.0 3551650.4754132046
3830.0 3512217.101508994
3840.0 3922339.3581795865
3850.0 3691323.754935717
3860.0 6936309.252711654
3870.0 3742209.8051811494
3880.0 4391628.627186524
3890.0 3722508.4823834873
3900.0 4320845.945023183
3910.0 3921190.95053244
3920.0 3772305.519580319
3930.0 3596123.885430189
3940.0 3659894.720296245
3950.0 3787205.0277629956
3960.0 4653653.955708862
3970.0 3642263.3201269954
3980.0 4701268.54934904
3990.0 4139996.773041759
4000.0 4048996.803870814
4010.0 4185450.5843610987
4020.0 4397381.860953177
4030.0 3873769.886399404
4040.0 4079451.698902714
4050.0 4074063.6794771086
4060.0 3993110.873383327
4070.0 3954700.4271072918
4080.0 4603082.870686508
4090.0 4799233.721169333
4100.0 5486546.517444668
4110.0 4360464.679253349
4120.0 4467048.471329803
4130.0 4173227.3126345277
4140.0 4232942.676262654
4150.0 4290548.969069839
4160.0 4518233.792681275
4170.0 4315467.186622222
4180.0 4395668.336685894
4190.0 4299348.100605961
4200.0 4051655.026022966
4210.0 4309806.340950783
4220.0 3918765.2019053698
4230.0 3778554.935832176
4240.0 4176879.0180240916
4250.0 4001006.8031108067
4260.0 4190106.063591601
4270.0 4037878.7540540774
4280.0 4171836.33359936
4290.0 4025565.7020011838
4300.0 4090731.1336798794
4310.0 4126417.0061014974
4320.0 4399662.108833958
4330.0 6495618.905662994
4340.0 4668900.672211229
4350.0 5121412.291265134
4360.0 5048681.568203793
4370.0 4835093.159980325
4380.0 4214934.038819285
4390.0 4577745.542010888
4400.0 4652022.462132379
4410.0 4625789.628864191
4420.0 4740486.759471014
4430.0 4507535.771633913
4440.0 4704105.819215221
4450.0 4636853.241428249
4460.0 4568214.616431809
4470.0 4925723.453207385
4480.0 4962340.544746555
4490.0 5090544.822541879
4500.0 5107035.336229995
4510.0 5472912.170264801
4520.0 5225831.9814170785
4530.0 4548181.791466046
4540.0 5054453.284154801
4550.0 5025080.029048642
4560.0 5416154.276076743
4570.0 5449696.113604013
4580.0 4923397.374064837
4590.0 5066104.888912442
4600.0 5179029.127145743
4610.0 5346434.0437966045
4620.0 5222528.016861623
4630.0 5419901.44218464
4640.0 5415944.421162562
4650.0 5220096.4713099
4660.0 5631424.203735322
4670.0 5430849.491715165
4680.0 5490466.596164295
4690.0 6745342.793493241
4700.0 5442152.234368853
4710.0 5519054.054025792
4720.0 5810113.524296233
4730.0 5479584.9188783225
4740.0 5523924.040204046
4750.0 5524218.680197753
4760.0 5352369.364549398
4770.0 5408121.351779411
4780.0 5491745.446035102
4790.0 5286177.301086965
4800.0 5283388.141139277
4810.0 5008891.230780361
4820.0 5215458.950673613
4830.0 5312236.542638286
4840.0 5341528.056415079
4850.0 5476430.616959666
4860.0 9270547.778881097
4870.0 5080737.333228803
4880.0 5180620.660895794
4890.0 5136258.754908112
4900.0 5568498.491929932
4910.0 5519611.052078299
4920.0 5018866.157114581
4930.0 5671858.617439393
4940.0 5210779.143350687
4950.0 5603184.508233004
4960.0 15402670.067581695
4970.0 5428691.301766517
4980.0 5139568.68116485
4990.0 4890937.460344839
5000.0 5015702.705251455
5010.0 35240354.68956336
5020.0 4921285.828511373
5030.0 5325124.607827138
5040.0 4685911.570670979
5050.0 4874578.259434676
5060.0 5042505.121084031
5070.0 4866260.540994587
5080.0 4665794.458644994
5090.0 4888486.619624695
5100.0 4922396.1800184855
5110.0 4610450.086215831
5120.0 4740449.3532313425
5130.0 4664055.11117002
5140.0 4620096.419096466
5150.0 4649741.223465198
5160.0 4775392.332834699
5170.0 4191886.6835275358
5180.0 4385631.003785421
5190.0 4587881.041981233
5200.0 4864355.386676414
5210.0 4450321.247434811
5220.0 5207495.061922476
5230.0 4849306.260638702
5240.0 5533817.479633704
5250.0 5382890.234752873
5260.0 5195160.123584295
5270.0 4487106.532787139
5280.0 5182639.534986061
5290.0 5685622.864186412
5300.0 5194167.42462514
5310.0 5699464.684200635
5320.0 5461989.733361165
5330.0 4738199.095413746
5340.0 5303192.101454337
5350.0 5298356.672804413
5360.0 5630536.421767064
5370.0 4808215.925977345
5380.0 5453675.96961621
5390.0 5360218.740982593
5400.0 4845146.861606864
5410.0 4855827.574512822
5420.0 5404658.515938802
5430.0 4821780.968075715
5440.0 5342421.215069791
5450.0 4964223.189924035
5460.0 5144142.882579017
5470.0 5538760.529216846
5480.0 5344475.185206924
5490.0 5469071.093942905
5500.0 5235557.136521718
5510.0 5192988.196198457
5520.0 5614707.898835169
5530.0 5390394.790115303
5540.0 5589484.499781983
5550.0 5617546.806636831
5560.0 5571604.229170091
5570.0 5283755.88173612
5580.0 5389549.735166374
5590.0 4808344.043473067
5600.0 5074364.225837149
5610.0 5709191.618241474
5620.0 5350004.394396518
5630.0 5771224.711560721
5640.0 5731143.082426385
5650.0 5794574.724365056
5660.0 5547289.029055779
5670.0 5796665.792212727
5680.0 5752564.111588383
5690.0 5684614.33257309
5700.0 5604796.4402415445
5710.0 5487793.751948519
5720.0 5740138.211629299
5730.0 5870265.589232106
5740.0 5732714.52939292
5750.0 5658291.108456309
5760.0 5722451.0526272515
5770.0 5789349.976472424
5780.0 5616367.01381921
5790.0 5554240.040924552
5800.0 5752957.74881462
5810.0 5737022.875996232
5820.0 5846617.757639656
5830.0 5734221.765190171
5840.0 5727031.193995848
5850.0 5673676.159285242
5860.0 5374033.292982874
5870.0 5551129.666674204
5880.0 5938150.363788666
5890.0 4540953.486484636
5900.0 4994989.241799874
5910.0 5647031.957903096
5920.0 5580299.04443222
5930.0 5579307.572491124
5940.0 5631230.733612742
5950.0 5642964.252349181
5960.0 5666356.6409657765
5970.0 5686631.965181386
5980.0 5522184.9752069
5990.0 5629039.761700347
6000.0 5628965.915744021
6010.0 5571050.810707234
6020.0 5415303.500212652
6030.0 5622118.680806665
6040.0 5653646.663431048
6050.0 5654946.682342464
6060.0 5565913.694437318
6070.0 5565718.950206971
6080.0 5599768.903801752
6090.0 5717413.714925494
6100.0 5337481.759327263
6110.0 5535671.631112425
6120.0 5124466.63595376
6130.0 5492943.304000327
6140.0 5250622.972336361
6150.0 5501506.086847182
6160.0 4916815.207594093
6170.0 5088929.898699958
6180.0 5543421.7298924625
6190.0 5317151.9012978505
6200.0 5496299.936596161
6210.0 5398369.50471738
6220.0 5363011.892701838
6230.0 5297764.130968545
6240.0 5389584.606174378
6250.0 5151586.599705229
6260.0 5197174.411632805
6270.0 5350139.768763795
6280.0 5349327.482045599
6290.0 5386940.330441149
6300.0 5575100.4233193975
6310.0 5374977.514789524
6320.0 5289794.876042508
6330.0 5433751.125747571
6340.0 5268718.710062487
6350.0 5438973.678783422
6360.0 5309085.832595324
6370.0 5469652.334491015
6380.0 5308324.85070551
6390.0 5223723.169468644
6400.0 5180803.67800234
6410.0 5223403.503540132
6420.0 5247078.72746569
6430.0 5289266.034760131
6440.0 4912849.890040255
6450.0 5256641.542862072
6460.0 4944161.839736915
6470.0 5184583.9326340305
6480.0 5292259.76633488
6490.0 5038892.517117222
6500.0 4973087.354995637
6510.0 5320503.907761937
6520.0 5316946.272685183
6530.0 5332495.0436651055
6540.0 5311754.353145666
6550.0 5228894.492875212
6560.0 15966220.755753737
6570.0 5205746.087722057
6580.0 5315429.052191106
6590.0 6600747.263039914
6600.0 5295568.177926473
6610.0 5246327.128536208
6620.0 5313892.544644914
6630.0 5237807.542738465
6640.0 5244514.113056235
6650.0 5288494.481412627
6660.0 5215284.921198018
6670.0 5265604.5236551035
6680.0 5179291.707808923
6690.0 5353174.706100967
6700.0 5165079.701065304
6710.0 5011360.032677143
6720.0 5086109.798914736
6730.0 5911445.327109288
6740.0 5166038.983702671
6750.0 5124237.247124465
6760.0 5181884.775296888
6770.0 5101400.547922618
6780.0 5123736.599444464
6790.0 5154805.958070206
6800.0 5113361.4610583875
6810.0 5067230.1259360155
6820.0 5065303.225315011
6830.0 5073693.727805527
6840.0 5007649.810292242
6850.0 4994402.6978621315
6860.0 4931970.162521064
6870.0 4948732.718350209
6880.0 4926273.911109853
6890.0 4939618.670954933
6900.0 4937290.256023182
6910.0 4951609.661626594
6920.0 4914396.801363386
6930.0 4963928.416509667
6940.0 4970765.227889139
6950.0 4966056.817306468
6960.0 5017961.195378269
6970.0 4969642.778806696
6980.0 4848872.993292725
6990.0 4946462.247905154
7000.0 5006405.882901607
7010.0 4931875.039817225
7020.0 4884691.050887067
7030.0 4933783.053433055
7040.0 4952673.77756673
7050.0 4986063.109502209
7060.0 4961678.773104159
7070.0 5214881.738165107
7080.0 4951251.414116413
7090.0 4912440.448116401
7100.0 4957442.086771615
7110.0 4868406.389059778
7120.0 4924423.093210278
7130.0 4839382.476361543
7140.0 5232769.590478673
7150.0 4579489.03892233
7160.0 4829787.357153799
7170.0 4893288.168625183
7180.0 4841237.674716059
7190.0 4738996.470208609
7200.0 4750200.971118063
7210.0 4694676.287501433
7220.0 4828494.533723367
7230.0 4876265.456211641
7240.0 4802287.330973603
7250.0 4888781.634738484
7260.0 4820001.653088639
7270.0 4814586.83804351
7280.0 4770782.553100979
7290.0 4863123.776187561
7300.0 4798085.600094428
7310.0 4754943.76799554
7320.0 5205414.416585419
7330.0 4586604.059495278
7340.0 4756313.161210248
7350.0 4752884.17020494
7360.0 4600754.309416314
7370.0 4763175.967906635
7380.0 4745411.938195468
7390.0 4625322.072399456
7400.0 4652093.519322148
7410.0 4619120.33020279
7420.0 4642298.887599027
7430.0 4706047.572286347
7440.0 4661526.17746535
7450.0 4601776.9716431275
7460.0 4609706.826459637
7470.0 4673531.2327468665
7480.0 4691522.4999357015
7490.0 4602949.807970278
7500.0 4596596.092689015
7510.0 4538087.010458373
7520.0 4638992.092550359
7530.0 4635222.5809251
7540.0 4651285.78351648
7550.0 4656717.915361177
7560.0 4611987.470616931
7570.0 4605841.096443612
7580.0 4605993.052260663
7590.0 4566416.22955226
7600.0 4613688.965529214
7610.0 4581208.757702018
7620.0 4548296.838242107
7630.0 4602689.467190344
7640.0 4586024.962392509
7650.0 4573944.497984638
7660.0 4342211.458029406
7670.0 4493079.574314633
7680.0 4557218.842637045
7690.0 4519186.363206495
7700.0 4455626.3487989
7710.0 4470498.375933696
7720.0 4476826.913628334
7730.0 4488555.803758625
7740.0 4595120.462803669
7750.0 4381833.16763827
7760.0 4494146.822691865
7770.0 4489635.117410811
7780.0 4414007.637196956
7790.0 4447660.315444102
7800.0 4443212.465875068
7810.0 4443518.331760687
7820.0 4444226.55686819
7830.0 4344342.855036975
7840.0 4383613.155386116
7850.0 4408000.101671281
7860.0 4417531.69317406
7870.0 4410192.120344343
7880.0 4395141.251658896
7890.0 4389269.705540098
7900.0 4373728.767946288
7910.0 4327493.444206168
7920.0 4352124.194358977
7930.0 4333781.122707583
7940.0 4212139.365326062
7950.0 4236015.058189716
7960.0 4329999.576451933
7970.0 4438140.275717208
7980.0 4302200.945641174
7990.0 4313823.479160084
8000.0 4211876.965145212
8010.0 4304926.895552261
8020.0 4286482.1823869385
8030.0 4254654.004910101
8040.0 4277064.063819997
8050.0 4202680.176411772
8060.0 4268946.682923693
8070.0 4225821.433742344
8080.0 4200229.3860151395
8090.0 4187840.642267547
8100.0 4210152.496738596
8110.0 4222503.697361839
8120.0 4212545.067519573
8130.0 4207472.46413913
8140.0 4189291.823412499
8150.0 4155091.6094916333
8160.0 4110190.803227147
8170.0 4093890.7514458597
8180.0 3949707.578358415
8190.0 3934548.9058067193
8200.0 3930043.0483923145
8210.0 3976180.2601887984
8220.0 3925665.53827901
8230.0 4001858.3214560007
8240.0 3996204.1054028166
8250.0 3999880.547322593
8260.0 4027846.545089272
8270.0 4002839.1920648534
8280.0 4000282.193529497
8290.0 3969415.1543612173
8300.0 3975325.8351943865
8310.0 3937091.7802287
8320.0 3943596.3058246584
8330.0 3701980.2867344758
8340.0 3954957.1190810176
8350.0 3894089.5940989056
8360.0 3886354.5987859955
8370.0 3908070.1669418626
8380.0 3842707.78654489
8390.0 3670285.0923267566
8400.0 3856396.9828975117
8410.0 3859344.4648851277
8420.0 3877378.2136116666
8430.0 3791659.307565977
8440.0 3793132.1342748106
8450.0 3929067.2233427567
8460.0 3952725.437212823
8470.0 3825808.840309499
8480.0 3958438.8015288822
8490.0 3952595.670140787
8500.0 3785916.5287636314
8510.0 3842288.8472566083
8520.0 3862683.624957639
8530.0 3900517.8232482895
8540.0 3539864.60430014
8550.0 3853932.244036304
8560.0 3882267.197958455
8570.0 3857776.5873881653
8580.0 3793311.8623401113
8590.0 3847109.0710622096
8600.0 3782692.586331125
8610.0 3712834.177954196
8620.0 3732256.3469206365
8630.0 3769728.287135809
8640.0 3954068.271546554
8650.0 3741445.846205643
8660.0 3385761.3892314895
8670.0 3622899.7622077726
8680.0 3660298.0058081783
8690.0 3422995.328826938
8700.0 3681966.040590481
8710.0 3682966.2256279495
8720.0 3691731.785585303
8730.0 3683073.6818432435
8740.0 3649885.975481287
8750.0 3684081.6527607925
8760.0 3593964.927818179
8770.0 3633184.408196563
8780.0 3656294.061733327
8790.0 3605699.9854655303
8800.0 3561621.2940450674
8810.0 3360096.7149766353
8820.0 3463691.6730020912
8830.0 3581130.3025408927
8840.0 3542960.452805052
8850.0 3640128.1561399545
8860.0 3630626.141258044
8870.0 3543481.665469189
8880.0 3595358.2064765156
8890.0 3594879.90474502
8900.0 3656478.9656034107
8910.0 3578536.364023751
8920.0 3550523.480475266
8930.0 3552099.347304235
8940.0 3558158.053662655
8950.0 3519826.0694262525
8960.0 3550947.19004663
8970.0 3531119.326221714
8980.0 3507358.4759463295
8990.0 3514689.38803839
9000.0 3363028.91852992
9010.0 3420410.7981423046
9020.0 3422857.48875997
9030.0 3573845.876530529
9040.0 3475934.4584643412
9050.0 3475890.0801747283
9060.0 3464068.237311849
9070.0 3460874.129276347
9080.0 4438881.356909782
9090.0 3334602.3463442875
9100.0 3405462.453851494
9110.0 3409607.946163888
9120.0 3406372.274057122
9130.0 3431056.223017144
9140.0 3411418.7537845243
9150.0 3397387.0028734785
9160.0 3397341.606545912
9170.0 3371794.445410216
9180.0 3382967.7431080965
9190.0 3379065.420794095
9200.0 3365573.0207558097
9210.0 3338448.196616945
9220.0 3463139.600624379
9230.0 3351219.6592535274
9240.0 3341182.540943034
9250.0 3304431.5721696587
9260.0 3249894.48976867
9270.0 3331705.31385425
9280.0 3318453.4432633854
9290.0 3255653.5217676302
9300.0 3309846.7548941956
9310.0 3306648.044088465
9320.0 3297598.9787495984
9330.0 3295640.273112434
9340.0 3294276.983453886
9350.0 3274440.5797691904
9360.0 3279438.364783154
9370.0 3271989.2935211174
9380.0 3264592.4073113916
9390.0 3258249.599511021
9400.0 3246899.4286480867
9410.0 3174046.746137075
9420.0 3200082.993907001
9430.0 3220441.5150958966
9440.0 3197238.154237032
9450.0 3181371.236887118
9460.0 3212359.717365841
9470.0 3215795.7773814816
9480.0 3209016.294924781
9490.0 3198732.658596806
9500.0 3209657.7659026617
9510.0 3182788.84328733
9520.0 3185421.9626133684
9530.0 3164877.2596329832
9540.0 4405889.648753973
9550.0 4360046.675636644
9560.0 3146709.4799083946
9570.0 3100661.2059152373
9580.0 3144765.404583564
9590.0 3145078.409575456
9600.0 3077744.2091132905
9610.0 3126497.0501176724
9620.0 3122349.2423589975
9630.0 3101611.46823364
9640.0 3012388.979738738
9650.0 3038039.203870025
9660.0 3085222.425936424
9670.0 3059073.3413114343
9680.0 3015404.22595754
9690.0 3045709.871455864
9700.0 3067504.828208185
9710.0 3014756.2772352323
9720.0 3040464.5859329402
9730.0 2991218.170750755
9740.0 2982194.305323876
9750.0 3022091.8923347057
9760.0 3037595.4614210613
9770.0 3000961.8996287202
9780.0 2972276.6927037956
9790.0 2981296.0798298833
9800.0 3016104.63530179
9810.0 3015484.332131877
9820.0 3009440.559508793
9830.0 2989464.937482408
9840.0 3003197.3241123483
9850.0 2997007.5595140997
9860.0 2986184.6761020133
9870.0 2987675.334164737
9880.0 2982116.702289907
9890.0 2964514.781939734
9900.0 2950507.8636733345
9910.0 2927744.995651315
9920.0 2930631.281335204
9930.0 2923428.3511870215
9940.0 2931365.6872449378
9950.0 2928072.2597714877
9960.0 2925454.9590422353
9970.0 2917111.4063626137
9980.0 2913712.6727405135
9990.0 2907038.2577047898
10010.0 2891993.0899947835
10020.0 2902469.084228841
10030.0 3046732.236717835
10040.0 2886334.925108751
10050.0 2863010.9266891363
10060.0 2837284.6525025745
10070.0 2860843.426749974
10080.0 2863222.038780836
10090.0 2855548.685409328
10100.0 2856697.031921684
10110.0 2845289.8525086576
10120.0 2842860.5795725603
10130.0 3055278.5366925
10140.0 2832926.973530709
10150.0 2799676.8262520707
10160.0 2815885.8829041123
10170.0 2816462.2815438025
10180.0 2811208.5385741424
10190.0 2801415.5777463377
10200.0 2792485.6463547414
10210.0 2787754.3952772235
10220.0 2749768.1754395016
10230.0 2788343.4648698205
10240.0 2794544.0486391447
10250.0 2778077.2794937757
10260.0 2770278.003334322
10270.0 2764012.2900262163
10280.0 2757779.7206193916
10290.0 2748029.374864268
10300.0 2748189.568619395
10310.0 2753036.60227066
10320.0 2743185.108571932
10330.0 2723131.128112355
10340.0 2790207.190671074
10350.0 2711057.2243587
10360.0 2726286.8777839523
10370.0 2694360.3771828357
10380.0 2707137.0804398637
10390.0 2708675.979305108
10400.0 2655159.878886764
10410.0 2700770.79167392
10420.0 2683611.315168131
10430.0 2687984.8343192716
10440.0 2696484.116569549
10450.0 2687214.181528272
10460.0 2675387.6655572685
10470.0 2640041.06030815
10480.0 2664691.8103991137
10490.0 2652497.495816268
10500.0 2633304.9461694136
10510.0 2645583.8893803633
10520.0 2647531.177786486
10530.0 2634038.21822336
10540.0 2641498.382906938
10550.0 2632675.6004964067
10560.0 2631795.1405730015
10570.0 2618322.8962173467
10580.0 2578560.6101658847
10590.0 2569620.6535840677
10600.0 2576662.278981642
10610.0 2597806.7784362044
10620.0 2592689.3777048346
10630.0 2586146.7257738328
10640.0 2595183.5565691493
10650.0 2582798.1591815264
10660.0 2528270.096014657
10670.0 2565033.8217974305
10680.0 2562193.5562752616
10690.0 2546177.2286228463
10700.0 2558059.96589725
10710.0 2559017.035699658
10720.0 2548479.7789961635
10730.0 2496818.643435522
10740.0 2550054.430821253
10750.0 2488304.8124108277
10760.0 2537708.0772401877
10770.0 2530585.1520290207
10780.0 2507998.4882706497
10790.0 2484723.2107829084
10800.0 2495800.892711823
10810.0 2390052.262572471
10820.0 6062652.460764818
10830.0 2423880.3965352057
10840.0 2488545.0043970533
10850.0 2495335.696325411
10860.0 2478411.655527172
10870.0 2402821.0216589007
10880.0 2472243.907718549
10890.0 2467075.115299492
10900.0 2465706.7256542644
10910.0 2452536.0789501136
10920.0 2705002.6621359084
10930.0 2447970.8156657475
10940.0 2454431.3527120315
10950.0 2432253.1762262443
10960.0 2385940.662316935
10970.0 2399925.470809372
10980.0 2399383.260272622
10990.0 2421130.4865303226
11000.0 2418007.03936753
11010.0 2400441.6181791844
11020.0 2373527.689713028
11030.0 2402744.369714243
11040.0 2401922.469389258
11050.0 2393821.2922164015
11060.0 2388458.6900215773
11070.0 2389955.43722641
11080.0 2391769.658821114
11090.0 2385853.21055017
11100.0 2378627.908514046
11110.0 2372271.3734959047
11120.0 2338429.980863793
11130.0 2360229.501908037
11140.0 2367597.2293976415
11150.0 2354234.7349983603
11160.0 2340850.5469203773
11170.0 2353534.097044694
11180.0 2345278.3679495435
11190.0 2330539.4261435885
11200.0 2312458.285972769
11210.0 2333730.048216774
11220.0 2334485.2415986895
11230.0 2326261.180362342
11240.0 2311084.611104209
11250.0 2149450.089556032
11260.0 2266595.096387539
11270.0 2317272.847797201
11280.0 2303492.4199042134
11290.0 2293818.799701816
11300.0 2266345.528907591
11310.0 2284482.541861237
11320.0 2298963.7692750944
11330.0 2277182.2770952024
11340.0 2275297.9413762833
11350.0 2277464.177505062
11360.0 2280042.1133133788
11370.0 2242138.5685360967
11380.0 2223603.7658190485
11390.0 2235492.8663411685
11400.0 2190609.8620683234
11410.0 2245879.2946983986
11420.0 2207905.525107937
11430.0 2247120.3382635275
11440.0 2177812.4357074928
11450.0 2242322.0096808244
11460.0 2240463.6612527748
11470.0 2219485.267808666
11480.0 2206058.6676782533
11490.0 2225683.0692944964
11500.0 2227258.797210795
11510.0 2225976.52065604
11520.0 2219528.6187352035
11530.0 2215171.713399065
11540.0 2208003.1558546303
11550.0 2206114.8659271975
11560.0 2204348.1662150514
11570.0 2203537.43292844
11580.0 2198899.091719171
11590.0 2123638.648382266
11600.0 2179428.007165907
11610.0 2028481.9453027777
11620.0 2182899.5008609113
11630.0 2174802.5180966626
11640.0 2088279.6477518305
11650.0 2171755.5771077527
11660.0 2211539.5077685835
11670.0 2162038.7147727786
11680.0 2155671.9850245165
11690.0 2063060.2504190013
11700.0 2153295.9506806377
11710.0 2146300.6868137405
11720.0 2144163.6217090795
11730.0 2144934.333073362
11740.0 2135683.836486072
11750.0 2134091.4801348047
11760.0 2133956.870345232
11770.0 2094113.8148247567
11780.0 2036241.0664566208
11790.0 2111420.812077157
11800.0 2109489.4129107837
11810.0 2092531.0782434847
11820.0 2057353.837682894
11830.0 1875156.0951767485
11840.0 2075521.0252625155
11850.0 2092626.5984083663
11860.0 2092177.673580616
11870.0 2087699.9339639193
11880.0 1916749.5548036683
11890.0 2045219.9629472117
11900.0 2079902.8391762332
11910.0 2076699.2003162191
11920.0 2076428.0271182219
11930.0 2072932.2334790751
11940.0 2066951.093448101
11950.0 2042650.0130563155
11960.0 2024022.7984640426
11970.0 1898238.9701378741
11980.0 1963822.5261086067
11990.0 1974111.8818808543
12000.0 2038581.79478797
12010.0 2038353.0893154521
12020.0 2032233.6186056377
12030.0 1932235.0908906609
12040.0 2011504.488999311
12050.0 2023186.8540656362
12060.0 2020856.753571577
12070.0 2006186.9541175177
12080.0 1842298.2419749866
12090.0 1944897.0033822702
12100.0 1966488.7500564586
12110.0 1999869.2380306707
12120.0 2003148.220176761
12130.0 2002245.5751531934
12140.0 2002128.7372973245
12150.0 1998376.8537710065
12160.0 1995557.4043355875
12170.0 1987979.8013627802
12180.0 1988690.5838183775
12190.0 1979998.9862756473
12200.0 1976148.858789048
12210.0 1974335.802753536
12220.0 1975205.161211268
12230.0 1967498.2259150953
12240.0 1967554.5970145056
12250.0 1965976.5295184064
12260.0 1960834.752212281
12270.0 1922371.940304452
12280.0 1954809.5186043559
12290.0 1954534.6886849883
12300.0 1950197.1300082076
12310.0 1946196.8693808673
12320.0 1942168.9418203698
12330.0 1936399.163145382
12340.0 1928173.8430666928
12350.0 1933153.824318824
12360.0 1918901.1355415862
12370.0 1925136.7595355655
12380.0 1926999.0232317054
12390.0 1918048.3529531779
12400.0 1911000.1162936487
12410.0 1912205.1523840048
12420.0 1893525.8641558958
12430.0 1882531.2088529042
12440.0 1903973.8085185268
12450.0 1902308.7212257236
12460.0 1898859.9538126863
12470.0 1893519.413415553
12480.0 1893006.319169986
12490.0 1890143.3391403258
12500.0 1910413.934341507
12510.0 1875430.8213111758
12520.0 1847072.4513146912
12530.0 1864863.0575292334
12540.0 1875917.4460802735
12550.0 1872241.831793319
12560.0 1861691.7135542512
12570.0 2461195.1752615804
12580.0 1861416.899265041
12590.0 1860902.598990478
12600.0 1856299.5132645802
12610.0 1853007.1086542986
12620.0 1850204.5395196152
12630.0 1848830.0760110067
12640.0 1825497.55154753
12650.0 1836774.2948266822
12660.0 1840631.867789117
12670.0 1831153.082891279
12680.0 1812875.18759195
12690.0 1851083.0957238
12700.0 1827283.5935795903
12710.0 1824226.5056455694
12720.0 1825604.1219548816
12730.0 1821530.3003207045
12740.0 1801553.6302978452
12750.0 1815545.690575277
12760.0 1813844.220230068
12770.0 1810313.5764000206
12780.0 1807396.6453880628
12790.0 1804262.6154991658
12800.0 1800980.2438093848
12810.0 1784804.405935021
12820.0 2142806.467022203
12830.0 1766639.5195067555
12840.0 1784427.2398865705
12850.0 1767838.9240390004
12860.0 1783680.858337895
12870.0 1780612.6464739707
12880.0 1764804.790666325
12890.0 1772480.1120196732
12900.0 1690625.2571281428
12910.0 1748128.0738418815
12920.0 1760613.8052107673
12930.0 1759848.6026316793
12940.0 1754833.2839109274
12950.0 1823776.4400906921
12960.0 1754193.2412681915
12970.0 1748507.403062814
12980.0 1721455.4306909668
12990.0 1747127.9386982867
13000.0 1745149.1349028104
13010.0 1750156.7500224027
13020.0 1740838.646222609
13030.0 1724194.2301738863
13040.0 1731223.7301641954
13050.0 1732818.8433826996
13060.0 1725281.9117414737
13070.0 1726348.6352771618
13080.0 1720681.5250183744
13090.0 1719338.6827215743
13100.0 1711279.0077074803
13110.0 1703554.5337585355
13120.0 1526990.4963980461
13130.0 1629331.1058539478
13140.0 1682912.8364531398
13150.0 1531843.626380351
13160.0 1686030.9493343737
13170.0 1697401.0717152776
13180.0 1687490.8844514354
13190.0 1696192.2078937516
13200.0 1683433.1131682592
13210.0 1835768.956408701
13220.0 1686446.667478187
13230.0 1688949.7051701036
13240.0 1685949.742507487
13250.0 1679977.3057172452
13260.0 1676324.315891888
13270.0 1671872.998475688
13280.0 1690935.00890935
13290.0 1613263.903160626
13300.0 1664221.6168736112
13310.0 1658040.972406073
13320.0 1572050.9849257926
13330.0 1657110.9739536266
13340.0 1657953.9913718442
13350.0 1648102.2766444515
13360.0 1654304.5615056122
13370.0 1651923.5031142104
13380.0 1645386.329426515
13390.0 1621712.7124955314
13400.0 1631869.5256464295
13410.0 1641856.0688967723
13420.0 1628942.4123149565
13430.0 1638371.3551231166
13440.0 1636658.3509658822
13450.0 1632184.5278694262
13460.0 1630213.4276411408
13470.0 1628020.9142585543
13480.0 1628494.2732153889
13490.0 1620381.3880299474
13500.0 1606824.6848581475
13510.0 1620954.9179275823
13520.0 1615475.8361570104
13530.0 1616974.6243597814
13540.0 1613923.7604650161
13550.0 1593417.3795418418
13560.0 1592749.6696290988
13570.0 1589384.2070272896
13580.0 1604590.024261253
13590.0 1591399.5333794043
13600.0 1578745.4226034791
13610.0 1599020.9814290993
13620.0 1593875.3620250996
13630.0 1547015.6424507066
13640.0 1557936.7004170725
13650.0 1586498.7679179297
13660.0 1586522.5974845104
13670.0 1575813.0376644689
13680.0 1570161.8418856557
13690.0 1578464.8108000616
13700.0 1576139.0286668679
13710.0 1574252.5954428418
13720.0 1566811.9749131957
13730.0 1558814.4539748302
13740.0 1566059.8759192657
13750.0 1632878.7999694874
13760.0 1548581.4390051365
13770.0 1561339.1490627774
13780.0 1558568.1481391997
13790.0 1555538.9454533206
13800.0 1557826.4218567207
13810.0 1552230.7338839415
13820.0 1544863.784618128
13830.0 1549051.379105133
13840.0 1548255.0350107045
13850.0 1513886.786838802
13860.0 1500402.4487255425
13870.0 1537038.5147635946
13880.0 1537871.761386825
13890.0 1534351.925646882
13900.0 1512173.6198487566
13910.0 1517964.8985085557
13920.0 1522274.5354437074
13930.0 1522170.9024111836
13940.0 1523942.4276997526
13950.0 1514802.04438301
13960.0 1520365.2484477
13970.0 1513123.8750689859
13980.0 1512461.8734276122
13990.0 1510471.0211733037
14000.0 1473483.09913332
14010.0 1481037.2975364667
14020.0 1509930.3351941926
14030.0 1502799.470721022
14040.0 1497994.716962235
14050.0 1505069.2374106569
14060.0 1495040.9196356107
14070.0 1493924.4672196992
14080.0 1482487.4838457399
14090.0 1493122.821857701
14100.0 1485515.378920978
14110.0 1481411.501442811
14120.0 1463589.3522663834
14130.0 1455205.2852408797
14140.0 1480672.6099831169
14150.0 1479514.4695653268
14160.0 1468299.8782137716
14170.0 1475343.081756855
14180.0 1465354.6098609816
14190.0 1467857.3124888246
14200.0 1460967.8884349144
14210.0 1457643.0577014438
14220.0 1452555.3463498456
14230.0 1448279.800103624
14240.0 1408639.252006099
14250.0 1414420.6175521659
14260.0 1395179.473391564
14270.0 1385261.5809569848
14280.0 1426560.7118774715
14290.0 1381410.0869842013
14300.0 1443438.818141328
14310.0 1424880.0142788822
14320.0 1441921.3933411802
14330.0 1448979.3416572325
14340.0 1437706.9178395737
14350.0 1432455.763717432
14360.0 1438962.5289042692
14370.0 1433410.916143035
14380.0 1437853.3632996143
14390.0 1427292.303411345
14400.0 1325795.9975056145
14410.0 1415517.2377237673
14420.0 1410497.747274437
14430.0 1410098.055441252
14440.0 1369415.379496282
14450.0 1409815.0076476086
14460.0 1395565.394142163
14470.0 1403324.108990988
14480.0 1383352.8916615087
14490.0 1392243.318640654
14500.0 1372315.8943924755
14510.0 1311791.9905159613
14520.0 1377267.309133071
14530.0 1386406.5140120133
14540.0 1373830.7193796483
14550.0 1344157.1112269196
14560.0 1344702.1988752924
14570.0 1356135.920182102
14580.0 1381640.7405259553
14590.0 1372092.5890090028
14600.0 1361510.0773816356
14610.0 1359207.2655754713
14620.0 1364895.385858366
14630.0 1365216.9229981373
14640.0 1368151.827514853
14650.0 1313383.22209227
14660.0 1357688.6863331355
14670.0 1359693.526655211
14680.0 1358054.8460234834
14690.0 1349551.8890118697
14700.0 1322103.5009988742
14710.0 1342063.0584496548
14720.0 1326090.321617419
14730.0 1354876.388458332
14740.0 1355790.4044353385
14750.0 1307137.9634819354
14760.0 1348613.2842466962
14770.0 1333212.6835282017
14780.0 1333063.541277486
14790.0 1348920.678391127
14800.0 1336689.0633200132
14810.0 1332264.1308139642
14820.0 1326782.1550995011
14830.0 1274987.5459455135
14840.0 1325864.0736897783
14850.0 1315774.7889863225
14860.0 1296207.9357593108
14870.0 1205753.0232295492
14880.0 1072623.2200003406
14890.0 1269543.269317302
14900.0 1296400.9530554018
14910.0 1302351.2941238699
14920.0 1321222.881077541
14930.0 1319455.964150031
14940.0 1320042.149204764
14950.0 1312650.0788885457
14960.0 1285862.228649336
14970.0 1307157.822985739
14980.0 1299133.2886008734
14990.0 1294890.9489586218
15000.0 1285526.2801599
15010.0 1257660.6898930157
15020.0 1103571.7955523422
15030.0 1097219.2664992115
15040.0 1054868.0677780581
15050.0 1098480.6117369435
15060.0 1267033.7285771372
15070.0 1295568.0262127616
15080.0 1273486.1778871084
15090.0 1300857.117992862
15100.0 1296723.3111621805
15110.0 1312257.728084261
15120.0 1293019.875273825
15130.0 1302501.8509781773
15140.0 1293920.2137887278
15150.0 1304028.5973500996
15160.0 1271495.2367490735
15170.0 1301565.923661292
15180.0 1300226.623862344
15190.0 1301452.446802103
15200.0 1290444.6081863604
15210.0 1248361.8154643918
15220.0 1242686.1073169154
15230.0 1286700.4472920506
15240.0 1274362.5411158954
15250.0 1276768.0978250164
15260.0 1259970.8083525584
15270.0 1278517.0406463915
15280.0 1262791.3845740482
15290.0 1197374.4729120473
15300.0 1229785.7407140383
15310.0 1267878.3124362298
15320.0 1263947.239626184
15330.0 1241214.0598828609
15340.0 1234025.201221106
15350.0 1344424.4965221258
15360.0 1265021.5413657145
15370.0 1255787.0000447347
15380.0 1237414.453070837
15390.0 1228782.980014922
15400.0 1227986.2204048308
15410.0 1250896.9809372327
15420.0 1248149.0994562823
15430.0 1243052.4440200492
15440.0 1256607.7342973687
15450.0 1255500.5100979197
15460.0 1247294.566019396
15470.0 1249238.7264456819
15480.0 1246604.7885324939
15490.0 1242181.086451062
15500.0 1237550.472236824
15510.0 1234366.496621846
15520.0 1242813.4981204628
15530.0 1218479.6769434551
15540.0 1195369.8086159937
15550.0 1234063.381939812
15560.0 1213537.9575324506
15570.0 1215982.9364791503
15580.0 1231940.2990266578
15590.0 1197119.6396007852
15600.0 1224101.7277460983
15610.0 1225292.412858262
15620.0 1151238.826411623
15630.0 1165301.5926760016
15640.0 1214180.3838485517
15650.0 1202338.5398244802
15660.0 1181275.594675455
15670.0 1202780.3398819212
15680.0 1196011.2951657448
15690.0 1186118.7316281283
15700.0 1205585.79485841
15710.0 1208150.0997374798
15720.0 1145212.4929983185
15730.0 1180933.6856537764
15740.0 1069420.492730695
15750.0 1029597.3435758518
15760.0 1069400.1299776554
15770.0 992743.9992351129
15780.0 1161995.4756045765
15790.0 1183015.4804880964
15800.0 1189517.8020772422
15810.0 1188782.1227471295
15820.0 1089174.0380267808
15830.0 1173950.0735814392
15840.0 1179677.3100580298
15850.0 1190137.4604237815
15860.0 1176549.068450432
15870.0 1142888.4698712435
15880.0 1127382.714107452
15890.0 1047942.3638808653
15900.0 1145737.326985118
15910.0 1125274.950652113
15920.0 1171405.0981588676
15930.0 1171087.9240311128
15940.0 1167675.3541380507
15950.0 1158064.386783075
15960.0 1093678.559255951
15970.0 1204492.7146972038
15980.0 1146106.292595734
15990.0 1170604.5041436185
16000.0 1163950.732911848
16010.0 1133817.1785348516
16020.0 1163751.7281583678
16030.0 1164388.101638537
16040.0 1115953.9200112936
16050.0 1154641.2155370237
16060.0 1122607.0180737176
16070.0 1140521.4294320457
16080.0 1154220.4341076433
16090.0 1125848.6169563828
16100.0 1091078.421417165
16110.0 1149514.3195536744
16120.0 1140824.5762915474
16130.0 1144685.949532688
16140.0 1106435.5756394058
16150.0 1046133.7323185259
16160.0 1035778.161947762
16170.0 1127148.066815286
16180.0 1125326.229575494
16190.0 1099752.6082298444
16200.0 1000555.673361785
16210.0 1101728.161214578
16220.0 1120985.0283784268
16230.0 1110089.6800480841
16240.0 1109633.2646552501
16250.0 1122432.2232485285
16260.0 1126286.968076781
16270.0 1129453.1818247205
16280.0 1128451.176067187
16290.0 1116618.8979262155
16300.0 1118237.7825722378
16310.0 1105979.299297428
16320.0 1089001.2026741607
16330.0 1103896.5173745733
16340.0 1116405.980324959
16350.0 1103515.0661367178
16360.0 1088879.5982215565
16370.0 1090198.441106218
16380.0 1056383.4790788116
16390.0 1078831.2264456353
16400.0 1063682.977669944
16410.0 1090159.035665418
16420.0 1103161.5142755653
16430.0 1097378.6067191423
16440.0 1043628.3272335348
16450.0 1061026.6248906937
16460.0 1548276.62432114
16470.0 1078881.0845508648
16480.0 1072349.1113197901
16490.0 1020771.9133963613
16500.0 1085288.2535601961
16510.0 1081100.9114647275
16520.0 1069738.523743969
16530.0 1069623.0679660495
16540.0 1061349.6835749808
16550.0 1069279.0740921658
16560.0 1050636.663449161
16570.0 1071089.1637850194
16580.0 1061194.7226561108
16590.0 1061477.0263429175
16600.0 1068158.9685649197
16610.0 1055487.6925140996
16620.0 1079084.4562909086
16630.0 1044106.972308348
16640.0 1042669.1771907313
16650.0 1025919.9774165981
16660.0 1038766.4612885239
16670.0 1036503.5865482412
16680.0 1024156.2852040728
16690.0 1044701.5173442736
16700.0 1040558.0529983104
16710.0 1013525.8179738509
16720.0 914075.6799689662
16730.0 1022521.5786003099
16740.0 1018262.1639933052
16750.0 869579.1687775685
16760.0 969547.8448926314
16770.0 1021759.2120297151
16780.0 1027824.3353640332
16790.0 1092894.7941592317
16800.0 1024917.2375492321
16810.0 1021200.3588968609
16820.0 1002698.1518755368
16830.0 1014591.3007345756
16840.0 1014944.658988592
16850.0 1016950.0522749755
16860.0 1002292.3537236538
16870.0 1001827.331684674
16880.0 1003627.3382407813
16890.0 1000882.7460871892
16900.0 979738.8908611753
16910.0 993551.0048454716
16920.0 1003820.0669761298
16930.0 1000125.6522494624
16940.0 1001823.9172512824
16950.0 996954.5046659382
16960.0 996565.977725391
16970.0 981393.7367275045
16980.0 987960.2463940338
16990.0 979615.2063301285
17000.0 962780.8743618699
17010.0 957021.0787307824
17020.0 975983.4750245285
17030.0 978338.561089269
17040.0 979693.4488654346
17050.0 977442.6841055516
17060.0 970174.8048788009
17070.0 957431.278624983
17080.0 965066.7335688015
17090.0 950583.5648818144
17100.0 887327.6262620734
17110.0 765225.4593873436
17120.0 916148.3886264118
17130.0 964559.8711862471
17140.0 956763.9708153969
17150.0 957543.9249500562
17160.0 944420.3900241839
17170.0 953148.1144742589
17180.0 952452.4180198803
17190.0 952002.4935591028
17200.0 945301.498575158
17210.0 942745.5608292347
17220.0 932688.6115305359
17230.0 915806.9204058128
17240.0 935698.4491817702
17250.0 940138.227041076
17260.0 939226.4056919964
17270.0 931985.0487174584
17280.0 928337.151038209
17290.0 930090.7947405903
17300.0 918542.0520521322
17310.0 922275.9241781093
17320.0 907398.455737554
17330.0 874138.9603957618
17340.0 912524.5706203533
17350.0 917887.6643975282
17360.0 918402.3336723677
17370.0 919935.9361741256
17380.0 911632.2241960962
17390.0 925827.3057256711
17400.0 905069.417514181
17410.0 890934.5706829324
17420.0 899854.4162624344
17430.0 906485.8160459093
17440.0 909422.0472110442
17450.0 904233.9039884544
17460.0 896183.5441321916
17470.0 873633.8561020605
17480.0 911483.1881957637
17490.0 899436.4639716574
17500.0 888593.9230472023
17510.0 895768.392597934
17520.0 895185.7440697971
17530.0 891505.276880197
17540.0 888407.5076353338
17550.0 887763.7825714557
17560.0 887151.1723163255
17570.0 888360.6748724821
17580.0 883714.1328190174
17590.0 879185.462209004
17600.0 877671.6346637511
17610.0 868940.91540712
17620.0 855726.9772728648
17630.0 875251.5724483824
17640.0 866422.3179551053
17650.0 872756.6677736557
17660.0 860156.3798435102
17670.0 866114.3074798576
17680.0 848806.1309127074
17690.0 862962.4184054974
17700.0 858952.771904397
17710.0 851396.710963401
17720.0 836865.525070162
17730.0 855476.9070103832
17740.0 854216.8330835488
17750.0 853216.0384984834
17760.0 849203.2369760548
17770.0 831290.5374125403
17780.0 848050.9856485198
17790.0 851795.4108293767
17800.0 850216.6523773898
17810.0 847494.2023164775
17820.0 841868.6971541777
17830.0 840009.522499438
17840.0 838339.0820010235
17850.0 830832.7917363222
17860.0 835308.6034280716
17870.0 837708.5011384328
17880.0 839245.0415833807
17890.0 838997.4856942683
17900.0 834453.3791614529
17910.0 833821.5219528561
17920.0 831522.857099632
17930.0 813116.8609117772
17940.0 817516.6889819831
17950.0 829216.144038937
17960.0 827346.8094088237
17970.0 824541.0597909711
17980.0 821898.2887574125
17990.0 820857.0377930322
18000.0 816616.3466146728
18010.0 867859.6148201164
18020.0 811176.7000262081
18030.0 800228.5070134754
18040.0 804829.3240166779
18050.0 804246.406660879
18060.0 809420.5357098749
18070.0 808016.4256513258
18080.0 799134.9014898678
18090.0 803570.6805377414
18100.0 884140.6236396492
18110.0 796681.0925740518
18120.0 798727.8191864387
18130.0 799640.8251414793
18140.0 796975.9329044214
18150.0 790382.8996628877
18160.0 787809.8422875194
18170.0 791017.1246023026
18180.0 789143.7515445885
18190.0 812669.7851217515
18200.0 789645.1074924313
18210.0 788838.9434705337
18220.0 781479.6997460977
18230.0 782723.7063189544
18240.0 785421.7152587795
18250.0 783806.7318480705
18260.0 781524.7584626423
18270.0 777924.973618501
18280.0 769848.7481890117
18290.0 772403.9914720695
18300.0 770591.6950182575
18310.0 774418.508369206
18320.0 772696.2456054055
18330.0 774687.7532878157
18340.0 767581.6533590542
18350.0 764919.6193799006
18360.0 762586.9959496036
18370.0 747745.8391733867
18380.0 752961.7404158667
18390.0 756650.8351870243
18400.0 753167.1858737769
18410.0 741843.3799374583
18420.0 729690.7452692415
18430.0 749226.7430833876
18440.0 754028.4641261817
18450.0 751777.314686506
18460.0 721794.0838334707
18470.0 703764.2642795506
18480.0 749195.4826067486
18490.0 748710.1345378063
18500.0 749375.5843320977
18510.0 745649.6407482064
18520.0 736665.4136399449
18530.0 740948.7446507083
18540.0 743221.6303449906
18550.0 729724.9645041837
18560.0 730825.8984848944
18570.0 738103.1243388036
18580.0 716080.7732631868
18590.0 732786.1841775554
18600.0 735751.6552618402
18610.0 732316.6542776597
18620.0 731379.2463915772
18630.0 727312.9193198753
18640.0 727248.4425101343
18650.0 787130.5147230248
18660.0 708864.1777025089
18670.0 725534.627587396
18680.0 723368.9070977289
18690.0 724235.8391129868
18700.0 720576.1775806379
18710.0 711626.73063534
18720.0 695476.5251550796
18730.0 711065.4898023374
18740.0 1256837.1870665988
18750.0 678389.2482317543
18760.0 704602.5441793551
18770.0 693843.9873818259
18780.0 705695.6361869854
18790.0 709370.7076668218
18800.0 711171.5527962849
18810.0 710499.3782754765
18820.0 705926.9938023877
18830.0 707399.6078074293
18840.0 702952.8705908763
18850.0 690165.0434559672
18860.0 648066.0903157482
18870.0 697875.4107049211
18880.0 689820.3968565784
18890.0 680949.0889897819
18900.0 645446.8916533072
18910.0 681187.7061786797
18920.0 663368.2106673606
18930.0 681918.6639511923
18940.0 687028.2420698636
18950.0 688974.4424218384
18960.0 686785.9065359951
18970.0 675242.0114285524
18980.0 681525.8154437516
18990.0 647829.8465908642
19000.0 684054.5346638502
19010.0 683483.5401648597
19020.0 682351.0038997035
19030.0 673423.9036328972
19040.0 673774.2934936585
19050.0 664489.6299565219
19060.0 678212.0956458761
19070.0 678148.5639852877
19080.0 672055.954772336
19090.0 673235.7429478912
19100.0 672737.3673027429
19110.0 644290.9543831787
19120.0 662000.2177694987
19130.0 670219.8011546385
19140.0 666933.5310919397
19150.0 667165.2427036415
19160.0 665932.6454892608
19170.0 664805.5550880621
19180.0 662012.9968524042
19190.0 648612.1635689894
19200.0 649266.3814685827
19210.0 656162.028325846
19220.0 658605.0151461661
19230.0 659513.9865053353
19240.0 658775.6507421879
19250.0 654505.5434809459
19260.0 649799.6766933078
19270.0 652050.8626799742
19280.0 644816.1332328003
19290.0 648496.4220227976
19300.0 637008.0411708476
19310.0 541680.2705555509
19320.0 638883.9108037754
19330.0 643040.6869875091
19340.0 631229.4425138866
19350.0 644125.153153267
19360.0 646480.3011341502
19370.0 645547.0444108183
19380.0 640964.3270229751
19390.0 632122.1533331537
19400.0 636544.4244162142
19410.0 667448.5802557885
19420.0 632993.1119386401
19430.0 611700.2458752987
19440.0 617599.2729714646
19450.0 512946.0728024067
19460.0 583001.2134535105
19470.0 619189.2318284151
19480.0 621857.3288055018
19490.0 611418.5267069803
19500.0 587453.8654964545
19510.0 556259.9193270118
19520.0 622840.2969174067
19530.0 622630.7576866158
19540.0 618539.7192153956
19550.0 624213.0425621334
19560.0 624130.9106921112
19570.0 622497.6715891599
19580.0 618829.5650145136
19590.0 616106.4282213622
19600.0 616253.6120288623
19610.0 614866.2072090842
19620.0 611214.9518542733
19630.0 606258.4226928676
19640.0 608439.9327828231
19650.0 615200.0995876838
19660.0 613962.9658719026
19670.0 612777.9252814762
19680.0 611040.0303171368
19690.0 609983.856655196
19700.0 609087.1791173138
19710.0 604862.4364406249
19720.0 583875.172679607
19730.0 593552.2123780198
19740.0 597840.0037823182
19750.0 596743.7036404578
19760.0 589504.9703641504
19770.0 535431.2160660995
19780.0 471650.32404911565
19790.0 566806.7990807614
19800.0 591031.8269213182
19810.0 590346.2091230041
19820.0 590933.6495667573
19830.0 593613.5382603359
19840.0 588445.4113774861
19850.0 522170.1461013428
19860.0 496573.95504154416
19870.0 574320.276924605
19880.0 587219.5671974013
19890.0 588500.1387410957
19900.0 587263.5241673193
19910.0 584896.9872999202
19920.0 559183.8455970527
19930.0 533813.7583901153
19940.0 568786.3393013456
19950.0 579268.7075113183
19960.0 552485.4570164101
19970.0 574246.9365757126
19980.0 578948.246967568
19990.0 580110.7395421201
20010.0 578035.0830219281
20020.0 569964.4599620565
20030.0 572686.567449145
20040.0 574760.0296630346
20050.0 571052.6680929312
20060.0 572328.681488474
20070.0 571328.136649687
20080.0 571147.7466571205
20090.0 567452.3177769652
20100.0 569661.8274897771
20110.0 569446.3243721827
20120.0 568247.0584144114
20130.0 566699.2874784288
20140.0 565285.4827268207
20150.0 565168.909414188
20160.0 564277.6404946162
20170.0 561677.8545348657
20180.0 561338.15905879
20190.0 559182.7336447554
20200.0 556671.6658528561
20210.0 553167.5371270042
20220.0 556880.1167082047
20230.0 554543.7729197708
20240.0 552212.6986595955
20250.0 555249.4945808686
20260.0 553083.8446246162
20270.0 551796.5006139018
20280.0 548770.0282177215
20290.0 548576.2324519204
20300.0 541801.4456105444
20310.0 549642.4368950152
20320.0 549566.0363312066
20330.0 548299.4324138282
20340.0 543267.5003422416
20350.0 542365.3783803682
20360.0 544885.7263611216
20370.0 543385.5003434934
20380.0 538435.3749217271
20390.0 542932.515023865
20400.0 540941.1656657446
20410.0 538709.0382186538
20420.0 539969.7589374632
20430.0 540611.3378090407
20440.0 539456.3291872395
20450.0 537908.3067425723
20460.0 537714.8433729382
20470.0 532934.7558537996
20480.0 536466.029854256
20490.0 535484.6020620656
20500.0 534969.6534643066
20510.0 533320.2575482931
20520.0 531844.8090546518
20530.0 531166.5007348346
20540.0 528053.2380828108
20550.0 528657.2721172918
20560.0 527779.895697241
20570.0 526384.3217205175
20580.0 524548.3536504314
20590.0 520815.5970999353
20600.0 515381.3918862796
20610.0 546202.9514992754
20620.0 513037.87952732557
20630.0 460620.73951582756
20640.0 502313.6832296719
20650.0 516360.6710587893
20660.0 517753.6639268905
20670.0 516768.7406714385
20680.0 515904.8782751107
20690.0 514214.08154659334
20700.0 507007.7828776753
20710.0 512661.0349384049
20720.0 510526.58515151945
20730.0 512308.0176606717
20740.0 509840.8472707305
20750.0 512240.9760046442
20760.0 508341.37598758365
20770.0 509156.5087089807
20780.0 510000.4318573992
20790.0 508848.51637073146
20800.0 505895.08056298085
20810.0 507081.8105107989
20820.0 505987.819941292
20830.0 503946.25659458037
20840.0 496415.31261110003
20850.0 502010.69790259586
20860.0 502396.4797539754
20870.0 501289.41165299073
20880.0 499741.7216643945
20890.0 499634.24566440453
20900.0 499442.7375063263
20910.0 494103.33157714136
20920.0 484054.275299925
20930.0 495505.3665746362
20940.0 494546.4640379965
20950.0 494843.78755185567
20960.0 485793.0625464543
20970.0 486926.04860737803
20980.0 491913.5327734946
20990.0 491513.1238261124
21000.0 493275.48134357564
21010.0 489067.583836772
21020.0 490314.300255258
21030.0 490570.5705225171
21040.0 489605.1361115096
21050.0 489046.3773967571
21060.0 486768.7133871666
21070.0 483449.0800890723
21080.0 483485.3695080574
21090.0 458369.4974010575
21100.0 479018.7316078853
21110.0 482132.40490696137
21120.0 482009.2552996975
21130.0 483639.5833032676
21140.0 479845.9691431218
21150.0 478555.8544168768
21160.0 444232.3727238717
21170.0 464752.3116668859
21180.0 475666.7876504876
21190.0 475680.5195248135
21200.0 475057.9187877497
21210.0 474482.1499458066
21220.0 473327.57228239434
21230.0 473913.07132274884
21240.0 471336.4768302707
21250.0 473173.0736801148
21260.0 471364.39837414306
21270.0 471225.19257470215
21280.0 470538.34839995607
21290.0 470929.24850876245
21300.0 470288.22928677226
21310.0 469083.00778003904
21320.0 468269.4658676776
21330.0 467897.29808783263
21340.0 466198.66969516146
21350.0 456324.7931343041
21360.0 461019.2670354475
21370.0 464893.36002163065
21380.0 464650.9171402998
21390.0 463892.33707781014
21400.0 463338.59836942656
21410.0 462782.59779068443
21420.0 462016.74086673226
21430.0 460028.39497026464
21440.0 460248.36688397615
21450.0 456510.96600127465
21460.0 457136.84071618726
21470.0 458602.8847425403
21480.0 457899.5580927853
21490.0 456250.3608863232
21500.0 456523.6188555329
21510.0 455765.0145644374
21520.0 454301.21434253675
21530.0 453041.6733367671
21540.0 452460.5394818847
21550.0 452499.9406632495
21560.0 452273.757196896
21570.0 451077.902992437
21580.0 450788.088439504
21590.0 448670.96195289574
21600.0 449077.6326088629
21610.0 448000.4920476688
21620.0 447056.42552403035
21630.0 446288.71799045504
21640.0 445070.7648526722
21650.0 441359.4453941693
21660.0 440769.96910555835
21670.0 481546.22856666235
21680.0 441359.95146171784
21690.0 441172.2935698007
21700.0 440683.21138735616
21710.0 440401.030822302
21720.0 439619.0028616841
21730.0 438886.9622508419
21740.0 437212.7288703447
21750.0 437015.977465492
21760.0 435532.16779747274
21770.0 433605.3250015103
21780.0 415162.23457300366
21790.0 431884.0690562794
21800.0 434285.54927289404
21810.0 432683.5111506608
21820.0 426630.5438318505
21830.0 431680.80681674724
21840.0 432067.6284334407
21850.0 431024.97513082856
21860.0 430064.57329453365
21870.0 427004.40805977257
21880.0 418796.99205392075
21890.0 429429.9358128955
21900.0 419405.58729883976
21910.0 427790.6079524552
21920.0 427391.2897141145
21930.0 426185.38446293655
21940.0 424483.5711557899
21950.0 424414.56322426617
21960.0 424454.7979533093
21970.0 423299.4109242043
21980.0 422766.1865239856
21990.0 422111.7508116484
22000.0 418262.2411097736
22010.0 420161.4089601926
22020.0 419729.07705701137
22030.0 419092.2673367107
22040.0 417720.4464237019
22050.0 409079.12670648145
22060.0 382219.3579462623
22070.0 410369.0657242177
22080.0 396702.8799527058
22090.0 412031.19665898895
22100.0 414463.2247999157
22110.0 413156.7941858809
22120.0 413856.23492993275
22130.0 413546.5557247759
22140.0 413018.60341612727
22150.0 412437.036093215
22160.0 411750.2782624896
22170.0 410975.93675457966
22180.0 410314.9752891654
22190.0 410156.34193792637
22200.0 409199.23067457764
22210.0 404428.2442458591
22220.0 408804.24823363
22230.0 403312.20365377073
22240.0 406715.6753030306
22250.0 405619.93950579315
22260.0 396794.34024681174
22270.0 398602.55048004014
22280.0 398824.9146802415
22290.0 402723.6696863261
22300.0 399892.4357932396
22310.0 399423.4273952361
22320.0 401992.0128448338
22330.0 401501.8333163513
22340.0 400377.71333119465
22350.0 400149.91168322496
22360.0 399844.1456885239
22370.0 398702.6475701875
22380.0 389355.3553613234
22390.0 393930.2385525471
22400.0 396871.27642734814
22410.0 396279.10205908207
22420.0 394016.57503338915
22430.0 395173.33265958
22440.0 392864.6771811899
22450.0 393502.2534384762
22460.0 392431.1333666973
22470.0 384750.6195554579
22480.0 388753.7958263332
22490.0 389260.28277644614
22500.0 389041.239092118
22510.0 387986.33373019757
22520.0 386871.5050748477
22530.0 384736.03080089553
22540.0 378689.3674327611
22550.0 384012.76227709244
22560.0 383747.6178417758
22570.0 383058.8008533979
22580.0 382736.7346953431
22590.0 382116.9952194035
22600.0 380787.24943997024
22610.0 374926.8811469681
22620.0 363926.9648785265
22630.0 374308.15741020214
22640.0 378146.2494585203
22650.0 368391.53388965945
22660.0 376876.76842348196
22670.0 377333.6263745875
22680.0 376708.38378867693
22690.0 376138.9067237812
22700.0 375581.48744580743
22710.0 374448.3831032901
22720.0 374797.5668419268
22730.0 373944.7861562264
22740.0 370733.66271809227
22750.0 372351.28470452124
22760.0 371539.79191360134
22770.0 371532.9952771233
22780.0 370600.98188987555
22790.0 368216.2639732332
22800.0 361672.04841514456
22810.0 350847.0862597014
22820.0 357993.97313942004
22830.0 365395.7918737974
22840.0 367427.4253998109
22850.0 366911.01298435044
22860.0 366620.69348553976
22870.0 366458.02311345335
22880.0 366081.4566133876
22890.0 365612.0376076872
22900.0 365380.24227085843
22910.0 364366.04694821604
22920.0 363940.4647751166
22930.0 339286.49417327705
22940.0 344547.4811141192
22950.0 352266.65813700506
22960.0 347385.68947779154
22970.0 350769.31382317067
22980.0 352155.5980996504
22990.0 353409.357410671
23000.0 355080.61772752204
23010.0 352703.0944128533
23020.0 353323.1629860748
23030.0 353842.533660064
23040.0 352393.8763830968
23050.0 352313.7939019628
23060.0 352566.6012007361
23070.0 352038.2121327426
23080.0 352124.66830655176
23090.0 351286.7653666561
23100.0 353917.0274298866
23110.0 350207.42548311176
23120.0 350040.53549650754
23130.0 349694.98841642047
23140.0 346898.06983324396
23150.0 349740.52974808624
23160.0 346259.2266644433
23170.0 347067.59133045597
23180.0 347905.60458222614
23190.0 347838.68415061414
23200.0 346183.88167589565
23210.0 346072.7661149753
23220.0 324286.56308075495
23230.0 322367.4550179849
23240.0 333713.75201803056
23250.0 332636.3694988973
23260.0 334859.35144583625
23270.0 334391.9593920059
23280.0 337172.0285571327
23290.0 338715.8187056504
23300.0 332014.22433502105
23310.0 334878.93800873554
23320.0 337973.82823821227
23330.0 335889.189020243
23340.0 337209.7807763971
23350.0 322831.83083462284
23360.0 335429.80381696206
23370.0 333496.55584944424
23380.0 316707.2344058528
23390.0 337148.5038729976
23400.0 333670.33771438757
23410.0 333268.4387962986
23420.0 334185.69628236233
23430.0 333746.9712161273
23440.0 333550.28279318934
23450.0 331621.2738479106
23460.0 331996.81166542217
23470.0 335501.97560609755
23480.0 330649.0200013338
23490.0 330500.2921039216
23500.0 333471.44448865845
23510.0 329357.56885904446
23520.0 302902.9228266558
23530.0 311937.50949657476
23540.0 318001.5813133048
23550.0 317182.0785790177
23560.0 319545.4212619955
23570.0 320947.50900414825
23580.0 320891.7329996434
23590.0 321046.6753317594
23600.0 323329.49091307994
23610.0 321928.16686139035
23620.0 320605.8334499046
23630.0 323132.06103717175
23640.0 321270.67294974485
23650.0 321340.0780767126
23660.0 320819.9418842962
23670.0 320701.545018592
23680.0 320173.3522566615
23690.0 320420.38061277464
23700.0 321403.8614882892
23710.0 320883.42718412506
23720.0 315286.51590879826
23730.0 319570.6714205952
23740.0 321619.18709509843
23750.0 317766.6618574491
23760.0 318466.83248314203
23770.0 318728.5753894686
23780.0 318044.27189019846
23790.0 317393.9890312493
23800.0 315674.3178558892
23810.0 318235.06051364366
23820.0 304857.8344966453
23830.0 294462.0464707537
23840.0 301447.24157381104
23850.0 301483.0925181422
23860.0 300921.99108568375
23870.0 304358.1274273838
23880.0 311508.5335418134
23890.0 306217.8839355161
23900.0 306377.92386301525
23910.0 309696.97714604426
23920.0 304328.8526780341
23930.0 310326.8022821355
23940.0 306051.55449337343
23950.0 309395.6221483087
23960.0 308118.26106881036
23970.0 304997.7349551781
23980.0 308053.0702544708
23990.0 311146.6144906647
24000.0 302343.1185873184
24010.0 307809.7583992129
24020.0 304854.4706931245
24030.0 307431.040613054
24040.0 305535.4611100212
24050.0 303537.0808703188
24060.0 306371.9327603077
24070.0 307554.9290530657
24080.0 302419.08684482286
24090.0 305168.6123517634
24100.0 302804.93154074205
24110.0 304051.8482334624
24120.0 304845.4480250317
24130.0 297409.6808371663
24140.0 283355.6136846296
24150.0 293061.29838633473
24160.0 292201.49868073955
24170.0 297334.8578803789
24180.0 295871.79610454047
24190.0 293476.22256602877
24200.0 299117.82899088715
24210.0 296344.05126469396
24220.0 296909.5376666205
24230.0 294391.0265246687
24240.0 298678.6831814217
24250.0 293455.40945979324
24260.0 295721.9195081208
24270.0 296178.05962404935
24280.0 290129.3477774628
24290.0 298511.5299395887
24300.0 294830.6922888467
24310.0 293711.8357174825
24320.0 296290.7556243309
24330.0 289852.99980334705
24340.0 293974.7210329155
24350.0 292772.3953717662
24360.0 291273.9654790922
24370.0 287036.0580929845
24380.0 291017.3315025859
24390.0 291927.6658661495
24400.0 287457.9964443337
24410.0 289298.4108799848
24420.0 289932.9348423551
24430.0 292660.8733603554
24440.0 282419.1669565532
24450.0 285379.34657298133
24460.0 275717.98192614026
24470.0 273668.64483918936
24480.0 283683.52874365856
24490.0 281913.8978194122
24500.0 279049.15111116436
24510.0 281555.3833639483
24520.0 282026.5186384512
24530.0 282104.01466559357
24540.0 278032.84845968214
24550.0 277751.15792907646
24560.0 271200.04725694086
24570.0 271242.05130460375
24580.0 281775.8580158
24590.0 277495.718314048
24600.0 281690.0793648431
24610.0 280105.11053947406
24620.0 279233.7960178052
24630.0 280795.121054421
24640.0 277409.18027531257
24650.0 277397.777621417
24660.0 280487.04998778796
24670.0 278369.7486563532
24680.0 275453.8767516543
24690.0 278864.62640204566
24700.0 277102.1396274086
24710.0 275814.21468024777
24720.0 275535.9373488576
24730.0 272004.5752765761
24740.0 276371.2414964282
24750.0 272471.243326456
24760.0 274205.85413359076
24770.0 276395.6018716012
24780.0 265752.8135233561
24790.0 263554.85577672196
24800.0 258523.21372061496
24810.0 263432.554388563
24820.0 248516.9358189869
24830.0 264113.4584480895
24840.0 266905.3529923718
24850.0 259498.63392663776
24860.0 238010.35262784964
24870.0 259014.1671535981
24880.0 262204.1286981667
24890.0 263690.918336225
24900.0 264207.49367943546
24910.0 263314.9482788744
24920.0 264072.96412427345
24930.0 266041.9000434734
24940.0 261331.17048930668
24950.0 263984.3199840527
24960.0 262226.80837674695
24970.0 263681.0916385113
24980.0 262440.1950802742
24990.0 262531.94305561663
