#lam[Angstrom] flux[erg/cm2/s/A]
1010.0 3.204307518198871
1020.0 3.317915930128129
1030.0 11.446627597238884
1040.0 4.5120795323092695
1050.0 3.3975900203336256
1060.0 3.428304517782521
1070.0 3.620183110240845
1080.0 10.955749882511409
1090.0 11.161430853590327
1100.0 3.5780556273303628
1110.0 3.6067376093865926
1120.0 3.74696002730898
1130.0 3.6446454676614577
1140.0 3.958096220173484
1150.0 3.714370693811619
1160.0 3.784996800166637
1170.0 3.791999469407756
1180.0 3.8083306574235305
1190.0 3.8315097381567083
1200.0 5.777353623940355
1210.0 5.142166386585967
1220.0 32.716603652033
1230.0 4.7324733897640865
1240.0 19.29173231758924
1250.0 6.719410130886646
1260.0 9.350650361123874
1270.0 9.60666770993205
1280.0 9.918408887892818
1290.0 10.704682367095364
1300.0 11.52779613565983
1310.0 12.677411234755683
1320.0 13.241985952261114
1330.0 13.465555643953572
1340.0 15.028806972602181
1350.0 14.46409143940086
1360.0 14.809068101856214
1370.0 15.028402915010533
1380.0 15.347262059924326
1390.0 35.13784575231595
1400.0 39.07620698349566
1410.0 28.888628659355884
1420.0 16.297290866791876
1430.0 16.004165316499165
1440.0 16.086811695821734
1450.0 16.194659753915623
1460.0 16.32312217807725
1470.0 16.45001819391114
1480.0 16.52924348876313
1490.0 25.93970516213154
1500.0 16.36877407903948
1510.0 16.344447159663368
1520.0 16.366441524128046
1530.0 17.125193829415036
1540.0 16.27995841608167
1550.0 230.55091278925596
1560.0 16.302581771364654
1570.0 16.2736680200801
1580.0 17.05894009418141
1590.0 16.265982083821502
1600.0 17.837493768393074
1610.0 16.24525479170163
1620.0 16.257740601520545
1630.0 16.20591401302536
1640.0 146.8190863700327
1650.0 16.174242889601235
1660.0 20.948942784602764
1670.0 28.271204934709917
1680.0 16.25347595941238
1690.0 16.192582294304433
1700.0 16.20990130759036
1710.0 16.61619079959239
1720.0 17.591998508439527
1730.0 16.80536578668076
1740.0 17.19355400788682
1750.0 25.03838318169134
1760.0 17.19660335858447
1770.0 17.331727279289737
1780.0 18.170828035815482
1790.0 19.503172106975903
1800.0 18.841917271296175
1810.0 22.037966301229
1820.0 23.25258623360533
1830.0 18.184210873412333
1840.0 18.718916600068162
1850.0 20.32027183111734
1860.0 19.719763608832885
1870.0 21.342893279486738
1880.0 29.742099873357024
1890.0 38.6902264227027
1900.0 21.972307684152696
1910.0 109.3764759594919
1920.0 24.29661383766894
1930.0 27.894389225234395
1940.0 26.39789909956658
1950.0 28.254889706535252
1960.0 30.989931847683764
1970.0 34.29583362197769
1980.0 34.57589297312071
1990.0 36.872941080519624
2000.0 37.36243740351476
2010.0 38.77507835692704
2020.0 38.56421215710697
2030.0 41.577640448445564
2040.0 43.94528419342484
2050.0 46.94614185134292
2060.0 48.34412870569905
2070.0 68.67993288883284
2080.0 67.18076221216695
2090.0 92.26318196085734
2100.0 96.34431746182096
2110.0 97.1797134060648
2120.0 110.38311170233698
2130.0 114.28738756622667
2140.0 133.26861232288843
2150.0 105.78104430668459
2160.0 122.58322150383587
2170.0 135.11232903952975
2180.0 126.06339908639157
2190.0 187.51184892182079
2200.0 153.67106507292
2210.0 194.5451589923864
2220.0 175.39867462507596
2230.0 255.95243397971427
2240.0 275.37483269757286
2250.0 405.86680078956874
2260.0 184.3281504697876
2270.0 288.99127848250885
2280.0 370.2509813805576
2290.0 370.31086954120985
2300.0 330.33466805188226
2310.0 422.3754222519112
2320.0 595.0725921685616
2330.0 615.8243537088126
2340.0 585.2665430054386
2350.0 410.9373899587096
2360.0 570.6490971293044
2370.0 497.46038154342557
2380.0 799.0436522554778
2390.0 684.8075390275582
2400.0 1074.7643505631506
2410.0 1093.61426156638
2420.0 817.7902975575511
2430.0 1462.8383030540858
2440.0 1290.6429964174606
2450.0 1697.3622615592383
2460.0 1288.3582121178242
2470.0 1375.6904363245778
2480.0 1351.5743876822812
2490.0 858.3287427438866
2500.0 1550.89256613768
2510.0 1389.2049515641688
2520.0 1121.8418632580392
2530.0 1886.8361448457154
2540.0 2361.473961105217
2550.0 3106.250399279962
2560.0 3021.1355840411015
2570.0 3223.621359617363
2580.0 2976.9225179821333
2590.0 2705.356603463859
2600.0 4848.312075806625
2610.0 4296.277480614354
2620.0 5529.225795131127
2630.0 6177.454562298483
2640.0 8819.222486322205
2650.0 7007.110326368371
2660.0 9445.492990277582
2670.0 6779.705336737001
2680.0 9572.02826521799
2690.0 9614.972909390784
2700.0 8986.458978856037
2710.0 8972.632130822149
2720.0 5127.603258109657
2730.0 7814.15060578852
2740.0 7233.773214382648
2750.0 9489.957736682634
2760.0 10313.698270030869
2770.0 13050.121990176009
2780.0 9866.384553989386
2790.0 11871.49171041942
2800.0 9286.333400564183
2810.0 13939.007295281888
2820.0 15293.105528734306
2830.0 12619.562529959696
2840.0 10507.931030641234
2850.0 5306.381309438512
2860.0 9898.969895920927
2870.0 14268.988097907475
2880.0 15784.99728592471
2890.0 21742.497675990122
2900.0 29746.17123832391
2910.0 28146.632635430098
2920.0 39016.9383104735
2930.0 32277.17390257829
2940.0 23625.988796802303
2950.0 24133.299983312536
2960.0 31919.398613616988
2970.0 17964.411978532793
2980.0 26513.18747381703
2990.0 26793.409265275255
3000.0 21699.1574006459
3010.0 26673.19740872258
3020.0 18858.55651184236
3030.0 33151.73276682298
3040.0 30385.80137046832
3050.0 32708.661880222957
3060.0 36415.27447460544
3070.0 61072.45922709952
3080.0 43420.08465773098
3090.0 46890.73565159069
3100.0 44944.54602461912
3110.0 98015.99962621264
3120.0 126692.81356956778
3130.0 119189.8584918293
3140.0 134765.3032592361
3150.0 175886.9770485168
3160.0 133165.41962209856
3170.0 172255.67959680478
3180.0 119333.60177028927
3190.0 120862.38659841998
3200.0 128130.04478520378
3210.0 103785.04025234161
3220.0 105535.13943763741
3230.0 77679.7352785526
3240.0 120305.2580894099
3250.0 128269.99482547441
3260.0 275708.6222101148
3270.0 224264.85109255023
3280.0 223368.19758989144
3290.0 255916.420798721
3300.0 356097.80156997545
3310.0 197863.95492431597
3320.0 198038.12819310327
3330.0 250534.39180961432
3340.0 177776.03304060994
3350.0 185996.68156269338
3360.0 164164.75695131463
3370.0 94752.89869901721
3380.0 152025.20737028567
3390.0 130067.79147671477
3400.0 195730.01834179662
3410.0 128180.41324050205
3420.0 146638.20441128
3430.0 161025.52848988285
3440.0 82300.73640225902
3450.0 129945.4354592437
3460.0 125073.56215252318
3470.0 122521.9180399023
3480.0 167834.13146625794
3490.0 136404.71331990833
3500.0 192979.05564532315
3510.0 170700.6751649709
3520.0 131409.38627551205
3530.0 180277.87027412947
3540.0 286949.65333024797
3550.0 232435.01783843886
3560.0 179466.82621441007
3570.0 100257.98658740571
3580.0 88957.39069846491
3590.0 105757.16226235309
3600.0 165822.5520186372
3610.0 122341.54319435782
3620.0 142760.5110810566
3630.0 180525.7534770127
3640.0 202329.3172019272
3650.0 155370.3939852704
3660.0 361280.0831963692
3670.0 343432.3829069406
3680.0 219576.56683729994
3690.0 243997.88342801674
3700.0 317428.24146639876
3710.0 170625.36129651248
3720.0 113410.30258635987
3730.0 128097.14542084334
3740.0 107871.24340150974
3750.0 113326.2934692782
3760.0 154676.61405262444
3770.0 271891.5064351387
3780.0 364814.6764713945
3790.0 244078.53085967017
3800.0 266954.84579141706
3810.0 274517.739980522
3820.0 132419.05264821582
3830.0 126652.20837172125
3840.0 179067.85166431966
3850.0 250857.37938377413
3860.0 141331.30972728325
3870.0 261310.6637863204
3880.0 218352.40212062455
3890.0 230594.53374445596
3900.0 200164.52435016804
3910.0 376586.3856704739
3920.0 258064.9129859384
3930.0 150098.68780056387
3940.0 215675.0164511156
3950.0 339018.20332019374
3960.0 187139.05706395386
3970.0 220738.9319703728
3980.0 478109.8482398809
3990.0 598531.0268544103
4000.0 530061.0742581945
4010.0 634294.6127860256
4020.0 713337.4064563075
4030.0 373208.15791835915
4040.0 548932.0767359331
4050.0 545586.2328190927
4060.0 472922.31802588096
4070.0 440035.5099453336
4080.0 610566.636327818
4090.0 1075162.288379767
4100.0 703094.169814548
4110.0 718814.3142867319
4120.0 806873.0458949908
4130.0 587442.1615027561
4140.0 617750.9920206419
4150.0 680850.7305320615
4160.0 857897.4337842509
4170.0 690417.9571067672
4180.0 760996.5526254001
4190.0 686750.5660733378
4200.0 468195.43042103655
4210.0 654983.3492052992
4220.0 350619.5383738629
4230.0 241897.12520501754
4240.0 560782.1807338017
4250.0 429677.3434268032
4260.0 578222.5695296292
4270.0 468629.6839486171
4280.0 560449.6637903977
4290.0 446154.8072789389
4300.0 502500.77216777933
4310.0 537770.1223322244
4320.0 741850.1907474579
4330.0 800673.6943623993
4340.0 943311.4396453381
4350.0 1013466.9708034704
4360.0 1266239.410775464
4370.0 1116928.431297546
4380.0 591832.8462303961
4390.0 895859.5350642769
4400.0 950663.2458455979
4410.0 899544.7026358646
4420.0 1008781.6846314805
4430.0 806705.0097751817
4440.0 970388.1526305083
4450.0 914175.7151750736
4460.0 733718.5302437791
4470.0 1163511.628967714
4480.0 1218021.8233889046
4490.0 1304172.7915758602
4500.0 1309255.8915699562
4510.0 1586212.7438732088
4520.0 1396447.5654959371
4530.0 799298.5449913159
4540.0 1235965.387994116
4550.0 1215497.1810687713
4560.0 1544098.674485476
4570.0 1576743.356724868
4580.0 1116044.859844884
4590.0 1269898.0173038137
4600.0 1364118.5624757134
4610.0 1489568.685062335
4620.0 1377317.197205668
4630.0 1545378.658901605
4640.0 1528059.9335665223
4650.0 1149592.1906678309
4660.0 1688945.9841026198
4670.0 1534278.507041449
4680.0 1593940.1853468802
4690.0 1560203.372409294
4700.0 1531990.704110569
4710.0 1570435.8201417231
4720.0 1676513.1474030986
4730.0 1566705.638087624
4740.0 1489253.5652189357
4750.0 1661818.0493373645
4760.0 1444251.3525582473
4770.0 1551840.3581642902
4780.0 1607429.236316803
4790.0 1441902.758640468
4800.0 1432280.526790918
4810.0 1181403.9337207915
4820.0 1371302.8073741242
4830.0 1453789.5528945213
4840.0 1508457.1646388501
4850.0 1588851.7264035826
4860.0 1386055.0367059668
4870.0 1290565.9322778403
4880.0 1297668.5443087064
4890.0 1294286.8150917385
4900.0 1715826.3805506667
4910.0 1683204.3064531905
4920.0 1268519.1263859419
4930.0 1724348.021049729
4940.0 1429918.8125383398
4950.0 1740435.267747836
4960.0 1415766.9878057146
4970.0 1593583.0264274888
4980.0 1270809.9614288686
4990.0 1155713.509610315
5000.0 1232144.0162128366
5010.0 855285.0174260708
5020.0 1167254.4048112696
5030.0 1510996.9422812744
5040.0 965073.5702728981
5050.0 1134308.1275155954
5060.0 1257356.523278736
5070.0 1119635.4383059111
5080.0 954333.9358862481
5090.0 1133062.857075244
5100.0 1176747.03070817
5110.0 911781.1636921174
5120.0 1035488.0596587791
5130.0 959667.7085772334
5140.0 942466.4435726211
5150.0 965707.659550906
5160.0 1016857.1383076594
5170.0 600184.1994028955
5180.0 777201.1087756926
5190.0 856456.3262267025
5200.0 1158159.9891147816
5210.0 792453.1318630885
5220.0 1466575.3536572873
5230.0 1187432.102427676
5240.0 1755570.8280617965
5250.0 1613719.9425439541
5260.0 1389586.1828914536
5270.0 803713.8685851268
5280.0 1467538.8567612695
5290.0 1883519.2031552796
5300.0 1465634.4890801888
5310.0 1899137.29713217
5320.0 1650363.26309925
5330.0 1100623.683802469
5340.0 1580097.524765308
5350.0 1550339.8658351449
5360.0 1852714.3529917577
5370.0 1183755.1268417104
5380.0 1724150.5309290048
5390.0 1628989.334827268
5400.0 1203722.914519666
5410.0 1210567.7962706645
5420.0 1638450.2777662936
5430.0 1152247.428203041
5440.0 1622304.8703526137
5450.0 1305053.1594721219
5460.0 1465934.1620698685
5470.0 1795151.3654088066
5480.0 1633212.9388239337
5490.0 1748057.3444338802
5500.0 1545605.8377490984
5510.0 1504388.782596421
5520.0 1877367.8188073146
5530.0 1703099.132609578
5540.0 1849902.9314237952
5550.0 1894600.3603075338
5560.0 1870881.409045862
5570.0 1643316.4532344518
5580.0 1707968.7479674201
5590.0 1221801.1881562334
5600.0 1439630.5141569185
5610.0 2001232.3082272124
5620.0 1705344.6833963015
5630.0 2064619.1430802043
5640.0 2042111.8132210523
5650.0 2103746.4966110205
5660.0 1903067.5118156846
5670.0 2108445.9841608144
5680.0 2077358.1325379403
5690.0 2023766.4696435214
5700.0 1962994.465591937
5710.0 1896163.8033961847
5720.0 2092547.1321136153
5730.0 2081025.3474766011
5740.0 2087657.726383999
5750.0 2048480.4709003563
5760.0 2067555.2794932867
5770.0 2155131.2370421137
5780.0 2017681.7856658674
5790.0 1967100.8738684535
5800.0 2136269.8719289657
5810.0 2131589.039735048
5820.0 2178877.438217184
5830.0 2133140.811772182
5840.0 2133381.0651946906
5850.0 2092359.0170957558
5860.0 1829737.644271732
5870.0 1983559.9425714398
5880.0 1946014.3560471416
5890.0 1074955.9443148933
5900.0 1478712.8849429293
5910.0 2089512.2281582875
5920.0 2036598.8549741234
5930.0 2050395.3226737122
5940.0 2096201.3250974196
5950.0 2110011.0381282424
5960.0 2131647.201256298
5970.0 2147523.271029643
5980.0 2026086.8126167504
5990.0 2119233.3736626096
6000.0 2120291.874050695
6010.0 2083865.146968658
6020.0 1959751.5131401336
6030.0 2132771.014093448
6040.0 2157502.2522470835
6050.0 2162433.0531973047
6060.0 2098736.3471153495
6070.0 2099277.6727596903
6080.0 2140863.7432729355
6090.0 2035947.2915972066
6100.0 1898924.1381798387
6110.0 2079058.5106977068
6120.0 1725017.9819499154
6130.0 2061273.933815552
6140.0 1870165.4040480675
6150.0 2072034.4997748747
6160.0 1549584.6185381585
6170.0 1722140.8359635582
6180.0 2130349.836002771
6190.0 1938315.7544525717
6200.0 2080475.4344800278
6210.0 2005763.7322509915
6220.0 1986661.8951035182
6230.0 1933819.8713099759
6240.0 2009825.8040353057
6250.0 1818255.0274774053
6260.0 1837756.2875526112
6270.0 1991745.0295466394
6280.0 2001061.8479888013
6290.0 2045377.7362587408
6300.0 1914695.1720844058
6310.0 2032652.4356633078
6320.0 1975823.7891374202
6330.0 2097428.208094343
6340.0 1971837.7485862041
6350.0 2107213.9214565624
6360.0 2007414.8822576737
6370.0 2079405.423420163
6380.0 1988181.5816119267
6390.0 1921606.8747811608
6400.0 1903333.4453779021
6410.0 1960125.0763405678
6420.0 1987732.4154971302
6430.0 1996523.528383906
6440.0 1684340.0062229116
6450.0 2003433.5248427743
6460.0 1728918.0826378847
6470.0 1939670.3152882473
6480.0 2045819.3240533227
6490.0 1813300.0746900605
6500.0 1766258.8646090713
6510.0 2078389.087601057
6520.0 2083883.2808129096
6530.0 2100552.9767762395
6540.0 2097326.6596139674
6550.0 2023215.0987260507
6560.0 2042187.530670122
6570.0 2029622.516840273
6580.0 2126127.128399727
6590.0 2015739.6363091425
6600.0 2115064.9581792983
6610.0 2086687.3445732915
6620.0 2149910.802189448
6630.0 2096522.5006325513
6640.0 2103134.760692725
6650.0 2140881.176427919
6660.0 2080204.008311765
6670.0 2133193.606902411
6680.0 2062915.8054268644
6690.0 2130069.8343340447
6700.0 2060339.354948394
6710.0 1900923.9634490379
6720.0 1985845.0713415225
6730.0 2096064.7903984042
6740.0 2073701.3003182001
6750.0 2035986.8888169713
6760.0 2088206.2960988241
6770.0 2032027.3840236885
6780.0 2046211.485911029
6790.0 2043609.326554489
6800.0 2042476.6983146577
6810.0 2011616.2303279499
6820.0 2002824.3919402454
6830.0 2015605.903044898
6840.0 1964300.4418327946
6850.0 1945996.1453180308
6860.0 1894655.8342246786
6870.0 1916572.2324687054
6880.0 1899426.0485506
6890.0 1915287.172323551
6900.0 1905051.2435788608
6910.0 1944541.2362423397
6920.0 1916844.389301838
6930.0 1976656.3684456495
6940.0 1985360.4166603235
6950.0 1992115.7796346
6960.0 2039294.856620808
6970.0 2003225.8228254346
6980.0 1903373.5939259892
6990.0 1990693.533243047
7000.0 1998902.0883800362
7010.0 1993234.4914324498
7020.0 1968534.7540172548
7030.0 2009061.665355032
7040.0 2042381.7668341997
7050.0 2077399.3145581095
7060.0 2055520.9036962453
7070.0 2041862.3755796712
7080.0 2062966.2787725446
7090.0 2027894.8918115736
7100.0 2072714.537240281
7110.0 2001038.1222883665
7120.0 2060366.9765020476
7130.0 1982758.725802366
7140.0 1992899.5566561115
7150.0 1748278.4324569285
7160.0 1994561.802465112
7170.0 2048575.456135733
7180.0 1999916.818558835
7190.0 1933505.9393369346
7200.0 1930849.9364433214
7210.0 1895357.3538434473
7220.0 2023233.7894117518
7230.0 2067267.409157168
7240.0 2002857.2190735696
7250.0 2008314.4660671023
7260.0 2039283.5144423863
7270.0 2034215.2547204539
7280.0 2001122.3427607024
7290.0 2009961.4094447887
7300.0 2037157.4222401401
7310.0 2008989.0518574999
7320.0 1976694.701004022
7330.0 1858093.0899435917
7340.0 2016466.833120261
7350.0 2020040.4790619602
7360.0 1883737.8756062207
7370.0 2039540.6821178237
7380.0 2026850.4968232405
7390.0 1934597.9384319228
7400.0 1956573.1090947199
7410.0 1940996.5073817745
7420.0 1966215.254271726
7430.0 2011383.2704754816
7440.0 1983111.7318046815
7450.0 1939431.0054119995
7460.0 1941806.54857814
7470.0 2001491.3888505835
7480.0 2029201.4687382507
7490.0 1954970.6218479266
7500.0 1953320.4303436487
7510.0 1910852.9249643206
7520.0 2000691.29727482
7530.0 2001078.3976767461
7540.0 2018403.9234157274
7550.0 2019686.7198439313
7560.0 1989769.9763122085
7570.0 1994657.8519849805
7580.0 1981238.2577843482
7590.0 1965022.2337592002
7600.0 2011914.0676491468
7610.0 1984013.8799963098
7620.0 1941690.169721823
7630.0 2013338.6536117503
7640.0 2002320.0699141657
7650.0 1998171.2233122324
7660.0 1806329.3844173707
7670.0 1926692.753225921
7680.0 1998556.7402201132
7690.0 1974011.6740889098
7700.0 1891026.3706755564
7710.0 1939202.0163256424
7720.0 1948648.0662517685
7730.0 1963242.386845307
7740.0 1981816.6573792864
7750.0 1882172.3196661305
7760.0 1979567.2464753292
7770.0 1979220.7664934804
7780.0 1920989.0925367577
7790.0 1951245.537663276
7800.0 1954982.276405716
7810.0 1959400.4698430868
7820.0 1961007.820391755
7830.0 1884575.6952739055
7840.0 1917013.3785687846
7850.0 1941797.2969640472
7860.0 1954935.1500679764
7870.0 1953657.8651041838
7880.0 1945687.6137235393
7890.0 1944919.7576977834
7900.0 1936445.2571554517
7910.0 1902134.4018985825
7920.0 1928336.6062300962
7930.0 1917956.8138736237
7940.0 1819971.8693451837
7950.0 1837995.2398968877
7960.0 1924165.4666454636
7970.0 1931362.3940799667
7980.0 1905186.9369251793
7990.0 1922686.2219074748
8000.0 1844470.2625788301
8010.0 1922814.2387055892
8020.0 1909229.709407239
8030.0 1889952.858360144
8040.0 1911553.8957886067
8050.0 1834790.226270466
8060.0 1911989.5432794504
8070.0 1872116.4980161055
8080.0 1860603.1860339264
8090.0 1857602.5811852135
8100.0 1880490.5453505518
8110.0 1892595.619579082
8120.0 1883332.0638811018
8130.0 1885107.4319942473
8140.0 1889162.886252269
8150.0 1889211.3257857205
8160.0 1877993.0977687167
8170.0 1882953.576258848
8180.0 1776677.9372267125
8190.0 1760181.1115599545
8200.0 1769318.1897318277
8210.0 1818212.1112601866
8220.0 1774586.787258931
8230.0 1849528.0037861385
8240.0 1840850.4825032607
8250.0 1853869.0578880906
8260.0 1859946.2862506951
8270.0 1862037.6228695011
8280.0 1863580.3168866117
8290.0 1839977.976186535
8300.0 1849540.4500820453
8310.0 1822831.815477488
8320.0 1828477.3279482012
8330.0 1618311.8275171618
8340.0 1823601.0214982466
8350.0 1795809.585870303
8360.0 1789376.078591104
8370.0 1815135.405907602
8380.0 1723513.5703887115
8390.0 1613452.9810711849
8400.0 1778366.1183270463
8410.0 1786174.0220703238
8420.0 1792250.802367563
8430.0 1707513.0381773268
8440.0 1693228.98340307
8450.0 1803518.4309411503
8460.0 1806293.282542472
8470.0 1683413.4836509195
8480.0 1807102.8280163184
8490.0 1804689.369225745
8500.0 1664793.4407841838
8510.0 1711390.9897473615
8520.0 1731626.5907536417
8530.0 1775626.3118616587
8540.0 1459243.6371956563
8550.0 1731389.929663445
8560.0 1786193.6517998022
8570.0 1785980.9760427377
8580.0 1752120.6144168577
8590.0 1787952.6011182147
8600.0 1775573.8629996327
8610.0 1711883.9913663159
8620.0 1738837.8080614326
8630.0 1773937.0618900536
8640.0 1764920.050322325
8650.0 1756703.537686314
8660.0 1451224.3675857682
8670.0 1660920.648718851
8680.0 1659867.345573955
8690.0 1482750.246919364
8700.0 1724293.779353095
8710.0 1727843.9513409196
8720.0 1737049.1317113235
8730.0 1731157.8786395146
8740.0 1713291.4523426683
8750.0 1740465.2670808318
8760.0 1664255.956430247
8770.0 1669906.4443887721
8780.0 1727736.7629174055
8790.0 1695188.4416868715
8800.0 1657549.6492053415
8810.0 1489685.6791149979
8820.0 1579548.6549647162
8830.0 1686034.5126412713
8840.0 1656346.176481959
8850.0 1725433.5983496774
8860.0 1720316.244906328
8870.0 1668460.0427664171
8880.0 1716837.9239327798
8890.0 1717774.3197525903
8900.0 1717533.8828879043
8910.0 1711113.5035615298
8920.0 1690776.6137106041
8930.0 1695297.0048261709
8940.0 1702984.0225242216
8950.0 1672230.2484571005
8960.0 1703037.298708944
8970.0 1688724.7089288705
8980.0 1671395.6242311876
8990.0 1680394.2631013447
9000.0 1554722.4538938212
9010.0 1616136.2071519645
9020.0 1621120.8976914592
9030.0 1670434.4307073758
9040.0 1678667.1515017783
9050.0 1681718.3963221444
9060.0 1675352.5375706865
9070.0 1675176.9528675736
9080.0 1662772.2498861628
9090.0 1569414.7577628945
9100.0 1633395.8611442149
9110.0 1642826.2429818127
9120.0 1641866.8949951467
9130.0 1666149.1894349207
9140.0 1654513.4002234621
9150.0 1646125.8093045768
9160.0 1649390.2070930623
9170.0 1629894.0769446164
9180.0 1643569.0858109512
9190.0 1643107.7400124292
9200.0 1635236.3537040683
9210.0 1616506.5958683526
9220.0 1624621.738001757
9230.0 1631178.3911300485
9240.0 1625308.5014111013
9250.0 1596344.223023402
9260.0 1539330.3934258844
9270.0 1624814.1452157586
9280.0 1616249.8573158763
9290.0 1563573.4285106645
9300.0 1614690.1625435543
9310.0 1614602.9408639085
9320.0 1609429.8856991515
9330.0 1610632.555437006
9340.0 1610820.4944686368
9350.0 1596866.7702272788
9360.0 1576583.5438470724
9370.0 1599668.7511642675
9380.0 1595660.8390983925
9390.0 1593103.6358216207
9400.0 1583034.6189921226
9410.0 1533804.4453726758
9420.0 1555791.3398057013
9430.0 1575240.4829697313
9440.0 1558220.5713897666
9450.0 1537588.655400978
9460.0 1573891.5981268743
9470.0 1579457.1797085577
9480.0 1577030.5860834294
9490.0 1572674.6375363811
9500.0 1574270.3840435066
9510.0 1565017.3537443562
9520.0 1571631.1076157147
9530.0 1557910.2250473434
9540.0 1558061.1183334661
9550.0 1514957.3242195596
9560.0 1553357.5292556095
9570.0 1512803.1993796583
9580.0 1556546.6949540817
9590.0 1557552.4993102497
9600.0 1502766.0834837733
9610.0 1548954.9398035738
9620.0 1548582.339303057
9630.0 1534237.6727856137
9640.0 1442732.992420375
9650.0 1478007.3549106042
9660.0 1526320.503077507
9670.0 1501050.5279667107
9680.0 1459792.661010989
9690.0 1492245.816587395
9700.0 1519590.3476388326
9710.0 1470964.0622114108
9720.0 1500668.2785786346
9730.0 1455757.9727316308
9740.0 1457648.7642284962
9750.0 1495307.8234245887
9760.0 1513251.5167759238
9770.0 1478247.359545042
9780.0 1456839.9347283863
9790.0 1464398.9985160504
9800.0 1506188.2375368802
9810.0 1506518.765392073
9820.0 1504376.7381032628
9830.0 1487532.6674611229
9840.0 1502525.2683165253
9850.0 1502074.3453569217
9860.0 1495235.9888728226
9870.0 1498357.7060248281
9880.0 1496159.8118984576
9890.0 1484379.3791312992
9900.0 1470972.8853303168
9910.0 1451305.2567399675
9920.0 1455782.1249117735
9930.0 1452383.6756402312
9940.0 1466595.811932187
9950.0 1464452.720522585
9960.0 1465056.5796307563
9970.0 1459914.9010040706
9980.0 1458781.9871308985
9990.0 1456610.7115515205
10010.0 1448490.3992491937
10020.0 1461027.6686608798
10030.0 1448301.045531709
10040.0 1452099.0604707524
10050.0 1433340.2828687262
10060.0 1414157.955331856
10070.0 1438680.3778606378
10080.0 1442873.9527334864
10090.0 1437520.8730890658
10100.0 1443679.595789044
10110.0 1434493.2685535077
10120.0 1434004.1413826682
10130.0 1439073.8758602648
10140.0 1430818.0382929747
10150.0 1406772.212374329
10160.0 1421079.0865202271
10170.0 1423574.210730214
10180.0 1420976.8350036219
10190.0 1416132.6603935638
10200.0 1409890.7837437603
10210.0 1408257.3582082377
10220.0 1379283.5327370192
10230.0 1413611.5073279815
10240.0 1421644.0825155028
10250.0 1407857.7567010794
10260.0 1402679.731482226
10270.0 1400238.506326166
10280.0 1396477.6812327716
10290.0 1392272.4556635958
10300.0 1393527.9269295572
10310.0 1401858.8477183445
10320.0 1394758.268567444
10330.0 1380940.9994756507
10340.0 1277802.2954315715
10350.0 1373092.2348263934
10360.0 1390925.5592689556
10370.0 1369640.9837736895
10380.0 1378535.7083389414
10390.0 1378649.411543273
10400.0 1334217.8676004962
10410.0 1379616.7322962799
10420.0 1367959.507051646
10430.0 1372226.731868179
10440.0 1379540.3005203712
10450.0 1377695.9326895769
10460.0 1370814.4586943681
10470.0 1341964.2147600495
10480.0 1364281.6608855599
10490.0 1355456.6270707913
10500.0 1337928.104068397
10510.0 1353809.7877652205
10520.0 1357110.5122726269
10530.0 1350824.3868386194
10540.0 1357648.2114622842
10550.0 1351948.7876438727
10560.0 1353718.5114026526
10570.0 1344216.0367181357
10580.0 1313014.2320925416
10590.0 1310442.5575244827
10600.0 1318044.378212732
10610.0 1335475.8977100041
10620.0 1334401.5055627252
10630.0 1332827.5559140018
10640.0 1339136.0038097461
10650.0 1328429.3485762903
10660.0 1280894.1777759576
10670.0 1317350.9826665584
10680.0 1317436.4110011044
10690.0 1313052.603614315
10700.0 1321286.1356991997
10710.0 1323603.0034442814
10720.0 1317659.297687352
10730.0 1272838.0785842494
10740.0 1322018.0455574554
10750.0 1275782.3542901566
10760.0 1313513.0506256637
10770.0 1312146.3947209704
10780.0 1293795.9303794932
10790.0 1278378.7712286494
10800.0 1286255.105489182
10810.0 1205466.8900499477
10820.0 1279340.944314794
10830.0 1236451.716411177
10840.0 1289142.430420252
10850.0 1294211.5016641356
10860.0 1283905.7169824461
10870.0 1224302.2971902061
10880.0 1282624.355875128
10890.0 1281623.7604627027
10900.0 1282632.6241886772
10910.0 1269335.8771757723
10920.0 1282548.5565665062
10930.0 1274092.3927816788
10940.0 1282427.9502603349
10950.0 1266805.62359473
10960.0 1229735.9313818174
10970.0 1240275.1249346817
10980.0 1243354.0674066618
10990.0 1263578.5511030608
11000.0 1262630.15224398
11010.0 1249281.4081040549
11020.0 1231004.3230159704
11030.0 1254732.003345101
11040.0 1256829.5534473623
11050.0 1251316.171188735
11060.0 1248840.2759272414
11070.0 1251004.628895845
11080.0 1254897.4529554679
11090.0 1251747.5406798176
11100.0 1248194.8728682657
11110.0 1243867.834484205
11120.0 1215017.0802599418
11130.0 1238486.4120872114
11140.0 1244886.9267223307
11150.0 1235284.9545740737
11160.0 1225580.0292284961
11170.0 1239195.7638819967
11180.0 1234291.67653972
11190.0 1225249.0236560965
11200.0 1208840.8193393203
11210.0 1229566.069916437
11220.0 1231116.2133524173
11230.0 1226304.5961513587
11240.0 1213977.876464559
11250.0 1073626.09092393
11260.0 1178189.993236723
11270.0 1225057.754637882
11280.0 1216117.6184871723
11290.0 1210159.7704843357
11300.0 1188858.1993801894
11310.0 1204256.6538779845
11320.0 1218314.1429627973
11330.0 1202443.621027916
11340.0 1197863.7535077638
11350.0 1206334.6947819216
11360.0 1209747.9267751924
11370.0 1178090.2213634355
11380.0 1158814.6302216332
11390.0 1175961.4070824052
11400.0 1132435.2851584796
11410.0 1190191.4401825964
11420.0 1155791.9422177179
11430.0 1193345.6613275677
11440.0 1133747.1928489665
11450.0 1191594.2578479333
11460.0 1192690.2222859333
11470.0 1173518.890483272
11480.0 1164960.5114176418
11490.0 1184492.2669402433
11500.0 1188064.4256900717
11510.0 1188154.8765228123
11520.0 1183873.5823548597
11530.0 1182838.2125827211
11540.0 1177949.808905968
11550.0 1177857.7448158504
11560.0 1177790.4253950282
11570.0 1178742.7195207311
11580.0 1176729.6544719527
11590.0 1113011.2424468128
11600.0 1163629.4242319637
11610.0 1033337.1326635251
11620.0 1169343.723087848
11630.0 1164253.7660899304
11640.0 1090104.7804663002
11650.0 1164305.7081702524
11660.0 1161898.5029931178
11670.0 1160014.1622845253
11680.0 1156215.013219219
11690.0 1075751.8425374303
11700.0 1156322.4896944503
11710.0 1152381.564442593
11720.0 1151752.2278685549
11730.0 1153633.032420295
11740.0 1147205.882216015
11750.0 1148326.4104372084
11760.0 1148715.5070815638
11770.0 1111566.2643083923
11780.0 1068023.908112074
11790.0 1133685.440722067
11800.0 1133324.055064894
11810.0 1122107.9447144985
11820.0 1094683.89403721
11830.0 938675.1408261912
11840.0 1112243.021360954
11850.0 1127529.7539115131
11860.0 1128360.8026898468
11870.0 1126138.0344131968
11880.0 977188.5440563064
11890.0 1090095.6115775416
11900.0 1124180.466631873
11910.0 1122363.4694577598
11920.0 1123327.1154185836
11930.0 1122713.5130032229
11940.0 1119025.7572816666
11950.0 1092164.6241635839
11960.0 1083370.1045846231
11970.0 964024.2621476331
11980.0 1037385.528027949
11990.0 1051626.49893829
12000.0 1104469.9768610033
12010.0 1105383.554943126
12020.0 1101314.9668536223
12030.0 1021232.2950375634
12040.0 1088411.0581351772
12050.0 1097139.1038366687
12060.0 1097444.0483132582
12070.0 1083443.0666859378
12080.0 947182.5491001831
12090.0 1039786.2071831329
12100.0 1059804.7060629893
12110.0 1086867.7351939138
12120.0 1090492.1749032268
12130.0 1090477.7849722335
12140.0 1091931.5797975652
12150.0 1090390.534522631
12160.0 1088803.5955294308
12170.0 1083360.9491249893
12180.0 1086363.9074797558
12190.0 1079883.6013098834
12200.0 1079107.1948463663
12210.0 1078285.5681704772
12220.0 1080314.6487747757
12230.0 1075558.1005621676
12240.0 1076351.6045482974
12250.0 1076376.887409577
12260.0 1073429.5767956008
12270.0 1044276.0276301447
12280.0 1070668.807259704
12290.0 1071433.368913016
12300.0 1069463.579926086
12310.0 1066927.4989285613
12320.0 1063683.6893492902
12330.0 1061325.5239289347
12340.0 1056799.2963459513
12350.0 1061145.3003128374
12360.0 1051643.0447939388
12370.0 1057041.0389269588
12380.0 1059450.326065546
12390.0 1053169.1645568926
12400.0 1050023.7839121171
12410.0 1050756.4933722294
12420.0 1037493.7150211037
12430.0 1029254.5642889427
12440.0 1047376.2215869785
12450.0 1048541.9918356774
12460.0 1046801.7220486372
12470.0 1043439.7117974481
12480.0 1044639.26054298
12490.0 1043036.858582068
12500.0 1040507.9824318683
12510.0 1033877.7010024678
12520.0 1007622.9790052123
12530.0 1026085.7141545626
12540.0 1036841.799897704
12550.0 1034638.2308322318
12560.0 1027736.1149383645
12570.0 1028856.8426125185
12580.0 1030100.797471681
12590.0 1029948.3324246758
12600.0 1026412.6629045443
12610.0 1025898.3134803062
12620.0 1023941.0445919331
12630.0 1024299.1990415616
12640.0 1005426.3895914087
12650.0 1016499.7261456234
12660.0 1021586.3451602107
12670.0 1014368.5299337022
12680.0 998814.85867682
12690.0 1018277.5723710506
12700.0 1015519.9350099345
12710.0 1014465.735390874
12720.0 1016159.9082173475
12730.0 1013835.8267865347
12740.0 996447.910275968
12750.0 1010019.101648981
12760.0 1010344.6599833417
12770.0 1008599.434582406
12780.0 1007363.2327302212
12790.0 1006085.5989491775
12800.0 1004060.4013560564
12810.0 991836.5048102192
12820.0 933321.5977816455
12830.0 975620.8403316697
12840.0 994361.908555779
12850.0 979620.6383567203
12860.0 995978.1575673742
12870.0 995314.5702356881
12880.0 981826.5991160917
12890.0 989769.3495194694
12900.0 917409.061019927
12910.0 969959.8639183313
12920.0 983368.4277942874
12930.0 984426.3667328751
12940.0 980584.3832005234
12950.0 981688.9336829272
12960.0 983205.7396106081
12970.0 979517.9724898612
12980.0 955519.358659893
12990.0 979712.2642888029
13000.0 979071.1466651792
13010.0 971672.3380271462
13020.0 977489.7895191655
13030.0 964078.0848811009
13040.0 971779.4920929609
13050.0 974110.2679960517
13060.0 968869.5158082304
13070.0 970362.8687179262
13080.0 965193.2526565515
13090.0 965919.277402122
13100.0 961234.4389687699
13110.0 953542.6561876583
13120.0 796165.7874152837
13130.0 887665.6143709713
13140.0 938749.5634064106
13150.0 803200.4264078949
13160.0 945151.660793896
13170.0 956944.2195176623
13180.0 951808.898640145
13190.0 958545.688696521
13200.0 949199.6049197734
13210.0 950908.8431702796
13220.0 952126.5459585234
13230.0 956160.9508757473
13240.0 954425.2659741738
13250.0 950406.9680211549
13260.0 948431.4868721471
13270.0 945152.6806137088
13280.0 930166.9258268907
13290.0 896305.7184831353
13300.0 941965.6301833345
13310.0 937086.3967545503
13320.0 862257.2142753532
13330.0 939493.6982115137
13340.0 941659.7464383246
13350.0 934416.4906166021
13360.0 940536.8081832525
13370.0 939357.060115539
13380.0 934717.7404522577
13390.0 918236.7758852446
13400.0 923924.8250523638
13410.0 934041.1251051244
13420.0 924311.4047223111
13430.0 933884.3985607743
13440.0 933187.7680401708
13450.0 931448.8155815826
13460.0 929897.4803347875
13470.0 928849.706314276
13480.0 929839.0768727867
13490.0 924748.1075450836
13500.0 912903.2165630707
13510.0 927060.201868656
13520.0 922883.5926553725
13530.0 925210.4095713135
13540.0 923111.6219017648
13550.0 907816.3978436786
13560.0 908877.1683664072
13570.0 906275.8550829784
13580.0 918981.4782583152
13590.0 910211.4763441251
13600.0 897907.8621505086
13610.0 916831.9483124969
13620.0 913334.2697909964
13630.0 872791.3013276266
13640.0 883253.1418218983
13650.0 910704.1374425032
13660.0 911884.8146549129
13670.0 903655.573372504
13680.0 898864.3484209214
13690.0 908183.3198979009
13700.0 907504.3928596108
13710.0 906669.6366526501
13720.0 901585.3862508119
13730.0 896289.7811974557
13740.0 902409.065157511
13750.0 900998.2176108758
13760.0 889832.4993402807
13770.0 900662.5502945986
13780.0 899292.4012859262
13790.0 897427.7085467174
13800.0 900765.510270428
13810.0 896978.9205751418
13820.0 891145.1391085539
13830.0 895814.6120859848
13840.0 895980.2456742283
13850.0 865874.3622957434
13860.0 854489.8325240173
13870.0 888359.6074321811
13880.0 890258.9912440734
13890.0 888412.3785864763
13900.0 872273.554651946
13910.0 872309.1120208509
13920.0 878807.2918956483
13930.0 879619.5763451186
13940.0 884084.1632358826
13950.0 875913.6070864892
13960.0 883117.3590630427
13970.0 876060.5292768296
13980.0 877219.1159133678
13990.0 877411.6560350223
14000.0 843798.6972936073
14010.0 854404.3833544439
14020.0 879422.1064031647
14030.0 874485.3213000265
14040.0 869675.5261653453
14050.0 877341.6466661454
14060.0 869707.57599394
14070.0 870178.0947997152
14080.0 860978.0462726138
14090.0 871459.1015175
14100.0 865922.9018792335
14110.0 864566.8990064008
14120.0 849619.2900790939
14130.0 843418.2415063867
14140.0 865016.6052706836
14150.0 865049.988981521
14160.0 855821.1093929547
14170.0 862936.182047163
14180.0 854998.105791485
14190.0 858434.5831747933
14200.0 853582.0712427455
14210.0 852550.2128841229
14220.0 848305.6189303846
14230.0 845037.04747644
14240.0 812074.2237910167
14250.0 813918.6105540745
14260.0 796967.1215532486
14270.0 789663.8038921185
14280.0 831530.2701169937
14290.0 795811.5873465268
14300.0 846408.9792067276
14310.0 831255.2288192121
14320.0 847187.9193983829
14330.0 853035.1322512258
14340.0 843834.0288500643
14350.0 840570.9049686381
14360.0 847271.6915176952
14370.0 842863.0719140645
14380.0 847786.2436068164
14390.0 841183.4197205376
14400.0 760231.179386728
14410.0 837000.4068203588
14420.0 837227.5035229384
14430.0 839384.1541131228
14440.0 808564.7205235134
14450.0 841953.9678853207
14460.0 833350.8374812432
14470.0 840054.881714516
14480.0 824840.01763112
14490.0 832531.5739980838
14500.0 817743.3265761917
14510.0 767327.5942887062
14520.0 822404.6155158551
14530.0 828910.0090605597
14540.0 823114.242937075
14550.0 797387.9421114636
14560.0 796697.0366279364
14570.0 811801.3587592253
14580.0 830058.3394498039
14590.0 823883.6660285927
14600.0 812620.9127566961
14610.0 808690.2296660804
14620.0 818808.9708679975
14630.0 817699.4675866035
14640.0 822958.880173616
14650.0 780080.5001250488
14660.0 814139.1308116149
14670.0 816081.7226066729
14680.0 817636.0598395509
14690.0 809757.7718605684
14700.0 788636.0550699921
14710.0 804767.6795532346
14720.0 794893.2693767461
14730.0 818024.3678710856
14740.0 810623.339135172
14750.0 780328.2546769582
14760.0 814751.8307793204
14770.0 800568.372767189
14780.0 801717.9423344188
14790.0 817299.2450735878
14800.0 805040.7325748793
14810.0 804196.8424719889
14820.0 799969.1234309736
14830.0 758933.2386429405
14840.0 800912.8460816737
14850.0 791454.3443594861
14860.0 775680.6079965673
14870.0 700746.0081454046
14880.0 580834.5228272986
14890.0 752981.6178888902
14900.0 779042.6425679289
14910.0 785329.477314586
14920.0 801670.4820854245
14930.0 800949.8192889872
14940.0 802896.0764582343
14950.0 796976.3119861925
14960.0 777121.2652121854
14970.0 791548.1863491967
14980.0 787661.7201901336
14990.0 784679.3021759951
15000.0 773765.9679289426
15010.0 752574.8311661402
15020.0 616695.5505755892
15030.0 611174.8074194622
15040.0 574494.5422177785
15050.0 614992.8795162584
15060.0 758891.2300669448
15070.0 783203.7758532333
15080.0 764467.1695960553
15090.0 786744.8713645571
15100.0 782807.0199634038
15110.0 793612.19048676
15120.0 772073.3897224483
15130.0 783007.6255534256
15140.0 780248.4973889065
15150.0 785877.7479666295
15160.0 759086.1215141353
15170.0 785439.2399552783
15180.0 786481.5688053317
15190.0 788353.1395626297
15200.0 782860.8193860237
15210.0 748519.9732775714
15220.0 746429.8863591333
15230.0 786755.1366426134
15240.0 779300.9655499167
15250.0 783067.7789820379
15260.0 769970.6250127709
15270.0 786119.4999028596
15280.0 773729.3628443141
15290.0 719861.3471334114
15300.0 748852.284648685
15310.0 783332.8030704451
15320.0 780230.2159843736
15330.0 758365.0389156177
15340.0 754476.5642015934
15350.0 783260.6108466418
15360.0 784157.7545366168
15370.0 775467.4966122133
15380.0 762264.5634745875
15390.0 755060.9571793558
15400.0 754591.599410361
15410.0 773193.2949953128
15420.0 769838.7026228174
15430.0 767270.4777332089
15440.0 782928.3270279901
15450.0 782822.70885168
15460.0 775135.0438454768
15470.0 778132.0570085389
15480.0 777317.428649359
15490.0 774274.743383507
15500.0 769648.0808257404
15510.0 765709.4891639593
15520.0 776394.0516218689
15530.0 756240.9505515356
15540.0 732400.2869657686
15550.0 770440.0095979957
15560.0 751931.4528897286
15570.0 753373.3449104041
15580.0 767391.8524298248
15590.0 742641.0972102841
15600.0 763795.8739372292
15610.0 766491.8458050828
15620.0 703018.9075625945
15630.0 714272.5099137516
15640.0 758888.6446257011
15650.0 747850.6514087892
15660.0 733744.2552753458
15670.0 751665.3316528723
15680.0 745139.3397057013
15690.0 738502.8953618443
15700.0 753902.7091589902
15710.0 756687.0724307774
15720.0 699551.005988141
15730.0 725921.2170359141
15740.0 638447.4836322642
15750.0 604511.5967193705
15760.0 636675.5186121798
15770.0 574319.5634903022
15780.0 717952.4247214992
15790.0 740348.1423553746
15800.0 747040.8708902583
15810.0 746542.8645393907
15820.0 662360.6977046828
15830.0 735478.4714272898
15840.0 741434.6651645704
15850.0 750748.7984105992
15860.0 738938.3288862042
15870.0 710634.2414382357
15880.0 698543.8660712098
15890.0 620260.0308835186
15900.0 715441.7296225652
15910.0 698408.2364960519
15920.0 739371.2677292537
15930.0 740269.1104628623
15940.0 738111.990491204
15950.0 730884.4615132441
15960.0 678850.8228027117
15970.0 729536.9441250985
15980.0 722302.8992499667
15990.0 743919.9021794283
16000.0 738879.1037155694
16010.0 714074.5269468009
16020.0 739807.6601919766
16030.0 740633.1734513983
16040.0 698274.9067245802
16050.0 732664.0828042136
16060.0 706197.4553422896
16070.0 720596.9381279966
16080.0 734245.2822071593
16090.0 712778.5962999174
16100.0 682934.2704066195
16110.0 731963.701895427
16120.0 724798.7886613624
16130.0 719863.2616445139
16140.0 691257.6269706035
16150.0 634614.0111458433
16160.0 627891.4553347196
16170.0 715314.5102104761
16180.0 714602.1716892779
16190.0 687033.1315271049
16200.0 595840.7222249096
16210.0 692440.842587363
16220.0 711758.4682412946
16230.0 702977.6181819534
16240.0 704739.1182928386
16250.0 714027.9215814881
16260.0 718886.0904533387
16270.0 722877.4541304262
16280.0 723352.7948171304
16290.0 713978.6095589864
16300.0 714797.7212800694
16310.0 704527.1300773813
16320.0 692253.6095416232
16330.0 704436.584009248
16340.0 715387.9583826764
16350.0 702164.2014236753
16360.0 692737.1908197555
16370.0 693654.6712500283
16380.0 658568.1394295807
16390.0 684932.1056824183
16400.0 672683.3940227674
16410.0 696105.1693417566
16420.0 708326.3972336842
16430.0 703168.0895818714
16440.0 655962.0184853958
16450.0 669752.6819750994
16460.0 698383.1006358878
16470.0 688292.694940722
16480.0 682375.4017012178
16490.0 638936.8363184656
16500.0 695350.2713652423
16510.0 692739.7329726614
16520.0 682716.1602444954
16530.0 681535.5959235196
16540.0 676012.5760115185
16550.0 684557.0230104728
16560.0 668923.056442912
16570.0 686800.5698873999
16580.0 677446.6491665548
16590.0 679642.959090704
16600.0 685907.0702925232
16610.0 673919.6637851
16620.0 673540.5763940647
16630.0 666060.1467147138
16640.0 665166.3215594036
16650.0 650649.3954186186
16660.0 661146.9726179983
16670.0 661735.1100386396
16680.0 652151.3384686243
16690.0 668618.5354896287
16700.0 663323.3240298644
16710.0 637725.8990594194
16720.0 546147.9605791561
16730.0 647402.8552953266
16740.0 644120.3755210325
16750.0 505247.57841771544
16760.0 599328.7838237992
16770.0 649932.8591886979
16780.0 657771.3273060513
16790.0 657489.5303138348
16800.0 656674.3623883586
16810.0 653948.4914348616
16820.0 639265.1252753333
16830.0 649059.6302961132
16840.0 649126.6153284705
16850.0 650871.6303718638
16860.0 639720.1620415568
16870.0 637608.9205314339
16880.0 639092.2705424307
16890.0 639790.5519988385
16900.0 619043.2719420055
16910.0 632289.856319869
16920.0 643267.6996241562
16930.0 640729.2115826514
16940.0 642780.8645645444
16950.0 638768.4038946985
16960.0 636794.9616304045
16970.0 626547.0664965068
16980.0 632073.7998036381
16990.0 625432.091058781
17000.0 611577.179233297
17010.0 607621.1033205101
17020.0 623345.6725409351
17030.0 625683.8877824615
17040.0 627296.5730346045
17050.0 619667.4839202075
17060.0 619873.5323793768
17070.0 606897.2112607775
17080.0 614641.5348854201
17090.0 600810.4249490538
17100.0 541034.1447722533
17110.0 437251.2135913396
17120.0 569707.5754366067
17130.0 601726.1329077854
17140.0 610211.144370845
17150.0 611532.0637903321
17160.0 601054.8794227822
17170.0 608012.1722808856
17180.0 608163.2568702919
17190.0 608421.745444531
17200.0 603339.33851237
17210.0 600451.7729307945
17220.0 593815.7892237181
17230.0 579874.7116932898
17240.0 594541.1977192066
17250.0 600917.9919015367
17260.0 600304.5260938386
17270.0 594417.1202963205
17280.0 591255.460078293
17290.0 593599.1887306981
17300.0 583996.1280037095
17310.0 586681.0148107179
17320.0 574705.1788612842
17330.0 549957.7894596659
17340.0 580535.9090291096
17350.0 584902.5205073219
17360.0 586867.9173791321
17370.0 588546.7715945116
17380.0 580433.1955417386
17390.0 579096.8022458251
17400.0 575733.3412507868
17410.0 563889.2384698129
17420.0 570773.1078423398
17430.0 577748.4552652
17440.0 581205.3209256439
17450.0 577111.9001346433
17460.0 570936.7522754874
17470.0 553780.8879648157
17480.0 576309.5170792757
17490.0 573712.4084408194
17500.0 564026.0232273636
17510.0 571890.3080230893
17520.0 571382.9800436943
17530.0 568034.0776431424
17540.0 565302.3225178072
17550.0 565777.1353527068
17560.0 566299.8330081328
17570.0 567761.1076389761
17580.0 564117.7898105927
17590.0 559233.3986582465
17600.0 559117.2345142465
17610.0 551480.8318665077
17620.0 542336.165256573
17630.0 558419.9008077375
17640.0 551657.1363682597
17650.0 556402.3629796063
17660.0 545801.4678053407
17670.0 551551.5987075696
17680.0 537335.3427555198
17690.0 549455.9814159094
17700.0 546201.2669352548
17710.0 539869.5972784751
17720.0 528943.1956329469
17730.0 544570.0421490407
17740.0 543130.8928319109
17750.0 543039.7810200906
17760.0 540088.66571103
17770.0 523756.4486407516
17780.0 538765.3816663256
17790.0 542872.1378938112
17800.0 542345.2401086736
17810.0 539097.5009507746
17820.0 534592.674193209
17830.0 532476.7332119046
17840.0 532707.4550399353
17850.0 525051.9131891628
17860.0 530677.5131012163
17870.0 533049.0948695717
17880.0 534485.6048638974
17890.0 534821.3946000704
17900.0 530305.1391970486
17910.0 531220.5174028677
17920.0 528664.0876618408
17930.0 513817.28929148935
17940.0 517614.4351434736
17950.0 528157.1829237094
17960.0 526671.3644835568
17970.0 524958.4981787963
17980.0 522869.9096542078
17990.0 521938.87216238456
18000.0 518947.3698695977
18010.0 516032.43414242304
18020.0 513663.30434387515
18030.0 504414.84764449974
18040.0 508446.45237890934
18050.0 508632.0135855383
18060.0 514637.7407652245
18070.0 513641.8223776471
18080.0 507115.9876766295
18090.0 510983.14670201525
18100.0 505707.6077650594
18110.0 505102.4681554138
18120.0 507096.35973165865
18130.0 508504.7764194896
18140.0 506456.73667369306
18150.0 501800.6521718167
18160.0 499983.311551218
18170.0 503451.1847507338
18180.0 501441.7986468931
18190.0 503181.97503301664
18200.0 501867.7588991068
18210.0 501317.7793037029
18220.0 495650.23532766965
18230.0 497698.1620431667
18240.0 499433.3027408148
18250.0 498110.43952253455
18260.0 496118.85780467436
18270.0 492835.7939063551
18280.0 485933.59477818146
18290.0 488938.3650576873
18300.0 487844.086370657
18310.0 491640.142406356
18320.0 490528.5292095857
18330.0 492647.50564061874
18340.0 486582.4420794736
18350.0 484096.3123722039
18360.0 482717.9594188086
18370.0 470945.7949310389
18380.0 475166.9564387713
18390.0 478040.3543886346
18400.0 474805.90693562414
18410.0 465854.7573658808
18420.0 457069.0338658017
18430.0 473330.6826457993
18440.0 477403.880772876
18450.0 475606.75311894174
18460.0 445466.5227852874
18470.0 429877.3672579515
18480.0 473593.32560590294
18490.0 474426.29566480394
18500.0 475471.54777209135
18510.0 472078.67618403985
18520.0 464631.4314543634
18530.0 469363.626732331
18540.0 471704.7923800164
18550.0 461281.8573094981
18560.0 460735.1975698288
18570.0 467857.9019055028
18580.0 448148.12712010846
18590.0 463406.2464977742
18600.0 466891.2885574341
18610.0 464243.1829217804
18620.0 463801.5283185904
18630.0 460222.8305605782
18640.0 460568.2727440755
18650.0 460633.52889898606
18660.0 444388.52329281706
18670.0 460185.31295099284
18680.0 458775.1635590888
18690.0 459828.7539359585
18700.0 456466.5573557216
18710.0 448291.19724106765
18720.0 436856.9546963099
18730.0 449236.65253573755
18740.0 450113.2110210808
18750.0 427310.0105354842
18760.0 446588.6880936149
18770.0 435279.71373652224
18780.0 445626.75281480944
18790.0 449404.5101021879
18800.0 451244.31541545084
18810.0 450726.0377754323
18820.0 447210.4089211313
18830.0 448540.65351089847
18840.0 444136.00843969267
18850.0 432018.2962286754
18860.0 395638.862392922
18870.0 441198.6749088187
18880.0 434654.71559948486
18890.0 426323.187460075
18900.0 396153.4215326596
18910.0 427871.0497222799
18920.0 412243.3705961991
18930.0 428345.63314684096
18940.0 434008.5390344476
18950.0 436106.56479873083
18960.0 434325.91234188084
18970.0 423375.32026224956
18980.0 429111.57836106495
18990.0 398965.78235232586
19000.0 432866.56903563294
19010.0 432567.3788142153
19020.0 431673.502421566
19030.0 425172.8464200756
19040.0 423801.19173502096
19050.0 415134.4529966056
19060.0 428964.2702651854
19070.0 429145.28255445516
19080.0 423985.02667035087
19090.0 425065.73291027505
19100.0 424917.53602299234
19110.0 399312.269523184
19120.0 414950.49254380306
19130.0 423982.5217815061
19140.0 421424.62737468485
19150.0 421332.1161667657
19160.0 420684.6297536591
19170.0 419974.48676963896
19180.0 417705.5359436566
19190.0 407174.515622419
19200.0 407681.4378548238
19210.0 413522.12325022387
19220.0 415735.4807382904
19230.0 416798.0293111347
19240.0 416317.50605552323
19250.0 412602.4431212931
19260.0 408867.04019304726
19270.0 411281.8172708742
19280.0 405341.7014977402
19290.0 407470.60379646183
19300.0 394345.0685411691
19310.0 301475.88564350177
19320.0 397436.20275190065
19330.0 403402.9598662715
19340.0 394426.2369867741
19350.0 405511.87411304057
19360.0 408218.89352402475
19370.0 407532.88838402554
19380.0 404158.32552831207
19390.0 396842.30267858505
19400.0 400464.77983486746
19410.0 401341.9960655235
19420.0 397603.0426116384
19430.0 380372.37273616204
19440.0 382479.87074736075
19450.0 279635.74234703626
19460.0 345773.1370860017
19470.0 385331.53312092595
19480.0 389209.7891618308
19490.0 381455.9452083261
19500.0 353683.1012606281
19510.0 322470.7539063011
19520.0 390755.93431746203
19530.0 391888.308659221
19540.0 389039.16833277297
19550.0 393830.5453490428
19560.0 394098.3223709164
19570.0 393089.4593984696
19580.0 390481.89643175976
19590.0 387948.9134707602
19600.0 388459.9891887148
19610.0 383562.8192731769
19620.0 384468.7906709452
19630.0 380165.82878623623
19640.0 382221.63943070517
19650.0 388459.22673033556
19660.0 387634.8440354877
19670.0 386674.53134633333
19680.0 385509.0023334428
19690.0 384602.7199084463
19700.0 383835.8458335803
19710.0 380358.9201972844
19720.0 363946.0174585846
19730.0 371038.8927187212
19740.0 374663.5108864305
19750.0 372545.3966544357
19760.0 364418.0547062855
19770.0 308796.08789059863
19780.0 252391.83854776452
19790.0 343825.9791897257
19800.0 368324.2041084937
19810.0 368631.0414031471
19820.0 369814.1067317645
19830.0 372825.5239003457
19840.0 367885.20107413805
19850.0 305258.6882533124
19860.0 277765.5754377637
19870.0 353222.64720121666
19880.0 368316.9998225296
19890.0 369794.62702281505
19900.0 368935.6649067582
19910.0 366999.6214500866
19920.0 340801.2855124338
19930.0 319656.39590921596
19940.0 351438.46314662433
19950.0 362911.0803891443
19960.0 336814.07763687545
19970.0 359549.1347134561
19980.0 364281.60617928894
19990.0 365201.823208508
20010.0 363969.0741712062
20020.0 357402.47166807135
20030.0 359705.20917008584
20040.0 361817.22667727305
20050.0 359229.7041894639
20060.0 360137.58170682075
20070.0 359410.49922908354
20080.0 359384.7567564898
20090.0 356425.23428895755
20100.0 358702.0322186926
20110.0 358540.86892382806
20120.0 357587.3860261804
20130.0 356389.0631335283
20140.0 355766.34024583834
20150.0 355747.9573630496
20160.0 354937.154485219
20170.0 352771.0116122053
20180.0 352813.54874418775
20190.0 351181.2058809195
20200.0 349261.4837419478
20210.0 346624.0206143128
20220.0 349944.69821090717
20230.0 348353.83581230487
20240.0 346020.4334186604
20250.0 349021.3510297617
20260.0 347462.0086456533
20270.0 346474.56626649207
20280.0 343887.0438920737
20290.0 343660.8615224766
20300.0 339283.1396029209
20310.0 345312.51679748954
20320.0 345440.8544422436
20330.0 344570.4751647824
20340.0 340746.70974589593
20350.0 339687.95740480605
20360.0 342109.44506848074
20370.0 341077.9927368722
20380.0 337637.71040988126
20390.0 340760.4480875863
20400.0 339508.9157700521
20410.0 337150.1899125782
20420.0 338977.62104157906
20430.0 339532.02863079385
20440.0 338589.19622458593
20450.0 337551.17382290855
20460.0 337470.72142592724
20470.0 333206.88903354475
20480.0 336789.51664566004
20490.0 336004.5242623272
20500.0 335921.0818836692
20510.0 334621.73953723296
20520.0 333441.3465035946
20530.0 333057.1235021408
20540.0 330531.2305051348
20550.0 331228.2775127753
20560.0 330820.3245246889
20570.0 329894.9715410103
20580.0 328453.6785617646
20590.0 325873.7955870372
20600.0 322332.5526166071
20610.0 324175.0278145468
20620.0 318884.9372066627
20630.0 273919.75476712914
20640.0 309489.30233192816
20650.0 322559.27990115713
20660.0 324292.6174747021
20670.0 323768.4550526959
20680.0 323344.3026349671
20690.0 321956.94022169843
20700.0 316741.9048152552
20710.0 320837.77669185837
20720.0 319365.5932339287
20730.0 320831.371064181
20740.0 319008.7688989013
20750.0 321294.94673769077
20760.0 318163.8445808324
20770.0 319039.18242834724
20780.0 319847.11130578484
20790.0 318906.53813609347
20800.0 316532.95599630766
20810.0 317653.2738608831
20820.0 316834.7126482618
20830.0 315376.369186858
20840.0 309319.7866482358
20850.0 313893.3041138107
20860.0 314324.20158365695
20870.0 313682.8590575284
20880.0 312583.2965356793
20890.0 312728.99401785247
20900.0 312827.1515042341
20910.0 308811.2089947108
20920.0 301519.08715848514
20930.0 309924.8242040799
20940.0 308927.26192292693
20950.0 309452.7596459288
20960.0 300861.6973729723
20970.0 302175.7351042162
20980.0 307478.172839369
20990.0 307387.93057871016
21000.0 309157.8683219908
21010.0 305692.3460694608
21020.0 306979.14382076875
21030.0 307193.32223699713
21040.0 306580.45953549864
21050.0 306185.47749875777
21060.0 304668.05546606233
21070.0 301639.098777412
21080.0 301485.3114126054
21090.0 278098.5593918623
21100.0 297603.36737502227
21110.0 300827.085362185
21120.0 301155.9933534464
21130.0 301079.34954620636
21140.0 299650.2293474275
21150.0 298248.4773503081
21160.0 266326.8353572298
21170.0 285248.33083626133
21180.0 296434.2213826104
21190.0 296875.1394011517
21200.0 296467.8774235534
21210.0 296194.1254498153
21220.0 295438.7334798982
21230.0 296128.6315139847
21240.0 293998.5497717772
21250.0 295609.547593385
21260.0 293991.95563893113
21270.0 294143.4236882198
21280.0 293714.08174134424
21290.0 294197.169798299
21300.0 293802.21785899776
21310.0 292787.3959235082
21320.0 292325.94399174314
21330.0 292119.77206375136
21340.0 290772.4401395692
21350.0 283138.118219065
21360.0 286921.20630238444
21370.0 289963.9243893496
21380.0 289980.11248006154
21390.0 289501.0705745357
21400.0 289114.66867267434
21410.0 288775.00677444844
21420.0 288195.93487997
21430.0 286758.5929892416
21440.0 287112.7871474212
21450.0 283268.4632081267
21460.0 284721.61733883386
21470.0 286038.6954626551
21480.0 285532.97359012626
21490.0 284284.49172122683
21500.0 284613.44985601417
21510.0 284118.90799432615
21520.0 282905.64613621973
21530.0 281960.2895981718
21540.0 281592.822430906
21550.0 281860.9405836354
21560.0 281120.22474991775
21570.0 280858.9757738599
21580.0 280965.3528113608
21590.0 279334.36985231104
21600.0 279964.4068967797
21610.0 279691.343944684
21620.0 278864.2209960759
21630.0 278474.31805083767
21640.0 277949.635109079
21650.0 275547.93217082135
21660.0 275300.5092359415
21670.0 275249.60408100055
21680.0 275416.68433784967
21690.0 275335.00237467175
21700.0 274905.10041499586
21710.0 274833.8384586951
21720.0 274283.99650586536
21730.0 273680.99455647456
21740.0 272558.212610514
21750.0 272485.63066791644
21760.0 271410.78872871265
21770.0 269975.0267929229
21780.0 252923.00986854293
21790.0 268512.2030963673
21800.0 270708.858514325
21810.0 269429.0895781704
21820.0 265165.977824083
21830.0 268903.1060733488
21840.0 269296.0843259782
21850.0 268521.9625820097
21860.0 267811.1308413321
21870.0 265422.0791039597
21880.0 259553.19736994867
21890.0 264549.40930340387
21900.0 257983.62352164218
21910.0 266580.53140730935
21920.0 266408.95929626416
21930.0 265529.06718841713
21940.0 264242.92508387746
21950.0 264312.14298253146
21960.0 264494.9408844911
21970.0 263636.08878970676
21980.0 263299.7466981121
21990.0 262917.774609678
22000.0 259186.70316055242
22010.0 261454.18064424503
22020.0 261291.99876707623
22030.0 260963.7168932165
22040.0 259909.97502250446
22050.0 250979.6131549645
22060.0 227654.4512906582
22070.0 253762.26942942163
22080.0 239994.7975714774
22090.0 254846.02571661767
22100.0 257844.94386494035
22110.0 257024.02265463548
22120.0 257610.22018001738
22130.0 257482.96834675985
22140.0 257193.32651663685
22150.0 256837.584689651
22160.0 256515.72286572933
22170.0 255934.08419358425
22180.0 255441.54922726014
22190.0 255398.48741272144
22200.0 254706.26560119799
22210.0 249858.2237926964
22220.0 254145.0671573948
22230.0 249199.22922555555
22240.0 253044.038745331
22250.0 252175.5971288428
22260.0 244643.7555155047
22270.0 245217.99390525406
22280.0 246062.0322978977
22290.0 249971.71069364058
22300.0 247497.2890922909
22310.0 247003.5674941679
22320.0 249837.70589898588
22330.0 249512.26466759562
22340.0 248765.6947652083
22350.0 248718.06041653047
22360.0 248617.29847585905
22370.0 247764.8165380614
22380.0 239801.43460331322
22390.0 243710.23267149003
22400.0 246562.49074262314
22410.0 246285.40881662097
22420.0 244590.76689368775
22430.0 245625.22497358147
22440.0 243461.98326227145
22450.0 244717.31806056557
22460.0 244221.4130676053
22470.0 238369.84807732629
22480.0 241910.78308975685
22490.0 242781.51810490084
22500.0 243059.85312274008
22510.0 242601.52814336686
22520.0 242097.6631665782
22530.0 240791.49819253886
22540.0 236257.81440673888
22550.0 240527.32283901455
22560.0 240824.80656058778
22570.0 240295.60487156088
22580.0 240135.5231853462
22590.0 239679.00150199077
22600.0 238516.46982146965
22610.0 233116.01814372514
22620.0 223593.19646879527
22630.0 232761.18479666964
22640.0 236620.39312733454
22650.0 227470.1614608062
22660.0 235173.15578948165
22670.0 236493.33741588582
22680.0 236043.82680969298
22690.0 235677.66228224983
22700.0 235288.24859045824
22710.0 234703.01234944555
22720.0 234886.95086820266
22730.0 234247.4693897366
22740.0 231749.09791403176
22750.0 233127.0664409944
22760.0 232524.5418062313
22770.0 232580.65494284264
22780.0 231486.57226980035
22790.0 229879.33741178212
22800.0 224465.4591169155
22810.0 216045.092723599
22820.0 220606.33304172358
22830.0 227721.91893224293
22840.0 229715.31330643012
22850.0 229483.8018605131
22860.0 229375.4004172416
22870.0 229296.868976675
22880.0 229066.59753874195
22890.0 228735.3462416474
22900.0 228706.98791734068
22910.0 227998.8725297312
22920.0 227742.5107468501
22930.0 203924.50896645067
22940.0 209050.92718877702
22950.0 216829.2454137444
22960.0 212211.96364110243
22970.0 215925.58187118196
22980.0 217324.16010394006
22990.0 218650.95833918685
23000.0 220612.33657703584
23010.0 218391.85528873646
23020.0 219190.13341612104
23030.0 219856.03201732915
23040.0 218626.9706211052
23050.0 218696.8892274959
23060.0 219072.24783636935
23070.0 218724.4264479303
23080.0 218946.22506195318
23090.0 218314.1436784732
23100.0 221027.22229761645
23110.0 217556.4609193084
23120.0 217167.3430186477
23130.0 217372.41791623313
23140.0 215192.8362914794
23150.0 218123.3746694027
23160.0 214825.93304971483
23170.0 215658.0714324514
23180.0 216706.8898177491
23190.0 216740.80820551232
23200.0 215170.3065956564
23210.0 215297.24498832738
23220.0 194547.32338353316
23230.0 192660.42178124888
23240.0 202691.0715453944
23250.0 202941.63880412563
23260.0 205236.65742963436
23270.0 204954.56945808223
23280.0 207728.01468795192
23290.0 209446.04332069852
23300.0 203064.76195609855
23310.0 206194.50059348874
23320.0 209196.6192336274
23330.0 207386.40787605883
23340.0 208666.82652095475
23350.0 194840.66551412942
23360.0 207257.10385139575
23370.0 205465.75253691935
23380.0 189381.86122493006
23390.0 209334.31991515
23400.0 206152.4786077995
23410.0 205899.39730298516
23420.0 206987.97600033003
23430.0 206653.52470010886
23440.0 206406.39340232636
23450.0 204919.69210675583
23460.0 205453.31081368623
23470.0 207865.60087877745
23480.0 204550.24823440096
23490.0 204385.46694830872
23500.0 207493.42566450342
23510.0 203589.01438300524
23520.0 178371.56310385535
23530.0 186981.6718271224
23540.0 192955.54055255675
23550.0 192304.9692803467
23560.0 194845.03801035424
23570.0 196865.58674273774
23580.0 196419.34547743964
23590.0 196586.70425118032
23600.0 199055.23295355882
23610.0 197789.3116951371
23620.0 196554.57043880664
23630.0 199203.98918483173
23640.0 197540.85634628046
23650.0 197731.7666838062
23660.0 197401.6854365343
23670.0 197352.86419150938
23680.0 197152.04294885203
23690.0 197581.68170842115
23700.0 198519.52047006346
23710.0 198185.3592340808
23720.0 192700.15800034557
23730.0 197189.73676872242
23740.0 199275.13553937452
23750.0 195650.65431225343
23760.0 196522.49308729032
23770.0 196910.11186447556
23780.0 196270.97064391364
23790.0 195828.509425553
23800.0 194254.2682094095
23810.0 196862.9469953926
23820.0 184245.60578352364
23830.0 172738.3206169564
23840.0 181679.54336643705
23850.0 181765.8021610176
23860.0 181772.080957829
23870.0 184406.51975683495
23880.0 191336.21855797915
23890.0 186338.3573612702
23900.0 186606.4761666171
23910.0 189927.9149741919
23920.0 184894.79378380688
23930.0 190927.29259569265
23940.0 186778.87140952976
23950.0 188628.7053850636
23960.0 189059.0490437684
23970.0 186156.60786404388
23980.0 189273.5266862878
23990.0 192307.40551079425
24000.0 184003.62433730855
24010.0 189499.96775030927
24020.0 186630.87199666444
24030.0 189272.31082950937
24040.0 187560.0996643968
24050.0 185770.2685012824
24060.0 188634.85734035313
24070.0 188216.6019984133
24080.0 184957.88571920124
24090.0 187693.47525909022
24100.0 185345.86480101867
24110.0 186759.2443451337
24120.0 187528.56325831078
24130.0 180341.2704014432
24140.0 167166.4429897454
24150.0 176554.33254210546
24160.0 175565.2920963985
24170.0 180570.58165285067
24180.0 179264.50121133495
24190.0 176319.4957681573
24200.0 182574.90963948632
24210.0 179884.77850923262
24220.0 180547.06738096682
24230.0 178322.36625462474
24240.0 182755.9151302924
24250.0 177558.7040079697
24260.0 179984.39288773588
24270.0 180583.6217693753
24280.0 174571.73065295705
24290.0 183036.9695385424
24300.0 179552.24842610024
24310.0 178045.6621191606
24320.0 181463.42430097793
24330.0 175628.99128822202
24340.0 179768.57827742584
24350.0 179325.6352683048
24360.0 177702.6422611591
24370.0 174237.60142209896
24380.0 178417.55625243424
24390.0 179400.81325075802
24400.0 175361.8502510724
24410.0 177404.2672531394
24420.0 178293.5442570125
24430.0 180518.46933341256
24440.0 171462.9201769562
24450.0 174731.13909299337
24460.0 165572.9180108359
24470.0 163528.3769307159
24480.0 173243.3758524542
24490.0 171819.9947761006
24500.0 169150.79370174804
24510.0 171520.4726290797
24520.0 172312.47155836245
24530.0 172228.8904895776
24540.0 168348.609422609
24550.0 168920.0506122671
24560.0 163408.46702500613
24570.0 163937.38569425498
24580.0 172793.4843655421
24590.0 168582.28303857808
24600.0 172581.70171344723
24610.0 171174.46039012092
24620.0 170780.11906864154
24630.0 172444.11774897328
24640.0 169308.8164311521
24650.0 169574.67511514598
24660.0 172501.87380101334
24670.0 170433.11248859475
24680.0 166925.54210078603
24690.0 171648.3101385195
24700.0 170014.12910084575
24710.0 168753.04806511875
24720.0 168647.50703102959
24730.0 165777.74599880958
24740.0 169269.14033369857
24750.0 165839.53393980153
24760.0 167850.71291300748
24770.0 169953.24188793445
24780.0 159919.96086458652
24790.0 157926.32984311847
24800.0 154385.4791736654
24810.0 158121.1978055219
24820.0 145734.6567892583
24830.0 158912.72577483245
24840.0 161106.92476220054
24850.0 153940.35375121498
24860.0 135867.3327420452
24870.0 153770.84173462325
24880.0 156435.63072899546
24890.0 157687.35972503223
24900.0 158401.95872284874
24910.0 157684.3877223878
24920.0 157776.72652051217
24930.0 160593.81541661418
24940.0 156350.08411124386
24950.0 159065.11280757067
24960.0 157523.69150560873
24970.0 158913.78020532068
24980.0 157812.30890669688
24990.0 158088.93335961222
