#lam[Angstrom] flux[erg/cm2/s/A]
1010.0 0.8604071146560051
1020.0 0.8909127648766738
1030.0 3.0736000728881945
1040.0 1.2115645253847394
1050.0 0.912306511252554
1060.0 0.9205538349346518
1070.0 0.9720762573389513
1080.0 2.9417916452250967
1090.0 2.9970202172324156
1100.0 0.9607643256427036
1110.0 0.9684658718722879
1120.0 1.006117787193194
1130.0 0.97864459412278
1140.0 1.062811074853919
1150.0 0.9973668973501428
1160.0 1.0163311207870636
1170.0 1.0182115048155305
1180.0 1.0225965491989788
1190.0 1.028820460761231
1200.0 1.5513088882890034
1210.0 1.3807520305283152
1220.0 8.784923039602534
1230.0 1.2707384612758614
1240.0 5.18012572893058
1250.0 1.8042553205816956
1260.0 2.5107847129098526
1270.0 2.579525654544793
1280.0 2.6632263712991446
1290.0 2.874346340601168
1300.0 3.0953536030260707
1310.0 3.4040366933459385
1320.0 3.5556290642607107
1330.0 3.615652128982298
1340.0 4.035393414752436
1350.0 3.8837294833960723
1360.0 3.97634028780525
1370.0 4.035229894638506
1380.0 4.120787240719167
1390.0 9.434764487281983
1400.0 10.492182478465484
1410.0 7.756525775325732
1420.0 4.375401141753135
1430.0 4.296514308207076
1440.0 4.318553936433686
1450.0 4.347287182354419
1460.0 4.3814988833997335
1470.0 4.415459666423658
1480.0 4.436253409013322
1490.0 6.962684128362203
1500.0 4.3923769086412525
1510.0 4.38514331447909
1520.0 4.389957356331438
1530.0 4.587169609036142
1540.0 4.359128781648467
1550.0 61.8961188170452
1560.0 4.3608805532415005
1570.0 4.342167137074458
1580.0 4.54965145459922
1590.0 4.338050135290403
1600.0 4.756363696411325
1610.0 4.329601567135595
1620.0 4.32925774356411
1630.0 4.303634959775766
1640.0 39.362136425751544
1650.0 4.267596699935629
1660.0 5.520267839418345
1670.0 7.517254008521416
1680.0 4.240255621442977
1690.0 4.227446775336882
1700.0 4.210169354262864
1710.0 4.188890597886741
1720.0 4.496877303667522
1730.0 4.209932714206356
1740.0 4.289634460352996
1750.0 6.364483331820146
1760.0 4.172469103391249
1770.0 4.171156105332794
1780.0 4.183724647602713
1790.0 4.474337333046872
1800.0 4.15568732226204
1810.0 5.125641757281697
1820.0 5.213686728937857
1830.0 4.078974813237371
1840.0 4.052956236480007
1850.0 4.37579837449178
1860.0 4.209440603343432
1870.0 4.005458529919463
1880.0 6.567146713959413
1890.0 8.218624439883783
1900.0 3.965602303357634
1910.0 26.64425135760719
1920.0 3.9381764849937526
1930.0 3.955681820701297
1940.0 3.883909658142412
1950.0 3.8817912391870744
1960.0 3.8423028722675854
1970.0 3.8196861568373826
1980.0 3.7992467861521684
1990.0 3.7825709433317742
2000.0 3.75698684474639
2010.0 3.724246142257687
2020.0 3.5699627371503424
2030.0 3.367170416307684
2040.0 3.268213762924236
2050.0 3.1195620601045713
2060.0 3.067617749280972
2070.0 3.0908087112882123
2080.0 3.0228453380421465
2090.0 3.1168749590872293
2100.0 3.049619168255851
2110.0 3.0500842976564213
2120.0 3.1381298949089467
2130.0 3.1337848886928437
2140.0 3.2960706381364364
2150.0 3.0153010619494123
2160.0 3.0385234564323773
2170.0 2.965371593473447
2180.0 3.082085036383671
2190.0 3.0148418951706546
2200.0 3.0451080557284063
2210.0 3.081886309262839
2220.0 3.233590826557528
2230.0 3.1638619365581073
2240.0 3.2149204238821696
2250.0 3.414623265513573
2260.0 3.331789203267753
2270.0 3.398217815020545
2280.0 3.467490097499064
2290.0 3.5398758324007296
2300.0 3.701906757587259
2310.0 3.8946798174001946
2320.0 4.088351074948897
2330.0 7.326219924012236
2340.0 4.644611481116363
2350.0 4.141682126376608
2360.0 4.043129701036612
2370.0 4.122318051077505
2380.0 4.200479692718858
2390.0 4.591697852128159
2400.0 4.359253338184022
2410.0 4.449686618251167
2420.0 4.511245405310206
2430.0 9.767943249264034
2440.0 4.660485920027056
2450.0 4.749263072906161
2460.0 4.807721700716482
2470.0 4.8814970737212136
2480.0 4.9558795954811705
2490.0 5.031839027166997
2500.0 5.100414422234709
2510.0 5.692321117697013
2520.0 5.253614857175659
2530.0 5.32413374667258
2540.0 5.383604577427976
2550.0 5.454621022571494
2560.0 6.3187825475491275
2570.0 5.588486324276743
2580.0 5.660181541476044
2590.0 5.869139740089949
2600.0 5.7984724196239545
2610.0 5.859389084397019
2620.0 5.918909693466034
2630.0 5.983502628880809
2640.0 6.051021601218298
2650.0 6.104492190568193
2660.0 6.145899815296002
2670.0 6.899582545835527
2680.0 6.2510158390511945
2690.0 6.3136865862325715
2700.0 6.373259972885819
2710.0 6.420090081319901
2720.0 6.501104391498815
2730.0 6.967056226792191
2740.0 7.027128893223643
2750.0 6.662968261502979
2760.0 6.749837674730752
2770.0 6.788287006907035
2780.0 6.849943898850568
2790.0 27.327309805118734
2800.0 17.259241004195207
2810.0 7.043978178894621
2820.0 7.101548100672879
2830.0 11.066984438403505
2840.0 7.215653495197358
2850.0 7.698095751337817
2860.0 7.47687727381257
2870.0 7.401013806815097
2880.0 7.465900242751372
2890.0 7.521306712528422
2900.0 7.5781722030897205
2910.0 7.630354515372812
2920.0 7.686270077014188
2930.0 8.958717284403841
2940.0 7.799520907273382
2950.0 8.026502392715855
2960.0 7.915263295297933
2970.0 7.9751511753282855
2980.0 8.057017697609425
2990.0 8.092341432003433
3000.0 8.141330239785026
3010.0 8.199518542257891
3020.0 8.262004842767015
3030.0 8.314710947528994
3040.0 8.377110502591554
3050.0 8.42727339334355
3060.0 8.480920825916057
3070.0 8.535490309708218
3080.0 8.58583953238574
3090.0 8.632019649214826
3100.0 8.72242057518605
3110.0 8.765365777454322
3120.0 8.820163200133292
3130.0 8.845425121860265
3140.0 8.8913730448567
3150.0 8.940278672199398
3160.0 8.986345651610185
3170.0 9.026896382877391
3180.0 9.083258545013134
3190.0 9.425064146646214
3200.0 9.196081093668893
3210.0 10.794084294911173
3220.0 9.303970397322562
3230.0 9.363503694101107
3240.0 9.436234224104773
3250.0 9.45569523693258
3260.0 9.530808855766333
3270.0 9.538292673241926
3280.0 9.579022045211074
3290.0 9.629520452085908
3300.0 9.659345174247628
3310.0 9.701448378672453
3320.0 9.741919945887322
3330.0 9.785893806791375
3340.0 10.85506197408888
3350.0 9.878834681726383
3360.0 9.98602636812055
3370.0 9.965670705874492
3380.0 10.012059936300242
3390.0 10.06441633421608
3400.0 10.10204168183753
3410.0 10.140099158177792
3420.0 11.49426915073026
3430.0 11.534021130026298
3440.0 10.273738066276014
3450.0 10.296109601415129
3460.0 10.358986615760184
3470.0 10.420811520733189
3480.0 10.490894837830957
3490.0 10.5360301929087
3500.0 10.491802850366161
3510.0 10.440042353001122
3520.0 10.423238625099602
3530.0 10.484420243402568
3540.0 10.486189064990509
3550.0 10.540674634041132
3560.0 10.547784726479508
3570.0 10.578076882458987
3580.0 10.916324590085546
3590.0 10.600706772053245
3600.0 10.592859223852804
3610.0 10.600666622177906
3620.0 10.681035620822128
3630.0 10.726502429165613
3640.0 10.685337662492355
3650.0 10.712763625980458
3660.0 10.85732883096309
3670.0 10.884626346374061
3680.0 10.79405506719023
3690.0 10.850059216302611
3700.0 10.847415865430891
3710.0 10.771617683190927
3720.0 9.48120324339907
3730.0 15.806659970203743
3740.0 8.250059897375733
3750.0 8.68072431469678
3760.0 8.293534151967876
3770.0 9.227950164043737
3780.0 8.332739837461496
3790.0 8.352207622302762
3800.0 9.009444386305285
3810.0 8.391606332429468
3820.0 8.51278007621643
3830.0 8.432294634586075
3840.0 9.306873029653216
3850.0 8.506687775614472
3860.0 16.961013739691484
3870.0 8.611340063980052
3880.0 10.350698026717891
3890.0 8.646831181159152
3900.0 10.233111362957803
3910.0 8.679336784950713
3920.0 8.679228284103802
3930.0 8.566096409590932
3940.0 8.519723380956863
3950.0 8.450296441602685
3960.0 11.090236072513125
3970.0 8.474676278799592
3980.0 10.31584498779429
3990.0 8.498821334557295
4000.0 8.514100278507454
4010.0 8.5261930505039
4020.0 8.796129109107852
4030.0 8.552635267500595
4040.0 8.565563540736495
4050.0 8.578253993154195
4060.0 8.596600634506132
4070.0 8.603587062596977
4080.0 9.683999987103288
4090.0 8.627289988078546
4100.0 11.54603227611628
4110.0 8.65185356313074
4120.0 8.689459157015111
4130.0 8.67326732868663
4140.0 8.715039728427515
4150.0 8.683697188959927
4160.0 8.685867569654498
4170.0 8.67989681751908
4180.0 8.682656999542811
4190.0 8.683707357159902
4200.0 8.757950923081266
4210.0 8.704258433051022
4220.0 8.727288861325754
4230.0 8.728863829170082
4240.0 8.75668337611883
4250.0 8.742946083569658
4260.0 8.744720104149746
4270.0 8.775103160710016
4280.0 8.769540796527611
4290.0 8.782078687232293
4300.0 8.810304048959187
4310.0 8.802090427919898
4320.0 8.802191058332966
4330.0 13.907092937237982
4340.0 8.814693827703328
4350.0 9.842064350520372
4360.0 8.883179311445994
4370.0 8.950371843691006
4380.0 9.007023898299163
4390.0 9.036935069875003
4400.0 8.984241672233212
4410.0 8.931133157397754
4420.0 8.855004081875885
4430.0 8.862971766805469
4440.0 8.924524658278765
4450.0 8.957372575528039
4460.0 9.439108021301504
4470.0 9.069768403337191
4480.0 8.897354813609212
4490.0 9.15396006314831
4500.0 8.879357224785661
4510.0 8.963078091135714
4520.0 8.955517026992979
4530.0 9.097182061715547
4540.0 8.966243272118485
4550.0 8.971331983366237
4560.0 9.017033974037844
4570.0 9.095192396681421
4580.0 9.016767582189498
4590.0 8.907817350202462
4600.0 8.956495814278876
4610.0 8.88148237714713
4620.0 8.925162762728629
4630.0 8.90776803100489
4640.0 8.962336205053505
4650.0 9.591234877177687
4660.0 9.003020587005574
4670.0 9.077288927179831
4680.0 9.02631165076504
4690.0 12.250847286173363
4700.0 9.233729628327204
4710.0 9.187978325040712
4720.0 9.509571514697765
4730.0 9.038008449642344
4740.0 9.441224530866933
4750.0 8.98869624145436
4760.0 9.106334377900675
4770.0 8.93739680900454
4780.0 8.903397147358543
4790.0 8.945824006976952
4800.0 8.916121678001463
4810.0 8.897200465290979
4820.0 8.892289981180696
4830.0 8.895347244467173
4840.0 8.8885616404502
4850.0 8.885156889254294
4860.0 19.10222239988729
4870.0 8.88562118948205
4880.0 9.077584361499428
4890.0 9.077587642611093
4900.0 8.884160389345281
4910.0 8.884255588710504
4920.0 8.884227869462539
4930.0 9.098969111880503
4940.0 8.879010288147013
4950.0 8.867427314675588
4960.0 34.42357457227439
4970.0 8.857050197844059
4980.0 9.108026444057481
4990.0 8.854767124779947
5000.0 8.853414544105652
5010.0 85.83020834847241
5020.0 8.847716041364453
5030.0 8.844466442589408
5040.0 8.840120491912868
5050.0 8.836190859455918
5060.0 8.850285915588113
5070.0 8.830113317134074
5080.0 8.845042468341914
5090.0 8.825511637530857
5100.0 8.822798360070696
5110.0 8.820811654639225
5120.0 8.817407986524307
5130.0 8.814335661156855
5140.0 8.808953972033974
5150.0 8.801073532155282
5160.0 8.963843511318087
5170.0 8.788978131688335
5180.0 8.785327095887226
5190.0 9.035670190941204
5200.0 8.774935045534566
5210.0 8.801425328816734
5220.0 8.76478482142056
5230.0 8.760336665894476
5240.0 8.756469832356538
5250.0 8.750459696525173
5260.0 8.946557016476705
5270.0 8.940133088819909
5280.0 8.731374652496157
5290.0 8.725430645290356
5300.0 8.71817187950501
5310.0 8.711971185053402
5320.0 8.868143916865822
5330.0 8.700130585893438
5340.0 8.694761579546059
5350.0 8.688205620154415
5360.0 8.679790399256614
5370.0 8.672660479227062
5380.0 8.664483022696064
5390.0 8.657376345930565
5400.0 8.65089644759761
5410.0 8.643693650959124
5420.0 8.765939757505777
5430.0 8.759212641967514
5440.0 8.623558720677034
5450.0 8.616834227444391
5460.0 8.607303391378139
5470.0 8.597337391398787
5480.0 8.588201336747915
5490.0 8.579496516850762
5500.0 8.572023330850225
5510.0 8.594369439727236
5520.0 8.556828730660994
5530.0 8.574159572146607
5540.0 8.56495941072697
5550.0 8.528640392437868
5560.0 8.518597447046911
5570.0 8.509166748387697
5580.0 8.500849805677737
5590.0 8.50450590924802
5600.0 8.482161072931088
5610.0 8.47149564621459
5620.0 8.472782960403755
5630.0 8.451977943743305
5640.0 8.442934903208226
5650.0 8.435010394448657
5660.0 8.425387277093083
5670.0 8.416726412911402
5680.0 8.399532223861206
5690.0 8.37433450406705
5700.0 8.353833971706935
5710.0 8.335014826982116
5720.0 8.325491726048345
5730.0 8.67442365271609
5740.0 8.304809539402894
5750.0 8.292873256242418
5760.0 8.379347124072778
5770.0 8.271091968819773
5780.0 8.261618741069995
5790.0 8.25227331539137
5800.0 8.241302776715418
5810.0 8.230803862884045
5820.0 8.375966159015023
5830.0 8.207239126954898
5840.0 8.194529274444989
5850.0 8.183793041040266
5860.0 8.172411938138133
5870.0 8.16111948804157
5880.0 9.187362708102375
5890.0 8.138720543895646
5900.0 8.128235018586347
5910.0 8.119098071425723
5920.0 8.109386204541462
5930.0 8.099205902285648
5940.0 8.087887646625623
5950.0 8.074743293016187
5960.0 8.06116628807015
5970.0 8.067250128684885
5980.0 8.03800203359489
5990.0 8.027630250927158
6000.0 8.027603798910416
6010.0 8.006358123217515
6020.0 7.995928275711769
6030.0 7.989499359679662
6040.0 7.973527956042743
6050.0 7.961725307742225
6060.0 7.950611029874232
6070.0 7.939638259622822
6080.0 7.928380588952072
6090.0 8.481243717258868
6100.0 7.9036826734677215
6110.0 7.890277611424188
6120.0 7.882867256373301
6130.0 7.867005430341603
6140.0 7.856549020493209
6150.0 7.8466577823543
6160.0 7.83362879679346
6170.0 7.82157367151992
6180.0 7.815612518256416
6190.0 7.798274849168499
6200.0 7.789167843457305
6210.0 7.778971518489722
6220.0 7.765309030002009
6230.0 7.753201516282314
6240.0 7.747462420544166
6250.0 7.732178467232096
6260.0 7.720220670948075
6270.0 7.7126461634762045
6280.0 7.702281993947701
6290.0 7.691001481365063
6300.0 8.51238220138738
6310.0 7.666570254991464
6320.0 7.663303291917597
6330.0 7.652439363112114
6340.0 7.642874828365985
6350.0 7.6307045033314465
6360.0 7.618183431204355
6370.0 7.779055818097246
6380.0 7.597780102066289
6390.0 7.588886225940173
6400.0 7.589390677446872
6410.0 7.571818446419635
6420.0 7.561995150574633
6430.0 7.6244090240824125
6440.0 7.544920420384276
6450.0 7.5379701566962405
6460.0 7.527602675703886
6470.0 7.521659578902452
6480.0 7.51480763051483
6490.0 7.507667652874688
6500.0 7.49869947820051
6510.0 7.483478790125167
6520.0 7.4771189579434605
6530.0 7.489451808680285
6540.0 7.460327586744421
6550.0 7.452347263280955
6560.0 34.405772195654066
6570.0 7.438934055915955
6580.0 7.420722223010861
6590.0 11.016150509442234
6600.0 7.4232658062080406
6610.0 7.4189466813206995
6620.0 7.417997198599143
6630.0 7.411539361005044
6640.0 7.4098043583600965
6650.0 7.405347844570678
6660.0 7.40217242527262
6670.0 7.399061101551654
6680.0 7.397647265396906
6690.0 7.647978771070589
6700.0 7.3932087041218155
6710.0 7.39352066270705
6720.0 7.392826745256491
6730.0 9.178160699651867
6740.0 7.396415585105277
6750.0 7.398380498600541
6760.0 7.401189858974146
6770.0 7.39864479506684
6780.0 7.3741094438805685
6790.0 7.50426383284951
6800.0 7.40831754580398
6810.0 7.412676791563207
6820.0 7.409737229959343
6830.0 7.404491666571673
6840.0 7.396666775612931
6850.0 7.406453202325769
6860.0 7.382243827943919
6870.0 7.3929317517096385
6880.0 7.389128227871309
6890.0 7.377493059105006
6900.0 7.3911114642721305
6910.0 7.346824121603837
6920.0 7.270492682374323
6930.0 7.30818350157216
6940.0 7.283687479852059
6950.0 7.304282446603965
6960.0 7.294024634409002
6970.0 7.300968906312645
6980.0 7.279553502911703
6990.0 7.2198892399373715
7000.0 7.442865043000912
7010.0 7.307164001027743
7020.0 7.313887260313237
7030.0 7.316416331530296
7040.0 7.326433961816766
7050.0 7.318070005734085
7060.0 7.3289341279034295
7070.0 8.033154650964791
7080.0 7.3213287766856805
7090.0 7.283199039807518
7100.0 7.292258023374563
7110.0 7.311460861498572
7120.0 7.319249951327169
7130.0 7.280919867189367
7140.0 8.249070402435912
7150.0 7.303341040394683
7160.0 7.263205389528928
7170.0 7.198482787597208
7180.0 7.268297910015852
7190.0 7.21960553031205
7200.0 7.1726500845109555
7210.0 7.226103308220658
7220.0 7.213898829154587
7230.0 7.200155134138373
7240.0 7.182688238436443
7250.0 7.386935195458519
7260.0 7.149352981903459
7270.0 7.137030747222185
7280.0 7.1192409304975435
7290.0 7.3550330026241335
7300.0 7.076552173736616
7310.0 7.07991067540997
7320.0 8.262797818587028
7330.0 7.0199062319275765
7340.0 7.030102407278454
7350.0 7.012056117192388
7360.0 7.000909630807474
7370.0 6.977010728006717
7380.0 6.970332752697886
7390.0 6.948324981427891
7400.0 6.849841655414063
7410.0 6.89523047755492
7420.0 6.890900913189771
7430.0 6.896716671530436
7440.0 6.852449865043358
7450.0 6.823376184187675
7460.0 6.818120628568984
7470.0 6.839512180113833
7480.0 6.789099371479178
7490.0 6.730984207933498
7500.0 6.737649353173405
7510.0 6.737538013752455
7520.0 6.668690524159385
7530.0 6.6524676630397686
7540.0 6.646828395959593
7550.0 6.610410583714253
7560.0 6.55850502142493
7570.0 6.532755040425778
7580.0 6.539179678478652
7590.0 6.475827297717174
7600.0 6.433771084508419
7610.0 6.395536788725414
7620.0 6.416466430956725
7630.0 6.261485478360177
7640.0 6.0921608118841375
7650.0 5.956973143559421
7660.0 5.950382036399456
7670.0 5.922587293190796
7680.0 5.910385509218253
7690.0 5.893047371204828
7700.0 5.922755182368601
7710.0 5.868500906630745
7720.0 5.925567975808609
7730.0 6.092977145447005
7740.0 6.446080531677822
7750.0 6.3153013476516815
7760.0 6.37989824684822
7770.0 6.400347915478572
7780.0 6.326665425232608
7790.0 6.043785037997112
7800.0 5.756911269398809
7810.0 6.064594597861373
7820.0 6.495092190871281
7830.0 6.723853447662028
7840.0 6.8358151180929
7850.0 6.92007876017127
7860.0 6.9888822952303755
7870.0 7.061026879578494
7880.0 7.143999657702917
7890.0 7.218592529005267
7900.0 7.301622483429851
7910.0 7.381488265925945
7920.0 7.40212162825413
7930.0 7.240812005700436
7940.0 6.4462366873663
7950.0 5.7975708351111646
7960.0 7.1549699561912075
7970.0 8.07207491694277
7980.0 8.076484686407543
7990.0 8.251058643686616
8000.0 8.403888288810228
8010.0 8.558090180792693
8020.0 8.711823910908388
8030.0 8.842652950317554
8040.0 8.974065117691048
8050.0 9.20364926917977
8060.0 9.33976991204823
8070.0 9.519101289949855
8080.0 9.702088488677752
8090.0 9.814620086688487
8100.0 9.966213498678016
8110.0 10.042528084053789
8120.0 10.350404482025061
8130.0 10.298138632498837
8140.0 10.534425116528137
8150.0 10.740457486218315
8160.0 10.949619083795874
8170.0 11.407233325157568
8180.0 11.600572515627087
8190.0 12.008294754568496
8200.0 12.350931841608919
8210.0 12.862156224939984
8220.0 13.091904688073376
8230.0 12.255945569665688
8240.0 13.646324187233553
8250.0 14.502479529012684
8260.0 14.731101621016567
8270.0 15.193672410979651
8280.0 15.491215194937507
8290.0 15.619862154133822
8300.0 16.20253884938688
8310.0 16.98205053579187
8320.0 17.13274924482398
8330.0 17.903472578868392
8340.0 18.65713205106927
8350.0 19.24184971728637
8360.0 19.704517075530248
8370.0 20.472591460565024
8380.0 21.38695509048283
8390.0 22.123312278986194
8400.0 22.67762346001703
8410.0 23.59632473540793
8420.0 24.57239549167142
8430.0 25.72736927720485
8440.0 26.81507983862675
8450.0 27.77962827573472
8460.0 29.172131678905952
8470.0 30.240549189525655
8480.0 31.59633518220375
8490.0 32.38049752835353
8500.0 33.110864970097985
8510.0 31.861130247440666
8520.0 20.263216201308037
8530.0 33.968438057083915
8540.0 38.50379778371435
8550.0 41.31477203493145
8560.0 43.16574221597933
8570.0 44.79225953201369
8580.0 47.12511545857112
8590.0 49.02133821722575
8600.0 50.794287353838826
8610.0 52.74366175080468
8620.0 55.17592027240185
8630.0 57.32595385232215
8640.0 60.01522174809857
8650.0 62.39250715943599
8660.0 64.95663834671771
8670.0 67.23428276105889
8680.0 70.34353940831491
8690.0 73.35851426999591
8700.0 76.04809173198925
8710.0 78.93110169062223
8720.0 82.58798983385597
8730.0 85.5309974755937
8740.0 88.5226590684735
8750.0 92.28866278026095
8760.0 95.77224959194858
8770.0 99.15334821026603
8780.0 103.22660714461149
8790.0 107.16625571451426
8800.0 111.08888585450663
8810.0 114.62006152752049
8820.0 119.70649901391577
8830.0 124.12225290355612
8840.0 129.02997750592345
8850.0 134.14278225780137
8860.0 138.34672147408878
8870.0 142.64821244916845
8880.0 146.1116934405842
8890.0 150.66280833923017
8900.0 150.9599204745065
8910.0 146.22239020085678
8920.0 129.1809543592031
8930.0 115.4095214051013
8940.0 74.63975727680874
8950.0 81.48294340851456
8960.0 138.61494860440928
8970.0 144.8339540004489
8980.0 177.9781869275326
8990.0 153.50358475635124
9000.0 191.39864548687243
9010.0 198.7480054306009
9020.0 211.1670233593501
9030.0 229.90897205030458
9040.0 244.83163317388627
9050.0 252.69373479249066
9060.0 257.1994494032689
9070.0 251.1789830898594
9080.0 270.4722472091998
9090.0 256.5760045624839
9100.0 281.1198514472361
9110.0 272.68163085984094
9120.0 298.5949670614632
9130.0 260.57002326395195
9140.0 294.4311174078712
9150.0 295.2763326390904
9160.0 293.84407740496056
9170.0 287.32756805609574
9180.0 317.85338541600123
9190.0 336.49951734999166
9200.0 365.85747275519446
9210.0 373.58442119555104
9220.0 384.7662049858228
9230.0 394.50650534003523
9240.0 345.9840595763387
9250.0 350.13165640082616
9260.0 282.8660694619205
9270.0 165.19738130718025
9280.0 48.82994142421435
9290.0 57.40560556970309
9300.0 72.94577287247459
9310.0 119.96616742020639
9320.0 51.74940564498674
9330.0 109.15733990720089
9340.0 70.95176250452779
9350.0 121.90235996738976
9360.0 169.59660665376205
9370.0 171.8994322772169
9380.0 182.2480799514672
9390.0 268.3582231516096
9400.0 316.6826067975158
9410.0 306.225970746171
9420.0 308.99483097715876
9430.0 247.9894308631359
9440.0 180.62204802291384
9450.0 325.52457435747215
9460.0 201.6639012257245
9470.0 215.0353929697177
9480.0 226.90011828004782
9490.0 254.37050851939034
9500.0 171.02781775998864
9510.0 313.5167259533593
9520.0 178.8677607814782
9530.0 341.3621303349235
9540.0 278.1477350741347
9550.0 221.08672820582976
9560.0 210.9433097728316
9570.0 211.69851489215154
9580.0 324.4060239303979
9590.0 160.63883882949878
9600.0 288.91364015037584
9610.0 229.0062172181235
9620.0 236.39456926215556
9630.0 452.2612180741441
9640.0 203.6842821137137
9650.0 344.23285623517273
9660.0 425.2617351624524
9670.0 424.88123961992704
9680.0 536.8615899669727
9690.0 335.2243107670306
9700.0 615.9703370574194
9710.0 536.9976151845736
9720.0 416.1910214345923
9730.0 602.5980272841629
9740.0 580.7226096823358
9750.0 480.6174209205268
9760.0 534.7859574866359
9770.0 791.1329711381652
9780.0 576.1747355010269
9790.0 655.6147462280042
9800.0 780.7941939701999
9810.0 801.3344365473288
9820.0 762.0049561816011
9830.0 805.4837954675376
9840.0 807.6692793446806
9850.0 827.8166528418931
9860.0 1056.136392050792
9870.0 944.6128687607194
9880.0 1013.4234744336378
9890.0 1200.5256769588489
9900.0 1249.942311867225
9910.0 1194.5039514825116
9920.0 1294.4219220607708
9930.0 1182.5402686081138
9940.0 1362.681609461817
9950.0 1384.7881499180526
9960.0 1374.5008744608056
9970.0 1381.8369115771716
9980.0 1478.028906181941
9990.0 1330.5173097337542
10010.0 1536.033644031491
10020.0 1497.3034305913968
10030.0 1519.352293702812
10040.0 1698.396905523276
10050.0 1746.9415440320327
10060.0 1710.6287498969273
10070.0 1802.3395734265898
10080.0 1822.0864264155266
10090.0 1854.0430163799572
10100.0 2067.438585958687
10110.0 1978.1949727683805
10120.0 2015.794027011466
10130.0 2210.0892148012445
10140.0 2060.500421586692
10150.0 2250.7723620052834
10160.0 2375.2183197308855
10170.0 2209.4817947305683
10180.0 2310.9740367917075
10190.0 2426.501478581466
10200.0 2380.266022661579
10210.0 2501.4936159617287
10220.0 2489.1409765058515
10230.0 2498.3004538715713
10240.0 2632.940041254563
10250.0 2664.111909690749
10260.0 2585.301138020382
10270.0 2657.0250331739126
10280.0 2782.3728452332266
10290.0 2757.614429520584
10300.0 2808.724113981241
10310.0 2821.043170338075
10320.0 2849.278442793751
10330.0 2866.1995812467585
10340.0 2964.357426078469
10350.0 2927.829557078511
10360.0 2984.5952444996547
10370.0 3127.579898576103
10380.0 3005.7795189562876
10390.0 3045.197629408214
10400.0 3084.9120449105894
10410.0 3135.264500277715
10420.0 3075.630171715121
10430.0 3074.8525095563696
10440.0 3126.705317972885
10450.0 3085.0293043300485
10460.0 3153.556311277946
10470.0 3124.0581344942666
10480.0 3070.6911738643976
10490.0 3106.566029188171
10500.0 3182.9777526845555
10510.0 3140.0896398662176
10520.0 3175.179144667919
10530.0 3092.0590152671907
10540.0 3169.2165013399185
10550.0 3203.9812057412933
10560.0 3238.690109532421
10570.0 3209.2504813099154
10580.0 3108.683468948492
10590.0 3198.806672050005
10600.0 3122.5842160878897
10610.0 3217.6286858721214
10620.0 3152.8669968879317
10630.0 3124.7166232278064
10640.0 3146.6300154245714
10650.0 3071.5755049110494
10660.0 3145.4917262515964
10670.0 3070.7755945319504
10680.0 3022.463478105454
10690.0 3013.616676800182
10700.0 3017.9464406866723
10710.0 2986.2138420540023
10720.0 2887.1095849313997
10730.0 3107.1324153149844
10740.0 2898.612011020591
10750.0 2940.1885719470533
10760.0 2986.593930626415
10770.0 2769.9616392005128
10780.0 2919.2285455154665
10790.0 2940.209367013041
10800.0 2822.837553412944
10810.0 2837.7953050426036
10820.0 2832.33781999482
10830.0 2866.7568531353745
10840.0 2826.7138994594347
10850.0 2824.0271107667213
10860.0 2405.9346766439685
10870.0 2511.429038298094
10880.0 2477.146337192099
10890.0 2231.5232609570376
10900.0 1893.8138088514538
10910.0 1921.4117810595596
10920.0 1686.9198991814983
10930.0 1359.4050922186136
10940.0 1198.3576016137545
10950.0 1088.4932203191365
10960.0 1034.8235385543842
10970.0 935.5997911975028
10980.0 1086.5409328116712
10990.0 780.810188185986
11000.0 695.3075571551241
11010.0 614.8547527596667
11020.0 475.6582082974891
11030.0 488.35170237746837
11040.0 461.0941475593583
11050.0 353.3470880242979
11060.0 302.58958798766514
11070.0 462.77701117079624
11080.0 330.39867779171453
11090.0 252.53263492010709
11100.0 149.65235847105785
11110.0 128.27153807496873
11120.0 124.24105165271473
11130.0 97.6211727853064
11140.0 135.65535879947424
11150.0 100.57635556783163
11160.0 115.53381837138429
11170.0 65.44942182531528
11180.0 180.5174951961344
11190.0 54.36283800410149
11200.0 91.43972028259074
11210.0 102.09029561952397
11220.0 23.160280487177896
11230.0 23.44337883803204
11240.0 60.728484991777194
11250.0 43.05080772530951
11260.0 48.86458491646269
11270.0 66.73270138957523
11280.0 41.111162605126495
11290.0 58.231824039407556
11300.0 63.21056886308773
11310.0 54.544604091263146
11320.0 104.24578265631588
11330.0 23.249183950104275
11340.0 11.468607367432405
11350.0 6.131416562645223
11360.0 24.414988814497132
11370.0 45.85133054353823
11380.0 115.48909906479241
11390.0 154.3314758764329
11400.0 185.08038945074918
11410.0 113.42344266401257
11420.0 158.9743925566778
11430.0 81.60628397059465
11440.0 57.232839659033516
11450.0 84.57134058418818
11460.0 66.03682403515253
11470.0 50.885195663428775
11480.0 72.16358114607362
11490.0 46.4596676994739
11500.0 27.924696570401835
11510.0 21.765847014197664
11520.0 10.364508525908217
11530.0 9.535449460148593
11540.0 10.858834967659945
11550.0 7.803057712496452
11560.0 8.190471680033351
11570.0 10.173318983740655
11580.0 48.576312095324475
11590.0 28.02342518972594
11600.0 13.541163641126527
11610.0 16.255254699010155
11620.0 4.418051497490332
11630.0 8.841670982544334
11640.0 7.099601378395322
11650.0 9.070656590990653
11660.0 17.114575946294032
11670.0 14.75316448670485
11680.0 23.14792310165272
11690.0 29.52154579423423
11700.0 21.05903564903383
11710.0 45.39226238045601
11720.0 45.76167585694615
11730.0 45.71975940045147
11740.0 76.04916819221957
11750.0 57.918387739852875
11760.0 94.40418952889937
11770.0 82.33516955740394
11780.0 88.63175524151448
11790.0 150.02065132561287
11800.0 145.5665584695591
11810.0 162.78349043781603
11820.0 165.2064888302381
11830.0 229.37255924911844
11840.0 310.6097559487675
11850.0 262.7598085908568
11860.0 280.1219378586614
11870.0 173.35990769267528
11880.0 208.25551797300284
11890.0 259.5527000334085
11900.0 461.2389573831749
11910.0 379.22333111812674
11920.0 469.1491862752569
11930.0 658.9170675825883
11940.0 733.2402251267092
11950.0 710.407611087388
11960.0 854.903246237653
11970.0 873.304629888584
11980.0 823.5780148143583
11990.0 1021.5819908849303
12000.0 1059.9581632042032
12010.0 1112.8169101559733
12020.0 1147.7027908730927
12030.0 925.6133209255593
12040.0 1456.7419670677605
12050.0 1518.2408639781077
12060.0 1855.4889518600644
12070.0 1487.3573272837684
12080.0 1649.734926033142
12090.0 1811.9025224542922
12100.0 2102.059109781484
12110.0 1773.3656680225492
12120.0 2039.5488770606275
12130.0 1916.1547478500113
12140.0 2156.1956281619737
12150.0 2358.723470056607
12160.0 2463.8395124511753
12170.0 2292.0460855257547
12180.0 2455.9488790443675
12190.0 2602.1052629041073
12200.0 2538.184487613433
12210.0 2562.1736927036386
12220.0 2611.235038380204
12230.0 2710.8057446028065
12240.0 2801.8343411777423
12250.0 2506.473512630841
12260.0 3130.941236218997
12270.0 2804.237324400399
12280.0 3057.6882227530596
12290.0 2778.2003819134407
12300.0 2988.6000010346115
12310.0 3007.8679306109884
12320.0 3050.4696678084906
12330.0 3088.2890208081026
12340.0 3005.8327812049815
12350.0 3248.4870517449517
12360.0 3170.4316826617005
12370.0 3260.441173614652
12380.0 3578.98461756229
12390.0 3601.148777558677
12400.0 3361.4298901029547
12410.0 3376.741562611773
12420.0 3477.2667447620634
12430.0 3238.2468365022496
12440.0 3318.667376996781
12450.0 3746.905658912485
12460.0 3745.9604894096256
12470.0 3886.6243298962745
12480.0 3658.334630340161
12490.0 4007.7311403423305
12500.0 3933.475033442358
12510.0 3568.6595402452704
12520.0 3302.25852981354
12530.0 3508.910729171912
12540.0 3588.6907382815366
12550.0 4148.327406909631
12560.0 4313.70743543391
12570.0 4241.167550506932
12580.0 4037.056521183153
12590.0 4351.799578449127
12600.0 4193.394995282454
12610.0 4593.107121689854
12620.0 4138.05895758151
12630.0 4399.7052531312265
12640.0 4208.235288929817
12650.0 4513.174073906529
12660.0 4065.4743479720273
12670.0 4253.778531480851
12680.0 4285.995274090575
12690.0 4169.466391351965
12700.0 4355.123486043946
12710.0 4212.920505926862
12720.0 4067.395284976047
12730.0 3615.8535232847726
12740.0 3679.2447706879107
12750.0 4467.469806264387
12760.0 4093.6031932368737
12770.0 3941.6030682437035
12780.0 4050.2369523289535
12790.0 3577.481245698136
12800.0 3097.157157865333
12810.0 4039.4877592445205
12820.0 4346.24467186256
12830.0 2741.577606132084
12840.0 3812.2981415192594
12850.0 3624.0869357586885
12860.0 2491.1298887087055
12870.0 3635.1193003328353
12880.0 2419.310428061527
12890.0 2949.753053085732
12900.0 3186.6519943213575
12910.0 3219.161744333632
12920.0 1829.726223057387
12930.0 3450.658420473987
12940.0 2824.4727968729194
12950.0 2485.537481956332
12960.0 2430.1984055042435
12970.0 2436.5436878332157
12980.0 4213.180938893909
12990.0 2216.3202383935686
13000.0 2555.861526601534
13010.0 2112.3010446766207
13020.0 2409.5172487756413
13030.0 2575.7710825538607
13040.0 2057.273484883287
13050.0 2970.24055581136
13060.0 1878.9447799840334
13070.0 1451.580628687825
13080.0 1797.087623273831
13090.0 1528.898077072628
13100.0 1311.2681236361211
13110.0 1376.1286580807089
13120.0 802.04708861541
13130.0 1272.464460644468
13140.0 773.5309444136416
13150.0 1338.7773542136354
13160.0 1203.454566198363
13170.0 1724.3625564384852
13180.0 555.7245741919457
13190.0 1528.0975362828567
13200.0 1397.915144958465
13210.0 1870.9612740086502
13220.0 1610.9267296778007
13230.0 929.8743254923921
13240.0 737.6041072345943
13250.0 610.926046765732
13260.0 1080.3455787816163
13270.0 1043.3762518767464
13280.0 604.7430966779712
13290.0 200.48773518929238
13300.0 48.967265918098384
13310.0 9.844401344534354
13320.0 41.921737692416684
13330.0 118.69249754788477
13340.0 92.32434547712545
13350.0 80.2428567673246
13360.0 47.53633533299738
13370.0 16.923940113087976
13380.0 14.416465982109475
13390.0 34.74432967961198
13400.0 13.039802887113462
13410.0 16.323829691667466
13420.0 9.399405718866864
13430.0 9.782468061877694
13440.0 4.712752890124599
13450.0 9.39246765590759
13460.0 4.535798218000879
13470.0 5.285201213731961
13480.0 2.6790581294296256
13490.0 11.265038407910042
13500.0 2.210153405525524
13510.0 4.181652636301602
13520.0 3.344672390744612
13530.0 4.755979527253876
13540.0 2.1157443008596513
13550.0 3.07737623501131
13560.0 3.587149701966932
13570.0 1.7839184934797971
13580.0 3.468144564189841
13590.0 2.381364767206078
13600.0 3.8082945825136427
13610.0 2.164905292903196
13620.0 1.8126953759517976
13630.0 6.986451328929355
13640.0 2.4590051986495896
13650.0 3.6899877516269983
13660.0 5.5865045267121
13670.0 4.3876016942945695
13680.0 3.242698188386325
13690.0 6.96822791727215
13700.0 3.345972561270675
13710.0 2.4014781771867977
13720.0 3.5109204596250403
13730.0 4.6832234749598936
13740.0 3.9763355854678544
13750.0 6.0127485625906605
13760.0 7.272386965371294
13770.0 6.466893257878228
13780.0 5.71719797930246
13790.0 9.925937492389375
13800.0 3.2661951501447275
13810.0 6.215553234723562
13820.0 1.7994725431754925
13830.0 3.1665452708875774
13840.0 5.379467864689837
13850.0 2.6680036708566854
13860.0 3.3455534550824035
13870.0 5.680778502900083
13880.0 3.3121716613176977
13890.0 7.289602610452382
13900.0 3.780271181541706
13910.0 3.6734165766108244
13920.0 2.226058171471329
13930.0 8.487516909792507
13940.0 5.899701347382154
13950.0 2.22534622606429
13960.0 5.87422218156203
13970.0 6.347785868539253
13980.0 4.101832824237785
13990.0 6.400469440722654
14000.0 2.173430567155756
14010.0 2.3775609969026306
14020.0 7.510264562307148
14030.0 5.181737436162537
14040.0 3.1558623590210626
14050.0 3.446525099809185
14060.0 10.346076015966117
14070.0 2.6551883220798302
14080.0 4.836858921187053
14090.0 1.8669823190655694
14100.0 5.3240932338363365
14110.0 6.698407021299853
14120.0 4.7463795150665415
14130.0 9.292408559924098
14140.0 2.5148240553196333
14150.0 5.349194828995691
14160.0 16.073339616599814
14170.0 4.350822052004056
14180.0 5.79983154820524
14190.0 2.9625958458778134
14200.0 4.307229443119379
14210.0 15.078125702268814
14220.0 7.597294013255477
14230.0 3.9001213451265695
14240.0 11.05659914364817
14250.0 6.294821799419364
14260.0 10.202313291654644
14270.0 10.157959242298764
14280.0 4.480437046580633
14290.0 11.405558552923232
14300.0 65.11063199006902
14310.0 10.288268577261153
14320.0 7.293171245925533
14330.0 18.12300316808287
14340.0 9.910784000245027
14350.0 26.57777618824348
14360.0 25.14672551876955
14370.0 18.895947909470795
14380.0 27.83261685782511
14390.0 6.450482013173115
14400.0 31.754531209307835
14410.0 16.307163044419294
14420.0 18.56292073246122
14430.0 87.85867942989596
14440.0 17.826617814058913
14450.0 4.1169909495962145
14460.0 35.15198579030028
14470.0 28.77540917801551
14480.0 52.5649392390768
14490.0 106.96939685521218
14500.0 11.460746538039709
14510.0 70.01315714026941
14520.0 109.33282272140323
14530.0 82.11288677297536
14540.0 61.847061176180674
14550.0 72.32479249956738
14560.0 30.789019113317476
14570.0 42.259398197575
14580.0 208.77802309463888
14590.0 203.14593944564305
14600.0 91.83164018445103
14610.0 55.23909248220735
14620.0 44.83320429849562
14630.0 45.16328716164488
14640.0 195.78897888922452
14650.0 137.43674171965984
14660.0 108.2829231477829
14670.0 100.73853713413088
14680.0 53.8326265032377
14690.0 54.910088681393596
14700.0 67.59786857602207
14710.0 55.58287181921463
14720.0 99.12768787448748
14730.0 122.65461324148822
14740.0 88.90363807294608
14750.0 98.52552437950789
14760.0 68.18369719865099
14770.0 130.77267071939397
14780.0 184.44895128319064
14790.0 67.19703573751623
14800.0 53.101236233737986
14810.0 138.90685316449145
14820.0 101.89216189731684
14830.0 130.86175327373056
14840.0 181.0963093295767
14850.0 89.08618114457177
14860.0 121.69633595492361
14870.0 114.2942880209715
14880.0 142.7885569863387
14890.0 89.9321091918014
14900.0 169.50548957224692
14910.0 215.28957163534014
14920.0 136.32680351017422
14930.0 221.54094333399192
14940.0 152.9926372016804
14950.0 179.95333264003153
14960.0 114.6065677308771
14970.0 213.93649367075258
14980.0 187.8242434448056
14990.0 239.39174054402798
15000.0 326.93733445101054
15010.0 186.46988703970018
15020.0 286.42054970435413
15030.0 172.04070855797696
15040.0 275.968452972798
15050.0 345.7041832139559
15060.0 343.4090285661123
15070.0 192.1307520734757
15080.0 281.67089968858375
15090.0 405.4279463871322
15100.0 273.2104528804252
15110.0 273.3619131448374
15120.0 249.05447746516793
15130.0 222.8593943223918
15140.0 466.7051967657
15150.0 507.2764600373001
15160.0 340.6718265682223
15170.0 307.33845939702553
15180.0 315.70907738965576
15190.0 447.5493256433473
15200.0 478.95442222810925
15210.0 408.3281206580534
15220.0 476.1683007276498
15230.0 950.8411286107879
15240.0 406.83469920894066
15250.0 615.5716814942934
15260.0 549.6761534672088
15270.0 568.3040677490998
15280.0 604.2501982725721
15290.0 975.9420968589825
15300.0 652.5806050210514
15310.0 656.6402872827762
15320.0 532.5842201631287
15330.0 1049.9316770735727
15340.0 1140.9140735912551
15350.0 876.2551654003191
15360.0 730.8509966336502
15370.0 759.4627681113927
15380.0 1044.7024890220648
15390.0 944.8502543258473
15400.0 1149.7012939871495
15410.0 1162.08282303752
15420.0 924.2074664451534
15430.0 977.5998479540452
15440.0 863.3537339545609
15450.0 1499.7040542784027
15460.0 1473.6621740926068
15470.0 1313.9602432648928
15480.0 1490.8577917967348
15490.0 1379.3322097384046
15500.0 1277.0357997100966
15510.0 1383.9322015523053
15520.0 1487.6119203792216
15530.0 1692.596953509813
15540.0 1828.9230709804515
15550.0 1658.794182636414
15560.0 1580.0568285773138
15570.0 1330.1282587743713
15580.0 1690.3206580002607
15590.0 2049.367749071661
15600.0 1789.4062291189618
15610.0 1815.3263733837757
15620.0 1942.8787520024841
15630.0 1901.09992469163
15640.0 1657.380881599072
15650.0 1724.8936527630444
15660.0 1968.8081698147507
15670.0 2317.5724274544386
15680.0 1983.0442310157646
15690.0 1786.5005887421523
15700.0 2143.585750607637
15710.0 1786.85061653785
15720.0 1719.5686765874698
15730.0 1884.7290304428625
15740.0 2141.743381749534
15750.0 1711.0253867211807
15760.0 1774.887805719864
15770.0 1942.0883687541393
15780.0 1635.78056584713
15790.0 1583.6673968929313
15800.0 1722.3988219440726
15810.0 1689.381806636453
15820.0 1684.7636514094513
15830.0 1339.1894658281815
15840.0 1584.6114641898084
15850.0 1734.3290865947156
15860.0 1475.4047528700764
15870.0 1275.5152730535474
15880.0 1596.5257472347214
15890.0 1555.4377338507188
15900.0 1519.3241237419943
15910.0 1221.043285917883
15920.0 1311.5430419041472
15930.0 1271.6828317085526
15940.0 1233.4016152308282
15950.0 1332.308102484236
15960.0 1166.8983835697884
15970.0 1054.7803050100986
15980.0 1508.4333094700721
15990.0 1124.365934410467
16000.0 1116.569343212416
16010.0 1123.3128906932272
16020.0 1019.703191918633
16030.0 775.2992369639462
16040.0 1183.4430557053272
16050.0 1006.087468021407
16060.0 656.4007058615078
16070.0 973.2604622312414
16080.0 688.3915073931868
16090.0 810.5676162101369
16100.0 704.8618487657812
16110.0 749.1942249967253
16120.0 664.3484049754813
16130.0 695.4663972605922
16140.0 725.6870558228904
16150.0 453.9753517810503
16160.0 573.6737014059747
16170.0 369.5294146021022
16180.0 330.4053114707009
16190.0 331.7974169494225
16200.0 426.703081055905
16210.0 399.0695678419998
16220.0 676.7033818958483
16230.0 776.2930186587006
16240.0 811.9099739659029
16250.0 865.2133178172996
16260.0 630.5121771348347
16270.0 749.4046810474049
16280.0 644.8712854681572
16290.0 803.5660683818104
16300.0 452.6884804129257
16310.0 579.2534628796298
16320.0 495.07541244892525
16330.0 367.0966435201834
16340.0 556.5131330995513
16350.0 316.708535545379
16360.0 436.81995063021316
16370.0 407.2789368427218
16380.0 406.80187632140564
16390.0 549.891042721134
16400.0 360.25952632414055
16410.0 484.42531459665804
16420.0 315.25015863252503
16430.0 408.4012446649036
16440.0 544.1568578816123
16450.0 252.42250627851826
16460.0 306.197427602604
16470.0 390.5107316290312
16480.0 297.52307269634355
16490.0 398.90102255732336
16500.0 424.0855871486091
16510.0 606.3800118237322
16520.0 539.566251421123
16530.0 544.7064720514269
16540.0 582.753747911778
16550.0 377.427433837087
16560.0 212.82797634082732
16570.0 324.97793008033955
16580.0 213.70153304641494
16590.0 342.8591081885448
16600.0 427.6797885573764
16610.0 442.663276188876
16620.0 363.46064023797965
16630.0 361.9032922978868
16640.0 495.86273081405517
16650.0 148.38765876498212
16660.0 56.33970936881192
16670.0 93.98326435752067
16680.0 69.14889448504721
16690.0 160.23504245852496
16700.0 133.9743216466918
16710.0 97.26091394170058
16720.0 165.85907887423005
16730.0 208.1965319913086
16740.0 232.8489542244072
16750.0 370.4316945256989
16760.0 371.81111598466606
16770.0 328.8281515598537
16780.0 364.6200832031959
16790.0 428.44032289999376
16800.0 316.63782659278144
16810.0 291.63802969413274
16820.0 348.36886963393664
16830.0 220.88716712369012
16840.0 118.28221514053891
16850.0 186.25491580765924
16860.0 166.17988993896245
16870.0 68.88271395156566
16880.0 138.4849247838175
16890.0 99.41380770157059
16900.0 81.26852855443589
16910.0 141.46291831458055
16920.0 119.94126551825502
16930.0 154.3755649753073
16940.0 87.97248501200396
16950.0 107.60196702314171
16960.0 71.94782594015442
16970.0 69.20766810479785
16980.0 110.94554974540803
16990.0 131.01001136138888
17000.0 98.584093856981
17010.0 143.01122880079927
17020.0 171.51442015112863
17030.0 115.86026492895321
17040.0 85.74488155635132
17050.0 139.91007082252779
17060.0 203.27817344969483
17070.0 105.84434028764207
17080.0 149.86825188228906
17090.0 221.68545784753692
17100.0 150.94851921026753
17110.0 110.85634390764574
17120.0 195.85304689765107
17130.0 217.09910131198035
17140.0 157.85367492665182
17150.0 225.74560639085948
17160.0 340.6665706476129
17170.0 278.1102132361497
17180.0 269.35829611742605
17190.0 273.6400352524136
17200.0 156.33759017113343
17210.0 166.57743934070626
17220.0 178.77834651128927
17230.0 156.58011023827714
17240.0 98.20300338825858
17250.0 169.4856532291959
17260.0 125.58262477907407
17270.0 158.27252704692322
17280.0 156.94787696979657
17290.0 230.63177350267608
17300.0 259.1279832957941
17310.0 176.98086494953708
17320.0 182.39876327510135
17330.0 224.6935739048488
17340.0 288.2952356466271
17350.0 173.84009506429678
17360.0 161.52854838920769
17370.0 189.5358638499002
17380.0 202.98755522075137
17390.0 218.13674209912733
17400.0 150.1027905026684
17410.0 148.9169353807527
17420.0 168.98855189903026
17430.0 190.41994803023061
17440.0 137.3142847717475
17450.0 163.1540791413136
17460.0 119.14010326117764
17470.0 132.44223258214822
17480.0 159.1217967511411
17490.0 169.0985752399511
17500.0 133.16192134992377
17510.0 138.9037839172835
17520.0 217.98924808274955
17530.0 163.57721025970514
17540.0 100.64085344801262
17550.0 121.46084089873865
17560.0 135.1421115268298
17570.0 128.63721039953478
17580.0 124.16152531466444
17590.0 244.57810032613742
17600.0 167.23926222218213
17610.0 183.3172723292558
17620.0 69.07531819110228
17630.0 166.46144979236448
17640.0 112.91112222601657
17650.0 184.9151964185745
17660.0 129.97001864781484
17670.0 79.72820633818725
17680.0 60.59851928097889
17690.0 96.39070771825217
17700.0 111.31094003109727
17710.0 77.05170479453737
17720.0 69.43273325530977
17730.0 96.48964441974775
17740.0 79.96770732639514
17750.0 43.559266324086686
17760.0 45.592690324302275
17770.0 91.49755413574091
17780.0 82.37416420133113
17790.0 59.84302228548398
17800.0 129.69732215926126
17810.0 21.149579212932924
17820.0 120.1589822220836
17830.0 83.14809241751047
17840.0 24.203962742584146
17850.0 41.072440786032615
17860.0 50.841171578292744
17870.0 35.56807336848583
17880.0 72.43870964673413
17890.0 142.0869952061492
17900.0 51.385964079318356
17910.0 18.890472338639555
17920.0 23.461879348117737
17930.0 54.0020003716254
17940.0 60.84085814422978
17950.0 35.02423440426105
17960.0 18.23314504199947
17970.0 49.582863441024884
17980.0 161.33038129044778
17990.0 53.45475282928345
18000.0 14.032090433693586
18010.0 15.937308912904069
18020.0 13.46853684940646
18030.0 29.410479321769852
18040.0 43.10760112864604
18050.0 31.51013367681211
18060.0 14.44922258070635
18070.0 25.847726388572
18080.0 34.2506801876224
18090.0 69.052332153553
18100.0 21.126903867859486
18110.0 27.474326809868757
18120.0 6.778070777683827
18130.0 72.03456480426918
18140.0 91.87045991783872
18150.0 11.307903960222406
18160.0 18.232077282484205
18170.0 47.76091589283695
18180.0 18.449828802858683
18190.0 46.74230943793601
18200.0 4.428396583149636
18210.0 9.871276275105092
18220.0 5.7654081748022215
18230.0 140.94602058618676
18240.0 117.80624924378063
18250.0 39.504200365503095
18260.0 5.911858993124682
18270.0 36.57608324677279
18280.0 15.763024242891868
18290.0 47.38048469950729
18300.0 13.345742110977902
18310.0 15.54588818310778
18320.0 17.402833278411446
18330.0 49.84221021780443
18340.0 19.699430977269124
18350.0 14.83406265123887
18360.0 11.309309053073882
18370.0 7.569205454877186
18380.0 23.90661951084678
18390.0 18.798266848672505
18400.0 17.371504066383753
18410.0 22.498837165042932
18420.0 11.693976187229461
18430.0 42.95753062156525
18440.0 50.64836288666972
18450.0 76.10431498774291
18460.0 13.261762386644852
18470.0 9.714912891241834
18480.0 7.369592570728651
18490.0 25.782476270492285
18500.0 18.032038890410142
18510.0 86.43187699183004
18520.0 46.282543001180755
18530.0 9.967577003183683
18540.0 8.154604134827016
18550.0 59.20013726950881
18560.0 15.778430507594475
18570.0 9.641687433379204
18580.0 44.71140539667395
18590.0 11.478739250094108
18600.0 3.2774588107338922
18610.0 21.927653137043674
18620.0 30.27267527986154
18630.0 19.871907460703504
18640.0 2.8580480416380434
18650.0 8.408596993583524
18660.0 33.078273824148816
18670.0 3.7070161933250985
18680.0 6.712910422614061
18690.0 14.201371293803351
18700.0 4.485706943292433
18710.0 4.295432103716653
18720.0 23.635744445060247
18730.0 3.1710297909111835
18740.0 37.9908768334261
18750.0 22.417311487947984
18760.0 20.391356849747616
18770.0 37.48135242869429
18780.0 42.06642171217101
18790.0 92.26444857991584
18800.0 60.30359919729324
18810.0 20.32964173725516
18820.0 116.97665459850855
18830.0 92.58969956777416
18840.0 21.112573686833347
18850.0 25.84889697316243
18860.0 70.33498669632557
18870.0 90.11708498506144
18880.0 49.58418247932418
18890.0 70.99743598182671
18900.0 27.707805550376403
18910.0 58.10462153608057
18920.0 23.275515224189018
18930.0 74.52286188661438
18940.0 74.01673306166869
18950.0 204.0985490659733
18960.0 116.00125075606547
18970.0 64.98356371087647
18980.0 46.10446402447356
18990.0 18.058568493041648
19000.0 23.161140870712973
19010.0 69.76420965833198
19020.0 67.49527585700064
19030.0 25.798156265197353
19040.0 67.29535607380083
19050.0 7.334943836782707
19060.0 11.940025742496221
19070.0 89.6225972794505
19080.0 90.40662612873567
19090.0 74.22214721512329
19100.0 53.369686658385035
19110.0 9.947217455154329
19120.0 48.618392073446444
19130.0 10.249053647933577
19140.0 19.242006298668084
19150.0 73.48972922292961
19160.0 15.18517667294198
19170.0 73.62627813990895
19180.0 123.93348764104361
19190.0 29.889323766431517
19200.0 4.878308899686522
19210.0 24.1829946063342
19220.0 74.88404453413263
19230.0 40.53453724925466
19240.0 8.028294881162143
19250.0 72.72264865254033
19260.0 23.779651744388758
19270.0 22.79154771069211
19280.0 15.891742455660445
19290.0 51.05203653293803
19300.0 14.847860615001549
19310.0 9.751929688332268
19320.0 31.20788821889527
19330.0 31.02113780300401
19340.0 29.617850312221915
19350.0 23.723931046506316
19360.0 11.931956026569353
19370.0 38.413841600110466
19380.0 23.307408689590037
19390.0 4.699698016640358
19400.0 11.573166460961417
19410.0 8.35672760212126
19420.0 57.56783280223188
19430.0 40.906472383186646
19440.0 17.04479715988649
19450.0 19.138015304731915
19460.0 69.75190202721481
19470.0 14.732772372804188
19480.0 17.81693702341818
19490.0 21.610155207349496
19500.0 49.605835496603945
19510.0 52.705220199220435
19520.0 52.7654341870061
19530.0 27.58067757775898
19540.0 22.20199932645186
19550.0 8.761216768713622
19560.0 27.180748506046022
19570.0 65.09977042171477
19580.0 26.300390885644557
19590.0 37.011346108940685
19600.0 52.96260161782771
19610.0 46.559850820521376
19620.0 25.75101334201859
19630.0 24.5593859993049
19640.0 63.45183431323155
19650.0 59.93828591487433
19660.0 67.58386287807886
19670.0 47.86653342896881
19680.0 71.50420100665282
19690.0 81.5447663794382
19700.0 35.19428017179702
19710.0 23.489546000349822
19720.0 104.95947921184239
19730.0 35.35105387680813
19740.0 45.57354421608666
19750.0 31.424276258362013
19760.0 107.79039757316758
19770.0 83.49919020488338
19780.0 84.14669221653817
19790.0 77.51760923595349
19800.0 56.549910801461756
19810.0 57.38258952970309
19820.0 59.71017740378752
19830.0 98.06326964696775
19840.0 94.69231246264522
19850.0 83.20932783042988
19860.0 139.33151091516945
19870.0 108.08281686826537
19880.0 84.78275060123177
19890.0 34.65287053836257
19900.0 47.071825025715064
19910.0 88.0422307947357
19920.0 127.92719298206534
19930.0 83.78914030070678
19940.0 120.03032230546697
19950.0 137.45316335831728
19960.0 166.15458563814596
19970.0 60.10108716137917
19980.0 106.77317704857971
19990.0 142.02121756314966
20010.0 125.71449280625401
20020.0 110.39862425600515
20030.0 194.14798170555787
20040.0 140.62975629564295
20050.0 108.68961690959603
20060.0 102.73013270459539
20070.0 150.95266878741828
20080.0 149.06170656078788
20090.0 62.29742529053064
20100.0 150.87538799006725
20110.0 215.07730926493363
20120.0 175.11455715576608
20130.0 100.51185273786275
20140.0 191.8046060886881
20150.0 192.1232820215453
20160.0 101.50246306875073
20170.0 67.21370212667061
20180.0 177.1837737142525
20190.0 130.6505342802347
20200.0 108.91827903880468
20210.0 146.03392341462987
20220.0 196.55192335966828
20230.0 219.34505929951578
20240.0 222.76493556657977
20250.0 94.48076761231428
20260.0 175.61978694678712
20270.0 227.05501509947882
20280.0 150.06722553443916
20290.0 117.67845476434003
20300.0 127.80281332620429
20310.0 263.1994285239754
20320.0 234.73505510147046
20330.0 124.78204395257333
20340.0 215.29575505461057
20350.0 195.4329104386745
20360.0 264.63185810076186
20370.0 176.44771903115566
20380.0 233.840824191154
20390.0 200.97621761821753
20400.0 164.19644432507863
20410.0 167.89763465714245
20420.0 210.15684965415846
20430.0 244.80856031729445
20440.0 250.28331921479673
20450.0 184.9636303308889
20460.0 266.8652846979421
20470.0 284.6412373078006
20480.0 258.98680312444924
20490.0 213.7662951647345
20500.0 249.12216245632086
20510.0 244.37283740183585
20520.0 209.81285881784711
20530.0 230.82522188138492
20540.0 227.87894313740432
20550.0 262.6189736381758
20560.0 262.02457229080426
20570.0 257.4074451274908
20580.0 266.89222515713806
20590.0 278.9489063935167
20600.0 258.9216587863123
20610.0 272.34389845778037
20620.0 246.588371132478
20630.0 235.97650407850435
20640.0 273.07333718699454
20650.0 259.4372294837374
20660.0 266.24159294600906
20670.0 265.24783759617327
20680.0 231.34515440131457
20690.0 258.44874039870876
20700.0 254.56578855609627
20710.0 248.02982357798723
20720.0 271.17913407389085
20730.0 259.3973664619565
20740.0 268.98612504585816
20750.0 245.4556647303892
20760.0 234.1554755961458
20770.0 246.76648759656297
20780.0 261.2932257800526
20790.0 266.7185400618913
20800.0 257.29669049986944
20810.0 237.94061710508936
20820.0 258.95680649425356
20830.0 263.71632605373134
20840.0 261.4705153967278
20850.0 256.54238986590815
20860.0 256.68498547922684
20870.0 257.8980321706711
20880.0 247.8490850101584
20890.0 264.0354489374001
20900.0 258.55327098712837
20910.0 258.2152801453327
20920.0 248.6003120910296
20930.0 252.74495878600143
20940.0 247.26871425986712
20950.0 257.25149485167094
20960.0 251.33437952485133
20970.0 254.867865328804
20980.0 247.46800218050763
20990.0 247.81696015242466
21000.0 249.19157419315485
21010.0 239.20581434926817
21020.0 242.8495245429329
21030.0 238.47580027853377
21040.0 240.14491988347322
21050.0 245.2566229849879
21060.0 240.3426271761971
21070.0 242.06894743312068
21080.0 244.2613837519247
21090.0 238.5102861559002
21100.0 235.16882460356575
21110.0 235.55757412658338
21120.0 226.48105474516967
21130.0 239.1551027587999
21140.0 236.86428407296023
21150.0 233.34286881167847
21160.0 237.3799076359778
21170.0 216.92335147616063
21180.0 216.94261038796552
21190.0 226.51601332916243
21200.0 233.11829231620032
21210.0 229.85820233580827
21220.0 226.44726838600707
21230.0 215.08558050581414
21240.0 222.60487269552624
21250.0 222.5072527635838
21260.0 232.87391295532103
21270.0 210.28148917338245
21280.0 212.3531813980532
21290.0 216.16265266119674
21300.0 221.30581892852004
21310.0 222.27369921784882
21320.0 195.1401605086614
21330.0 219.95866781233826
21340.0 211.74130014222695
21350.0 226.71373045422223
21360.0 205.68918579492887
21370.0 175.80307711076756
21380.0 211.5329944396862
21390.0 214.28491277818105
21400.0 215.33794709762213
21410.0 199.6883623899052
21420.0 159.92154869376176
21430.0 189.89265100287187
21440.0 200.40698427398334
21450.0 194.39043978106645
21460.0 187.3456207787838
21470.0 162.89014799765565
21480.0 193.64858119234765
21490.0 182.3077983632557
21500.0 194.332974524521
21510.0 176.5331926325291
21520.0 167.25322770332556
21530.0 203.2691727385513
21540.0 183.61860476630014
21550.0 155.3758207479474
21560.0 182.63817945644394
21570.0 172.28215524375764
21580.0 198.8965727686749
21590.0 184.21304221612309
21600.0 141.30909060890855
21610.0 154.0074549257884
21620.0 162.42121618023936
21630.0 189.67692933461672
21640.0 179.2846044273564
21650.0 166.40606145659837
21660.0 137.5568798962198
21670.0 143.85677570618245
21680.0 170.80360218133197
21690.0 168.08221503555632
21700.0 164.72245283154137
21710.0 174.53904353387895
21720.0 119.03458917006151
21730.0 167.0646207268974
21740.0 154.65352820428635
21750.0 166.38562758904524
21760.0 165.64656588024963
21770.0 154.03892259112098
21780.0 122.76588243155207
21790.0 148.48003350733643
21800.0 141.64454068298818
21810.0 159.045095816326
21820.0 158.19948981601382
21830.0 111.58961811859272
21840.0 127.79992402014523
21850.0 145.7750852367175
21860.0 143.45353233412214
21870.0 143.1793438253942
21880.0 122.77047071718582
21890.0 93.65500685256812
21900.0 120.42257988190394
21910.0 103.07769545350503
21920.0 111.17770830511432
21930.0 86.58632631646826
21940.0 89.23334620982723
21950.0 62.674719768930316
21960.0 71.69570861190734
21970.0 68.75208052778696
21980.0 30.943438702362812
21990.0 29.936553725868873
22000.0 32.38709450432286
22010.0 26.296554342305203
22020.0 23.913355995707242
22030.0 40.91672253185536
22040.0 34.91604606717913
22050.0 26.31567588768912
22060.0 38.59501237281268
22070.0 52.47500669139268
22080.0 39.33204259834449
22090.0 53.732651338615696
22100.0 62.40004983474346
22110.0 65.8471569102589
22120.0 54.34730327412254
22130.0 43.33317116449216
22140.0 58.70043686927343
22150.0 82.10734362364896
22160.0 58.495196573912125
22170.0 71.62705806943134
22180.0 53.60520972752695
22190.0 76.87747355543104
22200.0 58.606267830611436
22210.0 51.56500654997742
22220.0 50.78091689543647
22230.0 58.30475839975197
22240.0 66.79202866412372
22250.0 68.37918227218437
22260.0 48.09506271375251
22270.0 34.87995503118116
22280.0 48.99649641557075
22290.0 60.4158787790312
22300.0 45.36281618229193
22310.0 31.60017989150171
22320.0 37.82901987736099
22330.0 48.23691692110763
22340.0 56.13053099257655
22350.0 51.55764735153061
22360.0 42.36194245099372
22370.0 34.467193072160676
22380.0 40.97882753017361
22390.0 44.14756694871997
22400.0 26.115664405985992
22410.0 28.174745974606708
22420.0 38.56707125371713
22430.0 30.368947466407693
22440.0 47.44572106001466
22450.0 28.091660310938767
22460.0 17.24952868470893
22470.0 29.933577725968508
22480.0 31.46092672426523
22490.0 34.51127983118024
22500.0 20.896798823363426
22510.0 31.769901813211312
22520.0 26.572725406648384
22530.0 23.59888978793504
22540.0 38.24921773058621
22550.0 22.613497972441603
22560.0 18.819011530625
22570.0 26.095598510818913
22580.0 40.88780429001436
22590.0 29.93606085283542
22600.0 25.19899563689368
22610.0 18.092597586579277
22620.0 38.7784839532517
22630.0 29.002333858856346
22640.0 18.553687105167782
22650.0 37.26926498939305
22660.0 47.256723354615325
22670.0 31.14964013786897
22680.0 15.40197351931701
22690.0 35.164442192463326
22700.0 38.65740252438291
22710.0 33.43537319216256
22720.0 20.447006407158298
22730.0 45.43642701296446
22740.0 35.396151413800695
22750.0 19.130968206057414
22760.0 28.263385427183547
22770.0 28.463621869536066
22780.0 32.44343951340903
22790.0 41.825436927098345
22800.0 21.632085199038954
22810.0 38.881568328575625
22820.0 19.5493444795752
22830.0 24.846117867523322
22840.0 24.947930642833914
22850.0 22.052678171747292
22860.0 23.882004299751763
22870.0 27.043222532459883
22880.0 27.981886906645922
22890.0 14.701450833513508
22900.0 17.642977188938467
22910.0 22.66423880039717
22920.0 16.931587778009508
22930.0 18.87384812630983
22940.0 21.06050504023791
22950.0 15.121459541232664
22960.0 20.506474579788964
22970.0 28.797760262616173
22980.0 13.655640817061766
22990.0 28.477535340843815
23000.0 16.036867688986153
23010.0 43.54753268406071
23020.0 19.152884256843535
23030.0 21.550548950919087
23040.0 27.88586244689523
23050.0 35.602374691596694
23060.0 38.49019761252185
23070.0 38.217364304320306
23080.0 54.5050362808913
23090.0 38.389931771594
23100.0 72.32387592640518
23110.0 66.47121082296202
23120.0 57.75432343279467
23130.0 80.57666796381639
23140.0 52.5867958991614
23150.0 43.10746023261143
23160.0 5.806325750240837
23170.0 5.218514225946789
23180.0 8.605744370860313
23190.0 6.640974490271669
23200.0 12.66003426622154
23210.0 13.931333751196329
23220.0 16.23010844920849
23230.0 19.35654621632321
23240.0 16.5202542884081
23250.0 17.503391173825257
23260.0 19.184133672745507
23270.0 22.22661222409862
23280.0 15.933788638718836
23290.0 19.18332005322985
23300.0 17.69730743310387
23310.0 16.551025704724122
23320.0 22.23660232442062
23330.0 20.4669311021176
23340.0 10.329224838976618
23350.0 22.360354131166076
23360.0 16.814179859406345
23370.0 26.653031709900823
23380.0 12.47317189837361
23390.0 15.250933660722202
23400.0 16.745940505629427
23410.0 15.177565730322954
23420.0 23.414585397647073
23430.0 16.110691515177322
23440.0 18.358990305981646
23450.0 12.44843606207287
23460.0 19.425415391715667
23470.0 17.645465558195042
23480.0 13.704804642546264
23490.0 29.415864842749336
23500.0 10.970273345203596
23510.0 18.022269779235412
23520.0 24.04977666887695
23530.0 20.814213637892202
23540.0 24.17771672429658
23550.0 14.056355926951401
23560.0 27.29649718473684
23570.0 37.03326061673169
23580.0 10.310039195940574
23590.0 34.04256639288924
23600.0 53.279146963827
23610.0 26.15482832765433
23620.0 45.45296491460533
23630.0 26.59701729559224
23640.0 36.864391403679996
23650.0 51.52745521699617
23660.0 33.54356776820532
23670.0 21.6778671692629
23680.0 35.79215334212031
23690.0 24.337227909354567
23700.0 2.4259848633878094
23710.0 4.455442753036099
23720.0 7.987779225815036
23730.0 17.408315307023475
23740.0 15.83769314018059
23750.0 22.593393022573114
23760.0 14.966789386162565
23770.0 21.754077131909433
23780.0 21.885082063186825
23790.0 27.323733937606985
23800.0 15.982033612712762
23810.0 26.024989373911097
23820.0 22.13581148490272
23830.0 15.01312306285392
23840.0 22.47733665913352
23850.0 35.112048667019515
23860.0 22.642686285413816
23870.0 30.277759629764077
23880.0 37.475087970023225
23890.0 35.117632412435704
23900.0 33.771820670112525
23910.0 24.838619822718776
23920.0 41.60370956235233
23930.0 33.036840168697644
23940.0 25.986156582979007
23950.0 31.45305712976473
23960.0 19.471590701296346
23970.0 43.27334755413758
23980.0 41.625004101931246
23990.0 44.74457054353841
24000.0 30.386935396216558
24010.0 45.110963389153426
24020.0 55.13324627069413
24030.0 39.347532487255876
24040.0 44.49990486671759
24050.0 35.58318973569409
24060.0 52.67563662144052
24070.0 21.974542039600887
24080.0 44.70573637107791
24090.0 27.684132658195566
24100.0 51.393375295958116
24110.0 63.335316883913656
24120.0 61.30462029462293
24130.0 48.026681877049
24140.0 49.506100869805124
24150.0 46.01857149842372
24160.0 40.28987053249418
24170.0 39.448047905240294
24180.0 29.09104173194266
24190.0 28.47810397408345
24200.0 65.54944213749556
24210.0 72.96108024028821
24220.0 40.05156957988802
24230.0 34.80944795195571
24240.0 48.19267804481929
24250.0 50.0676291881781
24260.0 41.65067121730764
24270.0 30.843010812991213
24280.0 47.58530310006508
24290.0 64.06645986357393
24300.0 66.26473565387467
24310.0 71.27179727885765
24320.0 68.5725560683726
24330.0 48.38707918553032
24340.0 55.71181336655731
24350.0 23.295611154629697
24360.0 23.46711915243316
24370.0 46.510769250306524
24380.0 92.14626866739678
24390.0 76.80621418764167
24400.0 64.08478269967073
24410.0 69.60858472269567
24420.0 55.636335820736676
24430.0 68.20347021047446
24440.0 62.50616784317716
24450.0 40.22889824532077
24460.0 51.15525273996731
24470.0 39.416825483936506
24480.0 55.988972871682556
24490.0 82.2759824536207
24500.0 60.936319627421504
24510.0 29.922948673916192
24520.0 49.15587384128534
24530.0 34.77853671581244
24540.0 48.00997771600621
24550.0 79.01676648839728
24560.0 68.70799514300353
24570.0 84.33410933733593
24580.0 64.52517053969095
24590.0 52.29351832726876
24600.0 72.33726691799033
24610.0 41.14005942523705
24620.0 53.49081747948206
24630.0 73.67151489393783
24640.0 100.89095713507476
24650.0 82.11108547278975
24660.0 76.36028239931876
24670.0 45.07617562284178
24680.0 31.529906658033248
24690.0 59.80966176991757
24700.0 62.833757538890964
24710.0 67.9532764136812
24720.0 26.742942205784768
24730.0 37.100937343257876
24740.0 41.71016776010445
24750.0 35.63269143141333
24760.0 88.95157969176337
24770.0 33.207112775705056
24780.0 24.87013734061652
24790.0 52.77051258324267
24800.0 66.22775204737556
24810.0 39.530220662522915
24820.0 35.29712928176056
24830.0 47.42428664023805
24840.0 67.03123914369966
24850.0 111.37387501126156
24860.0 59.34237181855156
24870.0 39.75724783158301
24880.0 22.933176313369824
24890.0 12.409994986590876
24900.0 10.643808095268074
24910.0 38.234260323231425
24920.0 67.63962521756694
24930.0 64.03655269085412
24940.0 36.81384276662504
24950.0 72.11198017020689
24960.0 19.59179716021147
24970.0 16.305400783556614
24980.0 31.491821993449836
24990.0 33.91790520469512
