#lam[Angstrom] flux[erg/cm2/s/A]
1010.0 34358.78036413868
1020.0 35576.96756638704
1030.0 122738.58273915801
1040.0 48381.60763154665
1050.0 36431.28759742351
1060.0 36760.629345254136
1070.0 38818.082805442864
1080.0 117475.0548823227
1090.0 119680.50663081084
1100.0 38366.3615562697
1110.0 38673.90868235398
1120.0 40177.46887703125
1130.0 39080.37729038982
1140.0 42441.41135927071
1150.0 39828.018138032356
1160.0 40585.31962560021
1170.0 40660.40931364136
1180.0 40835.51802015406
1190.0 41084.05851541961
1200.0 61948.675763517254
1210.0 55137.80040459994
1220.0 350809.792355967
1230.0 50744.610254476946
1240.0 206858.82200494973
1250.0 72049.62770472672
1260.0 100263.58339906692
1270.0 103008.62685181471
1280.0 106351.06149321566
1290.0 114781.7503322401
1300.0 123607.2700933537
1310.0 135933.96326530923
1320.0 141987.52661934667
1330.0 144384.43764801038
1340.0 161146.03620741438
1350.0 155089.61523497995
1360.0 158787.85789511687
1370.0 161139.50636200007
1380.0 164556.08211457887
1390.0 376760.01907047885
1400.0 418986.0675682536
1410.0 309742.6336538943
1420.0 174723.62157591947
1430.0 171573.42061592676
1440.0 172453.53282908996
1450.0 173600.94242118884
1460.0 174967.12411053703
1470.0 176323.2857635471
1480.0 177153.64598769046
1490.0 278042.02416359895
1500.0 175401.51877610528
1510.0 175112.65882107697
1520.0 175304.89943458905
1530.0 183180.21445305657
1540.0 174073.82293209623
1550.0 2471708.011087132
1560.0 174143.78085884848
1570.0 173396.50486678598
1580.0 181682.0139487507
1590.0 173232.10312728057
1600.0 189936.69133488034
1610.0 172894.72785803294
1620.0 172881.0038139778
1630.0 171857.82192015988
1640.0 1571854.8024932924
1650.0 170418.72448688318
1660.0 220441.8848972045
1670.0 300187.83215533255
1680.0 169326.97769404284
1690.0 168815.47328095272
1700.0 168125.56982365184
1710.0 167276.0173394867
1720.0 179574.8440754565
1730.0 168116.32346864027
1740.0 171299.0954361808
1750.0 254154.43870258197
1760.0 166620.4696821942
1770.0 166568.08581520413
1780.0 167070.28016456473
1790.0 178675.51056350462
1800.0 165950.94585657972
1810.0 204684.20076663228
1820.0 208200.42606637365
1830.0 162887.51041372566
1840.0 161848.679595167
1850.0 174740.96719954908
1860.0 168097.7313152557
1870.0 159953.083397542
1880.0 262248.92861095857
1890.0 328199.04700727406
1900.0 158361.55910009632
1910.0 1063993.428282896
1920.0 157267.4082384316
1930.0 157968.19714803595
1940.0 155101.5329626171
1950.0 155017.69211716694
1960.0 153441.70695327
1970.0 152540.35382492866
1980.0 151724.24419322397
1990.0 151058.81916305542
2000.0 150038.04829267733
2010.0 148731.17072284914
2020.0 142569.98743810627
2030.0 134473.86989758664
2040.0 130523.40558055442
2050.0 124588.4354941179
2060.0 122515.00181886357
2070.0 123452.2968851025
2080.0 120738.78730488585
2090.0 124507.77170329957
2100.0 121820.39115441093
2110.0 121840.42044170835
2120.0 125362.2899673441
2130.0 125190.70802582892
2140.0 131680.9466231663
2150.0 120455.69397486252
2160.0 121395.02258513593
2170.0 118478.39533989933
2180.0 123131.6524719489
2190.0 120483.55486300802
2200.0 121676.76968016109
2210.0 123162.45023635475
2220.0 129211.70829296057
2230.0 126465.04429278059
2240.0 128509.2942068157
2250.0 136569.7508070451
2260.0 133136.92329137228
2270.0 135856.69330446146
2280.0 138650.03047330782
2290.0 141554.96110021122
2300.0 148002.03857280978
2310.0 155732.9991208319
2320.0 163572.52753797304
2330.0 292888.798415376
2340.0 185778.62807160753
2350.0 165589.23908448042
2360.0 161754.50364456882
2370.0 164863.8482262558
2380.0 168178.0848259772
2390.0 183727.7905067682
2400.0 174680.74740350383
2410.0 178319.88832751356
2420.0 180626.48227009934
2430.0 390895.18444470386
2440.0 186873.3113222889
2450.0 190677.80709386515
2460.0 192764.48678888843
2470.0 195732.93671868162
2480.0 198719.57526133218
2490.0 201420.61870844194
2500.0 204651.84981750455
2510.0 228180.5323321568
2520.0 210425.0786979097
2530.0 213830.60903573906
2540.0 216483.31701713204
2550.0 219825.95751196195
2560.0 254161.20545038153
2570.0 225433.68558720525
2580.0 227983.8842221632
2590.0 236068.69702197873
2600.0 234844.13311549873
2610.0 236660.367280027
2620.0 240084.73714114795
2630.0 243209.7796055264
2640.0 248934.03209631905
2650.0 248645.93780821396
2660.0 251750.164813336
2670.0 280122.29251030216
2680.0 256732.9825420191
2690.0 259435.41834192825
2700.0 261178.0343803711
2710.0 262816.0977789605
2720.0 262998.1158545403
2730.0 283846.50850621535
2740.0 285637.32370992575
2750.0 272837.74507238605
2760.0 277308.52111666754
2770.0 280981.8454172419
2780.0 280900.8980664046
2790.0 1099624.0475623824
2800.0 695289.9786633668
2810.0 291666.5308689105
2820.0 295652.7991103668
2830.0 451404.90156016557
2840.0 296064.1720762519
2850.0 311043.81253174617
2860.0 306026.2198043181
2870.0 306821.7535171227
2880.0 310342.7363323226
2890.0 318955.9930968053
2900.0 330965.1784797668
2910.0 331127.8909400367
2920.0 348241.5813357837
2930.0 387490.25573603855
2940.0 330231.42942139314
2950.0 341316.9025457211
2960.0 343911.9554719013
2970.0 332654.45688640926
2980.0 344432.9006372666
2990.0 346409.5017475795
3000.0 343006.4791819351
3010.0 350258.0368566331
3020.0 345091.15895478905
3030.0 361886.80047197215
3040.0 360791.33579576964
3050.0 364456.37198182
3060.0 373369.0657491779
3070.0 409443.4476549331
3080.0 384184.88531726046
3090.0 396528.06964583026
3100.0 393357.0756045917
3110.0 488011.9724136471
3120.0 515978.29123193014
3130.0 505686.3416802048
3140.0 528395.0519403508
3150.0 596831.781423423
3160.0 504283.31567521906
3170.0 590408.4402983095
3180.0 511025.1745008509
3190.0 527817.5961318978
3200.0 517120.71131497284
3210.0 553299.0374010846
3220.0 482486.04074598255
3230.0 445081.122667806
3240.0 507661.7970756334
3250.0 529788.1569338569
3260.0 767752.0326705778
3270.0 678605.7843195121
3280.0 663783.7625885222
3290.0 727471.6504156161
3300.0 876119.0072096069
3310.0 633670.6403178767
3320.0 628436.4523346156
3330.0 729867.1678608938
3340.0 645765.168793001
3350.0 616954.1869968785
3360.0 589706.4622478922
3370.0 487195.20315801667
3380.0 568107.0301603972
3390.0 540698.4741201389
3400.0 625185.641469276
3410.0 532427.2064940248
3420.0 597275.5930623861
3430.0 643763.2604554009
3440.0 485557.3785472079
3450.0 540447.3869656704
3460.0 537506.0240983826
3470.0 541522.562239015
3480.0 612592.595859834
3490.0 568427.4354997335
3500.0 653276.4708090674
3510.0 598804.2627148633
3520.0 541590.3459776028
3530.0 625017.7104722662
3540.0 778692.2000275423
3550.0 687388.8868979184
3560.0 603987.0881936618
3570.0 513495.4032743927
3580.0 517216.6546453615
3590.0 523512.8450953368
3600.0 614240.8793804428
3610.0 536087.7489351617
3620.0 564805.5178979584
3630.0 620806.4387890301
3640.0 652521.3190115221
3650.0 596433.4464042669
3660.0 894416.0891063838
3670.0 857295.2363129277
3680.0 675568.5104282417
3690.0 719668.314083609
3700.0 825091.1492249656
3710.0 605155.6300707188
3720.0 480951.26689637656
3730.0 751091.1038718877
3740.0 425772.1307381886
3750.0 450337.4691239008
3760.0 476887.0925823557
3770.0 691784.2343121571
3780.0 803372.055683044
3790.0 594142.4761031475
3800.0 664342.5025994314
3810.0 633095.6236764013
3820.0 459012.7685170762
3830.0 449672.63425306766
3840.0 545364.4825750066
3850.0 594219.6212819762
3860.0 803108.7229392974
3870.0 604647.6576167935
3880.0 631483.75054834
3890.0 577356.6786866136
3900.0 602490.8900605885
3910.0 798374.9287946082
3920.0 613616.549677088
3930.0 470998.41174887243
3940.0 549242.4809686746
3950.0 752743.1033063112
3960.0 644804.4501329566
3970.0 538741.7213972659
3980.0 1005429.0340206773
3990.0 1160073.982328819
4000.0 1052094.5022151466
4010.0 1167337.5306253121
4020.0 1320267.2660648928
4030.0 796966.1245708752
4040.0 1031193.5112321782
4050.0 1034988.8689629243
4060.0 925031.4561778777
4070.0 846493.5684969295
4080.0 1186355.0059372871
4090.0 1799031.0083407238
4100.0 1354044.1395937186
4110.0 1322432.492152199
4120.0 1403087.9840060326
4130.0 1050536.0050737886
4140.0 1135564.2963713033
4150.0 1209527.7004412978
4160.0 1435418.374489905
4170.0 1194363.6945767472
4180.0 1300675.2589417952
4190.0 1229183.1994162607
4200.0 884845.8863859291
4210.0 1298831.4235078397
4220.0 814673.3276709241
4230.0 640300.1668187269
4240.0 1117401.2607498104
4250.0 862323.6903270034
4260.0 1063749.1584274084
4270.0 879194.5064306499
4280.0 1029932.8450962767
4290.0 891768.727888304
4300.0 931539.7052877636
4310.0 905396.4463850243
4320.0 1340679.558313794
4330.0 1510913.1620226526
4340.0 1550625.7323432192
4350.0 1590184.5818985095
4360.0 1891765.1990594238
4370.0 1724856.1969064819
4380.0 1044105.2208863089
4390.0 1428205.4747327461
4400.0 1443316.6818563417
4410.0 1450338.1165284975
4420.0 1604507.6342710247
4430.0 1403970.9345657115
4440.0 1622641.5414136501
4450.0 1563383.4558439027
4460.0 1295038.9191509206
4470.0 1807363.172365638
4480.0 1860707.3626997545
4490.0 1987304.1212513777
4500.0 2016426.0814344133
4510.0 2391876.012193791
4520.0 2124134.968272915
4530.0 1416249.6293247207
4540.0 1953359.7572229225
4550.0 1960268.9735582604
4560.0 2309495.7019832837
4570.0 2325209.97904014
4580.0 1907013.159182755
4590.0 2011420.9224077035
4600.0 2043637.1495466284
4610.0 2232992.7511014435
4620.0 2122540.859555911
4630.0 2292468.5696961107
4640.0 2277468.3357968996
4650.0 1915337.4487765164
4660.0 2484404.9969438035
4670.0 2277516.937454611
4680.0 2341528.8913801666
4690.0 2428730.4639526834
4700.0 2243188.18702143
4710.0 2289458.4312583525
4720.0 2476343.156104775
4730.0 2247565.59962588
4740.0 2218506.414096822
4750.0 2409676.427006835
4760.0 2194941.25494926
4770.0 2279340.250122196
4780.0 2386776.8486200036
4790.0 2139011.0742482105
4800.0 2123047.4566290034
4810.0 1819062.6080529494
4820.0 2094182.1289755853
4830.0 2173134.610671103
4840.0 2142861.222236649
4850.0 2298992.72420591
4860.0 2411091.254130103
4870.0 1930791.0083834361
4880.0 2060523.5248579374
4890.0 1923386.0676666973
4900.0 2447969.1287272694
4910.0 2350822.021340957
4920.0 1884932.6968949887
4930.0 2454787.855238272
4940.0 2075576.3893553154
4950.0 2475720.5733959237
4960.0 3131504.979211841
4970.0 2280659.691822846
4980.0 1905052.7900909318
4990.0 1810914.699772891
5000.0 1896956.9957684143
5010.0 4437043.639036384
5020.0 1777676.2112096907
5030.0 2188766.9801292084
5040.0 1573951.1051838158
5050.0 1728455.129357743
5060.0 1930583.1224704667
5070.0 1698516.646970546
5080.0 1479415.8767007878
5090.0 1718803.7406991634
5100.0 1759668.2363967192
5110.0 1436209.6578052659
5120.0 1571517.7091258545
5130.0 1472433.9527965053
5140.0 1480117.0612484799
5150.0 1525091.1878154944
5160.0 1575535.976829368
5170.0 974974.3344502228
5180.0 1219399.1216107514
5190.0 1331689.0205320232
5200.0 1769168.9122894679
5210.0 1321541.4073362027
5220.0 2070890.050189848
5230.0 1724939.9328448593
5240.0 2418798.9225749946
5250.0 2264370.5955283553
5260.0 2025318.8660748163
5270.0 1240919.818894851
5280.0 2089343.4544887245
5290.0 2571838.359694983
5300.0 2123160.2715051044
5310.0 2624358.883341059
5320.0 2288105.61827814
5330.0 1606160.036363325
5340.0 2204791.9546685475
5350.0 2238359.2410678943
5360.0 2554676.0099407085
5370.0 1696201.0525195906
5380.0 2386961.52227821
5390.0 2252770.1594618047
5400.0 1733547.4619925832
5410.0 1744762.2887556269
5420.0 2270539.8112255237
5430.0 1689408.0059996468
5440.0 2275803.917321033
5450.0 1887771.068164968
5460.0 2070631.5583384596
5470.0 2443276.015548886
5480.0 2239632.958004494
5490.0 2350517.600942599
5500.0 2184719.4034211296
5510.0 2117441.7965296353
5520.0 2531851.8023809833
5530.0 2311146.4392293943
5540.0 2521865.0747597064
5550.0 2537607.7208345174
5560.0 2488326.192710297
5570.0 2253433.101553225
5580.0 2393288.2210299447
5590.0 1860675.8846981316
5600.0 2165816.830911753
5610.0 2690195.5855261586
5620.0 2282257.2305010073
5630.0 2710934.3852189574
5640.0 2658210.460914271
5650.0 2699019.2298936564
5660.0 2469086.602877098
5670.0 2738300.172798159
5680.0 2702906.3058413365
5690.0 2674387.3570991927
5700.0 2585561.844387607
5710.0 2437706.8193483707
5720.0 2720578.8729145816
5730.0 2742516.9684572755
5740.0 2720156.8987732762
5750.0 2608889.7328464743
5760.0 2684986.6171369418
5770.0 2797631.80563031
5780.0 2595437.745954457
5790.0 2555411.845916867
5800.0 2758370.2962253904
5810.0 2733247.281249064
5820.0 2817105.3415992814
5830.0 2759171.873558906
5840.0 2761679.945619259
5850.0 2701159.72949643
5860.0 2483092.959148931
5870.0 2653688.8648311594
5880.0 2687959.365937715
5890.0 1838025.5171563902
5900.0 2219649.2750815265
5910.0 2725178.136561511
5920.0 2646638.7494020583
5930.0 2633841.67205544
5940.0 2695541.694458503
5950.0 2704119.5018227007
5960.0 2737124.979893516
5970.0 2769027.495275534
5980.0 2574083.8664325112
5990.0 2707674.6792312474
6000.0 2691768.9636945887
6010.0 2637610.443286577
6020.0 2507154.094100381
6030.0 2706918.3269789596
6040.0 2757619.79740933
6050.0 2758562.588321959
6060.0 2653691.0289632846
6070.0 2691475.5801401953
6080.0 2706126.111949375
6090.0 2624129.875501261
6100.0 2484241.755296204
6110.0 2655473.2151130326
6120.0 2350153.732966661
6130.0 2620320.898999264
6140.0 2396383.180036687
6150.0 2638262.1123730247
6160.0 2135600.9860230805
6170.0 2330619.3192977663
6180.0 2687455.82880339
6190.0 2488975.721536415
6200.0 2649622.447600679
6210.0 2564736.690016838
6220.0 2499453.009582007
6230.0 2466600.165686265
6240.0 2505688.881274243
6250.0 2334966.5644004685
6260.0 2400936.659893206
6270.0 2495096.568213516
6280.0 2486718.5174284647
6290.0 2545709.8659053184
6300.0 2465583.7471078434
6310.0 2562933.1352712153
6320.0 2481281.326439702
6330.0 2638235.0880095856
6340.0 2480052.808301725
6350.0 2629180.6955466187
6360.0 2480670.8027634365
6370.0 2624728.009206699
6380.0 2546398.0067318943
6390.0 2477089.0859005526
6400.0 2442374.7862196434
6410.0 2483028.590810992
6420.0 2492616.822581739
6430.0 2537187.1530779707
6440.0 2300761.7816661363
6450.0 2547912.310741993
6460.0 2304474.010139569
6470.0 2502177.2074044524
6480.0 2525160.093904328
6490.0 2339503.325230553
6500.0 2252445.3171154684
6510.0 2567860.645716176
6520.0 2565545.4392519747
6530.0 2580870.3753410163
6540.0 2578028.421325729
6550.0 2492102.7073264853
6560.0 3536782.181243394
6570.0 2510317.4242693908
6580.0 2603849.417124144
6590.0 2628497.2232086575
6600.0 2596171.783917934
6610.0 2553503.0647316566
6620.0 2631316.7608582834
6630.0 2534766.739344954
6640.0 2577009.2429510327
6650.0 2620972.6365083535
6660.0 2558176.0143238315
6670.0 2603622.6337283542
6680.0 2544884.2153921416
6690.0 2619767.4586936226
6700.0 2521631.117678118
6710.0 2403905.8730323287
6720.0 2482954.1072760397
6730.0 2638526.7696853774
6740.0 2559083.334092587
6750.0 2509902.0123714586
6760.0 2584480.813731373
6770.0 2498065.4253879692
6780.0 2523288.890661618
6790.0 2521419.628949066
6800.0 2516942.577159851
6810.0 2490580.16675249
6820.0 2506760.845002137
6830.0 2524679.063967647
6840.0 2442685.0774784666
6850.0 2473280.176482375
6860.0 2398785.1822471893
6870.0 2443244.7721289787
6880.0 2409152.9388129697
6890.0 2436419.876355541
6900.0 2433069.305292955
6910.0 2433387.520693553
6920.0 2415639.9458178696
6930.0 2428820.0920709074
6940.0 2449602.56154971
6950.0 2433080.823369561
6960.0 2499913.991260408
6970.0 2459484.807747016
6980.0 2338269.4914856893
6990.0 2448804.077455679
7000.0 2444833.5955844726
7010.0 2427530.8480204637
7020.0 2379750.5514586954
7030.0 2434901.7101715165
7040.0 2459071.5098662097
7050.0 2495741.235403165
7060.0 2472608.9804818733
7070.0 2467277.6765019167
7080.0 2468578.3429669496
7090.0 2432776.6651216983
7100.0 2478517.341794392
7110.0 2387198.270955836
7120.0 2463229.917174281
7130.0 2370580.41308259
7140.0 2448182.546159528
7150.0 2217220.484178177
7160.0 2386652.4497077926
7170.0 2453904.0389236216
7180.0 2380245.264344824
7190.0 2289833.9046965693
7200.0 2361810.044276879
7210.0 2293608.4466361576
7220.0 2411819.3953485107
7230.0 2469724.237745524
7240.0 2401987.184966953
7250.0 2415879.3522532764
7260.0 2411376.1375637865
7270.0 2421179.488841323
7280.0 2369549.3287594533
7290.0 2363348.724464426
7300.0 2412723.27832958
7310.0 2374839.042167276
7320.0 2414696.854858303
7330.0 2270700.1107492973
7340.0 2409197.767602358
7350.0 2399170.9305666336
7360.0 2252808.7445330676
7370.0 2423282.218387903
7380.0 2412682.8922040313
7390.0 2266764.7909208443
7400.0 2338369.1793562323
7410.0 2292467.17147707
7420.0 2294593.8058848768
7430.0 2390357.674171004
7440.0 2346634.982729527
7450.0 2299545.484846497
7460.0 2321709.959071418
7470.0 2369434.761305353
7480.0 2393182.1377843553
7490.0 2319222.688354034
7500.0 2317823.7044772524
7510.0 2268629.0765013006
7520.0 2369093.453021074
7530.0 2357508.1124956803
7540.0 2387200.8226264953
7550.0 2381858.2849932895
7560.0 2334969.678010973
7570.0 2347747.514793412
7580.0 2343981.609093792
7590.0 2316075.1565267127
7600.0 2355579.6518723117
7610.0 2338844.323724228
7620.0 2267974.3379680794
7630.0 2378610.1085049147
7640.0 2366090.4236581265
7650.0 2349519.344655612
7660.0 2116966.080992009
7670.0 2307924.538112682
7680.0 2351782.389859144
7690.0 2307726.9037195467
7700.0 2284691.5413866304
7710.0 2275089.234296022
7720.0 2290940.301999512
7730.0 2306955.569844472
7740.0 2337977.271817911
7750.0 2214661.949020724
7760.0 2328589.681857951
7770.0 2327897.7154971473
7780.0 2266395.5769934873
7790.0 2291881.5570275066
7800.0 2290665.550083506
7810.0 2287722.6921673524
7820.0 2306387.141717369
7830.0 2217668.733801073
7840.0 2231286.3648575484
7850.0 2269480.713751811
7860.0 2293028.214441054
7870.0 2288467.6717475043
7880.0 2268182.431129655
7890.0 2268108.47411956
7900.0 2250115.8109907964
7910.0 2211504.0585836223
7920.0 2229347.750898424
7930.0 2209127.850074176
7940.0 2117087.6834048294
7950.0 2144441.0905234218
7960.0 2232927.3822870264
7970.0 2254294.7046992895
7980.0 2222764.939703268
7990.0 2236853.397654248
8000.0 2147853.2674406245
8010.0 2239004.0977129103
8020.0 2223509.778758539
8030.0 2185244.432584474
8040.0 2221599.4199873186
8050.0 2134068.082724928
8060.0 2222288.0152970613
8070.0 2165089.2237156415
8080.0 2160427.4018409983
8090.0 2138600.3796905484
8100.0 2156887.632550561
8110.0 2182955.200415138
8120.0 2180760.927625877
8130.0 2177393.1620101645
8140.0 2179401.011424436
8150.0 2176633.8695180556
8160.0 2161738.2205732353
8170.0 2169374.7603090825
8180.0 2090533.9282646137
8190.0 2075738.2320193986
8200.0 2066116.2186110152
8210.0 2063500.4588374293
8220.0 2058877.6511973147
8230.0 2117332.1002012566
8240.0 2120105.5868022265
8250.0 2129675.5945829647
8260.0 2140079.7538836
8270.0 2138730.339759003
8280.0 2143278.819014113
8290.0 2110373.461099131
8300.0 2119263.8370842566
8310.0 2061058.4963929844
8320.0 2105569.9558484377
8330.0 1880913.1076307842
8340.0 2089171.5132644395
8350.0 2033449.7042607719
8360.0 2058709.0176241328
8370.0 2084181.771538633
8380.0 2008895.4717457986
8390.0 1882274.4687802591
8400.0 2049909.937775786
8410.0 2062855.3607562734
8420.0 2047096.698416442
8430.0 1998160.0034216484
8440.0 1974965.9614034817
8450.0 2075245.2174918503
8460.0 2082526.588964897
8470.0 1960281.7003221372
8480.0 2082215.2968218692
8490.0 2087120.9593666205
8500.0 1917673.8874157688
8510.0 1991724.8344916538
8520.0 2006185.30780283
8530.0 2043177.7011808045
8540.0 1692625.4824441087
8550.0 2003202.9053442013
8560.0 2052560.0480526104
8570.0 2051965.1633072407
8580.0 2014803.9677754934
8590.0 2054536.974511689
8600.0 2026929.0263005807
8610.0 1977698.2499363772
8620.0 1999095.445865964
8630.0 2032388.2218222166
8640.0 2036334.8363638723
8650.0 2013801.5354286174
8660.0 1684513.333839103
8670.0 1916687.6431585616
8680.0 1923613.7938796363
8690.0 1734550.9831009093
8700.0 1965544.7083764125
8710.0 1965512.3751516922
8720.0 1984080.8376424755
8730.0 1986150.4077074172
8740.0 1934444.0038730535
8750.0 1989228.6235506304
8760.0 1915790.77267298
8770.0 1922210.955753211
8780.0 1984602.8989719807
8790.0 1937646.238284709
8800.0 1924824.8085375666
8810.0 1744410.0388851392
8820.0 1839700.4230303667
8830.0 1951136.044982744
8840.0 1904708.6216383632
8850.0 1978100.3140679682
8860.0 1969854.4080078956
8870.0 1913910.9036827157
8880.0 1958022.088087929
8890.0 1967297.2735377355
8900.0 1975933.389267285
8910.0 1957936.8527590586
8920.0 1921976.968313624
8930.0 1926091.7198667233
8940.0 1951124.9578304577
8950.0 1907997.6060415935
8960.0 1947390.7928548781
8970.0 1926917.2086485298
8980.0 1903845.2338330552
8990.0 1917560.7775877342
9000.0 1795424.99945243
9010.0 1837330.6047047505
9020.0 1847928.005232778
9030.0 1923583.5152039833
9040.0 1917778.8175616055
9050.0 1920518.1813027984
9060.0 1908419.7107567426
9070.0 1912257.6669099773
9080.0 1991594.9280658225
9090.0 1792107.1940031736
9100.0 1862190.2320642164
9110.0 1860943.3990979511
9120.0 1864128.2161207388
9130.0 1903621.31915469
9140.0 1874532.0873188977
9150.0 1859235.950629873
9160.0 1864852.842329927
9170.0 1829142.367540737
9180.0 1854149.7518286472
9190.0 1853283.941095938
9200.0 1836665.5908061385
9210.0 1804036.529544532
9220.0 1836593.2829851592
9230.0 1836931.3847194011
9240.0 1825868.975806205
9250.0 1798883.3797317268
9260.0 1714586.0286241258
9270.0 1836672.6981308782
9280.0 1823588.8611424845
9290.0 1765280.5604158698
9300.0 1822559.22600427
9310.0 1822555.6277624832
9320.0 1813479.7846125516
9330.0 1819061.0761373267
9340.0 1824810.8353622037
9350.0 1802481.1201399094
9360.0 1773028.0714124567
9370.0 1806095.6609118883
9380.0 1799188.4759335495
9390.0 1797267.292957825
9400.0 1777571.4739562955
9410.0 1702668.8187277114
9420.0 1742934.8576271697
9430.0 1762633.2202498913
9440.0 1739538.6168052708
9450.0 1738122.2436580467
9460.0 1769181.4718651392
9470.0 1785230.585934239
9480.0 1778064.141763332
9490.0 1766606.1497229708
9500.0 1778524.0348284154
9510.0 1759988.1321982418
9520.0 1776188.2474000382
9530.0 1752552.9312320745
9540.0 1882109.2242671573
9550.0 1837220.3043475284
9560.0 1748723.3323348947
9570.0 1707129.052343768
9580.0 1758781.066551953
9590.0 1761185.3534376128
9600.0 1697347.403821855
9610.0 1748566.7751468564
9620.0 1745918.8808438906
9630.0 1724262.396301487
9640.0 1663042.9581369027
9650.0 1670960.8390636349
9660.0 1713440.6848874104
9670.0 1706710.6955052484
9680.0 1668325.9310925172
9690.0 1690243.8493504196
9700.0 1718437.3065208364
9710.0 1682689.9666166047
9720.0 1696382.4209059724
9730.0 1656595.0814304878
9740.0 1649547.7427499222
9750.0 1685653.6496319477
9760.0 1701874.001237526
9770.0 1677412.0841077042
9780.0 1660833.1089223328
9790.0 1663826.3127586348
9800.0 1698360.1904231329
9810.0 1700224.9370671844
9820.0 1695747.181246057
9830.0 1675086.87108002
9840.0 1698434.0798021571
9850.0 1696591.884458837
9860.0 1689484.4245819282
9870.0 1694156.589042264
9880.0 1689227.5564797933
9890.0 1671614.348433555
9900.0 1658076.737476123
9910.0 1644982.9403781756
9920.0 1655693.594934813
9930.0 1645439.4252761719
9940.0 1654551.093886985
9950.0 1656454.7602863344
9960.0 1660222.1881851521
9970.0 1651981.6811390368
9980.0 1652731.5882688006
9990.0 1645128.9156623667
10010.0 1636627.1054079845
10020.0 1658072.4067544122
10030.0 1652304.4574029206
10040.0 1645011.2082998792
10050.0 1612535.2139964001
10060.0 1597050.832735956
10070.0 1625212.4269490815
10080.0 1626912.8674013289
10090.0 1624642.1980297053
10100.0 1628648.2711123163
10110.0 1621464.9322174357
10120.0 1623674.139592031
10130.0 1652622.935190663
10140.0 1622193.2253174344
10150.0 1585330.277253678
10160.0 1599534.0402007885
10170.0 1608906.3029627316
10180.0 1604784.0871723208
10190.0 1594194.7002916597
10200.0 1587907.69181069
10210.0 1590358.7320381114
10220.0 1555669.4910049255
10230.0 1600945.2614983679
10240.0 1607850.7021361284
10250.0 1598781.052885385
10260.0 1591588.5886387548
10270.0 1584473.5962777934
10280.0 1584527.878909663
10290.0 1571633.8093476729
10300.0 1577588.153412725
10310.0 1586018.3818963135
10320.0 1582099.103219542
10330.0 1556214.5034372297
10340.0 1496617.1575281715
10350.0 1562485.377449339
10360.0 1575472.9329172461
10370.0 1540174.6035770683
10380.0 1557467.0252041798
10390.0 1562852.9857938436
10400.0 1515384.7939075502
10410.0 1561831.542736274
10420.0 1543793.8032090056
10430.0 1554068.5188326982
10440.0 1562380.7207710252
10450.0 1560289.442356919
10460.0 1543904.1508548353
10470.0 1515147.7690057368
10480.0 1544292.6622668284
10490.0 1536189.082630207
10500.0 1521269.8252716733
10510.0 1531266.8645730976
10520.0 1537489.4141594612
10530.0 1523301.194512378
10540.0 1538583.6428420471
10550.0 1528441.4463894132
10560.0 1534457.3689701941
10570.0 1518329.2830226116
10580.0 1482475.210471257
10590.0 1471517.0054185085
10600.0 1485526.3139571843
10610.0 1508916.8246008446
10620.0 1508434.2853019289
10630.0 1494137.8973069645
10640.0 1517892.6208274052
10650.0 1507525.3172818858
10660.0 1452033.7649915107
10670.0 1491129.5561310772
10680.0 1486123.0847425507
10690.0 1457254.4481625683
10700.0 1486016.879738302
10710.0 1489469.5068128367
10720.0 1485488.9817796312
10730.0 1426761.1143372352
10740.0 1496019.0044220246
10750.0 1430492.322947154
10760.0 1488069.1124491426
10770.0 1478619.9327660275
10780.0 1454318.0695701246
10790.0 1439631.6141235305
10800.0 1455653.4149016268
10810.0 1360888.608750128
10820.0 1805510.7479169879
10830.0 1382684.5034643526
10840.0 1447464.3062397316
10850.0 1463635.024425504
10860.0 1450671.1919892794
10870.0 1363379.2484387255
10880.0 1438035.480904015
10890.0 1438684.0019669433
10900.0 1448448.063928728
10910.0 1433673.616783872
10920.0 1473685.3800910716
10930.0 1417522.98871814
10940.0 1431977.10479791
10950.0 1413623.4239062865
10960.0 1370255.9762119844
10970.0 1374545.365429412
10980.0 1372794.0464656237
10990.0 1411945.3314582575
11000.0 1405248.0161510215
11010.0 1384964.775473135
11020.0 1358097.8333478717
11030.0 1399750.3459739755
11040.0 1406658.0064592417
11050.0 1402719.9665677887
11060.0 1388395.2096297005
11070.0 1400641.2731188613
11080.0 1407908.918933943
11090.0 1402788.128289624
11100.0 1394855.0217607
11110.0 1393301.2928775398
11120.0 1367963.4314411439
11130.0 1378179.6247231555
11140.0 1402039.8734415602
11150.0 1390449.4328512019
11160.0 1377194.242930232
11170.0 1392306.885004762
11180.0 1381777.3771762822
11190.0 1364868.807317485
11200.0 1355446.6490052354
11210.0 1378597.289401156
11220.0 1389291.4534682261
11230.0 1375000.3204785336
11240.0 1367654.4182721667
11250.0 1223728.817886259
11260.0 1339168.7892648485
11270.0 1385000.8839638997
11280.0 1368462.040739702
11290.0 1352492.8004803597
11300.0 1334270.7508659349
11310.0 1345915.2218965853
11320.0 1373327.9315761826
11330.0 1342915.0274637355
11340.0 1352509.5679344644
11350.0 1351366.2761011815
11360.0 1363935.5823281715
11370.0 1322109.5076714652
11380.0 1329438.1884624043
11390.0 1321752.2257887828
11400.0 1298560.3262262233
11410.0 1337635.264330437
11420.0 1312174.4606022288
11430.0 1344346.138814076
11440.0 1284538.1309918326
11450.0 1345563.8389499008
11460.0 1342367.2775813143
11470.0 1327084.7653353023
11480.0 1314322.6504043166
11490.0 1338493.0186553753
11500.0 1338120.0088962012
11510.0 1343509.7855554563
11520.0 1334347.44038651
11530.0 1329313.299872581
11540.0 1329497.7240748373
11550.0 1330003.9255468312
11560.0 1332057.4570385048
11570.0 1334125.9639828303
11580.0 1331003.21758543
11590.0 1252826.9382750376
11600.0 1321000.053908055
11610.0 1176687.9030473346
11620.0 1324554.7529384831
11630.0 1315632.8323527172
11640.0 1241001.758711097
11650.0 1316880.382075371
11660.0 1319621.7699798758
11670.0 1306362.7740424764
11680.0 1304703.832568787
11690.0 1219331.055334001
11700.0 1309240.4551194187
11710.0 1300625.4242357286
11720.0 1302184.2444705025
11730.0 1306760.082238497
11740.0 1298016.5400943146
11750.0 1293995.4364804337
11760.0 1301998.086823678
11770.0 1268526.435980373
11780.0 1216192.6898963477
11790.0 1288824.3619970703
11800.0 1282971.5937091908
11810.0 1265275.6237466724
11820.0 1255089.2199000784
11830.0 1080166.8860366787
11840.0 1263877.9669939666
11850.0 1280694.451087282
11860.0 1278490.3995029076
11870.0 1275818.4704210416
11880.0 1118324.437976495
11890.0 1238779.4225821802
11900.0 1273289.240904324
11910.0 1273228.5027152696
11920.0 1273203.7572443988
11930.0 1276211.4447875866
11940.0 1268703.230217276
11950.0 1249185.5286589193
11960.0 1231625.1427493624
11970.0 1098207.628415952
11980.0 1183080.528730233
11990.0 1186295.6581068446
12000.0 1252807.631872413
12010.0 1249307.2257083394
12020.0 1250208.2313480324
12030.0 1153185.3796519
12040.0 1226191.5637954148
12050.0 1244836.0092382247
12060.0 1246339.917946228
12070.0 1231847.7333477587
12080.0 1081193.1980661089
12090.0 1194879.5872759798
12100.0 1196995.2873030184
12110.0 1232877.5991343064
12120.0 1237312.23926018
12130.0 1237678.5909674417
12140.0 1241615.0482687503
12150.0 1238084.3676314782
12160.0 1239426.0930735199
12170.0 1226768.6968950836
12180.0 1233744.6657227066
12190.0 1225648.946054251
12200.0 1219541.7854786266
12210.0 1220511.32682451
12220.0 1227566.0562976287
12230.0 1218123.9696053923
12240.0 1221419.189495328
12250.0 1222029.7243021026
12260.0 1217746.9597217184
12270.0 1181259.2920201654
12280.0 1217472.272686785
12290.0 1218984.864972835
12300.0 1214965.3079707462
12310.0 1213347.971056657
12320.0 1208692.291704198
12330.0 1204919.3231746932
12340.0 1188405.0735470648
12350.0 1205987.5244230567
12360.0 1179225.764797416
12370.0 1198884.5674021014
12380.0 1206540.341382598
12390.0 1194974.768100247
12400.0 1185404.3175605957
12410.0 1192364.7137382834
12420.0 1167717.4063332486
12430.0 1164186.9848019113
12440.0 1195019.7527119978
12450.0 1194600.1929363932
12460.0 1191347.1043664226
12470.0 1184002.94635281
12480.0 1189036.588240405
12490.0 1187943.3866869507
12500.0 1187988.6075900402
12510.0 1165973.9283454083
12520.0 1127948.294856885
12530.0 1158295.0860139523
12540.0 1181316.9233660696
12550.0 1179422.140876834
12560.0 1160221.9084948823
12570.0 1229604.0879832879
12580.0 1168009.795889959
12590.0 1173532.3840427203
12600.0 1170418.6287329681
12610.0 1165133.0892722153
12620.0 1166373.314556891
12630.0 1168731.6196488636
12640.0 1135197.4595254506
12650.0 1151265.150622654
12660.0 1164678.5307383623
12670.0 1154387.509536691
12680.0 1145242.5471880357
12690.0 1163692.1243778232
12700.0 1159479.9594235085
12710.0 1152356.6656342952
12720.0 1161163.6225795634
12730.0 1158055.9861537104
12740.0 1132026.4203374928
12750.0 1155512.5834486452
12760.0 1155241.0715076954
12770.0 1153370.4957094032
12780.0 1151600.0680918426
12790.0 1148190.5055735223
12800.0 1146420.761670564
12810.0 1126499.1811283142
12820.0 1093855.3981659417
12830.0 1112894.213937258
12840.0 1135531.9880660048
12850.0 1130512.7424366688
12860.0 1141007.5163160402
12870.0 1137727.4212914975
12880.0 1121229.3086647124
12890.0 1135045.402225729
12900.0 1058499.9821512534
12910.0 1110551.8320165928
12920.0 1120887.8717851217
12930.0 1123023.2673761544
12940.0 1121645.7570421507
12950.0 1129213.8787209315
12960.0 1122508.6163035573
12970.0 1116343.81558225
12980.0 1095977.854074639
12990.0 1121203.928357771
13000.0 1119704.4014643377
13010.0 1111262.9893934815
13020.0 1120964.8459292413
13030.0 1098810.744015184
13040.0 1109989.643748385
13050.0 1116016.2251489055
13060.0 1103778.9516520656
13070.0 1113923.2820348071
13080.0 1107775.5094505462
13090.0 1109457.235207931
13100.0 1098812.62269361
13110.0 1104319.6187024189
13120.0 950605.8699215173
13130.0 1053372.4707465158
13140.0 1089656.6566660935
13150.0 952903.4734561022
13160.0 1095269.4116891143
13170.0 1102898.0152965537
13180.0 1081495.953800167
13190.0 1101129.2908014152
13200.0 1086125.825859882
13210.0 1100231.550476938
13220.0 1091642.2444012512
13230.0 1100841.6141721986
13240.0 1099114.6886156728
13250.0 1090960.777973551
13260.0 1087715.4803202767
13270.0 1083932.7905260427
13280.0 1074037.3283225112
13290.0 1025581.3975595257
13300.0 1085790.8963703855
13310.0 1080510.6390288663
13320.0 999031.242041305
13330.0 1079126.1170048923
13340.0 1083807.9408434236
13350.0 1068478.9802350884
13360.0 1084970.2188668237
13370.0 1080872.4038353728
13380.0 1074179.383233482
13390.0 1045240.1373948351
13400.0 1061175.2740839224
13410.0 1075571.372746749
13420.0 1062580.2025280395
13430.0 1075607.7710681038
13440.0 1077251.4054568699
13450.0 1070818.1388888897
13460.0 1069990.4532475756
13470.0 1071467.5400518957
13480.0 1071586.5213020786
13490.0 1065184.7974873944
13500.0 1047171.8989582324
13510.0 1071147.079223411
13520.0 1063952.453050972
13530.0 1069063.786966502
13540.0 1067381.8415293738
13550.0 1040505.9396888893
13560.0 1044592.6248170416
13570.0 1042845.0823664992
13580.0 1063182.3768131908
13590.0 1046894.8622114148
13600.0 1030295.0275297987
13610.0 1061902.1881089173
13620.0 1057549.497555887
13630.0 1014419.0621563888
13640.0 1024781.8919100541
13650.0 1050693.754096547
13660.0 1054838.688688927
13670.0 1042437.4988054642
13680.0 1036296.7265462828
13690.0 1049655.6470215875
13700.0 1046944.4394740756
13710.0 1047481.8439963927
13720.0 1035357.477889672
13730.0 1023901.2172160532
13740.0 1043368.247079817
13750.0 1050089.013058628
13760.0 1021974.0522066815
13770.0 1041227.5917808982
13780.0 1040046.846297119
13790.0 1039204.3113804183
13800.0 1044313.5221236602
13810.0 1039445.8776389201
13820.0 1023805.2798198429
13830.0 1037636.5049116877
13840.0 1040191.1261152093
13850.0 1001940.7890948497
13860.0 996463.2497425837
13870.0 1031446.3440439726
13880.0 1032661.4217072848
13890.0 1030823.6906778484
13900.0 1001859.0947788452
13910.0 1011292.1271749022
13920.0 1018825.5528099702
13930.0 1021012.1774098091
13940.0 1025087.2044109952
13950.0 1009525.770146968
13960.0 1024532.8710823015
13970.0 1016182.6392408618
13980.0 1017317.1460809344
13990.0 1017650.8208874076
14000.0 972326.2305521057
14010.0 985281.2926957931
14020.0 1023490.1381368367
14030.0 1008317.9238103488
14040.0 1007142.4878414801
14050.0 1021290.397189391
14060.0 1004594.2438518556
14070.0 1004599.0524801618
14080.0 990910.8740382156
14090.0 1009668.4681161498
14100.0 998124.1680238191
14110.0 993030.9612080065
14120.0 968145.766493717
14130.0 956522.3458393756
14140.0 1000592.2826251586
14150.0 1001121.3336132402
14160.0 982079.388328972
14170.0 998961.210252009
14180.0 980545.4778546976
14190.0 992198.1111654963
14200.0 981034.6807527253
14210.0 977224.9824802442
14220.0 973542.5444004713
14230.0 982943.4339529207
14240.0 928436.4641408096
14250.0 935935.7445074655
14260.0 927624.2391645714
14270.0 919630.8837664556
14280.0 966639.6698406165
14290.0 898039.8647730512
14300.0 981084.676212995
14310.0 954054.8366937464
14320.0 977388.4793491802
14330.0 993961.656116649
14340.0 976399.7795504421
14350.0 970204.4603098291
14360.0 985003.627306555
14370.0 976399.7300028348
14380.0 987682.0412871286
14390.0 980162.7078833308
14400.0 878258.1435879611
14410.0 977618.0678738105
14420.0 959673.6882511151
14430.0 970492.4334783787
14440.0 927670.9524338506
14450.0 983607.3636024232
14460.0 955621.5113847323
14470.0 976665.7290985674
14480.0 942620.6642072964
14490.0 963442.0567379541
14500.0 937219.6777772064
14510.0 890336.9014957502
14520.0 953317.1336171128
14530.0 958869.9815556956
14540.0 942410.848903471
14550.0 921775.3002100423
14560.0 931767.3756799465
14570.0 929611.7171771728
14580.0 965218.4667132495
14590.0 948084.4080325899
14600.0 931729.5882222654
14610.0 940385.1514054574
14620.0 941663.2542697289
14630.0 946323.276971131
14640.0 958445.551123266
14650.0 868024.8677699416
14660.0 948526.0372875319
14670.0 950174.2647112026
14680.0 944630.6047999295
14690.0 936883.7369644934
14700.0 903309.459778662
14710.0 933761.5995692054
14720.0 906945.9526654969
14730.0 953202.5983557923
14740.0 942798.2290745527
14750.0 886951.4008359743
14760.0 950319.8382277603
14770.0 927712.9162822015
14780.0 934564.3264876062
14790.0 955477.3519403031
14800.0 938709.0851649339
14810.0 927231.931253433
14820.0 940818.572109091
14830.0 880004.6947095189
14840.0 937167.1739964697
14850.0 932471.1913387643
14860.0 917225.0952183469
14870.0 838615.9102320075
14880.0 671499.7680900204
14890.0 912829.3040422485
14900.0 910627.2764071451
14910.0 911404.5451246243
14920.0 943453.6404238832
14930.0 939499.1590836013
14940.0 939560.9238540421
14950.0 935928.0143778754
14960.0 897159.2416796555
14970.0 918028.7510808405
14980.0 913003.7059695486
14990.0 920956.7435007811
15000.0 917805.6530575417
15010.0 895028.8678494169
15020.0 737978.5930747245
15030.0 742861.2642387812
15040.0 679810.5931099306
15050.0 723978.5147294482
15060.0 908297.676166664
15070.0 931490.849548825
15080.0 896946.1962926444
15090.0 925636.8585985508
15100.0 907461.7965325519
15110.0 935667.2536825036
15120.0 891068.4800473715
15130.0 921930.2320256549
15140.0 897396.1285874714
15150.0 927241.5630092248
15160.0 888065.6187538267
15170.0 930025.0175468203
15180.0 915502.9255162093
15190.0 924258.0365047386
15200.0 912417.9307214097
15210.0 879430.0571205654
15220.0 857715.3259379568
15230.0 916256.8985024802
15240.0 904435.6018389199
15250.0 917757.5709770924
15260.0 894999.9552221688
15270.0 926279.4805675203
15280.0 907590.7018117665
15290.0 844582.0424075961
15300.0 887532.8677752928
15310.0 921583.8530877875
15320.0 909633.6924444959
15330.0 897518.3380326163
15340.0 876722.000900314
15350.0 927764.2322173362
15360.0 918258.3011575448
15370.0 914508.5010202925
15380.0 878810.403191733
15390.0 875933.9948548891
15400.0 875565.6936793439
15410.0 910092.9673801273
15420.0 895298.8217285788
15430.0 900723.7969935633
15440.0 922704.8738497109
15450.0 920114.3461353354
15460.0 910078.8856681138
15470.0 911956.4752036262
15480.0 907784.3952598672
15490.0 903976.4189591284
15500.0 895514.9103378394
15510.0 897766.6564328101
15520.0 910583.0425323647
15530.0 876044.0605180276
15540.0 856215.3719436696
15550.0 907368.9547846784
15560.0 871342.3261168011
15570.0 879655.4294871744
15580.0 904507.9845814324
15590.0 842486.1991593036
15600.0 898316.073857404
15610.0 903124.8420907488
15620.0 829587.4604447882
15630.0 840101.5328302021
15640.0 890321.3250083398
15650.0 872959.5091281148
15660.0 850002.5735148572
15670.0 872758.3630740591
15680.0 869659.0293606113
15690.0 846797.8015600006
15700.0 887035.6349823906
15710.0 895246.1996575
15720.0 824160.657254454
15730.0 872069.0185714909
15740.0 758076.6911637335
15750.0 722556.139662351
15760.0 786202.7138188762
15770.0 659153.0944341517
15780.0 862896.5681254885
15790.0 871039.1730157043
15800.0 877049.9202510563
15810.0 885521.1019492736
15820.0 763008.7555105542
15830.0 861734.2226416577
15840.0 863976.7717524553
15850.0 881478.1000715498
15860.0 862580.8229446529
15870.0 833362.5896828446
15880.0 806399.7319333487
15890.0 712818.8217390182
15900.0 824377.3570521114
15910.0 796977.8069704617
15920.0 865661.4910654975
15930.0 865748.7063358034
15940.0 861726.3680740417
15950.0 850567.794743231
15960.0 771228.1545320381
15970.0 863484.2630638479
15980.0 831598.1429116876
15990.0 872785.5372361647
16000.0 866338.658026606
16010.0 813206.6329122748
16020.0 868013.8431544596
16030.0 872037.6259186238
16040.0 803900.0163039126
16050.0 862363.1692940231
16060.0 813728.5463274915
16070.0 838870.2410658846
16080.0 863451.5138038923
16090.0 825644.593122541
16100.0 790187.1704699651
16110.0 864390.992076889
16120.0 848120.4539566135
16130.0 845328.4118358407
16140.0 819211.5546095544
16150.0 765919.3462025961
16160.0 738769.6454872566
16170.0 842518.1134868013
16180.0 833707.1500469836
16190.0 812478.3803133647
16200.0 706568.6621550424
16210.0 811520.7409725521
16220.0 833620.0567058786
16230.0 815128.5852495474
16240.0 813699.4511826335
16250.0 836831.7065894533
16260.0 844856.7521015685
16270.0 850483.9847076574
16280.0 849770.4110894117
16290.0 835329.0882315575
16300.0 838427.3541938064
16310.0 827932.551650039
16320.0 797207.9376831773
16330.0 821050.1412363956
16340.0 843481.2611889401
16350.0 826439.4117339909
16360.0 803045.9244544592
16370.0 808760.4674330553
16380.0 751854.7460210985
16390.0 797759.0012107906
16400.0 768650.6906781885
16410.0 801183.5896714914
16420.0 827688.2455572819
16430.0 823875.4194275057
16440.0 757178.3269772062
16450.0 791893.659538971
16460.0 867991.534582289
16470.0 798402.2411697612
16480.0 811571.763754232
16490.0 743517.6172741666
16500.0 821496.0225325385
16510.0 810405.2575389781
16520.0 791840.0982727797
16530.0 803277.5179477916
16540.0 781594.505467012
16550.0 797529.8525377162
16560.0 775054.9705473223
16570.0 806133.6463778204
16580.0 795035.3138477916
16590.0 791583.2167483852
16600.0 806695.9085033815
16610.0 786675.8905477853
16620.0 786276.6436021305
16630.0 771220.7840017794
16640.0 777016.634952327
16650.0 742284.1181680001
16660.0 777642.3277717471
16670.0 763016.1345304908
16680.0 755613.7573365134
16690.0 786395.9441756508
16700.0 784434.1207831313
16710.0 757645.2953513287
16720.0 673979.5312049413
16730.0 772618.4753423197
16740.0 773060.8869008466
16750.0 633665.8561145235
16760.0 720806.7110201091
16770.0 775427.2420138932
16780.0 771656.5544438992
16790.0 772526.453507817
16800.0 763156.9199218653
16810.0 758912.7316617988
16820.0 724885.2657781265
16830.0 756852.6246015425
16840.0 755661.2382227865
16850.0 765326.1200604412
16860.0 739747.526153289
16870.0 740885.4697940156
16880.0 747948.984680982
16890.0 740635.8835635217
16900.0 711723.6908037001
16910.0 744222.2616812775
16920.0 756430.3081494595
16930.0 749403.4477023578
16940.0 756035.8528065924
16950.0 748625.371386229
16960.0 746323.0274759076
16970.0 727020.8400898448
16980.0 738833.1004882259
16990.0 729253.9852011765
17000.0 704905.8719320442
17010.0 691772.6472172731
17020.0 728412.7294648435
17030.0 731046.969163028
17040.0 737790.1331951376
17050.0 727974.6909728482
17060.0 723794.5842598493
17070.0 708283.1099771204
17080.0 726816.3537815236
17090.0 715917.0105373474
17100.0 671518.4241759883
17110.0 526443.7984671728
17120.0 696842.1975150838
17130.0 716069.1408791819
17140.0 720477.3226006279
17150.0 720059.4642744377
17160.0 697360.4174709965
17170.0 715500.1437439935
17180.0 713931.4648276038
17190.0 713417.8971801696
17200.0 701141.6682332532
17210.0 703964.67878345
17220.0 694887.1361256833
17230.0 656041.3915974365
17240.0 698115.9900678742
17250.0 701192.0624709803
17260.0 703218.2343318266
17270.0 691687.0490862166
17280.0 687946.1698647521
17290.0 693934.7348746345
17300.0 674839.4796402156
17310.0 687737.749659804
17320.0 675203.2560282745
17330.0 616370.4588224792
17340.0 668229.1868841562
17350.0 679395.2638323117
17360.0 672126.1248920762
17370.0 679382.1552035288
17380.0 674782.1332757752
17390.0 673555.3613433408
17400.0 673753.6962751112
17410.0 635457.462944766
17420.0 663951.9895898285
17430.0 674340.7694666148
17440.0 681228.7672684358
17450.0 670891.148150397
17460.0 667250.1192701282
17470.0 626008.6874690371
17480.0 676814.2885690025
17490.0 672032.5046995933
17500.0 654931.628225021
17510.0 664829.1987464923
17520.0 668003.0985907711
17530.0 664697.868721582
17540.0 660295.8288869323
17550.0 657935.0058012474
17560.0 659922.5786244571
17570.0 664586.5793090579
17580.0 656506.0005796084
17590.0 655441.0915393883
17600.0 650470.7892230538
17610.0 641831.9745725683
17620.0 611829.5869697295
17630.0 654747.726531843
17640.0 631302.2335464471
17650.0 653381.3880604864
17660.0 629456.5881583499
17670.0 645311.4757779578
17680.0 611044.7790759052
17690.0 644408.0263466488
17700.0 634565.0284461969
17710.0 624984.1731283774
17720.0 599830.1958087725
17730.0 636097.8365600497
17740.0 631976.9894908513
17750.0 629818.70910444
17760.0 622590.3239138635
17770.0 603288.0747101485
17780.0 627770.5689608586
17790.0 633092.2716838887
17800.0 632219.0974322241
17810.0 629217.4405114752
17820.0 621286.1472941585
17830.0 622385.041112041
17840.0 615830.6283678946
17850.0 607697.7322748299
17860.0 614352.2335140965
17870.0 620310.3282157247
17880.0 625497.7768315503
17890.0 624947.5418458426
17900.0 619930.1270091818
17910.0 619625.6719947369
17920.0 617075.8026471932
17930.0 590631.4546576706
17940.0 594050.1823513488
17950.0 618214.378599586
17960.0 615000.6124541308
17970.0 611000.1406448974
17980.0 607537.5079676738
17990.0 608552.277628765
18000.0 601974.8758434649
18010.0 607948.6403027767
18020.0 597938.6372495447
18030.0 579308.6949542532
18040.0 591932.6565002276
18050.0 588966.5008566558
18060.0 599350.3497403403
18070.0 599053.3607466853
18080.0 582222.8936133927
18090.0 595120.5911116821
18100.0 589903.3834607814
18110.0 584937.207002995
18120.0 589306.6853363101
18130.0 593487.985990002
18140.0 589456.8684550916
18150.0 578594.7324284978
18160.0 571048.9500066366
18170.0 570990.1283553821
18180.0 571829.5389083104
18190.0 584288.0817344141
18200.0 584205.4385815812
18210.0 585181.9883208885
18220.0 568307.2612340129
18230.0 578604.2352517291
18240.0 582111.2151573037
18250.0 580522.9359998532
18260.0 579601.0464367991
18270.0 575505.912360226
18280.0 558600.3851864723
18290.0 569521.6272185621
18300.0 564668.8243142704
18310.0 572997.628304637
18320.0 569390.909554739
18330.0 575936.2617188059
18340.0 564537.0766437828
18350.0 562894.4621802905
18360.0 562298.3789929778
18370.0 530325.0529209749
18380.0 550948.4213150918
18390.0 556930.4609004372
18400.0 549976.4230663485
18410.0 532942.5380880951
18420.0 514263.3695891871
18430.0 548855.5275813617
18440.0 554859.0177589903
18450.0 552313.1856360296
18460.0 540716.9585712185
18470.0 515042.6940563945
18480.0 554337.2960505427
18490.0 552462.4273412403
18500.0 553846.4738554918
18510.0 550672.6243211358
18520.0 534453.4470970493
18530.0 543269.7706248197
18540.0 550678.3231522827
18550.0 523481.932123914
18560.0 533971.3893331442
18570.0 547383.1014070128
18580.0 511942.2507182897
18590.0 542985.1946020637
18600.0 544398.2831716209
18610.0 538425.5134429656
18620.0 537839.148359851
18630.0 533687.3558987778
18640.0 534106.5623696661
18650.0 541766.152483918
18660.0 510158.7368733436
18670.0 536903.5871480322
18680.0 529966.688702134
18690.0 534301.4488890467
18700.0 530753.314978939
18710.0 520998.6938756219
18720.0 496942.22344409593
18730.0 523197.28578969353
18740.0 570076.6851547475
18750.0 469697.1948747947
18760.0 509707.12844819826
18770.0 495884.70165179734
18780.0 520343.78700074716
18790.0 520434.1264704347
18800.0 525112.8172086567
18810.0 525218.7998876901
18820.0 517159.1130597717
18830.0 522399.5620158792
18840.0 516649.3592184641
18850.0 507956.6836451802
18860.0 463869.9421404894
18870.0 513550.70626648876
18880.0 497586.0794397278
18890.0 497784.8233331198
18900.0 456507.4798906855
18910.0 489614.58483527217
18920.0 473296.84584646777
18930.0 491696.8792846688
18940.0 499728.2130209358
18950.0 505267.15430385
18960.0 499516.3847739154
18970.0 486895.52623118594
18980.0 503832.3686954008
18990.0 469099.28563579073
19000.0 501355.00166467926
19010.0 502743.8828607476
19020.0 501868.6412167062
19030.0 486703.4776660512
19040.0 495191.5030824665
19050.0 478148.38333929644
19060.0 499238.2311165826
19070.0 500356.40162179735
19080.0 487783.3184737124
19090.0 494875.25085753034
19100.0 493826.41575008974
19110.0 464870.99027226184
19120.0 477849.90349353495
19130.0 493669.68441344914
19140.0 486932.2445209268
19150.0 489424.248811983
19160.0 486991.5304839362
19170.0 487638.96992891777
19180.0 487206.3080036286
19190.0 459613.42815729347
19200.0 467951.14915111015
19210.0 477028.15491583705
19220.0 482729.8341960252
19230.0 485338.78497631795
19240.0 483889.76902541774
19250.0 476771.9061853955
19260.0 471762.33338356036
19270.0 474282.21405051276
19280.0 466770.89640957315
19290.0 476615.811333249
19300.0 470358.988257401
19310.0 386383.277432302
19320.0 470084.3117517537
19330.0 471281.62972169515
19340.0 447367.51368484244
19350.0 472271.9999236784
19360.0 475154.9325383505
19370.0 474546.1894489014
19380.0 470062.7083484232
19390.0 450219.2916753054
19400.0 462298.12389606074
19410.0 469471.16162856796
19420.0 462361.94869406545
19430.0 424037.9108277429
19440.0 445298.1920088245
19450.0 349264.61196070665
19460.0 430529.3304761164
19470.0 448173.1851230424
19480.0 448687.0274036086
19490.0 434727.1299974998
19500.0 434341.9200522002
19510.0 387229.53716714634
19520.0 458257.5506694735
19530.0 453271.62780257297
19540.0 446904.9181541022
19550.0 458412.46403877897
19560.0 458277.4315830032
19570.0 456231.45919284626
19580.0 449431.2878539159
19590.0 447261.1180605543
19600.0 447426.3860571652
19610.0 438000.9089945969
19620.0 443492.2208079275
19630.0 433484.8995399406
19640.0 438767.4809941832
19650.0 451390.60580154153
19660.0 449890.38960957684
19670.0 448808.0447849253
19680.0 447101.43567561713
19690.0 446220.0305478517
19700.0 445930.8533490163
19710.0 442260.3070400145
19720.0 410548.9839922757
19730.0 424706.37194286234
19740.0 434875.14960168547
19750.0 436480.81182655104
19760.0 434350.79175458883
19770.0 397511.9671049386
19780.0 320525.02450901765
19790.0 412116.85985081835
19800.0 433691.56215824676
19810.0 430593.0541659599
19820.0 430486.6267460946
19830.0 435304.6564867781
19840.0 433217.4718334981
19850.0 365436.9373166816
19860.0 352045.06748726394
19870.0 423241.9443655972
19880.0 428606.4544961679
19890.0 430508.2338253641
19900.0 428703.40409340826
19910.0 427008.4292871014
19920.0 404443.03454709053
19930.0 375940.71656053886
19940.0 419175.27392899926
19950.0 421346.7363296589
19960.0 397249.2549099378
19970.0 409935.75864554086
19980.0 421246.82709597936
19990.0 423051.9588794152
20010.0 421051.9264911589
20020.0 408185.3062017966
20030.0 415177.2610164127
20040.0 417529.4513533185
20050.0 409104.815359754
20060.0 415807.39491237636
20070.0 413352.2466882662
20080.0 414994.9739983943
20090.0 408655.0954681576
20100.0 414718.87660348124
20110.0 414534.20672243746
20120.0 413922.13636345183
20130.0 411319.45955454384
20140.0 408672.95541114965
20150.0 411194.9244591289
20160.0 410632.3859934137
20170.0 406577.63987032144
20180.0 408247.68684315844
20190.0 404504.80486776953
20200.0 400987.22959456936
20210.0 391967.0527549038
20220.0 404070.5816851106
20230.0 398241.0823244954
20240.0 395829.2159641604
20250.0 402962.3806674875
20260.0 398585.9968290553
20270.0 398117.76563228364
20280.0 394733.0856427113
20290.0 396752.9773622873
20300.0 377482.1942860376
20310.0 399791.93253469636
20320.0 398846.0979118551
20330.0 397321.41972956684
20340.0 386927.46031556604
20350.0 389124.92768871837
20360.0 393805.846101721
20370.0 392347.5951601714
20380.0 378775.01332208683
20390.0 394040.73208159825
20400.0 389372.011940765
20410.0 384016.03088695765
20420.0 391002.01996277773
20430.0 391935.27975131635
20440.0 390978.5788345102
20450.0 388848.41657888703
20460.0 390044.76427546813
20470.0 382905.7916013995
20480.0 389108.4671223478
20490.0 388175.68150769296
20500.0 387388.48585714865
20510.0 384216.70578355977
20520.0 378956.61686774937
20530.0 382210.453277876
20540.0 378886.37729732273
20550.0 382069.6410298396
20560.0 381589.92075799324
20570.0 379979.6277727324
20580.0 379375.41242071084
20590.0 372015.23526369495
20600.0 360054.1542816219
20610.0 378010.81138084055
20620.0 373222.8952112788
20630.0 307093.9268361134
20640.0 365741.65487497207
20650.0 374809.9303677513
20660.0 373918.4824059855
20670.0 369440.78187428927
20680.0 369252.49746969243
20690.0 370880.4106744352
20700.0 355582.0713562324
20710.0 367717.8511929349
20720.0 364396.9330827846
20730.0 370020.6675445829
20740.0 364752.80975919537
20750.0 369631.03592540114
20760.0 363169.869258566
20770.0 363951.64790634793
20780.0 367382.01661317353
20790.0 366719.82354708377
20800.0 361478.5594644398
20810.0 365724.4019989824
20820.0 363509.0793234048
20830.0 356219.80382389564
20840.0 348337.9231022313
20850.0 360685.94734825514
20860.0 361886.79729113216
20870.0 359988.71027724445
20880.0 358632.8491155461
20890.0 359332.17139150837
20900.0 360264.7184917652
20910.0 355894.2098543851
20920.0 333888.92063320224
20930.0 356311.2214534953
20940.0 355740.4813433248
20950.0 356689.10587805987
20960.0 343863.2335994895
20970.0 347028.2864678736
20980.0 354704.7611841981
20990.0 352781.40062917967
21000.0 356774.4827586753
21010.0 350225.32942561724
21020.0 351732.7375220717
21030.0 354388.2353742487
21040.0 353275.7680491596
21050.0 353448.9086629458
21060.0 349633.9127860827
21070.0 345035.5068799206
21080.0 347562.96856043953
21090.0 322245.03098846966
21100.0 346422.01508515223
21110.0 345954.39212945604
21120.0 345935.1529222065
21130.0 347154.07287093904
21140.0 344460.34792373265
21150.0 344865.3333159309
21160.0 310476.45205019705
21170.0 335772.5125045154
21180.0 339809.85346066096
21190.0 336804.94666288875
21200.0 338402.0716412725
21210.0 338827.56784601294
21220.0 336758.4152053366
21230.0 334093.4552732391
21240.0 333224.0341313336
21250.0 339504.06594438973
21260.0 335780.90868734464
21270.0 337688.38241738745
21280.0 336817.66634600115
21290.0 338174.92173994187
21300.0 337776.62723665015
21310.0 336734.6735413663
21320.0 334540.7298412268
21330.0 336049.11659050675
21340.0 334048.81431508303
21350.0 318361.34125791764
21360.0 329961.4892836739
21370.0 334088.99625273375
21380.0 333448.27367115516
21390.0 332604.9014074688
21400.0 332429.10831424117
21410.0 332312.7740686984
21420.0 331979.690224694
21430.0 327878.986519324
21440.0 329193.97939249844
21450.0 324722.4537197575
21460.0 325065.6789554414
21470.0 329141.14138183766
21480.0 328191.40277547966
21490.0 325616.3831482744
21500.0 327313.9230739664
21510.0 326602.0208074083
21520.0 324252.41698212473
21530.0 322605.36837869626
21540.0 322510.4859941376
21550.0 323530.83841303707
21560.0 322461.89198486164
21570.0 322375.5845617643
21580.0 322885.69872183615
21590.0 319576.1897214817
21600.0 321548.79846912675
21610.0 319557.50412799144
21620.0 319480.24722409993
21630.0 318524.6862513414
21640.0 316045.2227516071
21650.0 305960.3366532544
21660.0 306109.42690434656
21670.0 314804.0323679285
21680.0 314206.32620968675
21690.0 314674.2756105762
21700.0 314279.5226160081
21710.0 314314.3058155213
21720.0 314445.6263087897
21730.0 314021.3235699113
21740.0 311070.3375869052
21750.0 311295.7278337857
21760.0 307277.1942867886
21770.0 309166.2174597565
21780.0 280303.67588511773
21790.0 307513.0004472777
21800.0 311279.6861313439
21810.0 309364.0959476987
21820.0 295111.62740930193
21830.0 308652.11493346747
21840.0 309121.19835293683
21850.0 307788.358313121
21860.0 307299.05345137604
21870.0 302570.4142816406
21880.0 286445.23106693005
21890.0 303068.26340805413
21900.0 294931.1167193599
21910.0 305802.01552669355
21920.0 305797.86947623605
21930.0 304410.41775516426
21940.0 300808.81126001966
21950.0 302783.33933325694
21960.0 303468.6027041227
21970.0 302100.3409303314
21980.0 301952.153450058
21990.0 301048.65986885317
22000.0 295639.08101388934
22010.0 299647.12968949106
22020.0 299560.7815134566
22030.0 298267.0885872634
22040.0 296594.7895720631
22050.0 291171.9747069214
22060.0 257199.38396808878
22070.0 289293.6869130266
22080.0 281468.59453413595
22090.0 294414.6154327188
22100.0 295509.2205052702
22110.0 292784.8928475643
22120.0 295645.26821175695
22130.0 295132.4607261483
22140.0 294802.5569603073
22150.0 294151.8667230116
22160.0 292691.5894643868
22170.0 292310.04346772237
22180.0 292262.6253056492
22190.0 292672.0485848165
22200.0 291702.8841015997
22210.0 285507.5921308746
22220.0 291479.05076799553
22230.0 285317.73958236555
22240.0 289785.59087611537
22250.0 289551.79780828586
22260.0 275498.69842442864
22270.0 280485.9920192349
22280.0 279628.83703876776
22290.0 287209.79516849347
22300.0 281982.60443613504
22310.0 281744.56828418607
22320.0 286125.4835450978
22330.0 286000.0597939241
22340.0 284613.5723451153
22350.0 284650.8568996741
22360.0 284871.16770598065
22370.0 283773.4893274666
22380.0 271337.0235690593
22390.0 276015.36937882105
22400.0 282787.9666851297
22410.0 281797.0147946453
22420.0 277595.83566771995
22430.0 281058.5270331882
22440.0 277492.83708864276
22450.0 280017.52087508736
22460.0 279642.46302872803
22470.0 267498.9338340434
22480.0 277073.1136735227
22490.0 277088.3826069274
22500.0 278194.6005027472
22510.0 276719.40825749736
22520.0 276373.74370765267
22530.0 274946.56862228515
22540.0 261974.59182846127
22550.0 274046.704475977
22560.0 274843.54287671065
22570.0 273843.3319947629
22580.0 274423.85122273443
22590.0 274065.2611463492
22600.0 273325.2714667793
22610.0 264729.2915624494
22620.0 252075.5618875717
22630.0 265350.1221194882
22640.0 271054.7623298309
22650.0 257801.62280547025
22660.0 269405.7577332958
22670.0 270044.27434491145
22680.0 269723.04023136874
22690.0 268849.727355043
22700.0 268606.2000881516
22710.0 266190.29442771064
22720.0 268335.4116093392
22730.0 267509.71837500803
22740.0 261601.30489199565
22750.0 265808.0899769721
22760.0 264773.7498771793
22770.0 265952.70211033494
22780.0 264473.5446601621
22790.0 262985.42320624366
22800.0 257057.7761735418
22810.0 230374.4328119072
22820.0 251818.95566962758
22830.0 260118.31452416326
22840.0 262886.22219979775
22850.0 261289.0681044401
22860.0 260831.88232606894
22870.0 261399.53548623092
22880.0 261274.41705895754
22890.0 260675.18873048792
22900.0 261154.23027407497
22910.0 259362.18709946785
22920.0 259699.0297997528
22930.0 218412.11968138354
22940.0 227120.71734230514
22950.0 241160.3840372644
22960.0 233457.77818826158
22970.0 239277.37966441733
22980.0 242676.5291588035
22990.0 245223.6661811531
23000.0 248590.71132916206
23010.0 246007.21665359545
23020.0 247657.89756903017
23030.0 248447.4192344854
23040.0 246296.50812925235
23050.0 246359.56452818032
23060.0 247578.58792924584
23070.0 247005.99971901884
23080.0 248147.11805669553
23090.0 246569.26450790185
23100.0 251389.45748338857
23110.0 245708.13808247267
23120.0 245337.3091987541
23130.0 246195.1576027439
23140.0 240831.35617733188
23150.0 247545.90262676633
23160.0 240883.63479929182
23170.0 243824.25377061474
23180.0 244239.37962466155
23190.0 245621.43213411773
23200.0 243395.23046228572
23210.0 243460.75550576817
23220.0 211436.26782632837
23230.0 208689.80566696686
23240.0 224188.20492157427
23250.0 223525.48459150852
23260.0 229307.14561616865
23270.0 227991.42906281305
23280.0 232430.0670580373
23290.0 236035.04697319976
23300.0 225009.16346043348
23310.0 230180.1347737596
23320.0 236011.8627669423
23330.0 231779.0458377052
23340.0 237065.12603005947
23350.0 222669.629388522
23360.0 233675.3707557893
23370.0 230697.48636481512
23380.0 219992.97764937815
23390.0 236593.01404719654
23400.0 231944.5259053041
23410.0 231230.09351069268
23420.0 233489.8367790464
23430.0 233133.92481446895
23440.0 233402.0085372869
23450.0 229737.63722995025
23460.0 231648.49162202378
23470.0 235070.65645316715
23480.0 229551.894742584
23490.0 229931.9046305865
23500.0 234687.4185682972
23510.0 228404.35772704415
23520.0 189054.33186796372
23530.0 201950.7713017051
23540.0 212668.39427108117
23550.0 211306.9628081946
23560.0 216620.28590890492
23570.0 216594.8035376098
23580.0 218784.51581361546
23590.0 219235.0172978103
23600.0 222849.4034231119
23610.0 220690.14895996597
23620.0 218042.87858211563
23630.0 223429.73232594493
23640.0 220391.8453683949
23650.0 221078.61406630324
23660.0 220204.62049687115
23670.0 221294.51088158615
23680.0 220178.46569865872
23690.0 221034.58464905678
23700.0 222170.06687205652
23710.0 222231.51359910207
23720.0 211586.58465076864
23730.0 216007.75840135315
23740.0 216178.9161897964
23750.0 216117.9379083723
23760.0 219495.4832343228
23770.0 221303.47180909998
23780.0 219166.12376429286
23790.0 220097.41980495906
23800.0 217639.55903480118
23810.0 221616.90166882635
23820.0 202778.74745598043
23830.0 181473.42077687796
23840.0 195110.92900415405
23850.0 197460.02454971377
23860.0 193615.42287809527
23870.0 203403.5050051629
23880.0 214931.45013007752
23890.0 205343.81770298007
23900.0 206230.52824968123
23910.0 212428.18215283498
23920.0 201947.5983007688
23930.0 214752.3978769904
23940.0 206678.1597335752
23950.0 210250.15440300363
23960.0 211293.21172347807
23970.0 206216.18180867258
23980.0 211498.95405486124
23990.0 217769.56921538827
24000.0 201878.7463815643
24010.0 213244.86465592554
24020.0 208279.85816545557
24030.0 212674.48297442013
24040.0 209815.2698607859
24050.0 206964.97869302807
24060.0 212793.87975829057
24070.0 211640.143831629
24080.0 205903.24763469485
24090.0 211106.0037766995
24100.0 207544.06230691174
24110.0 208981.41360789214
24120.0 211372.6492380455
24130.0 198555.1464181439
24140.0 174730.9801665308
24150.0 186999.7793470479
24160.0 188079.80110670364
24170.0 198591.97477667243
24180.0 196959.81036858773
24190.0 192687.31267594866
24200.0 203973.05659733663
24210.0 199810.25699517658
24220.0 201441.88882498044
24230.0 196779.7319192783
24240.0 203728.7958121902
24250.0 196652.35168681075
24260.0 199961.62895768214
24270.0 201530.6272539879
24280.0 193407.37637264756
24290.0 205486.1569113149
24300.0 201382.54248751054
24310.0 198115.47921426155
24320.0 204191.26629700867
24330.0 194121.5258489829
24340.0 202060.17712378857
24350.0 198391.1117265816
24360.0 198969.7369247699
24370.0 191660.80426058214
24380.0 200147.0069552645
24390.0 201621.60163206598
24400.0 194867.31594812285
24410.0 198616.29066794805
24420.0 199834.66435743362
24430.0 204574.4768478203
24440.0 189091.2344758991
24450.0 194166.65205214662
24460.0 175697.96921953635
24470.0 174141.74716161398
24480.0 191910.12522084432
24490.0 187793.26381549012
24500.0 183589.40085018415
24510.0 186849.5017984956
24520.0 188742.02106720625
24530.0 191730.0204292381
24540.0 185685.03958561356
24550.0 185447.59593107857
24560.0 177363.49049284693
24570.0 175753.99814788476
24580.0 195026.03408763575
24590.0 186815.65940333318
24600.0 193752.01681214655
24610.0 192126.80725039393
24620.0 189812.29713647324
24630.0 192989.48699612106
24640.0 188181.2162916394
24650.0 188001.39541730742
24660.0 194001.9740625663
24670.0 191277.24735463312
24680.0 184334.9562621374
24690.0 188176.84261264207
24700.0 185896.33599288965
24710.0 187381.29357406194
24720.0 188621.60193338245
24730.0 182016.97383614883
24740.0 190507.77638423533
24750.0 184509.78591320923
24760.0 185669.96515530313
24770.0 191288.6541078701
24780.0 174404.34346829093
24790.0 171144.0479061245
24800.0 167150.6292860589
24810.0 176449.84924427766
24820.0 159955.28465047828
24830.0 175223.43719379778
24840.0 180502.16694578942
24850.0 172309.76635251124
24860.0 146361.75555361144
24870.0 171492.80335377908
24880.0 172318.51987263653
24890.0 176353.44121751396
24900.0 176575.3831496165
24910.0 174699.98702344048
24920.0 174077.70290602467
24930.0 180145.97710761134
24940.0 173109.0856446955
24950.0 176250.16110350357
24960.0 174865.9004681548
24970.0 177506.97433615732
24980.0 175713.65123750106
24990.0 176065.08855201377
