#lam[Angstrom] flux[erg/cm2/s/A]
1010.0 971.1868446921118
1020.0 1005.6209762589675
1030.0 3469.3271827639883
1040.0 1367.5599299303121
1050.0 1029.7754966637408
1060.0 1039.0872320402736
1070.0 1097.247052399415
1080.0 3320.5657497438683
1090.0 3382.911111034886
1100.0 1084.5366341922454
1110.0 1093.3551482908606
1120.0 1135.9900678657452
1130.0 1104.989677239025
1140.0 1200.0040246449987
1150.0 1126.1779162197308
1160.0 1147.5395670264568
1170.0 1149.6921451882654
1180.0 1154.7882866170814
1190.0 1161.9018778617906
1200.0 1753.0329554656191
1210.0 1559.805693812595
1220.0 9917.489341722687
1230.0 1438.0928208699702
1240.0 5854.378292401582
1250.0 2050.993062506829
1260.0 2850.9495261238853
1270.0 2936.3866856470254
1280.0 3035.995564791625
1290.0 3285.6667979415856
1300.0 3536.104812590065
1310.0 3899.6941721179355
1320.0 4083.7542022218336
1330.0 4156.457211944914
1340.0 4655.36671888388
1350.0 4506.800978581748
1360.0 4621.865617180078
1370.0 4698.3686775125625
1380.0 4823.8980893054095
1390.0 10856.823940994376
1400.0 12062.294884594676
1410.0 8992.079271992126
1420.0 5214.767254012611
1430.0 5140.618330116471
1440.0 5226.829767848371
1450.0 5307.760852033018
1460.0 5409.474290386082
1470.0 5430.774134429179
1480.0 5546.3530011253215
1490.0 8487.430597158742
1500.0 5659.434805665784
1510.0 5722.756762304957
1520.0 5915.097191994548
1530.0 7044.669463985368
1540.0 7615.418061106374
1550.0 72361.0481214115
1560.0 7084.322908078707
1570.0 8080.758567250595
1580.0 9410.348739924566
1590.0 9785.003211902495
1600.0 10768.698564988315
1610.0 9970.611215283121
1620.0 10124.804214970718
1630.0 10018.69484585353
1640.0 51423.010645010356
1650.0 11080.120311939401
1660.0 12115.584088202131
1670.0 15160.334682229786
1680.0 50866.0754186893
1690.0 38212.59148628569
1700.0 47527.69977311553
1710.0 76259.16422040848
1720.0 114137.78330388883
1730.0 166345.08867714644
1740.0 158903.93383600685
1750.0 176591.03654085
1760.0 221821.44864081676
1770.0 177338.27136112266
1780.0 229944.21355272815
1790.0 427544.7462690653
1800.0 546065.2919665661
1810.0 298975.2497270872
1820.0 272081.62512814696
1830.0 241787.81057887303
1840.0 239559.67934410565
1850.0 234168.5186443424
1860.0 426086.4324375894
1870.0 499955.1424391636
1880.0 501423.60468771047
1890.0 506564.10641790583
1900.0 402011.81019617664
1910.0 397845.3722231711
1920.0 503795.86809737777
1930.0 230785.8516471417
1940.0 418104.3859038147
1950.0 618429.7483332386
1960.0 824950.004972053
1970.0 782947.1255401936
1980.0 705144.8398605319
1990.0 833032.1042257356
2000.0 853802.830395102
2010.0 753636.3485162748
2020.0 703306.3067421085
2030.0 825601.4302192329
2040.0 1006149.239207689
2050.0 1238836.7309273945
2060.0 813540.6800233542
2070.0 1824406.7748735256
2080.0 1879927.7515152455
2090.0 2181484.426255531
2100.0 2026964.1076279315
2110.0 2237874.3794456553
2120.0 2410551.3508952516
2130.0 1473079.3499799473
2140.0 2037651.1289797244
2150.0 1802439.7352336175
2160.0 2127976.310748073
2170.0 1336130.7553951698
2180.0 1931069.191996256
2190.0 2165432.7195911827
2200.0 2730459.9336941135
2210.0 1559877.8116885403
2220.0 1337571.7838354986
2230.0 1727490.682793095
2240.0 2664954.8757642955
2250.0 1703753.0180017087
2260.0 1685977.1295093945
2270.0 1812665.663134473
2280.0 2172896.9842168437
2290.0 2072620.9302661917
2300.0 1807677.7623649728
2310.0 2226615.603304278
2320.0 2331686.9504372026
2330.0 803325.4243960637
2340.0 843715.0354539015
2350.0 911931.9411430384
2360.0 570395.7563051665
2370.0 675662.5511147095
2380.0 500979.995052878
2390.0 556961.4240543416
2400.0 450196.3294540319
2410.0 519939.5241026986
2420.0 1864717.874854781
2430.0 1974962.9667258232
2440.0 2049768.705621537
2450.0 2235807.6790702706
2460.0 2386686.204905927
2470.0 2141377.543865479
2480.0 1943946.3684400113
2490.0 1632345.7159111938
2500.0 2231344.8503583395
2510.0 1903062.7504213057
2520.0 1301884.767699819
2530.0 1204396.1020014582
2540.0 1472369.0416398419
2550.0 1903466.3230207153
2560.0 1675530.4125441092
2570.0 2265732.3851754414
2580.0 1660418.4373535966
2590.0 1457435.2699212388
2600.0 1050608.121802922
2610.0 681426.850949943
2620.0 1560269.779638764
2630.0 1093094.901350283
2640.0 3756063.7588618994
2650.0 4057037.808227981
2660.0 3235074.7677935916
2670.0 3676716.835532557
2680.0 3845382.315909857
2690.0 3857661.7369667524
2700.0 4158796.315820936
2710.0 3179889.744807248
2720.0 2416918.876464364
2730.0 2559049.8666384225
2740.0 1892120.5772860467
2750.0 1601451.9831625337
2760.0 2440751.8471447
2770.0 2906633.4247021186
2780.0 2396040.5579826245
2790.0 1116989.5797621768
2800.0 410757.63489958795
2810.0 1736720.337725687
2820.0 4275328.319045875
2830.0 4350962.850336507
2840.0 3795081.1419703565
2850.0 3127256.402221483
2860.0 4746997.4035700215
2870.0 4653314.117038993
2880.0 4111061.8874691534
2890.0 4949674.619835125
2900.0 6653505.782694927
2910.0 6435131.539989086
2920.0 5950713.012687109
2930.0 5622120.810919159
2940.0 5597104.951640306
2950.0 5696621.533251374
2960.0 6853526.643712115
2970.0 6125804.161790409
2980.0 5968343.277639086
2990.0 6242853.485072668
3000.0 6679639.306788941
3010.0 7559810.913345041
3020.0 6565649.521473007
3030.0 6525113.340978168
3040.0 6266178.919212518
3050.0 7491516.772312386
3060.0 6834146.728991401
3070.0 7344006.226570224
3080.0 6893001.393881204
3090.0 7410552.092768364
3100.0 6854737.289516807
3110.0 7523745.439217102
3120.0 6880318.490325097
3130.0 6289202.671714355
3140.0 7448785.166485845
3150.0 7757751.112613652
3160.0 6476620.9165150225
3170.0 7860274.639003461
3180.0 6503604.681434531
3190.0 6822175.515207828
3200.0 7328963.709466653
3210.0 6780580.795092112
3220.0 7513824.520501569
3230.0 5248251.402228803
3240.0 6975627.723624515
3250.0 7259915.735011466
3260.0 8734520.972859656
3270.0 8173640.819307225
3280.0 6934720.143914427
3290.0 8566933.455517627
3300.0 8915567.392836545
3310.0 7871253.698109054
3320.0 8146441.2973964475
3330.0 8880746.726285318
3340.0 7628508.935205834
3350.0 7589859.3373585865
3360.0 7710885.002263116
3370.0 6824484.281009052
3380.0 7744857.619934375
3390.0 7722212.391222922
3400.0 8279436.7192721935
3410.0 7702553.852066098
3420.0 7776803.795611912
3430.0 8648219.08671697
3440.0 7901702.109593745
3450.0 8422455.184169348
3460.0 7806195.494740832
3470.0 8290896.472167563
3480.0 7429407.014714616
3490.0 8569025.676978977
3500.0 8013004.392148748
3510.0 8116919.513791459
3520.0 7603376.954437119
3530.0 8120971.740655092
3540.0 9166644.55787933
3550.0 8368799.902808522
3560.0 9164286.668699298
3570.0 7464250.550512456
3580.0 8274899.043911289
3590.0 6850468.903493305
3600.0 9033777.362959502
3610.0 7590185.259111184
3620.0 8194804.930563648
3630.0 8596823.231101392
3640.0 8588630.814806286
3650.0 8371066.852634029
3660.0 8999698.691302663
3670.0 8029060.7892420245
3680.0 8092958.883969904
3690.0 8823949.735888693
3700.0 9602861.016875328
3710.0 9852318.740034485
3720.0 10464887.335761603
3730.0 10792827.35984823
3740.0 11297448.637966432
3750.0 9596481.012834607
3760.0 12825103.837203067
3770.0 10697512.284582006
3780.0 15715225.642435633
3790.0 13446566.245636817
3800.0 11808752.189584097
3810.0 15840888.703824699
3820.0 15016642.367862375
3830.0 11700083.153033271
3840.0 11894444.450938193
3850.0 16418344.979307285
3860.0 15733592.426981488
3870.0 15867207.786511717
3880.0 15947682.693803476
3890.0 10746142.368469581
3900.0 15305818.870402262
3910.0 15918866.504810454
3920.0 15476738.350057853
3930.0 7275172.051674856
3940.0 10794014.939307356
3950.0 16191906.539769132
3960.0 14135117.305701068
3970.0 5837619.371681803
3980.0 15672757.491226727
3990.0 18175209.583672244
4000.0 17866434.90392162
4010.0 18273994.458706986
4020.0 18896282.186361272
4030.0 17828811.608273555
4040.0 19028568.92099637
4050.0 18509657.22570013
4060.0 18454393.207039617
4070.0 17722414.627058435
4080.0 17333225.018838502
4090.0 18833729.681604926
4100.0 12613712.29436938
4110.0 16807892.753075752
4120.0 19027436.136825852
4130.0 17850886.794212703
4140.0 19600256.84297159
4150.0 18556395.776660174
4160.0 19396067.61148813
4170.0 18324941.131945726
4180.0 18078988.58468212
4190.0 19584534.82295199
4200.0 17450232.32640242
4210.0 19205800.70343463
4220.0 18786013.372601673
4230.0 17833099.486104585
4240.0 18489664.70234829
4250.0 18172685.76016437
4260.0 18773924.317421764
4270.0 17993638.368257266
4280.0 18666018.82727612
4290.0 16693409.68461718
4300.0 15684049.22407288
4310.0 15996459.399863698
4320.0 18114069.127708703
4330.0 16751283.285849825
4340.0 11657040.343841914
4350.0 16727344.75965727
4360.0 19416528.141593732
4370.0 18542697.98544464
4380.0 18109777.861218896
4390.0 18315164.936544467
4400.0 17753950.988499478
4410.0 18463278.46904869
4420.0 18035470.297503524
4430.0 18285158.18000944
4440.0 18014897.315677468
4450.0 18181214.015765823
4460.0 16755685.558978902
4470.0 18332251.477533523
4480.0 18490847.7848677
4490.0 18460459.18930023
4500.0 18873652.82577765
4510.0 19954983.70187005
4520.0 18154659.21685885
4530.0 17291121.85873958
4540.0 18698359.571251806
4550.0 18006840.092000507
4560.0 18442195.269337185
4570.0 18819804.275854267
4580.0 17565787.664800126
4590.0 17767152.304475382
4600.0 18147458.917720947
4610.0 18417265.69073564
4620.0 18240192.51191151
4630.0 18220824.876674663
4640.0 18700052.7048702
4650.0 18346188.60650436
4660.0 18715427.300481986
4670.0 17991242.715120774
4680.0 18658084.581823166
4690.0 18572530.641480867
4700.0 18179710.295300145
4710.0 18087267.671462134
4720.0 18413207.125880703
4730.0 17835207.088034667
4740.0 18141175.769633275
4750.0 18602687.49869542
4760.0 17829882.114268217
4770.0 18251712.9728047
4780.0 18409942.98564666
4790.0 17752324.290751442
4800.0 18156649.390155468
4810.0 17620431.278670914
4820.0 17729167.785235792
4830.0 17862134.946251724
4840.0 16942914.818544403
4850.0 16198724.767319044
4860.0 11385695.146357222
4870.0 14813682.68954044
4880.0 16420485.437687498
4890.0 16542352.255901681
4900.0 17322162.189912044
4910.0 17082534.072933726
4920.0 16227650.981656166
4930.0 17507303.33306346
4940.0 16816606.130336296
4950.0 17488708.07278821
4960.0 17320956.30292565
4970.0 17295447.955327228
4980.0 16202519.940552933
4990.0 16489988.453110697
5000.0 16615996.415002141
5010.0 15948109.397850353
5020.0 15752203.886195257
5030.0 17173523.54493676
5040.0 15726379.724986522
5050.0 16594966.756529275
5060.0 17283626.417562928
5070.0 16402810.128205966
5080.0 15700894.45280632
5090.0 16896043.893099915
5100.0 16343781.550232226
5110.0 16199606.422712477
5120.0 16293186.813003749
5130.0 15656904.616571272
5140.0 15697600.171962045
5150.0 15604670.13337784
5160.0 16264262.4402305
5170.0 14794285.782558367
5180.0 15661957.89577978
5190.0 15328376.628256304
5200.0 15444277.168365994
5210.0 15547344.51277041
5220.0 15685665.131532276
5230.0 14807912.34213206
5240.0 15731478.975713078
5250.0 15684334.464320984
5260.0 14895372.217671067
5270.0 13940483.297262097
5280.0 14659269.416899385
5290.0 16146283.583694339
5300.0 15331882.814240046
5310.0 15678971.8917982
5320.0 15344722.561794164
5330.0 14504197.695417367
5340.0 15032766.095022637
5350.0 15376336.846436098
5360.0 15648152.72294337
5370.0 14991764.489163605
5380.0 15359348.85728665
5390.0 15449742.672023172
5400.0 14625835.44042483
5410.0 14614121.58587948
5420.0 14918260.259341557
5430.0 14669210.850930816
5440.0 15553059.700112207
5450.0 15150747.742415853
5460.0 14872120.616458878
5470.0 15372851.480721213
5480.0 14720872.308850737
5490.0 14653519.576748975
5500.0 14873282.939798292
5510.0 14507190.820513407
5520.0 15268239.366017763
5530.0 14399192.842055483
5540.0 15209645.243666207
5550.0 14831891.919742517
5560.0 14781543.864595218
5570.0 14421079.609817296
5580.0 14641611.913589662
5590.0 13951774.872556688
5600.0 14165145.120335303
5610.0 14902056.55842525
5620.0 14188331.291313672
5630.0 14739883.085356109
5640.0 14443731.544389214
5650.0 14510312.836566791
5660.0 13738862.820957096
5670.0 14383842.50620723
5680.0 14255696.621674431
5690.0 14342482.465479469
5700.0 14325306.570305085
5710.0 13738972.670262063
5720.0 14407504.170314234
5730.0 14413171.787471814
5740.0 14467358.618611759
5750.0 13854183.901947552
5760.0 14168674.497219784
5770.0 14310845.169422384
5780.0 14081358.851054903
5790.0 14007787.957020756
5800.0 14122193.685859075
5810.0 14013484.026795069
5820.0 14017368.646353941
5830.0 14065506.593951918
5840.0 14029974.293905914
5850.0 13822380.444568811
5860.0 13500906.497717181
5870.0 13816008.722203035
5880.0 13804644.98002275
5890.0 13543560.466311757
5900.0 13537127.960232925
5910.0 13580155.34388024
5920.0 13658442.519595822
5930.0 13343200.792782705
5940.0 13601412.920435382
5950.0 13392151.041115765
5960.0 13505420.743081471
5970.0 13525686.732125953
5980.0 13120995.185487695
5990.0 13233725.621050542
6000.0 13231926.7215309
6010.0 13028836.970874494
6020.0 12878795.162135473
6030.0 13033230.880841525
6040.0 13244561.29714541
6050.0 13097917.82575024
6060.0 13018144.99651651
6070.0 12977179.805622436
6080.0 12854090.664432231
6090.0 12881117.789756523
6100.0 12657098.931590896
6110.0 12776755.648947064
6120.0 12629211.870825823
6130.0 12625129.771594664
6140.0 12133775.706539284
6150.0 12441210.972405016
6160.0 11960905.131423566
6170.0 12215879.415715562
6180.0 12522906.882652795
6190.0 12376166.166377096
6200.0 12517417.636409074
6210.0 12500439.67118835
6220.0 12265999.13292616
6230.0 12174352.749349115
6240.0 11865035.759592844
6250.0 11758223.533922657
6260.0 12180687.594175886
6270.0 12142066.081499103
6280.0 11874444.73906927
6290.0 12048139.426554913
6300.0 11884658.676010327
6310.0 12032635.934505366
6320.0 11720362.937249688
6330.0 12109576.281669544
6340.0 11689313.18633033
6350.0 11978781.289727962
6360.0 11738997.607785402
6370.0 11859706.121027263
6380.0 11836899.22711971
6390.0 11712241.279177766
6400.0 11633459.59568227
6410.0 11596961.238581587
6420.0 11462704.569213213
6430.0 11561817.725146692
6440.0 11536808.301985204
6450.0 11595903.613932155
6460.0 11189372.763652116
6470.0 11484923.185079785
6480.0 11474631.591630258
6490.0 11212832.125350086
6500.0 11034629.210351521
6510.0 11456308.65023198
6520.0 11290509.543836812
6530.0 11243781.852991505
6540.0 11058071.310605379
6550.0 10493302.6124782
6560.0 8062074.362923096
6570.0 9788885.201937709
6580.0 10788445.194363305
6590.0 10804063.382836698
6600.0 11020518.434265172
6610.0 11002270.819933238
6620.0 11102997.301435327
6630.0 10913409.437546115
6640.0 10958072.394777093
6650.0 11025993.650669178
6660.0 10859778.277145093
6670.0 10942653.563068964
6680.0 10823034.721577127
6690.0 10914944.232606895
6700.0 10781282.338236056
6710.0 10658369.873221746
6720.0 10657141.630451474
6730.0 10719490.031066205
6740.0 10709434.273012968
6750.0 10578097.66849775
6760.0 10634108.629741414
6770.0 10516701.91800066
6780.0 10588544.487818398
6790.0 10493255.581264079
6800.0 10474872.290388212
6810.0 10452982.831432272
6820.0 10465439.003075736
6830.0 10375752.433234513
6840.0 10264188.169812236
6850.0 10402211.833943846
6860.0 10195844.35109438
6870.0 10336620.29262951
6880.0 10281924.378927525
6890.0 10249078.503316376
6900.0 10264035.6420718
6910.0 10132560.319682011
6920.0 10087262.565838525
6930.0 10120111.72605387
6940.0 10115524.630740603
6950.0 10012182.582216134
6960.0 10040262.421771636
6970.0 10010078.816292081
6980.0 9847313.319828516
6990.0 9950654.386622837
7000.0 9758220.074650118
7010.0 9834120.5847433
7020.0 9634848.23718413
7030.0 9777440.578731697
7040.0 9764560.586909741
7050.0 9787125.917335764
7060.0 9725270.630987715
7070.0 9645362.720626973
7080.0 9665586.894769214
7090.0 9613995.110103987
7100.0 9647062.55793885
7110.0 9447777.622287221
7120.0 9427045.186962191
7130.0 9389659.59553578
7140.0 9517224.48673151
7150.0 9371799.985888582
7160.0 9326241.596605698
7170.0 9402598.490566881
7180.0 9285235.57270092
7190.0 9092636.79890008
7200.0 9322746.732913774
7210.0 9105276.866970273
7220.0 9124727.884200323
7230.0 9270127.781606825
7240.0 9160056.573157577
7250.0 9174775.868253004
7260.0 9145742.703222236
7270.0 9191734.989106063
7280.0 9015208.642933048
7290.0 8850841.47101445
7300.0 9045773.473380828
7310.0 8859171.595542112
7320.0 9007819.800952366
7330.0 8856945.231926586
7340.0 9002614.74874761
7350.0 8936312.421119735
7360.0 8812213.946585307
7370.0 8910382.76597604
7380.0 8886648.43139742
7390.0 8585787.865928765
7400.0 8775536.68738538
7410.0 8535400.660310129
7420.0 8453971.311218286
7430.0 8733550.959422156
7440.0 8654691.065677345
7450.0 8503889.635839492
7460.0 8606540.892961297
7470.0 8614868.2331127
7480.0 8454170.909684064
7490.0 8549915.572832668
7500.0 8493334.000445204
7510.0 8406943.572904302
7520.0 8429885.256579202
7530.0 8450032.809749296
7540.0 8508115.696619162
7550.0 8442601.97019972
7560.0 8330915.805071548
7570.0 8350651.755010418
7580.0 8328139.981832709
7590.0 8299147.7212333
7600.0 8299089.041818731
7610.0 8310955.3391575245
7620.0 8132730.0565233
7630.0 8297311.722974339
7640.0 8268230.114991191
7650.0 8234280.367324419
7660.0 7778644.483233511
7670.0 8149980.330654618
7680.0 8120653.18202546
7690.0 8047424.958134052
7700.0 8065117.274440289
7710.0 7916231.266145122
7720.0 7969500.53748215
7730.0 8004600.967098671
7740.0 7994642.8849182455
7750.0 7817644.802944326
7760.0 7969544.219320659
7770.0 7849879.127397052
7780.0 7808590.681912316
7790.0 7894615.080423148
7800.0 7804579.572419916
7810.0 7806509.994338765
7820.0 7844564.445504448
7830.0 7689738.438859803
7840.0 7678941.195901659
7850.0 7678530.609471864
7860.0 7701390.872342231
7870.0 7746250.973485303
7880.0 7635620.527775778
7890.0 7697247.71664911
7900.0 7588103.939763721
7910.0 7608804.128224589
7920.0 7540923.635767787
7930.0 7453320.624635723
7940.0 7410871.589909385
7950.0 7450243.162281359
7960.0 7530053.175867966
7970.0 7501105.315923634
7980.0 7500892.078573454
7990.0 7468100.867417857
8000.0 7345832.569517335
8010.0 7426236.870364084
8020.0 7390961.2819958795
8030.0 7305494.863080086
8040.0 7361609.20084322
8050.0 7204073.501777921
8060.0 7319703.059222692
8070.0 7274055.226365764
8080.0 7258943.1292693345
8090.0 7167115.598068414
8100.0 7197873.930861148
8110.0 7234596.092525194
8120.0 7218452.717543546
8130.0 7187397.513800998
8140.0 7166584.559763659
8150.0 7124318.795418202
8160.0 7095848.324690772
8170.0 7101463.212769349
8180.0 7006665.30639439
8190.0 6986440.613823909
8200.0 6907310.260158796
8210.0 6856460.674183413
8220.0 6865892.469957243
8230.0 6854174.961382769
8240.0 6937521.799654177
8250.0 6773298.573741233
8260.0 6898353.6350801
8270.0 6872879.881296214
8280.0 6815777.092859776
8290.0 6681014.402785498
8300.0 6785174.993066087
8310.0 6622123.546702366
8320.0 6624982.751765269
8330.0 6459111.00656098
8340.0 6516537.758427333
8350.0 6554030.326066113
8360.0 6542181.756475379
8370.0 6515476.603502821
8380.0 6555527.449365246
8390.0 6352561.40004038
8400.0 6534396.814410933
8410.0 6408219.880089947
8420.0 6459207.964465654
8430.0 6493660.288092588
8440.0 6223331.821140379
8450.0 6493804.276167102
8460.0 6446147.216847071
8470.0 6083283.258444355
8480.0 6541990.080685321
8490.0 6514948.072690787
8500.0 5725268.289368989
8510.0 6266820.598182946
8520.0 6508427.477964051
8530.0 6431162.180434223
8540.0 5377764.1418231875
8550.0 5979828.194512025
8560.0 6408267.784121435
8570.0 6502653.92697849
8580.0 6410087.699255707
8590.0 6219748.5485034175
8600.0 5592455.057739547
8610.0 6238924.104053021
8620.0 6380990.731905455
8630.0 6425645.443764375
8640.0 6364226.281544924
8650.0 6256161.772958634
8660.0 5195624.01922099
8670.0 5607657.476615865
8680.0 6151908.567055439
8690.0 6118133.173795578
8700.0 6282362.603124207
8710.0 6226162.375904279
8720.0 6273757.686906844
8730.0 6207777.187591869
8740.0 5888620.437689406
8750.0 5204800.377831177
8760.0 5876773.55830078
8770.0 6122931.576255508
8780.0 6222356.351378683
8790.0 6114735.257803731
8800.0 6228927.257795464
8810.0 6075207.401941509
8820.0 6084209.40910556
8830.0 6165905.145510853
8840.0 6001196.362612229
8850.0 5913721.419836587
8860.0 5154772.360078581
8870.0 5572832.612550142
8880.0 5886083.659153469
8890.0 6012759.51681991
8900.0 6059662.8331979355
8910.0 5975825.709504166
8920.0 5981382.972546636
8930.0 5888381.924395438
8940.0 6035675.7125504445
8950.0 5929541.589459838
8960.0 5976997.3240415035
8970.0 5908165.1493178755
8980.0 5837180.2945322925
8990.0 5846676.5122915115
9000.0 5645142.544665596
9010.0 5071927.420642096
9020.0 5129555.873521243
9030.0 5700794.370838438
9040.0 5769681.449362449
9050.0 5801823.279864244
9060.0 5636285.64250257
9070.0 5807470.946765464
9080.0 5682452.064812008
9090.0 5532767.6418225765
9100.0 5686199.4312370885
9110.0 5643829.605401983
9120.0 5701837.7548112925
9130.0 5721821.0579451695
9140.0 5724824.278068277
9150.0 5678460.972556861
9160.0 5674607.85130873
9170.0 5654042.400076312
9180.0 5591498.1305295015
9190.0 5611980.9734566035
9200.0 5558150.460593731
9210.0 5320920.276269932
9220.0 5170165.018649749
9230.0 4492244.892207686
9240.0 5134574.762083543
9250.0 5374795.5020342935
9260.0 5268663.052591327
9270.0 5468265.622880174
9280.0 5492610.145638651
9290.0 5439913.278268195
9300.0 5462359.440700927
9310.0 5457489.944603259
9320.0 5420965.345285422
9330.0 5411040.043440991
9340.0 5425057.6939606685
9350.0 5389951.193399955
9360.0 5371184.587355517
9370.0 5384479.471284588
9380.0 5367113.080479653
9390.0 5328322.026703615
9400.0 5296071.35704779
9410.0 4996088.538677597
9420.0 5213029.105894964
9430.0 5225365.593443894
9440.0 5181209.287677477
9450.0 5228929.163110754
9460.0 5213748.31053036
9470.0 5251148.132755606
9480.0 5219233.116544711
9490.0 5201252.362325756
9500.0 5183727.0513386605
9510.0 5126284.243517541
9520.0 5104141.510003303
9530.0 4976595.989405845
9540.0 4613144.745544772
9550.0 4296715.299070059
9560.0 4904469.692604129
9570.0 4989486.087133592
9580.0 5050399.273881619
9590.0 5050429.573177453
9600.0 4982628.508428617
9610.0 5009298.709870099
9620.0 4971196.231786231
9630.0 4940837.133759444
9640.0 4987406.120657307
9650.0 4938980.378989368
9660.0 4867259.528435199
9670.0 4968621.506034908
9680.0 4908192.102803663
9690.0 4884003.737470127
9700.0 4945310.699197605
9710.0 4939918.117313227
9720.0 4927393.960143119
9730.0 4898612.425031427
9740.0 4831212.46669785
9750.0 4837818.762373079
9760.0 4852787.842418945
9770.0 4855495.553251036
9780.0 4848203.125458183
9790.0 4822264.81033223
9800.0 4799435.104030455
9810.0 4813109.0673326645
9820.0 4795742.859803952
9830.0 4780016.9193693185
9840.0 4756849.898773611
9850.0 4707596.480772728
9860.0 4709570.5638729315
9870.0 4747123.452519996
9880.0 4734524.6638611695
9890.0 4616334.623523701
9900.0 4671420.750103302
9910.0 4652592.14635926
9920.0 4665354.343458632
9930.0 4631535.59866511
9940.0 4610220.5001546675
9950.0 4632696.350068338
9960.0 4623681.639039743
9970.0 4593640.684329573
9980.0 4603683.864550991
9990.0 4575319.106402366
10010.0 4519406.998061819
10020.0 4518822.777155135
10030.0 4425549.69711763
10040.0 4207791.640385149
10050.0 3594721.9246764295
10060.0 4240685.878557516
10070.0 4376875.70237919
10080.0 4432320.836701093
10090.0 4433599.10182539
10100.0 4416769.227624839
10110.0 4405267.672871365
10120.0 4370851.487799357
10130.0 4451472.85235349
10140.0 4444036.297011161
10150.0 4362901.94139648
10160.0 4357273.305314204
10170.0 4402537.638730193
10180.0 4328758.541407705
10190.0 4320035.532398179
10200.0 4357215.605166629
10210.0 4336816.215676872
10220.0 4290803.145654783
10230.0 4341164.594614277
10240.0 4312175.02419704
10250.0 4297890.700207355
10260.0 4319304.356694789
10270.0 4288907.782174412
10280.0 4288972.276732844
10290.0 4238325.577072896
10300.0 4261935.268170365
10310.0 4251688.214670836
10320.0 4255925.529341588
10330.0 4099822.212072607
10340.0 4163001.6677751667
10350.0 4206588.9486282095
10360.0 4206863.602502703
10370.0 4104924.4251797637
10380.0 4177477.566256595
10390.0 4182793.8874909175
10400.0 4145295.588136889
10410.0 4135648.468706902
10420.0 4143779.417414104
10430.0 4111910.1346390797
10440.0 4134154.737881481
10450.0 4076129.4792621364
10460.0 3897676.806676543
10470.0 4032676.2524544797
10480.0 4061484.0664670244
10490.0 4067140.5984875867
10500.0 4031659.2267685337
10510.0 4023146.8546241457
10520.0 4007639.0781183555
10530.0 4001666.01944242
10540.0 4007744.6782337227
10550.0 4017127.7592135128
10560.0 4004278.8058171975
10570.0 3961394.0242208596
10580.0 3929404.2605283363
10590.0 3847394.3142896285
10600.0 3918530.2950300635
10610.0 3933597.1690720967
10620.0 3940058.0113250525
10630.0 3854714.752246669
10640.0 3942829.3619970153
10650.0 3931515.9282100718
10660.0 3872881.578345757
10670.0 3895203.239235929
10680.0 3799812.146663591
10690.0 3604755.4158934364
10700.0 3819112.1749402694
10710.0 3782815.0776565312
10720.0 3828553.451164211
10730.0 3706668.136759149
10740.0 3825727.3937159525
10750.0 3724946.7189759747
10760.0 3824705.6465216232
10770.0 3793947.6849220153
10780.0 3771835.0454563634
10790.0 3732609.673674261
10800.0 3763145.8184881723
10810.0 3660986.9307304234
10820.0 3772646.8750196192
10830.0 3627850.5280055813
10840.0 3680763.133527906
10850.0 3730260.7641481454
10860.0 3696597.790722572
10870.0 3551305.315380975
10880.0 3663873.6696477006
10890.0 3628655.1017946526
10900.0 3655070.4437064384
10910.0 3538191.580076528
10920.0 3519412.8552082083
10930.0 3349697.8221202916
10940.0 2903588.380202737
10950.0 3399879.3119065836
10960.0 3497894.491354583
10970.0 3531677.0690981126
10980.0 3456362.0899565318
10990.0 3600034.1440248033
11000.0 3607207.7455391814
11010.0 3578758.1054142225
11020.0 3506939.4204706848
11030.0 3575792.635634121
11040.0 3577768.0761747053
11050.0 3548377.292962083
11060.0 3557192.1154603492
11070.0 3559737.535936995
11080.0 3545496.2228604355
11090.0 3541504.1170585575
11100.0 3527526.754351071
11110.0 3526161.205517081
11120.0 3491466.326717047
11130.0 3442572.2677212427
11140.0 3494247.2161754696
11150.0 3478678.342364752
11160.0 3471985.9033243624
11170.0 3478687.420014325
11180.0 3454666.542411524
11190.0 3376837.155886469
11200.0 3394897.9916857406
11210.0 3437551.917187944
11220.0 3438911.430955567
11230.0 3431476.6119796126
11240.0 3422746.024336223
11250.0 3299059.8092009327
11260.0 3397745.8774108537
11270.0 3394890.6772978725
11280.0 3393327.886212629
11290.0 3269205.6141327666
11300.0 3323849.070534157
11310.0 3350067.370862228
11320.0 3350270.0123011945
11330.0 3287527.073498521
11340.0 3315088.096231836
11350.0 3312389.023985294
11360.0 3298035.6751351478
11370.0 3276795.938869967
11380.0 3280491.1582320854
11390.0 3242447.0523819695
11400.0 3171935.7712934823
11410.0 3244961.8209161903
11420.0 3245455.306311678
11430.0 3268792.80439048
11440.0 3226345.08287683
11450.0 3188925.651884366
11460.0 3254372.323920567
11470.0 3243514.8302764986
11480.0 3227880.5123594985
11490.0 3231815.787622479
11500.0 3219859.5997327287
11510.0 3219071.148151561
11520.0 3181382.538886142
11530.0 3205525.6709513324
11540.0 3198540.272115046
11550.0 3195586.9759625634
11560.0 3183596.383902789
11570.0 3175847.657603468
11580.0 3167517.34614474
11590.0 3086748.7046922646
11600.0 3126380.4781032214
11610.0 3020820.0349242506
11620.0 3114284.01219145
11630.0 3094737.726250734
11640.0 3068745.4787132638
11650.0 3064834.351716985
11660.0 3039841.183992403
11670.0 3050970.050492971
11680.0 3099248.420666618
11690.0 3037668.81614852
11700.0 3071261.4549095877
11710.0 3080922.5840648036
11720.0 3072183.3962260005
11730.0 3054198.7440934707
11740.0 3047529.91481128
11750.0 2881392.654032263
11760.0 3009021.063758707
11770.0 3018216.891814837
11780.0 2956515.8364128084
11790.0 3021050.3603508803
11800.0 2993223.3808497265
11810.0 2989951.5123978667
11820.0 2981277.2806510245
11830.0 2932565.7114996454
11840.0 2919778.7557539456
11850.0 2956201.0198817425
11860.0 2951505.4555882695
11870.0 2962448.372228806
11880.0 2854696.4322602623
11890.0 2904093.3273457815
11900.0 2916889.927412072
11910.0 2945338.63534936
11920.0 2942527.0750686065
11930.0 2933766.966569414
11940.0 2926858.2689734534
11950.0 2859437.365956775
11960.0 2898273.1631197124
11970.0 2845088.870731335
11980.0 2843910.222691602
11990.0 2842208.568383494
12000.0 2884487.825146242
12010.0 2862334.24548468
12020.0 2873961.014791875
12030.0 2808409.6886765533
12040.0 2834884.5485168677
12050.0 2850712.0173357185
12060.0 2845081.298540799
12070.0 2834405.579043172
12080.0 2688241.507493786
12090.0 2815116.7771590827
12100.0 2769732.6939412653
12110.0 2771748.811656724
12120.0 2805907.699308231
12130.0 2802905.1302514994
12140.0 2803502.9020482106
12150.0 2784822.635106992
12160.0 2791333.4424378383
12170.0 2764124.0938174934
12180.0 2764024.967055486
12190.0 2756103.3509807745
12200.0 2741986.0439925944
12210.0 2722958.3224441214
12220.0 2749187.242239458
12230.0 2723480.7443357236
12240.0 2722231.2377599254
12250.0 2696665.7316624257
12260.0 2701691.9236265314
12270.0 2685422.4484002516
12280.0 2701211.0870480402
12290.0 2711216.9003059957
12300.0 2702299.6223695306
12310.0 2662576.7844574256
12320.0 2689450.1455805744
12330.0 2666794.593782269
12340.0 2630722.382776509
12350.0 2646259.457328053
12360.0 2620836.248755832
12370.0 2649493.366479801
12380.0 2661660.1708697467
12390.0 2644519.8057798757
12400.0 2615638.2182778344
12410.0 2625643.6164673762
12420.0 2606863.8931836346
12430.0 2603954.7828710233
12440.0 2626677.8357639555
12450.0 2619919.9218701804
12460.0 2594998.07506387
12470.0 2590673.274004026
12480.0 2601167.0804224764
12490.0 2594575.6020741523
12500.0 2584799.6050525643
12510.0 2543445.666451695
12520.0 2503568.7201536773
12530.0 2547961.8799093585
12540.0 2564325.3858714863
12550.0 2547115.3039097986
12560.0 2522087.5207404164
12570.0 2527672.4889374897
12580.0 2510737.5759289325
12590.0 2535280.751656035
12600.0 2517590.8978940994
12610.0 2484442.2826834493
12620.0 2518400.6854157425
12630.0 2518685.798522179
12640.0 2474484.3729691906
12650.0 2494016.934794329
12660.0 2494787.881391023
12670.0 2492996.036589607
12680.0 2467667.663223415
12690.0 2482793.848150051
12700.0 2472947.8510244614
12710.0 2453058.6205179137
12720.0 2468652.4972843197
12730.0 2460744.268085459
12740.0 2442988.6433871137
12750.0 2444860.8473874223
12760.0 2434317.499244464
12770.0 2418535.3130762144
12780.0 2399568.3457520157
12790.0 2364870.545607845
12800.0 2309901.548440237
12810.0 2159246.307160413
12820.0 1817935.0552464
12830.0 2225013.819586927
12840.0 2315772.2935703597
12850.0 2352219.04790157
12860.0 2367107.8634849386
12870.0 2365821.4489693306
12880.0 2364935.790360049
12890.0 2376348.4890320404
12900.0 2329980.609196766
12910.0 2361865.7376447762
12920.0 2355254.1111593437
12930.0 2355144.5293450966
12940.0 2346794.134586943
12950.0 2343168.3855377086
12960.0 2339865.731861281
12970.0 2312253.7118275273
12980.0 2325646.54693659
12990.0 2331894.4090989577
13000.0 2327259.5896445992
13010.0 2326115.1345158066
13020.0 2318547.3818642483
13030.0 2293394.765895763
13040.0 2300063.415155191
13050.0 2299796.7973893387
13060.0 2285321.6546101174
13070.0 2295758.619424708
13080.0 2292990.0602971003
13090.0 2285378.5715633845
13100.0 2266309.7400251143
13110.0 2281697.512319467
13120.0 2202595.9541215557
13130.0 2262706.470667803
13140.0 2259194.9754529023
13150.0 2208561.5939795463
13160.0 2243329.2554061655
13170.0 2251864.611863388
13180.0 2208332.65234298
13190.0 2241476.6815242483
13200.0 2232313.8609869094
13210.0 2219703.153918237
13220.0 2224474.664625501
13230.0 2226629.804823808
13240.0 2221972.5471441136
13250.0 2209760.7434706534
13260.0 2204879.497110041
13270.0 2199459.298618567
13280.0 2191335.5861236807
13290.0 2158896.023081447
13300.0 2185811.658103634
13310.0 2185839.9432246042
13320.0 2146220.3539070874
13330.0 2173419.57305168
13340.0 2173466.4125160724
13350.0 2153750.4992271443
13360.0 2168040.7389756986
13370.0 2153744.8134263614
13380.0 2154716.107117977
13390.0 2116334.588604463
13400.0 2143379.2708873563
13410.0 2138252.992388198
13420.0 2134682.833852345
13430.0 2127756.8596443525
13440.0 2133146.227353071
13450.0 2122138.5590921054
13460.0 2112120.6717872387
13470.0 2118627.125542376
13480.0 2112033.484212685
13490.0 2105158.976468434
13500.0 2076329.9810834527
13510.0 2104829.184615635
13520.0 2093839.4846625114
13530.0 2092243.853867778
13540.0 2088332.4161486456
13550.0 2065529.6420609255
13560.0 2053435.402428777
13570.0 2060960.707919871
13580.0 2067933.1879400848
13590.0 2062901.669134889
13600.0 2052714.3279518697
13610.0 2060988.7384774082
13620.0 2052275.0398305422
13630.0 2034746.755602496
13640.0 2037448.114442255
13650.0 2038283.0377442809
13660.0 2037426.6997770674
13670.0 2024194.7522108268
13680.0 2010181.542953643
13690.0 2019828.964516644
13700.0 1987024.4373523516
13710.0 1997850.7597674672
13720.0 1995969.7417811383
13730.0 1984271.7720732403
13740.0 1963001.2625979953
13750.0 1997261.333476776
13760.0 1970758.2342284275
13770.0 1976400.1573247856
13780.0 1968541.8646593392
13790.0 1986538.881716939
13800.0 1967065.3168356963
13810.0 1976416.337331889
13820.0 1961442.1124576114
13830.0 1941443.9746707336
13840.0 1968226.0043137993
13850.0 1950579.4008790376
13860.0 1945244.2149032645
13870.0 1950248.4190591492
13880.0 1951371.5548332268
13890.0 1944746.4337740613
13900.0 1921162.753019162
13910.0 1936745.1464831855
13920.0 1924381.914356209
13930.0 1923099.467233541
13940.0 1897261.4085268923
13950.0 1902115.9573188992
13960.0 1914283.5540621306
13970.0 1912854.4113120572
13980.0 1909700.7832908472
13990.0 1901224.3835613662
14000.0 1874020.8546918582
14010.0 1881670.1046490902
14020.0 1897613.1757585187
14030.0 1873183.0773109053
14040.0 1885009.4802732526
14050.0 1888360.1397320724
14060.0 1879990.727614365
14070.0 1872295.2294809418
14080.0 1860618.880235802
14090.0 1870063.847575459
14100.0 1866427.3280474416
14110.0 1834845.6615722822
14120.0 1842507.8870323494
14130.0 1830590.6263999916
14140.0 1849620.0104357586
14150.0 1847367.17952803
14160.0 1826032.3878204597
14170.0 1837868.3450374997
14180.0 1830340.8864417977
14190.0 1833644.6196747993
14200.0 1816454.426613723
14210.0 1812005.2809830937
14220.0 1797605.2056253892
14230.0 1821381.382503806
14240.0 1778966.081064595
14250.0 1797782.6832251493
14260.0 1786279.4581995064
14270.0 1780959.952872156
14280.0 1797243.4958089662
14290.0 1733903.5572818816
14300.0 1788791.8648536939
14310.0 1760652.6156182545
14320.0 1785022.1044708812
14330.0 1783736.3728045356
14340.0 1779951.8195034398
14350.0 1774323.964630367
14360.0 1770757.814950696
14370.0 1772919.1796559924
14380.0 1765422.1428732083
14390.0 1762678.205057143
14400.0 1639645.0452100877
14410.0 1754701.754141919
14420.0 1719080.5007020195
14430.0 1716525.5740391093
14440.0 1713673.0913826379
14450.0 1739869.3314896426
14460.0 1724958.8224753586
14470.0 1727216.9655758035
14480.0 1711278.6826282481
14490.0 1720172.1483908666
14500.0 1687497.0728454199
14510.0 1685289.9363456669
14520.0 1695554.4385835691
14530.0 1701300.6594371505
14540.0 1641603.964475128
14550.0 1689792.3664919324
14560.0 1691189.213071449
14570.0 1673958.9007932446
14580.0 1700129.3981897903
14590.0 1679870.714460744
14600.0 1681270.7877153154
14610.0 1688292.3545902409
14620.0 1672129.4392707075
14630.0 1652488.5049225888
14640.0 1653787.834573306
14650.0 1614250.8427994477
14660.0 1673499.1514950576
14670.0 1658719.3488514728
14680.0 1663257.9509918885
14690.0 1655278.6936778298
14700.0 1627838.9792107118
14710.0 1636412.6878571422
14720.0 1618660.1078265642
14730.0 1648701.216239602
14740.0 1630550.9341789703
14750.0 1606724.6448178177
14760.0 1628292.233755719
14770.0 1621588.8557775195
14780.0 1588404.4164950522
14790.0 1624794.9873860464
14800.0 1619832.8842828863
14810.0 1594564.4834425014
14820.0 1610002.4491804256
14830.0 1566763.0127172295
14840.0 1590309.903725448
14850.0 1571423.5525400855
14860.0 1569450.9062235437
14870.0 1560106.2589469864
14880.0 1477950.7070253396
14890.0 1591904.134623029
14900.0 1564346.8401496224
14910.0 1563773.2781820623
14920.0 1567732.9068511259
14930.0 1563686.0384089022
14940.0 1554735.3828161675
14950.0 1553204.6651797781
14960.0 1522789.1758649843
14970.0 1535513.2588956244
14980.0 1531458.5167400094
14990.0 1525899.5719628835
15000.0 1530943.1711801987
15010.0 1518623.3410430357
15020.0 1495697.901696065
15030.0 1500027.388990915
15040.0 1480230.0011155617
15050.0 1459222.3136380655
15060.0 1517228.054079433
15070.0 1513050.252497508
15080.0 1489115.1596735823
15090.0 1500148.802074686
15100.0 1500097.8949884847
15110.0 1510017.608869248
15120.0 1476721.181086674
15130.0 1483508.551576168
15140.0 1466121.3808186143
15150.0 1496871.4840023753
15160.0 1483419.732262381
15170.0 1491286.1513463594
15180.0 1472291.13319952
15190.0 1455551.0250113348
15200.0 1455022.2850204213
15210.0 1458895.3048252237
15220.0 1455529.291603367
15230.0 1471774.9640815523
15240.0 1457233.7661034346
15250.0 1450325.6728459124
15260.0 1412434.7233737174
15270.0 1445497.5182812267
15280.0 1462432.2768589032
15290.0 1423997.2036511798
15300.0 1462287.1250704604
15310.0 1465594.7696963905
15320.0 1446344.0505990013
15330.0 1426606.349159478
15340.0 1356199.2879385992
15350.0 1406569.3242815132
15360.0 1437708.6788122868
15370.0 1452319.7521094503
15380.0 1426417.5370663702
15390.0 1436054.022984712
15400.0 1399027.273919589
15410.0 1436957.7504346676
15420.0 1396002.113224477
15430.0 1377905.0557743523
15440.0 1324603.9563497044
15450.0 1382836.1392197886
15460.0 1414722.4089324367
15470.0 1410577.131615293
15480.0 1401367.0137159685
15490.0 1425299.4324392513
15500.0 1415674.5185690245
15510.0 1423389.4922891872
15520.0 1411624.5447542774
15530.0 1384284.702077957
15540.0 1359443.8643039959
15550.0 1303841.6312499992
15560.0 1262013.7629812937
15570.0 1347385.0796230996
15580.0 1382867.3540934094
15590.0 1367539.9506281945
15600.0 1399720.438033767
15610.0 1408069.4336748698
15620.0 1381218.2443585508
15630.0 1380486.409546264
15640.0 1395769.3657488194
15650.0 1381804.0133772348
15660.0 1364530.883399849
15670.0 1351896.0759020676
15680.0 1334152.176650117
15690.0 1265105.935754572
15700.0 1185379.9491776847
15710.0 1273943.997112208
15720.0 1312409.59759794
15730.0 1344418.9723341835
15740.0 1322463.6606621624
15750.0 1323895.4522059069
15760.0 1366983.6003176663
15770.0 1271890.295882316
15780.0 1360696.3902280782
15790.0 1358112.091938855
15800.0 1359635.1981670214
15810.0 1359730.2733047258
15820.0 1308247.426084295
15830.0 1332255.9791979704
15840.0 1323006.001050757
15850.0 1303452.1074681184
15860.0 1279014.618254104
15870.0 1207995.9944152
15880.0 1087845.6341905906
15890.0 1179222.2698046747
15900.0 1246131.9235384387
15910.0 1267273.2072232394
15920.0 1309024.5931713511
15930.0 1312346.3146999723
15940.0 1318255.2918103358
15950.0 1309715.447437696
15960.0 1278835.5473933797
15970.0 1322964.7764585759
15980.0 1311819.0744912073
15990.0 1321046.4072916508
16000.0 1302160.087666924
16010.0 1281114.1499426516
16020.0 1294807.9526476767
16030.0 1309725.4496638908
16040.0 1280124.4598426495
16050.0 1291282.432161095
16060.0 1261310.3918892571
16070.0 1264632.0732110331
16080.0 1254393.126785338
16090.0 1197441.5262571748
16100.0 1128255.9633665956
16110.0 1003964.2820934888
16120.0 1153972.6106200449
16130.0 1209271.1946239113
16140.0 1233494.409078699
16150.0 1237446.254808334
16160.0 1226259.8596134451
16170.0 1259460.535031032
16180.0 1257993.9903799128
16190.0 1255048.9394643016
16200.0 1230970.9103753925
16210.0 1256499.3858988192
16220.0 1259621.590040959
16230.0 1251231.7469734736
16240.0 1244198.2863611742
16250.0 1259943.2107618118
16260.0 1255922.81216034
16270.0 1256304.9197701854
16280.0 1252054.8204348946
16290.0 1243429.7975436472
16300.0 1243064.4825047331
16310.0 1238373.036915392
16320.0 1219379.5526592385
16330.0 1210516.6820875725
16340.0 1227647.157796142
16350.0 1216049.6073857853
16360.0 1187737.5913388038
16370.0 1187369.2572268248
16380.0 1127581.0802994915
16390.0 1117954.9543460389
16400.0 1020909.9483514332
16410.0 930858.6760567235
16420.0 1090622.145340669
16430.0 1144103.2497172311
16440.0 1144036.2271281055
16450.0 1177165.6260017043
16460.0 1188549.8639812395
16470.0 1171800.2553930182
16480.0 1190871.3267758216
16490.0 1169599.3079985275
16500.0 1194994.6934125717
16510.0 1185221.71359034
16520.0 1180900.0056901274
16530.0 1190587.6753717726
16540.0 1163644.5340048398
16550.0 1176088.7002607815
16560.0 1159333.9057897688
16570.0 1176103.812569476
16580.0 1172411.8293204606
16590.0 1152952.9661121469
16600.0 1172069.0381910575
16610.0 1168009.5012948571
16620.0 1161797.4701723706
16630.0 1155466.5714695589
16640.0 1160002.5584054445
16650.0 1129134.9266297692
16660.0 1154688.2431467795
16670.0 1142416.6277012215
16680.0 1138196.023564527
16690.0 1148353.0200563883
16700.0 1147044.3369363812
16710.0 1138300.0319165494
16720.0 1112842.0804666206
16730.0 1131282.3593827575
16740.0 1125166.0295592404
16750.0 1088078.2684483826
16760.0 1097030.0942792592
16770.0 1096911.7591259228
16780.0 1069693.8891206044
16790.0 1031547.3091662257
16800.0 922295.411755631
16810.0 852567.2800792741
16820.0 995994.2955075762
16830.0 1049065.96430797
16840.0 1074740.4986838975
16850.0 1086523.2938696663
16860.0 1081698.6206082974
16870.0 1087403.4561950834
16880.0 1093792.8125977186
16890.0 1068611.8360942868
16900.0 1084356.2156670296
16910.0 1096723.703675391
16920.0 1095586.1626643029
16930.0 1091033.3292807678
16940.0 1093567.3253415832
16950.0 1089805.0034475126
16960.0 1084674.806273168
16970.0 1069382.5741099128
16980.0 1077781.4205917774
16990.0 1067674.513135713
17000.0 1062838.2829550346
17010.0 1045980.1603458899
17020.0 1069850.1733390149
17030.0 1065861.6595207176
17040.0 1067401.6038966337
17050.0 1067347.0001119648
17060.0 1060504.5241982061
17070.0 1060770.7044229894
17080.0 1058928.1059730533
17090.0 1025948.7559934449
17100.0 1057292.1979990785
17110.0 1022930.3255579954
17120.0 1051261.02997702
17130.0 1047840.627763366
17140.0 1048547.3516797672
17150.0 1045563.3480406003
17160.0 1035260.4075539277
17170.0 1042257.8414024129
17180.0 1038270.3723410772
17190.0 1034794.0500411497
17200.0 1028746.9696121251
17210.0 1028937.0724243101
17220.0 1028919.5619282204
17230.0 976326.3907404472
17240.0 1021657.8674907442
17250.0 1016067.791801217
17260.0 1018142.8915744796
17270.0 998091.5344156323
17280.0 994560.2802535312
17290.0 1003217.6690377147
17300.0 992114.4674321061
17310.0 991486.7089723079
17320.0 956841.8068581336
17330.0 934614.0975859114
17340.0 905776.543207436
17350.0 887158.7748876966
17360.0 726852.3642542204
17370.0 841464.9245764966
17380.0 918318.9367060285
17390.0 940392.7939610028
17400.0 959785.2865936969
17410.0 946721.3142849894
17420.0 968599.7135055942
17430.0 957730.1813517123
17440.0 976689.078219858
17450.0 950548.4928541445
17460.0 952100.0164639929
17470.0 949064.5499615471
17480.0 957826.7710996618
17490.0 972376.4033657897
17500.0 966388.4232421393
17510.0 940653.9658924367
17520.0 956509.7214753164
17530.0 958037.2616650336
17540.0 961911.521733433
17550.0 931821.6187371055
17560.0 957073.4442132182
17570.0 959505.070790057
17580.0 953134.8324584506
17590.0 956272.6249193044
17600.0 945624.1421376967
17610.0 926560.7242336548
17620.0 921108.3930785935
17630.0 947412.4879685486
17640.0 903773.5891343564
17650.0 944915.6584069802
17660.0 933918.9438168169
17670.0 926000.2272310851
17680.0 919626.3522585385
17690.0 935019.731294868
17700.0 929948.4632005302
17710.0 924700.3124115206
17720.0 911843.4740800635
17730.0 925630.6095254492
17740.0 921626.0285986634
17750.0 917855.8777349701
17760.0 913113.3951024673
17770.0 892684.4516718813
17780.0 913427.6344962359
17790.0 899004.0441749524
17800.0 912969.7039502523
17810.0 894030.8116056635
17820.0 908223.8552458904
17830.0 897663.8892903181
17840.0 895588.9793516012
17850.0 886766.8808737716
17860.0 896057.3749335064
17870.0 899490.5352870168
17880.0 900737.781394152
17890.0 896846.0463700122
17900.0 897955.4512118222
17910.0 894171.1731623139
17920.0 889663.7335172917
17930.0 880338.0831758945
17940.0 878345.7256641149
17950.0 887482.3908806739
17960.0 884722.5546056732
17970.0 878170.344596999
17980.0 878023.2673266398
17990.0 878581.6718812886
18000.0 873979.3154004648
18010.0 873187.8069478696
18020.0 856185.4726643229
18030.0 861438.9693930146
18040.0 868490.7306322599
18050.0 861554.740514525
18060.0 852833.9980459881
18070.0 859437.6288282603
18080.0 849893.9917027153
18090.0 848749.0457416333
18100.0 842775.8226809534
18110.0 841310.5654682087
18120.0 839749.0405461871
18130.0 835081.4506705903
18140.0 819990.1384765996
18150.0 801279.1231318415
18160.0 754247.2593440218
18170.0 629450.9114944688
18180.0 681580.3364221232
18190.0 772619.9382117073
18200.0 801180.1163056118
18210.0 814960.762048142
18220.0 794420.9429281356
18230.0 819920.5006136631
18240.0 817804.3694245195
18250.0 827124.5471773111
18260.0 828888.0012507772
18270.0 827758.2323715037
18280.0 815548.0781852289
18290.0 827362.4850426321
18300.0 822589.4312519534
18310.0 824773.9419669088
18320.0 799187.7376142165
18330.0 823102.3143049924
18340.0 818644.7849669635
18350.0 816967.7455720806
18360.0 814436.7645945315
18370.0 798683.5201545776
18380.0 813009.8911289165
18390.0 810379.6961455968
18400.0 807091.5765693887
18410.0 798440.9046031617
18420.0 787230.0068282502
18430.0 799362.504678735
18440.0 802306.1211294456
18450.0 799298.0965985721
18460.0 801564.0673360813
18470.0 781568.4327513053
18480.0 798617.2667117375
18490.0 796247.7064246159
18500.0 793215.8115492743
18510.0 791435.3288422297
18520.0 777506.8588322885
18530.0 780690.857996366
18540.0 789283.7165468618
18550.0 754716.7104596224
18560.0 782768.327463818
18570.0 784129.7193786933
18580.0 770396.6772988951
18590.0 778751.7460693953
18600.0 779567.0462761399
18610.0 773010.0236862175
18620.0 770447.0230257416
18630.0 769485.7491024539
18640.0 770278.0311166503
18650.0 765740.7748754654
18660.0 757937.6735841895
18670.0 763473.9510607745
18680.0 755528.1034548922
18690.0 755226.9861438142
18700.0 750734.2782345912
18710.0 743162.8840072649
18720.0 718162.8253020192
18730.0 714449.6362059547
18740.0 675918.9283039359
18750.0 544220.8930722572
18760.0 660738.4824412881
18770.0 697973.4301874003
18780.0 722676.6465518487
18790.0 729408.9698067002
18800.0 735807.4725416492
18810.0 739145.8994863664
18820.0 730240.2973465145
18830.0 740414.7601867322
18840.0 722858.8423802094
18850.0 727905.5998160017
18860.0 722451.6972692243
18870.0 735585.2044140848
18880.0 726029.1970302965
18890.0 728719.6113902142
18900.0 721127.7155635821
18910.0 718236.0663818141
18920.0 720578.8032755798
18930.0 695904.2561326225
18940.0 713715.5829874403
18950.0 718518.7914251398
18960.0 702660.1782191378
18970.0 718773.2899350332
18980.0 724795.421727187
18990.0 711719.3954514874
19000.0 719841.4705889923
19010.0 719983.6688887551
19020.0 719670.336968691
19030.0 707814.5059774028
19040.0 715991.5961774477
19050.0 710975.6439144808
19060.0 713691.5331857
19070.0 714119.8568772763
19080.0 705850.7384352287
19090.0 711017.4915457219
19100.0 707405.3829422711
19110.0 698982.9235921113
19120.0 699507.8158040319
19130.0 704010.3296030492
19140.0 700581.7774834144
19150.0 700724.055824059
19160.0 697047.0948881988
19170.0 698410.8861767784
19180.0 697802.2374034723
19190.0 682834.6636258608
19200.0 693675.3846031296
19210.0 689312.1493324006
19220.0 690852.7045656018
19230.0 691076.3467823011
19240.0 689695.9323006537
19250.0 685654.0266217949
19260.0 683239.9060922158
19270.0 676235.8497914404
19280.0 677898.6410627087
19290.0 682377.4379004966
19300.0 679414.6039359695
19310.0 667694.565690014
19320.0 677533.5292853621
19330.0 675798.7984773624
19340.0 664740.6434588059
19350.0 671617.7762764082
19360.0 669615.8350208473
19370.0 667966.434570022
19380.0 664151.929035934
19390.0 648317.3853230684
19400.0 652004.0339604127
19410.0 646028.9949663869
19420.0 632968.7622510507
19430.0 594050.050494135
19440.0 527444.118832807
19450.0 501436.5868049215
19460.0 599879.8439352309
19470.0 622673.5013943843
19480.0 633032.926839429
19490.0 630861.334916392
19500.0 646030.0120917447
19510.0 620318.0135507454
19520.0 649601.1077101942
19530.0 646763.7752828877
19540.0 644644.1106868269
19550.0 649151.7259617375
19560.0 648548.0868694846
19570.0 646842.985966506
19580.0 643227.7667964186
19590.0 641489.6093515914
19600.0 640680.1606937443
19610.0 636694.6005960426
19620.0 641138.5010239766
19630.0 629580.514703493
19640.0 636418.893997638
19650.0 640090.6955519964
19660.0 638561.2087740588
19670.0 637527.8837307179
19680.0 635876.9703158922
19690.0 633888.2786022252
19700.0 633989.8328905926
19710.0 632527.0746016866
19720.0 608571.8243177508
19730.0 623612.0732482609
19740.0 628203.6426029436
19750.0 627422.4152296655
19760.0 625932.5927712895
19770.0 626525.2054279529
19780.0 605409.5884931732
19790.0 617194.6190121125
19800.0 622405.1743846671
19810.0 620635.9862577654
19820.0 618720.0216445316
19830.0 619453.6034833567
19840.0 618708.2668939413
19850.0 601169.7891586589
19860.0 602683.2785925157
19870.0 613488.2633305386
19880.0 612436.8966839123
19890.0 611499.7181215141
19900.0 611512.8467749795
19910.0 608981.4691034975
19920.0 606904.1886231985
19930.0 592132.8397470315
19940.0 606326.3424356665
19950.0 604534.286679784
19960.0 599629.6625118061
19970.0 591126.5381814995
19980.0 601375.3906231645
19990.0 601505.0292342898
20010.0 597592.0912379045
20020.0 592627.5125719558
20030.0 594545.595463611
20040.0 591261.6799246481
20050.0 585471.2005861953
20060.0 592622.9934507788
20070.0 589613.1824750095
20080.0 590563.3130689972
20090.0 587070.2051939082
20100.0 588871.9577221471
20110.0 587359.1790899646
20120.0 587526.5008571434
20130.0 585472.1841379717
20140.0 578801.1689074474
20150.0 583252.6751804141
20160.0 583025.5229369744
20170.0 581015.9721730415
20180.0 580997.1029099099
20190.0 577984.3150898078
20200.0 576528.4868028247
20210.0 565567.3388526015
20220.0 575643.2104091904
20230.0 571568.8234273472
20240.0 570710.2179436504
20250.0 573188.0139032701
20260.0 568231.2713174358
20270.0 568586.7502195594
20280.0 568490.5305691034
20290.0 565726.2723802149
20300.0 550774.8705802471
20310.0 567143.0202913998
20320.0 566053.5064458274
20330.0 563685.0231559161
20340.0 551051.1930412179
20350.0 561317.623491906
20360.0 560773.2553853142
20370.0 559086.7187102956
20380.0 544133.4134232982
20390.0 558807.6595663131
20400.0 554220.0471537841
20410.0 549802.4526969786
20420.0 555185.2740148702
20430.0 554847.3533344291
20440.0 553907.8440473399
20450.0 551913.4961356921
20460.0 552133.1896360153
20470.0 549843.804539152
20480.0 550149.410804551
20490.0 549355.4684511529
20500.0 548573.5975100445
20510.0 546260.2463369815
20520.0 537689.2568767209
20530.0 544605.5471773761
20540.0 540037.1088237793
20550.0 542993.3918753555
20560.0 542555.25622705
20570.0 540559.711915345
20580.0 540348.7789500342
20590.0 535777.6373469874
20600.0 523556.23704912054
20610.0 537181.9041598926
20620.0 535742.9273684119
20630.0 509574.5379774024
20640.0 534920.21989839
20650.0 533846.2131606677
20660.0 532791.1777386011
20670.0 520783.5336571705
20680.0 528859.4408796128
20690.0 528886.3394477374
20700.0 517845.2028515639
20710.0 521275.61959668936
20720.0 523563.05154919333
20730.0 525172.2939269018
20740.0 522922.1176544495
20750.0 523061.0826243199
20760.0 517694.5089273784
20770.0 509359.21651139925
20780.0 520767.921327993
20790.0 520642.19558973174
20800.0 516051.5070537338
20810.0 518578.57983541687
20820.0 516215.8323026007
20830.0 507043.26319819584
20840.0 509626.553779016
20850.0 512773.1256308667
20860.0 513566.8187743944
20870.0 511212.8931345778
20880.0 509411.80879078206
20890.0 506468.5056748278
20900.0 510857.7438258581
20910.0 509445.32322800515
20920.0 495345.52669376915
20930.0 505471.93125204503
20940.0 506866.99986409926
20950.0 506124.0097380952
20960.0 502774.4208327814
20970.0 502839.95320361457
20980.0 501536.5067573183
20990.0 500392.30157533166
21000.0 502016.1375998444
21010.0 496911.33488327026
21020.0 487300.1333377198
21030.0 498069.4533213923
21040.0 498806.4145327952
21050.0 497764.4372220802
21060.0 494458.6011411888
21070.0 491883.33130121825
21080.0 494181.16258413676
21090.0 487477.5601298553
21100.0 491211.24885350134
21110.0 490707.43879102217
21120.0 490624.05996514607
21130.0 490164.4577783356
21140.0 485729.5658018556
21150.0 487822.1404979128
21160.0 470998.59641908883
21170.0 485919.80171510426
21180.0 485374.7717646924
21190.0 461455.85120403086
21200.0 482943.3818242364
21210.0 472090.2436097492
21220.0 480466.05655849545
21230.0 471616.1607144813
21240.0 479224.54267450114
21250.0 480266.65243344783
21260.0 461018.6800568991
21270.0 476965.78883894737
21280.0 475770.22875725006
21290.0 474415.51984757034
21300.0 469708.58207146626
21310.0 475590.1854488223
21320.0 473060.25995666743
21330.0 473155.8356078734
21340.0 472450.98241727287
21350.0 461765.7803352451
21360.0 470162.25941442035
21370.0 469064.4795943621
21380.0 469595.9709176669
21390.0 464240.21338055294
21400.0 467852.9869506998
21410.0 465841.76161888737
21420.0 466503.5374290411
21430.0 460014.1843737186
21440.0 461457.99812227517
21450.0 462344.54071958305
21460.0 460601.2018095186
21470.0 460350.493167435
21480.0 460816.4856268107
21490.0 459687.03918796405
21500.0 459195.83386712655
21510.0 456678.1496149442
21520.0 455311.4664493781
21530.0 455143.5904483294
21540.0 452396.36341575405
21550.0 453570.00353592046
21560.0 452744.18627628835
21570.0 451136.18575268914
21580.0 449731.1678614617
21590.0 446428.29101152666
21600.0 444744.27522859024
21610.0 439644.72048896964
21620.0 435506.1668075571
21630.0 427117.0341417731
21640.0 409808.8425351966
21650.0 350038.03198580234
21660.0 344839.1224638693
21670.0 404946.3530295982
21680.0 422730.4579172151
21690.0 423469.36290231475
21700.0 432572.44895032473
21710.0 434873.41602140607
21720.0 437526.78414662945
21730.0 435954.9933111118
21740.0 436103.8635145575
21750.0 436433.2147420693
21760.0 433878.9669930027
21770.0 437357.2602818186
21780.0 425268.3924479244
21790.0 435712.1599045244
21800.0 436538.38363566826
21810.0 435603.3835861904
21820.0 426079.0019452691
21830.0 433987.4013236059
21840.0 433537.51171660057
21850.0 433049.34314246
21860.0 432130.5655626532
21870.0 428269.82899169094
21880.0 420256.0934371094
21890.0 429373.8820427356
21900.0 428024.34706162347
21910.0 428232.98623912426
21920.0 428228.3864099429
21930.0 427396.82755111915
21940.0 425105.25968798494
21950.0 426050.13280196924
21960.0 425494.01691366255
21970.0 424466.53201058204
21980.0 424023.2080768349
21990.0 422251.18510129396
22000.0 422610.26588098524
22010.0 419750.57322858286
22020.0 420955.394286808
22030.0 417940.8463414237
22040.0 416586.1293545531
22050.0 418830.80333298823
22060.0 399412.2682760741
22070.0 414561.42417118
22080.0 411390.78104647354
22090.0 416486.95886236656
22100.0 414520.6876442342
22110.0 412939.2308185802
22120.0 413901.3007922438
22130.0 413794.5951549889
22140.0 413010.3604708599
22150.0 412228.9867344488
22160.0 394878.57393023145
22170.0 401315.36666447064
22180.0 409935.87115845416
22190.0 409875.781196004
22200.0 408772.4721447873
22210.0 408018.08401256014
22220.0 407641.9238090455
22230.0 406628.664813996
22240.0 405757.9142245898
22250.0 405585.8842891776
22260.0 400725.1153059198
22270.0 404174.44725476275
22280.0 402086.46009191195
22290.0 403049.533864908
22300.0 400408.64851805806
22310.0 401363.1641486759
22320.0 400402.42066719587
22330.0 400373.9474508005
22340.0 398987.6394836469
22350.0 398809.9590075819
22360.0 397792.03081622015
22370.0 397603.4034958841
22380.0 392401.0570975891
22390.0 394496.23159159825
22400.0 395870.22697587044
22410.0 394808.8232308342
22420.0 392000.7804119171
22430.0 393251.19845484203
22440.0 392809.6597764631
22450.0 391832.4632095319
22460.0 391869.52991213475
22470.0 386400.3974245989
22480.0 389920.9257577583
22490.0 389453.35491327127
22500.0 389380.50488744205
22510.0 384052.39570557105
22520.0 383119.30730662163
22530.0 383982.4597404571
22540.0 377934.8064937342
22550.0 379593.4471584738
22560.0 380223.634250365
22570.0 383937.8523293215
22580.0 381731.7812593594
22590.0 382941.79105702625
22600.0 382356.8617139017
22610.0 380637.1132123873
22620.0 375925.7255653377
22630.0 380003.06876366376
22640.0 375649.69280929427
22650.0 377269.0977104744
22660.0 377627.21967192297
22670.0 377897.93676011125
22680.0 377526.9480154457
22690.0 376747.7431595069
22700.0 376585.4465118597
22710.0 367275.4861743224
22720.0 375025.3072315448
22730.0 374696.53912502475
22740.0 371639.40185947437
22750.0 372677.28540137556
22760.0 372202.03170089633
22770.0 372278.54092169105
22780.0 371217.721189996
22790.0 368956.1200534395
22800.0 368004.5255698202
22810.0 357642.3083970458
22820.0 367703.5094731024
22830.0 367204.84683080326
22840.0 367817.9344896416
22850.0 366933.92625185015
22860.0 364774.81881447387
22870.0 365864.9921950809
22880.0 365336.30637878424
22890.0 361841.3632468726
22900.0 364626.0604624361
22910.0 357595.1182164226
22920.0 363115.07784805645
22930.0 360728.6382479789
22940.0 361997.2794330984
22950.0 359710.9414388896
22960.0 357431.86422077584
22970.0 359059.1477750288
22980.0 359372.0121212078
22990.0 357554.3172455117
23000.0 358354.863164819
23010.0 358203.5526800669
23020.0 356486.56512593175
23030.0 356058.08118394326
23040.0 356117.71801163274
23050.0 355165.61561674415
23060.0 355238.3139850989
23070.0 354691.5931558838
23080.0 354272.0130770708
23090.0 352647.71379292203
23100.0 352929.3352584941
23110.0 352465.4775048809
23120.0 351961.7938026753
23130.0 348744.7073281415
23140.0 348038.0348952189
23150.0 349783.92325022887
23160.0 348526.93233230157
23170.0 348595.3021718848
23180.0 345947.3327713166
23190.0 347910.2841242075
23200.0 347416.0562068812
23210.0 346733.34904468415
23220.0 345888.84265350027
23230.0 345416.1569836608
23240.0 344882.6564062066
23250.0 342962.79470455286
23260.0 343880.97809360723
23270.0 343461.32394320064
23280.0 342718.7171158129
23290.0 342172.1527347808
23300.0 341615.6191048251
23310.0 340397.6361766271
23320.0 340658.7840025276
23330.0 339279.7825372809
23340.0 339551.8118386554
23350.0 335060.0366614833
23360.0 338010.30271845934
23370.0 337416.2943272895
23380.0 330460.69666184194
23390.0 336487.4297062905
23400.0 335275.8734703712
23410.0 334953.82796222356
23420.0 334258.3631794704
23430.0 333535.5790967786
23440.0 331705.7957401554
23450.0 332053.5930893427
23460.0 331105.7411649466
23470.0 330599.33176142216
23480.0 329350.9094173277
23490.0 329747.9596268928
23500.0 328532.0205162485
23510.0 329146.1821184937
23520.0 329341.2644268822
23530.0 328986.72745019634
23540.0 328249.2111387693
23550.0 327545.1355500392
23560.0 326883.97065562516
23570.0 322547.7864545212
23580.0 325047.042950078
23590.0 325135.55129496276
23600.0 324012.8080062535
23610.0 323132.86657261424
23620.0 323215.81581975933
23630.0 322531.10574872483
23640.0 321997.1411210387
23650.0 321515.4377054863
23660.0 320862.6596890162
23670.0 320008.66234963486
23680.0 319179.5657008469
23690.0 318322.1897342169
23700.0 318697.49442541605
23710.0 317856.8998092324
23720.0 316756.6058806146
23730.0 314867.5325936021
23740.0 306802.65998603497
23750.0 315629.56805488106
23760.0 314925.1167910083
23770.0 315234.4261842942
23780.0 314742.0162384442
23790.0 314234.66697339254
23800.0 313361.9783638007
23810.0 312786.01041575504
23820.0 312451.7431221546
23830.0 311174.4589133104
23840.0 306351.9505128363
23850.0 310267.0651910076
23860.0 305452.3405131874
23870.0 310281.33650803164
23880.0 309863.2331529381
23890.0 308862.11043236166
23900.0 308498.2483611632
23910.0 307728.3669501549
23920.0 306210.3661679116
23930.0 306994.586047898
23940.0 306878.5865576631
23950.0 305719.60234029876
23960.0 306420.7895070811
23970.0 305951.07194538583
23980.0 304023.63501009136
23990.0 302960.4587225147
24000.0 302235.4830569195
24010.0 302752.372518581
24020.0 301766.34363230667
24030.0 300923.0498787072
24040.0 300371.7867491488
24050.0 300387.3742398999
24060.0 301498.2223590972
24070.0 301306.89503155986
24080.0 300176.8210370922
24090.0 300738.0415769697
24100.0 300336.55274967424
24110.0 299349.96456601575
24120.0 298065.9185138963
24130.0 297791.3929693666
24140.0 296304.4437646756
24150.0 290073.44806500943
24160.0 290465.9230035731
24170.0 294966.65856144845
24180.0 295354.7347389684
24190.0 295577.07587787154
24200.0 295319.6983513347
24210.0 295469.6157794219
24220.0 294647.9638133023
24230.0 294075.2824482558
24240.0 291581.58167107735
24250.0 293540.4815152559
24260.0 292045.5019642061
24270.0 290745.2030074666
24280.0 290482.6346392868
24290.0 288054.2268765688
24300.0 287306.3397084926
24310.0 286933.23900360236
24320.0 287808.8194441803
24330.0 286705.27632869483
24340.0 286509.2937706789
24350.0 285097.81175899133
24360.0 287594.9703294635
24370.0 285542.25916998665
24380.0 288396.1091559916
24390.0 287674.01940767834
24400.0 287326.89021447627
24410.0 286746.7815980122
24420.0 284591.1335177512
24430.0 285076.8121030874
24440.0 284229.93688634364
24450.0 283399.6083676512
24460.0 281529.5604027127
24470.0 279677.45302500064
24480.0 277607.0262159117
24490.0 277481.27998726495
24500.0 278080.35433639213
24510.0 276314.30924838554
24520.0 279157.5447347633
24530.0 280202.7207890828
24540.0 281244.0974029223
24550.0 277303.0379730033
24560.0 279081.61071131495
24570.0 272166.14740316395
24580.0 280431.0446684104
24590.0 279931.3624813143
24600.0 279656.1608621725
24610.0 279111.6397809142
24620.0 278153.69924936525
24630.0 276085.3792823836
24640.0 276882.8998647868
24650.0 274284.78100769466
24660.0 273954.46270235727
24670.0 272705.14492408
24680.0 269776.6182633278
24690.0 262587.15265802154
24700.0 265556.1581536951
24710.0 269991.6442203561
24720.0 270914.91081780434
24730.0 267981.8579676758
24740.0 272087.0119201672
24750.0 271922.53391448775
24760.0 270102.5726850997
24770.0 271497.61201283906
24780.0 270823.1218608963
24790.0 271738.4722482046
24800.0 265558.53933779005
24810.0 270997.0746753038
24820.0 263634.66667288064
24830.0 270255.05921136495
24840.0 269922.5922928107
24850.0 269170.6358732818
24860.0 258900.69001326326
24870.0 265180.5346789602
24880.0 264825.7598737719
24890.0 264147.3156007049
24900.0 263568.2218530256
24910.0 263778.32861248223
24920.0 260932.7052176633
24930.0 259173.27976783435
24940.0 254950.8341164283
24950.0 252695.31899985444
24960.0 257799.24438942404
24970.0 259419.36030199935
24980.0 257883.9466960445
24990.0 260778.08740546243
