#lam[Angstrom] flux[erg/cm2/s/A]
1010.0 50.49457188248234
1020.0 52.28485199715255
1030.0 180.3798657342642
1040.0 71.10288952197281
1050.0 53.54038329833707
1060.0 54.02439263695148
1070.0 57.048080629924044
1080.0 172.64444605678725
1090.0 175.88563624650968
1100.0 56.384219141058644
1110.0 56.83619852741169
1120.0 59.045870335442636
1130.0 57.43355553852239
1140.0 62.373020053612116
1150.0 58.53230829174394
1160.0 59.64525857681208
1170.0 59.755612367331416
1180.0 60.01295675123556
1190.0 60.37821843308022
1200.0 91.04141148688737
1210.0 81.03196901767838
1220.0 515.559344349024
1230.0 74.57562063789142
1240.0 304.00519303511066
1250.0 105.88603746714473
1260.0 147.3500125788151
1270.0 151.38420099907555
1280.0 156.2963312996922
1290.0 168.68629447428845
1300.0 181.6565116063569
1310.0 199.7721457376426
1320.0 208.66862246314267
1330.0 212.1911862641206
1340.0 236.8244745823367
1350.0 227.9237982008826
1360.0 233.35883336118965
1370.0 236.81487810410403
1380.0 241.83596810691228
1390.0 553.6964833069987
1400.0 615.7530003396275
1410.0 455.20596197894133
1420.0 256.77845255298644
1430.0 252.14883383038273
1440.0 253.44226989430544
1450.0 255.1285332071577
1460.0 257.13630972158745
1470.0 259.1293606510566
1480.0 260.3496796279857
1490.0 408.61790683258886
1500.0 257.77470661317636
1510.0 257.35018985341424
1520.0 257.6327107417449
1530.0 269.20647402272994
1540.0 255.82347921187068
1550.0 3632.4874209152886
1560.0 255.92628514538683
1570.0 254.82805394562357
1580.0 267.0046522178619
1590.0 254.586440133994
1600.0 279.13593980878744
1610.0 254.09062039386117
1620.0 254.07044247604833
1630.0 252.56672234659882
1640.0 2310.0392748296013
1650.0 250.45175087435027
1660.0 323.967057547529
1670.0 441.16385885990917
1680.0 248.84718946408884
1690.0 248.09547880361356
1700.0 247.08152161345905
1710.0 245.83273871162123
1720.0 263.90750423714076
1730.0 247.06763395709768
1740.0 251.74507732246022
1750.0 373.51139433795555
1760.0 244.8690131448626
1770.0 244.7919574421482
1780.0 245.5295654306294
1790.0 262.5847046608479
1800.0 243.8841434952812
1810.0 300.80770108512974
1820.0 305.97478196402085
1830.0 239.38212900092074
1840.0 237.855181034186
1850.0 256.8017648860509
1860.0 247.0387535273347
1870.0 235.0676908831401
1880.0 385.40506716243107
1890.0 482.3250708721102
1900.0 232.72865502116545
1910.0 1563.6668299405703
1920.0 231.11912049638136
1930.0 232.14645327617148
1940.0 227.93437208825992
1950.0 227.81004878115257
1960.0 225.49260143912758
1970.0 224.16529795279826
1980.0 222.96577594489887
1990.0 221.98712347919698
2000.0 220.48567366190045
2010.0 218.5642254020974
2020.0 209.50982039135138
2030.0 197.6085805964703
2040.0 191.80112763630552
2050.0 183.077229450846
2060.0 180.0287821668951
2070.0 181.38978638631335
2080.0 177.40123097735494
2090.0 182.9195320234168
2100.0 178.97250243203126
2110.0 178.9997994248946
2120.0 184.16691718512072
2130.0 183.91192257138746
2140.0 193.43595976209676
2150.0 176.95848143076458
2160.0 178.32133054401177
2170.0 174.0282790078241
2180.0 180.87782192222934
2190.0 176.9315351469501
2200.0 178.70776012191027
2210.0 180.8661610695473
2220.0 189.76921755115436
2230.0 185.6770519372615
2240.0 188.67351344218102
2250.0 200.39344381837446
2260.0 195.5321698971382
2270.0 199.43065709838837
2280.0 203.49602828382524
2290.0 207.7441199858625
2300.0 217.25320044996528
2310.0 228.56644371061705
2320.0 239.93240388894907
2330.0 429.9526927953651
2340.0 272.5775835028363
2350.0 243.06222665771358
2360.0 237.27851135571262
2370.0 241.92581263073703
2380.0 246.5129033851495
2390.0 269.4722477180932
2400.0 255.83084302065413
2410.0 261.1380962650916
2420.0 264.7507473080748
2430.0 573.2498170965059
2440.0 273.50930686716464
2450.0 278.71947050781824
2460.0 282.15006677085626
2470.0 286.47973840994456
2480.0 290.8449700519858
2490.0 295.3027379898522
2500.0 299.3273134976431
2510.0 334.0644344301731
2520.0 308.3181177175896
2530.0 312.45679009629026
2540.0 315.9471255881606
2550.0 320.11497101294776
2560.0 370.8298477466473
2570.0 327.97106841726696
2580.0 332.1787854405013
2590.0 344.44176515747625
2600.0 340.2950787437156
2610.0 343.8699795482871
2620.0 347.3633388971161
2630.0 351.1547319465721
2640.0 355.11732558923825
2650.0 358.2548544502058
2660.0 360.68550005519995
2670.0 404.91625290734396
2680.0 366.8546502940938
2690.0 370.53263990721774
2700.0 374.0288929538112
2710.0 376.77779508608825
2720.0 381.53025908863907
2730.0 408.8769921915255
2740.0 412.402082109388
2750.0 391.03182140546005
2760.0 396.1302966883477
2770.0 398.3878896532537
2780.0 402.00630209253677
2790.0 1603.7579697639708
2800.0 1012.8941392020748
2810.0 413.39459451864775
2820.0 416.7732519111018
2830.0 649.491639479669
2840.0 423.467362924265
2850.0 451.77738338324815
2860.0 438.8018115730831
2870.0 434.37909395577935
2880.0 438.27468288531315
2890.0 441.67547967145924
2900.0 445.23097017582086
2910.0 448.31417976396364
2920.0 452.273931804171
2930.0 526.4391950332324
2940.0 457.9813292565603
2950.0 471.36834867806203
2960.0 465.10202976514694
2970.0 468.1102546944472
2980.0 473.27303196269537
2990.0 475.32594539116724
3000.0 477.9703048496202
3010.0 481.58515698259924
3020.0 484.96444400153945
3030.0 488.70098458243217
3040.0 492.19142658852604
3050.0 494.96030150132736
3060.0 498.63215685113846
3070.0 506.1078652773587
3080.0 505.4873815368817
3090.0 507.73824055150817
3100.0 513.9168565911813
3110.0 529.1540107032953
3120.0 551.9330835488962
3130.0 542.7585536145003
3140.0 564.4185701260388
3150.0 594.4086257691689
3160.0 610.8422691866349
3170.0 642.8912385764631
3180.0 605.8000815206454
3190.0 588.3088119613799
3200.0 584.322315041021
3210.0 724.9965747749366
3220.0 616.2707604505365
3230.0 579.4618589797533
3240.0 607.5187030141985
3250.0 636.4209504634055
3260.0 776.38875289867
3270.0 674.6606384315237
3280.0 722.7093821853972
3290.0 784.7504502298755
3300.0 641.4726881312239
3310.0 713.6276616477201
3320.0 693.1341580811026
3330.0 917.5934385647388
3340.0 860.0401572782313
3350.0 771.2672786266905
3360.0 704.3905764807675
3370.0 599.5732183632425
3380.0 656.3530317111162
3390.0 629.6837902807777
3400.0 716.8870720808012
3410.0 645.0749577799974
3420.0 710.9531346463449
3430.0 716.9215565067452
3440.0 606.4006782435466
3450.0 622.2841143508664
3460.0 621.851691044982
3470.0 626.6448408100042
3480.0 651.4329633234285
3490.0 636.5426571891769
3500.0 654.7956549086091
3510.0 652.1345435458257
3520.0 634.8679176170156
3530.0 697.2596481007733
3540.0 924.3212281401538
3550.0 787.5100806428487
3560.0 733.1088468386095
3570.0 643.0005917246384
3580.0 648.7465525189496
3590.0 633.1127582450246
3600.0 640.6259601380341
3610.0 651.0839564319481
3620.0 689.302967319098
3630.0 734.5992667645805
3640.0 794.1777553434176
3650.0 714.3790943362164
3660.0 905.9918107324908
3670.0 848.3873416401483
3680.0 691.7245922382168
3690.0 772.8880177237288
3700.0 758.2476189476421
3710.0 660.5279295636717
3720.0 563.6206836166117
3730.0 945.4395132578795
3740.0 493.22231804696105
3750.0 534.5383926316922
3760.0 564.7444440682176
3770.0 745.5003358987097
3780.0 756.394711888754
3790.0 712.9150998239145
3800.0 759.2877429622199
3810.0 732.6016270456389
3820.0 550.8318654456031
3830.0 572.4805569048591
3840.0 716.5624817062542
3850.0 619.0194786245827
3860.0 1010.1191233213485
3870.0 626.2808531049703
3880.0 658.3094161429847
3890.0 577.7167285578718
3900.0 670.6963363650212
3910.0 721.2213483689941
3920.0 607.0520984068572
3930.0 559.7376959710828
3940.0 594.5195299333297
3950.0 609.9385622064392
3960.0 691.8308566626849
3970.0 669.2017209617261
3980.0 969.2426616002592
3990.0 928.2801006648109
4000.0 932.776911896889
4010.0 967.5727782021761
4020.0 962.4844240845796
4030.0 641.3426412141691
4040.0 813.2406474147322
4050.0 866.3875669278849
4060.0 937.4676255455236
4070.0 949.302110936686
4080.0 1021.1068509175785
4090.0 946.1964744000427
4100.0 1064.1226111724577
4110.0 857.1588642086866
4120.0 842.4817926642211
4130.0 808.3184834927763
4140.0 803.0434996430567
4150.0 787.8168528395097
4160.0 769.5395345633681
4170.0 719.210772909795
4180.0 685.1286077910974
4190.0 641.2010188466876
4200.0 620.9646889620669
4210.0 577.6429831329515
4220.0 524.1679284018833
4230.0 516.9045899719756
4240.0 570.935725359706
4250.0 618.1588400191364
4260.0 736.4155266844057
4270.0 741.7262879243999
4280.0 788.2469813680723
4290.0 752.8770893571595
4300.0 991.9546214925489
4310.0 1081.6068655098234
4320.0 1185.6395844050112
4330.0 1605.517900449593
4340.0 1369.6989463879086
4350.0 1461.4979072338033
4360.0 1412.3341063203343
4370.0 1641.323258552845
4380.0 1230.9194942148686
4390.0 1756.1876644778092
4400.0 1576.7696110115658
4410.0 1745.739036024344
4420.0 1832.0232966570998
4430.0 1248.258534066806
4440.0 1508.7492237666997
4450.0 1797.1411059926802
4460.0 1372.2923197374598
4470.0 1561.988969326087
4480.0 1861.1012028828447
4490.0 2059.8114592386983
4500.0 2139.4184560703343
4510.0 1641.9188222110015
4520.0 2032.1158118879675
4530.0 1980.7020845421434
4540.0 2353.2326815520114
4550.0 1844.105481997732
4560.0 2476.8397837207085
4570.0 2754.8177581501714
4580.0 2242.918831591004
4590.0 1129.5368822268142
4600.0 1605.6462768632073
4610.0 1964.3722509286092
4620.0 2557.017775264193
4630.0 1406.606168101864
4640.0 1523.4670220210728
4650.0 1889.4182675110615
4660.0 2527.018009913789
4670.0 1746.091108670528
4680.0 1698.5488160193408
4690.0 2739.1051274174215
4700.0 3080.6247939193368
4710.0 3310.0055363215897
4720.0 2199.805585140829
4730.0 2972.4980416915428
4740.0 2974.654893241466
4750.0 3501.1344588027323
4760.0 2024.2378360503424
4770.0 1071.8944097609822
4780.0 1445.766636336843
4790.0 1628.9713071618562
4800.0 1629.341559312491
4810.0 739.9474350722046
4820.0 1179.2668780959082
4830.0 1574.9426570809146
4840.0 2188.237565019648
4850.0 1582.3244277374429
4860.0 2168.084974331994
4870.0 2364.118537130737
4880.0 2877.631261869077
4890.0 4501.380258435542
4900.0 3721.3411898615464
4910.0 4557.088294809634
4920.0 6390.012736210745
4930.0 7067.998733990918
4940.0 6168.485415443826
4950.0 7348.31340561277
4960.0 2555.43516786541
4970.0 1704.2542980889343
4980.0 2145.798571048016
4990.0 2515.3969010916203
5000.0 1784.8548101536708
5010.0 5722.136044869576
5020.0 1468.054186980797
5030.0 2353.9530649137873
5040.0 2332.327069138263
5050.0 2070.1442879274464
5060.0 1973.3910845159505
5070.0 2308.402317005997
5080.0 2113.1313441553416
5090.0 2338.546943972698
5100.0 2756.123056210239
5110.0 2217.6945571922492
5120.0 2572.721321617726
5130.0 2631.049475481952
5140.0 2700.1065743013396
5150.0 2672.393280825526
5160.0 2697.010171421879
5170.0 1068.6599948316803
5180.0 1097.750843821575
5190.0 1530.2980694304968
5200.0 2177.485934737723
5210.0 1662.8315994747798
5220.0 5028.569659298982
5230.0 4195.973653578419
5240.0 3596.5766369817875
5250.0 3484.6842004391283
5260.0 4006.2535581834227
5270.0 2734.5858713028174
5280.0 4020.827085181595
5290.0 5001.740818513581
5300.0 5343.612106759439
5310.0 4943.877177067066
5320.0 4219.862974501381
5330.0 3532.325492662491
5340.0 4825.0338608357715
5350.0 5262.964006386973
5360.0 3976.8280779098686
5370.0 3709.8465788008407
5380.0 4973.064921909285
5390.0 5167.304742462745
5400.0 4185.578302810795
5410.0 3886.9303876848985
5420.0 5154.513078516542
5430.0 4136.8157858113245
5440.0 5364.67131820878
5450.0 2277.9597494240693
5460.0 2090.767206087705
5470.0 2528.9805455188607
5480.0 2670.127604922607
5490.0 3033.767448857039
5500.0 2269.546660471495
5510.0 2606.8441221965904
5520.0 3067.6281410265633
5530.0 3113.4253634230035
5540.0 3410.4183032580377
5550.0 3625.7413926639165
5560.0 3692.6872446824527
5570.0 3284.7320629504725
5580.0 3410.481896393155
5590.0 3243.0659162158536
5600.0 2470.338700834066
5610.0 2400.4713219609666
5620.0 2154.149539754632
5630.0 2369.1741417952167
5640.0 2161.854335303247
5650.0 2972.6183604271923
5660.0 2539.7772836869117
5670.0 2537.252375938745
5680.0 2882.330666928099
5690.0 3377.000075471581
5700.0 3528.186390517817
5710.0 3523.033944841775
5720.0 3768.7788032742014
5730.0 3899.0585078259455
5740.0 3788.716578200992
5750.0 3891.994308545567
5760.0 3180.6836144343215
5770.0 3280.732851595815
5780.0 3955.159928769355
5790.0 4281.862268046424
5800.0 4537.895000323182
5810.0 4021.2579141168894
5820.0 3976.525168875152
5830.0 4055.635987648882
5840.0 3481.7758303724063
5850.0 2420.126981415657
5860.0 2209.175285430271
5870.0 1736.1056266615328
5880.0 1057.6368231481551
5890.0 536.468313611967
5900.0 515.802439494003
5910.0 931.4921775803391
5920.0 1493.88288204719
5930.0 1842.9430459821033
5940.0 2222.4766077656514
5950.0 2087.5553971120107
5960.0 2118.489227540069
5970.0 2424.505148719928
5980.0 2672.8862996107323
5990.0 3153.249055368272
6000.0 3042.7952523376603
6010.0 3393.4325202202485
6020.0 3787.8799688639897
6030.0 4300.22079892174
6040.0 4385.274173326361
6050.0 4915.050830922362
6060.0 5264.893168365695
6070.0 5868.117384089773
6080.0 7099.699114114981
6090.0 5865.766110235573
6100.0 5667.239541103196
6110.0 6151.216053754711
6120.0 6986.309805467584
6130.0 7913.122652271022
6140.0 8093.161807841902
6150.0 6035.228300545437
6160.0 3040.3551019678985
6170.0 2745.790667450829
6180.0 2971.61780590495
6190.0 2035.1521315827304
6200.0 2306.4661400025675
6210.0 2658.3758268254
6220.0 1968.6021479828512
6230.0 1834.1147783132933
6240.0 1993.038619160273
6250.0 2446.2978121745814
6260.0 2785.7724253215783
6270.0 2987.901349580089
6280.0 3008.9684673383954
6290.0 3403.560144442006
6300.0 3676.852480513827
6310.0 4398.132750327928
6320.0 4617.402341190739
6330.0 4572.92486035026
6340.0 5825.827365173808
6350.0 4627.082437479436
6360.0 3824.334346898915
6370.0 4487.629812443833
6380.0 4381.334522239871
6390.0 4269.923258393343
6400.0 5427.483812026541
6410.0 6988.615816252634
6420.0 5670.916744429732
6430.0 6340.8980543405
6440.0 8060.267615976603
6450.0 7669.5541817845515
6460.0 8555.27262566782
6470.0 10573.592528844363
6480.0 5923.372148776693
6490.0 5778.908919206776
6500.0 5332.856072260861
6510.0 5849.021062250616
6520.0 6346.02121171172
6530.0 8054.470243700637
6540.0 9175.826659237162
6550.0 7789.719195938966
6560.0 9905.322680071555
6570.0 8804.34156027418
6580.0 8564.41647682164
6590.0 9371.488817252979
6600.0 8597.758916128172
6610.0 8577.355829519269
6620.0 7981.187892232457
6630.0 7624.8696208425545
6640.0 7707.675702863019
6650.0 5846.39394004217
6660.0 5349.159152941604
6670.0 6527.79269777729
6680.0 4872.235542910712
6690.0 4672.984733924892
6700.0 5472.634733429352
6710.0 5749.910785074162
6720.0 3319.638541613331
6730.0 4294.42699435294
6740.0 4938.893105754601
6750.0 4229.56151391668
6760.0 4744.925249261337
6770.0 6117.736396765298
6780.0 5179.041992543922
6790.0 4267.0215472068385
6800.0 5258.343603009887
6810.0 5947.887626936658
6820.0 5432.493232355604
6830.0 6756.644009184528
6840.0 7094.151693017002
6850.0 5794.202851620694
6860.0 5687.23507231902
6870.0 6139.505081205712
6880.0 6797.197182243453
6890.0 6538.148058717999
6900.0 7067.694286599584
6910.0 8808.043469008042
6920.0 7390.944538037029
6930.0 8998.38556331131
6940.0 8792.603290181645
6950.0 10745.586296070258
6960.0 11874.665553353261
6970.0 13307.072594029461
6980.0 14622.030727216244
6990.0 15393.246835975338
7000.0 15141.372181429286
7010.0 17668.946191528696
7020.0 20337.012957076175
7030.0 22674.285010172753
7040.0 27306.194333923937
7050.0 29904.916493742472
7060.0 7959.490554758212
7070.0 11882.808740098122
7080.0 14586.598635682516
7090.0 7348.266238373891
7100.0 6352.4651399146
7110.0 9139.892637907118
7120.0 11188.403895688207
7130.0 3871.394368068021
7140.0 4897.47496139082
7150.0 6358.093768858306
7160.0 6702.995513856731
7170.0 7417.451891391666
7180.0 8940.300570412537
7190.0 12208.557895752407
7200.0 7587.774373490546
7210.0 7695.468248518319
7220.0 10813.57875015607
7230.0 11566.572973479555
7240.0 13817.41216745267
7250.0 18752.526986593966
7260.0 21790.444988042276
7270.0 19687.905673788468
7280.0 19805.887470772486
7290.0 24976.224403948803
7300.0 31377.95914337549
7310.0 34543.416622708144
7320.0 38759.0260493678
7330.0 41920.247285049525
7340.0 31934.584803135716
7350.0 24281.52298529499
7360.0 30372.752573109687
7370.0 37271.4332911729
7380.0 26573.479378835225
7390.0 25034.480640906808
7400.0 23989.784335214747
7410.0 21320.24352569169
7420.0 16117.515916418199
7430.0 20926.554161344757
7440.0 20570.583229973527
7450.0 12761.187988917447
7460.0 15185.775152732367
7470.0 17278.279918015647
7480.0 15406.618636739087
7490.0 19175.835835032794
7500.0 22392.115097470523
7510.0 17097.824108817687
7520.0 20061.754176284187
7530.0 24484.70833914305
7540.0 24566.246961823374
7550.0 28940.842410730398
7560.0 35060.671310301994
7570.0 33018.080526497324
7580.0 34368.012974258956
7590.0 25532.94089801143
7600.0 27978.669216576793
7610.0 30639.178149000043
7620.0 38808.27268645851
7630.0 22788.355696439783
7640.0 20192.289002704645
7650.0 10293.161275161485
7660.0 4285.100834173121
7670.0 4117.95361196143
7680.0 6789.40258761829
7690.0 6146.809706341863
7700.0 5117.511244245099
7710.0 11174.381174449218
7720.0 18346.314035773576
7730.0 26294.416600798955
7740.0 30785.80074552774
7750.0 22808.064225354385
7760.0 22990.753070414805
7770.0 27933.378423701222
7780.0 27653.848278593763
7790.0 27981.79405145029
7800.0 28311.744120421
7810.0 38798.862744719896
7820.0 38882.640714371635
7830.0 30771.906593641317
7840.0 30055.756308299828
7850.0 36865.01369992277
7860.0 38071.64644701697
7870.0 37695.4603807154
7880.0 45732.96486012229
7890.0 50816.73944693346
7900.0 46218.79994492036
7910.0 38707.72844218893
7920.0 36696.59831277484
7930.0 38570.702562761304
7940.0 40550.02758545007
7950.0 42164.15003564951
7960.0 52049.14720791795
7970.0 44107.98638315939
7980.0 44630.18337246223
7990.0 42434.792657792685
8000.0 48092.10938580312
8010.0 44561.25249043842
8020.0 49407.767671071975
8030.0 53577.804613532986
8040.0 57220.16357120857
8050.0 47295.968966341075
8060.0 56915.55386985712
8070.0 60859.13749621153
8080.0 65146.87432490021
8090.0 75557.07353296982
8100.0 82421.21735406881
8110.0 84394.43062855054
8120.0 86677.45525399802
8130.0 100245.92957343206
8140.0 106330.30347063218
8150.0 114958.02793748803
8160.0 115549.53245613407
8170.0 122516.5004533538
8180.0 86880.1760399845
8190.0 82635.91725608795
8200.0 71906.1006621987
8210.0 82517.71117674156
8220.0 92310.85105127952
8230.0 104922.52318039771
8240.0 111519.04919762339
8250.0 108321.97222018588
8260.0 108618.26428640522
8270.0 93001.62269925034
8280.0 87729.57225739221
8290.0 89911.47666055922
8300.0 82111.40861318567
8310.0 85927.96626237499
8320.0 96428.49489585147
8330.0 92740.8823807652
8340.0 86143.50473986502
8350.0 83433.19841972564
8360.0 89762.64947624877
8370.0 91106.31026586359
8380.0 85668.55476018872
8390.0 81345.84428807578
8400.0 91014.86437624718
8410.0 97753.94723996468
8420.0 89514.9228451192
8430.0 74469.2612852828
8440.0 45350.903631026966
8450.0 30960.234457059905
8460.0 30169.08663104397
8470.0 30349.33865390239
8480.0 37361.599325628544
8490.0 41440.87390070247
8500.0 41478.30231107283
8510.0 36956.80644854242
8520.0 34821.29354408234
8530.0 32574.26893248379
8540.0 34825.01635168655
8550.0 41749.23847809144
8560.0 45342.45832208003
8570.0 48173.86241139271
8580.0 45435.341341966654
8590.0 39042.85478360849
8600.0 35229.19678626182
8610.0 41334.36586234167
8620.0 48842.74914058433
8630.0 43014.55578037144
8640.0 44683.326510320105
8650.0 42250.705417138095
8660.0 42549.045774127095
8670.0 40317.01117490665
8680.0 37920.2829641778
8690.0 43852.42573694977
8700.0 41700.363503810215
8710.0 47903.652459065706
8720.0 49329.03495180789
8730.0 56225.794050661934
8740.0 55685.73544068915
8750.0 54089.57592624686
8760.0 65749.80584146087
8770.0 62063.2570462765
8780.0 71083.18410678537
8790.0 82877.78415873196
8800.0 90850.95619778022
8810.0 91359.88773163735
8820.0 84472.986751334
8830.0 98013.66132714195
8840.0 109760.45407956713
8850.0 119894.0308681816
8860.0 73308.41713425366
8870.0 60800.48262534777
8880.0 67467.43254542131
8890.0 76395.62778218817
8900.0 86121.75571083924
8910.0 99564.13948248571
8920.0 100494.1735777284
8930.0 108652.73947723281
8940.0 85603.34270089999
8950.0 84884.39372384537
8960.0 93318.70392471582
8970.0 102366.54492115031
8980.0 111066.52434300464
8990.0 120941.82451850009
9000.0 117451.64966878621
9010.0 122046.97762209355
9020.0 116175.24740836072
9030.0 113774.92199019728
9040.0 128672.15791249683
9050.0 131615.03309354078
9060.0 134067.65087911682
9070.0 138249.3394802651
9080.0 144157.56605054028
9090.0 146782.46734310372
9100.0 153691.01019330393
9110.0 155135.66631975202
9120.0 158812.57901625807
9130.0 164879.96606277121
9140.0 166219.45490772792
9150.0 169090.67888085183
9160.0 175520.85292293658
9170.0 176688.7720028408
9180.0 179323.3485564055
9190.0 185182.61760024523
9200.0 180309.16731610047
9210.0 143898.90230940425
9220.0 127853.05033591867
9230.0 110164.37143983503
9240.0 115193.73973199812
9250.0 107618.24905904097
9260.0 118688.38224205139
9270.0 125908.39684458946
9280.0 107489.16607219033
9290.0 98177.05840578073
9300.0 94371.2044435976
9310.0 101949.145612215
9320.0 96422.19343650903
9330.0 106233.69811477928
9340.0 118293.14503313268
9350.0 107830.9305125967
9360.0 110822.33474090972
9370.0 107394.60877265494
9380.0 110725.4030365615
9390.0 112839.26059237166
9400.0 117599.29115429004
9410.0 128616.1699949667
9420.0 126457.79766196765
9430.0 131825.78119809373
9440.0 124889.0418943254
9450.0 125756.15746029123
9460.0 128582.7757512462
9470.0 137985.00139896097
9480.0 145829.12806282466
9490.0 152182.3205105921
9500.0 150686.85917765895
9510.0 148520.64814878246
9520.0 151197.26357240474
9530.0 156388.8388554609
9540.0 153570.91636647162
9550.0 155161.20638663377
9560.0 164813.04394586183
9570.0 167420.01261030557
9580.0 172861.63679115503
9590.0 170007.7766480276
9600.0 154868.95509836805
9610.0 170219.45359867386
9620.0 177996.670011807
9630.0 181398.32890065946
9640.0 153709.53972943765
9650.0 171578.6459791096
9660.0 189285.01865711386
9670.0 175950.15727931447
9680.0 171334.33198660938
9690.0 180480.10189413262
9700.0 192560.3377108992
9710.0 178395.9142122765
9720.0 185489.61381246347
9730.0 145357.95483983474
9740.0 150870.0632194557
9750.0 160157.76606035404
9760.0 166169.300842406
9770.0 163922.11452039238
9780.0 161352.45857047345
9790.0 168904.57919249675
9800.0 181703.15244878567
9810.0 164136.95990681517
9820.0 164286.49878055867
9830.0 157379.0161399574
9840.0 161667.84055574395
9850.0 170246.92915001506
9860.0 176955.08221301527
9870.0 179083.84253196834
9880.0 186663.0119986694
9890.0 189140.1780014134
9900.0 143425.30609234748
9910.0 124940.7103761218
9920.0 127238.59836295739
9930.0 138174.50557263457
9940.0 162334.8405275281
9950.0 166988.3825613733
9960.0 170318.19969973384
9970.0 158240.62137713697
9980.0 159476.83530618544
9990.0 153129.87813918813
10010.0 154563.6611040735
10020.0 156135.77958323693
10030.0 155890.71261774757
10040.0 159850.72159765213
10050.0 147537.71864023118
10060.0 148953.7192018997
10070.0 163408.94930046386
10080.0 169231.79283961025
10090.0 163227.20669034752
10100.0 180812.6354910471
10110.0 166625.06730306277
10120.0 169322.07713831952
10130.0 178429.81029880684
10140.0 165327.4795322708
10150.0 172134.74509664465
10160.0 165072.13767642196
10170.0 175138.97526993277
10180.0 167796.57186494418
10190.0 174395.98304975816
10200.0 181111.95109166828
10210.0 177636.54169350606
10220.0 170270.0203078527
10230.0 173482.50790866592
10240.0 189727.1499008345
10250.0 164847.8561092526
10260.0 153929.09320134638
10270.0 160980.8467810827
10280.0 156364.88585238525
10290.0 173241.59092564095
10300.0 165987.46112484648
10310.0 180166.32080624998
10320.0 167050.88243270526
10330.0 177783.95299738977
10340.0 155081.13236712865
10350.0 173672.42781689262
10360.0 183135.98207384237
10370.0 194755.20030838717
10380.0 175913.08949951892
10390.0 177516.05599671009
10400.0 180733.80294726387
10410.0 177105.1021920538
10420.0 186305.1763794772
10430.0 178374.94252974328
10440.0 197483.60645789735
10450.0 198334.5615568315
10460.0 195972.9804344801
10470.0 177523.00826676138
10480.0 185685.07304709152
10490.0 195104.91776374303
10500.0 189058.61228451846
10510.0 186668.0617901258
10520.0 184614.49206696748
10530.0 207442.4772710547
10540.0 192998.74438307938
10550.0 195180.08004574617
10560.0 194909.9755259693
10570.0 186101.74653663536
10580.0 196927.752478135
10590.0 194429.55332697087
10600.0 206973.13498738792
10610.0 198286.02494666513
10620.0 194400.4567346737
10630.0 207785.91642219608
10640.0 201070.4090402226
10650.0 196451.8087919656
10660.0 193320.22341841977
10670.0 199787.41015813785
10680.0 198361.58279524226
10690.0 204284.29532000417
10700.0 205992.20673579222
10710.0 208561.81769539908
10720.0 210941.46787841487
10730.0 193162.52360621156
10740.0 208060.33123320888
10750.0 209869.85875333493
10760.0 208173.93174784243
10770.0 214730.8004582722
10780.0 215970.7646421961
10790.0 212389.46971718495
10800.0 210522.209666616
10810.0 206950.1095100808
10820.0 216233.1372929256
10830.0 215574.09082784265
10840.0 220017.87129394469
10850.0 212589.55963964728
10860.0 208962.477840228
10870.0 215629.22875060776
10880.0 220806.71637578632
10890.0 209302.774657687
10900.0 217376.15276841816
10910.0 205056.7617195612
10920.0 210111.83409038576
10930.0 209521.34918297274
10940.0 215842.44772139605
10950.0 207914.7550997186
10960.0 201844.72233068108
10970.0 205017.6914071522
10980.0 198617.3430365122
10990.0 207705.5986142329
11000.0 203187.96272269034
11010.0 205547.1986311705
11020.0 188644.1533575965
11030.0 184764.12159922638
11040.0 187321.9052969375
11050.0 177315.9325304253
11060.0 188541.52659650578
11070.0 188523.78848590056
11080.0 182695.5792166572
11090.0 189286.57795843936
11100.0 184218.2348969804
11110.0 182958.56082957544
11120.0 183470.68858284588
11130.0 191548.6741218803
11140.0 197848.5049453684
11150.0 185311.25348035272
11160.0 191792.78230030026
11170.0 188047.11291828603
11180.0 200861.73335472462
11190.0 182695.7275763649
11200.0 185061.20828903478
11210.0 192131.9991980222
11220.0 190535.92257470553
11230.0 199005.83475928777
11240.0 199239.68672073394
11250.0 192952.11047257727
11260.0 200615.14738777748
11270.0 205559.90304328376
11280.0 192569.87784781377
11290.0 199117.365444806
11300.0 188357.16382873172
11310.0 194919.72115213834
11320.0 201327.9248135363
11330.0 192744.445402377
11340.0 184106.37475811742
11350.0 193101.73687356352
11360.0 191719.98875718017
11370.0 179654.73221235056
11380.0 141447.40065548598
11390.0 179360.77066829347
11400.0 141215.57442707891
11410.0 164826.55396609267
11420.0 185907.77125479927
11430.0 193721.56906404972
11440.0 187141.26442440005
11450.0 193797.45130270417
11460.0 193982.8129494257
11470.0 202012.9453322907
11480.0 196729.05301418222
11490.0 202636.9395888047
11500.0 206330.09793494668
11510.0 199760.97852205584
11520.0 197184.52733825188
11530.0 198668.72887654725
11540.0 192676.32380461553
11550.0 202403.2439338007
11560.0 199599.74444197715
11570.0 199921.58768522006
11580.0 202072.60665451226
11590.0 191398.55134840548
11600.0 196990.94533349824
11610.0 184255.24259652302
11620.0 195129.15016087666
11630.0 201479.16242662177
11640.0 192907.47042452457
11650.0 197220.8041358144
11660.0 197652.0093111733
11670.0 202949.27155800938
11680.0 189515.27327367626
11690.0 127077.62850502462
11700.0 189766.2338374551
11710.0 197404.00868535062
11720.0 199586.3719124343
11730.0 196199.32949637045
11740.0 193209.8834546337
11750.0 186111.1241210173
11760.0 180154.29548267325
11770.0 104644.95419673572
11780.0 155851.98802132846
11790.0 191253.62418456882
11800.0 188139.15202592756
11810.0 188692.71254393304
11820.0 192964.55573801158
11830.0 183227.0933792795
11840.0 196472.3814579765
11850.0 190303.96999650568
11860.0 196211.22021722057
11870.0 199709.5621165298
11880.0 169512.31868788472
11890.0 189486.8167604792
11900.0 199370.4078162851
11910.0 192519.2113502094
11920.0 199155.48555455366
11930.0 200410.94041328906
11940.0 194280.29093136723
11950.0 188003.08134416843
11960.0 190303.8390236448
11970.0 169607.46360281823
11980.0 190219.46584347164
11990.0 188106.14673829157
12000.0 192213.65329318205
12010.0 195810.03044431855
12020.0 195406.8743996625
12030.0 187463.6959337082
12040.0 201597.89311860924
12050.0 196836.88093528943
12060.0 205880.84939597698
12070.0 194576.58892126093
12080.0 201667.92822005262
12090.0 192622.02359095446
12100.0 204893.3096018941
12110.0 192363.51125332768
12120.0 200792.44853818294
12130.0 194041.75825036792
12140.0 208005.11422457753
12150.0 208882.15761568313
12160.0 199111.3566230774
12170.0 206429.12625709406
12180.0 206517.08150416784
12190.0 205455.89602468602
12200.0 200602.2846709822
12210.0 203207.92259305165
12220.0 201527.4061365142
12230.0 205733.57029883342
12240.0 206786.22006850096
12250.0 207586.79097007334
12260.0 209199.011479867
12270.0 203908.22310460248
12280.0 212207.0903262243
12290.0 206530.18818203438
12300.0 209209.60662265675
12310.0 206677.36567659545
12320.0 203863.8400414803
12330.0 205952.82060655867
12340.0 206159.77146954264
12350.0 209089.74292745566
12360.0 205290.09999451126
12370.0 207696.30765074567
12380.0 212827.53461372954
12390.0 201566.9043724064
12400.0 203246.81341161573
12410.0 195916.94303570563
12420.0 188263.6032258511
12430.0 156248.70397866183
12440.0 191391.89679949466
12450.0 201581.29265271983
12460.0 200351.38056378963
12470.0 200091.12906112816
12480.0 199400.79314276768
12490.0 205038.5977855172
12500.0 201450.085252446
12510.0 197667.44382548975
12520.0 144704.7852033256
12530.0 193877.72215569328
12540.0 202155.70968015274
12550.0 202939.6127633576
12560.0 200681.1264275287
12570.0 199724.22868875353
12580.0 202552.17543996585
12590.0 197037.755790936
12600.0 201940.06670318992
12610.0 203671.3581773309
12620.0 200742.8202078535
12630.0 200699.5369365941
12640.0 195436.13405488644
12650.0 204212.97584302432
12660.0 203634.02316458875
12670.0 200559.17104042464
12680.0 195282.48445045127
12690.0 206112.1911587083
12700.0 200891.46978825616
12710.0 205036.0167483724
12720.0 208634.1542461707
12730.0 205240.25228730598
12740.0 197833.01586259407
12750.0 200950.12644550178
12760.0 208147.50464045923
12770.0 206403.4298353948
12780.0 201887.32056343573
12790.0 208822.9318357632
12800.0 204948.31862470525
12810.0 206317.39095405338
12820.0 196758.73841345255
12830.0 199308.2918172815
12840.0 204836.7203436472
12850.0 200728.8243894269
12860.0 195189.9789465746
12870.0 204250.64401291969
12880.0 201753.92025942693
12890.0 202937.8860887836
12900.0 191636.4971049418
12910.0 197590.12063607277
12920.0 201704.63367829093
12930.0 202981.00723081906
12940.0 205828.39131067856
12950.0 202298.5345448703
12960.0 206945.9759860707
12970.0 203356.33158749645
12980.0 204289.71270133884
12990.0 201108.47431042627
13000.0 207554.02143067616
13010.0 201064.4141308936
13020.0 206924.50218261426
13030.0 205201.01080357458
13040.0 207808.1799262985
13050.0 204889.76455346536
13060.0 204606.60966464572
13070.0 200259.96027649503
13080.0 199048.55024747504
13090.0 195075.0389038016
13100.0 202239.6269123734
13110.0 202673.93538337477
13120.0 176791.32234097752
13130.0 191280.4887736702
13140.0 195865.97362565275
13150.0 178407.0611629892
13160.0 200144.53313417765
13170.0 200688.7685897971
13180.0 193848.41952139267
13190.0 199742.31593072935
13200.0 196835.3678204373
13210.0 192883.48937789322
13220.0 195335.4580299121
13230.0 191494.63134202224
13240.0 193634.42913225802
13250.0 181009.18639494557
13260.0 192459.325121538
13270.0 182938.5773223307
13280.0 186513.0554362448
13290.0 172396.40003092017
13300.0 180213.45652530852
13310.0 166430.72347631276
13320.0 137699.95688028098
13330.0 165649.14674225127
13340.0 131179.0597207195
13350.0 113218.90563770822
13360.0 130676.02768063606
13370.0 120969.7461807621
13380.0 131718.80312868726
13390.0 137570.78453464957
13400.0 129136.91939582613
13410.0 130286.0382346746
13420.0 117394.54442291938
13430.0 117562.98359210312
13440.0 113262.4127181558
13450.0 130053.2947779535
13460.0 127568.05277619422
13470.0 122335.36171674589
13480.0 124337.92675517668
13490.0 132155.6142556234
13500.0 103268.98585051204
13510.0 125594.48038688113
13520.0 116458.45186546411
13530.0 122752.71427662796
13540.0 109701.65207538937
13550.0 116626.52340063463
13560.0 125295.38961753709
13570.0 115126.6042682524
13580.0 112883.7373394162
13590.0 108716.79484920621
13600.0 125278.7667812649
13610.0 114315.10246704308
13620.0 105672.69312295485
13630.0 115817.2765272615
13640.0 110266.20883795571
13650.0 119832.0540718799
13660.0 113086.08221530906
13670.0 117901.33628013852
13680.0 111554.02874570694
13690.0 115866.32204783353
13700.0 114999.39175505718
13710.0 99089.53638454816
13720.0 122183.96392407124
13730.0 109974.8783702486
13740.0 112486.6817348089
13750.0 115497.39765795704
13760.0 112783.1513989466
13770.0 120028.90820445151
13780.0 115205.85041902562
13790.0 118181.29304076913
13800.0 120765.95105990354
13810.0 125735.10348357487
13820.0 106023.44099705188
13830.0 119319.74576036881
13840.0 120910.51210848735
13850.0 119917.12236126434
13860.0 112042.5315108636
13870.0 123217.56605323724
13880.0 109337.50899677823
13890.0 122318.0652303038
13900.0 104046.35821876966
13910.0 105636.40649463558
13920.0 103057.32565928888
13930.0 109807.4602127858
13940.0 109705.9476499891
13950.0 103389.30547376342
13960.0 116875.06947299912
13970.0 105754.58362153248
13980.0 96977.03895025574
13990.0 107117.13565875619
14000.0 99049.99075204568
14010.0 101694.8202396015
14020.0 108786.41609781283
14030.0 112570.60961245516
14040.0 104915.34581582504
14050.0 101349.71467115807
14060.0 109520.06989861412
14070.0 99181.73100102937
14080.0 100865.8239711366
14090.0 98479.15881786203
14100.0 96658.545633443
14110.0 98449.94388188573
14120.0 94534.87309888763
14130.0 107003.92669072523
14140.0 88621.62065146743
14150.0 100317.88297092829
14160.0 98517.58966041323
14170.0 85103.25567027261
14180.0 96278.16820936122
14190.0 86189.77706575494
14200.0 99643.86828826064
14210.0 96550.83137069698
14220.0 93549.15731568335
14230.0 93413.2466169747
14240.0 93481.0746643436
14250.0 89147.46226839587
14260.0 90723.60861114004
14270.0 92174.10080544888
14280.0 84543.42285083003
14290.0 90510.28475022416
14300.0 103485.96249603337
14310.0 92679.58619726203
14320.0 88950.15439315558
14330.0 94045.28454047185
14340.0 90032.3245348339
14350.0 93614.29137581229
14360.0 93401.42806727554
14370.0 100069.91910056805
14380.0 96925.16580904614
14390.0 87524.86139353788
14400.0 100728.96257809328
14410.0 86138.47353287207
14420.0 95826.51176327596
14430.0 106100.96476405946
14440.0 92335.74102946921
14450.0 91116.35781022033
14460.0 97583.90546281585
14470.0 92027.88720043792
14480.0 99287.01276909186
14490.0 104686.41717587673
14500.0 89398.75841632953
14510.0 99740.69899962541
14520.0 104466.56641238858
14530.0 94155.56074884381
14540.0 97266.51168176791
14550.0 104994.34354264641
14560.0 93530.94122892151
14570.0 96283.97274166327
14580.0 107930.77057782962
14590.0 101992.81674288653
14600.0 96759.44594636661
14610.0 97302.18259081514
14620.0 94485.71478316914
14630.0 90681.7112986188
14640.0 101159.99313195252
14650.0 105035.64278952857
14660.0 97152.98526696998
14670.0 94449.24776760067
14680.0 86538.35818727345
14690.0 90966.85662577234
14700.0 92897.0828824822
14710.0 98329.14695382847
14720.0 98240.88184024871
14730.0 98282.509041102
14740.0 88742.0059373821
14750.0 93066.25439091072
14760.0 95234.16503515065
14770.0 93482.9324908787
14780.0 102897.58275710903
14790.0 96314.75133129704
14800.0 91732.49271237369
14810.0 94353.36290747646
14820.0 93254.00191088542
14830.0 101981.51271745109
14840.0 96617.26732761391
14850.0 95595.01774533432
14860.0 101775.570965684
14870.0 96084.29899132001
14880.0 94437.74782279038
14890.0 97985.40394990417
14900.0 93828.24087937054
14910.0 102307.13811107138
14920.0 95318.86914042427
14930.0 101147.96596873415
14940.0 94103.28909294493
14950.0 96977.42401306206
14960.0 97868.18472940438
14970.0 103901.89664017495
14980.0 103692.03555228819
14990.0 98427.07565138572
15000.0 95808.54254461503
15010.0 97437.2982294382
15020.0 95753.87820750372
15030.0 101377.41947193794
15040.0 104992.80361975233
15050.0 100854.4437353945
15060.0 101085.42878432959
15070.0 98861.98367157934
15080.0 97068.50590439796
15090.0 108743.6194713215
15100.0 100348.17737844422
15110.0 100923.63862413914
15120.0 105272.1601139741
15130.0 95365.47704740982
15140.0 113495.13966806713
15150.0 106421.6720720653
15160.0 96959.91225547071
15170.0 87448.20822033314
15180.0 108406.89095892203
15190.0 104191.0621050821
15200.0 102256.1293034058
15210.0 113125.89285548171
15220.0 103142.0231210749
15230.0 114212.38811055195
15240.0 100604.03931805234
15250.0 102163.87374192753
15260.0 98474.73938214651
15270.0 106459.70164264637
15280.0 104040.46950988163
15290.0 110530.97904169896
15300.0 109139.14684191313
15310.0 107986.28791804363
15320.0 93945.93025343155
15330.0 107979.10586051454
15340.0 110120.62573805431
15350.0 105297.24671271768
15360.0 108209.69771575702
15370.0 108095.64931315907
15380.0 107688.87417070317
15390.0 108581.45478608506
15400.0 103074.20315719642
15410.0 109382.01628586357
15420.0 103590.94404383341
15430.0 108414.07189475889
15440.0 106563.05988280835
15450.0 112878.14162461761
15460.0 112853.01812997332
15470.0 105654.99939099545
15480.0 109687.70790794124
15490.0 113699.86268370168
15500.0 105104.59758609951
15510.0 109904.2411064059
15520.0 115661.49325075527
15530.0 109742.3911476306
15540.0 110252.77479933374
15550.0 113171.55769654301
15560.0 113512.58884528266
15570.0 106839.28724376638
15580.0 106726.89797187025
15590.0 113723.15018562955
15600.0 110712.18872581261
15610.0 110823.65051347943
15620.0 115461.84505675106
15630.0 114949.0213387677
15640.0 115708.59436849543
15650.0 105692.70264801044
15660.0 112096.0279892471
15670.0 120593.66143248712
15680.0 120703.54493957742
15690.0 113079.445691042
15700.0 114358.48468542354
15710.0 117365.2759183642
15720.0 113970.45339303411
15730.0 115043.91145112834
15740.0 121226.65633653117
15750.0 117140.82329696104
15760.0 116166.51599384428
15770.0 120444.32942756088
15780.0 115179.55409944127
15790.0 121659.90200326618
15800.0 115161.82514220914
15810.0 119294.7250630823
15820.0 121987.81535941403
15830.0 120414.17243800542
15840.0 116329.73274797712
15850.0 119771.98729520306
15860.0 122944.71006958591
15870.0 124020.16907334844
15880.0 123669.60131171311
15890.0 120529.09390742895
15900.0 119468.62818569878
15910.0 121246.82981243954
15920.0 122498.01066277896
15930.0 120980.80873726329
15940.0 122485.31602994207
15950.0 127107.99554151818
15960.0 126719.33227804348
15970.0 121718.4924970678
15980.0 125095.24590015193
15990.0 121584.19179320469
16000.0 124485.39991287013
16010.0 128135.8062483904
16020.0 124661.63380372542
16030.0 128460.45358318913
16040.0 121439.88157960314
16050.0 125935.02380088919
16060.0 124568.90905350722
16070.0 128959.36552840372
16080.0 127224.86622582682
16090.0 126998.53813773347
16100.0 125862.86326910272
16110.0 127603.7426161345
16120.0 127120.74318313663
16130.0 125469.6068599597
16140.0 128557.1759561762
16150.0 126128.35416750585
16160.0 128736.6855940622
16170.0 133256.20623016247
16180.0 129572.67708177934
16190.0 122880.51214528279
16200.0 125286.91842168239
16210.0 126715.71236494761
16220.0 131457.81949934704
16230.0 131059.68130236246
16240.0 131094.46331339027
16250.0 128371.11653240387
16260.0 128967.5189548042
16270.0 133090.3065882456
16280.0 131950.4714275046
16290.0 131509.10147179957
16300.0 132037.87303257393
16310.0 132151.14228534166
16320.0 127700.8540537632
16330.0 136654.47002771273
16340.0 131136.8622074962
16350.0 131323.46959074412
16360.0 131223.6511757997
16370.0 136679.0099620132
16380.0 133775.95003639124
16390.0 132966.608142083
16400.0 134600.3145322365
16410.0 130657.51512599588
16420.0 132953.2719177427
16430.0 134856.73090758122
16440.0 136208.69409667942
16450.0 135955.6094853022
16460.0 133157.2790847078
16470.0 138071.36885511028
16480.0 138314.5338341817
16490.0 132443.77501122284
16500.0 134641.29938256214
16510.0 134283.81495006307
16520.0 136665.07871084695
16530.0 136691.57166489094
16540.0 134555.7403130687
16550.0 137466.62413257622
16560.0 140274.18563854016
16570.0 137659.04733442861
16580.0 137216.24921966254
16590.0 135954.6072912705
16600.0 135263.33355230768
16610.0 135190.68600474912
16620.0 135380.17177169296
16630.0 139787.46649975367
16640.0 138818.32254454095
16650.0 140793.92277974178
16660.0 137719.94120291393
16670.0 133693.12981123463
16680.0 139217.8486078988
16690.0 139614.42058914926
16700.0 137017.63175905147
16710.0 137298.661244674
16720.0 135166.03564770715
16730.0 139876.52037096347
16740.0 139032.38427711508
16750.0 136249.6053633408
16760.0 138341.40563486316
16770.0 137258.39608927688
16780.0 140617.38672373665
16790.0 139468.92565574322
16800.0 140245.86853861393
16810.0 139310.28971642064
16820.0 138988.83107251552
16830.0 139878.92260765308
16840.0 138221.86432595315
16850.0 137665.08621801322
16860.0 137875.6632895875
16870.0 136391.5015378984
16880.0 133903.9872098
16890.0 133607.36450532393
16900.0 137910.98321484646
16910.0 139358.78609962814
16920.0 127810.54915482557
16930.0 139775.2673803829
16940.0 133069.92277670975
16950.0 133945.13434115227
16960.0 132632.79260143975
16970.0 124915.93106468506
16980.0 135297.44122015816
16990.0 129721.46755031972
17000.0 128671.23504941312
17010.0 132385.23672159118
17020.0 131511.16656430456
17030.0 129729.57557884847
17040.0 126688.79376060069
17050.0 124487.62355043428
17060.0 128941.06813108457
17070.0 125893.43482401791
17080.0 117201.98217879898
17090.0 127776.98720195673
17100.0 124115.74039520476
17110.0 116188.69075479508
17120.0 121346.12427830942
17130.0 119504.78006223023
17140.0 113229.3028269885
17150.0 119521.14384782726
17160.0 114956.69103254018
17170.0 114949.32638338875
17180.0 106986.1268982254
17190.0 109188.88457460968
17200.0 117846.42541438951
17210.0 111188.46641554088
17220.0 116141.475040058
17230.0 105040.25758522723
17240.0 116554.45974916949
17250.0 120590.77107100925
17260.0 102977.65455182307
17270.0 108766.90819211103
17280.0 112905.84598828387
17290.0 105179.63193754895
17300.0 120341.10848148938
17310.0 103195.01595876622
17320.0 104011.57203137722
17330.0 113383.16925675915
17340.0 99453.1806413376
17350.0 100908.24918297624
17360.0 107169.29487762575
17370.0 104644.63373278416
17380.0 102960.0007411097
17390.0 104467.97474730766
17400.0 99103.17090466221
17410.0 104798.29305783071
17420.0 103365.60786595811
17430.0 100844.70532740241
17440.0 99901.65694210862
17450.0 100444.0117109746
17460.0 100079.71412955737
17470.0 97992.12220077902
17480.0 102313.70976039644
17490.0 97819.54111842871
17500.0 88635.47096330076
17510.0 97365.16595245693
17520.0 101384.4290940203
17530.0 98735.36238298792
17540.0 94384.49881929117
17550.0 91924.0849025288
17560.0 82209.63425935169
17570.0 94783.9611489344
17580.0 85427.10431482675
17590.0 95478.93162725276
17600.0 91145.69658544502
17610.0 96171.91419095238
17620.0 81586.22594056868
17630.0 92418.11683339716
17640.0 89038.62187474332
17650.0 92860.59147516079
17660.0 97608.3564367784
17670.0 82019.72195465097
17680.0 76138.12161885231
17690.0 95768.95342636199
17700.0 89052.1653751043
17710.0 84233.29046824866
17720.0 75230.591205598
17730.0 85799.02708408816
17740.0 85579.48490932594
17750.0 82682.74626236023
17760.0 74497.2890650725
17770.0 83794.78750555757
17780.0 83600.87308778668
17790.0 72369.84481065568
17800.0 91799.79217384274
17810.0 69811.70217220252
17820.0 76053.09931186597
17830.0 85909.2516864
17840.0 83452.66000820496
17850.0 73813.74406072151
17860.0 75733.21975114311
17870.0 71755.81208050603
17880.0 76667.46554870726
17890.0 81959.91815035502
17900.0 78746.66738536512
17910.0 70897.5542605974
17920.0 75568.72014758439
17930.0 72578.20343884842
17940.0 74575.8587389494
17950.0 80632.15267771031
17960.0 64337.11774623785
17970.0 80880.20394904114
17980.0 84396.02128476213
17990.0 65255.05075399641
18000.0 67158.2488542582
18010.0 69035.57186181514
18020.0 68062.38996809545
18030.0 68671.38947708847
18040.0 79055.25061666583
18050.0 67487.43488456245
18060.0 75592.82978397683
18070.0 64164.447809756646
18080.0 67041.99746547917
18090.0 73394.96924684891
18100.0 66229.09255798414
18110.0 70061.86686872947
18120.0 59734.31120808786
18130.0 75411.40467638175
18140.0 81447.30077147421
18150.0 69850.8894938953
18160.0 77636.1778421385
18170.0 63372.17331613722
18180.0 66223.31941767667
18190.0 66010.8790387426
18200.0 68337.07879750349
18210.0 63976.48957358441
18220.0 62217.62497486394
18230.0 79646.24500051592
18240.0 75633.65064987126
18250.0 70379.44492614559
18260.0 61687.94482597963
18270.0 61449.83685023464
18280.0 71758.04514846296
18290.0 76073.47376711784
18300.0 66505.25616038922
18310.0 69876.67317382302
18320.0 58017.297812807235
18330.0 67025.39707256581
18340.0 67495.724954705
18350.0 67412.67795896136
18360.0 70831.18258140962
18370.0 59439.587699082556
18380.0 71031.51969360757
18390.0 58345.42667639526
18400.0 66836.48528335664
18410.0 74363.4120093585
18420.0 57491.08835472239
18430.0 62450.17381476044
18440.0 56498.47289810246
18450.0 63917.78659935418
18460.0 62180.47185019706
18470.0 58143.94081170149
18480.0 51550.87832417229
18490.0 63000.41445285391
18500.0 58620.27619419328
18510.0 66878.36305250021
18520.0 69024.63502176426
18530.0 54814.90410882703
18540.0 60554.07280794761
18550.0 65275.456119919916
18560.0 52402.30872299619
18570.0 53236.71456607353
18580.0 52028.95919989529
18590.0 51368.247446200556
18600.0 51429.118310223
18610.0 53344.60828607228
18620.0 58837.069374024104
18630.0 59963.13557406715
18640.0 57980.03338952239
18650.0 50672.88815822657
18660.0 64786.17258910775
18670.0 58003.07497552151
18680.0 55792.322773239
18690.0 63081.38708292262
18700.0 63821.04280231472
18710.0 57941.605635167376
18720.0 59891.51907541937
18730.0 50857.37262459975
18740.0 62039.30772325393
18750.0 62170.3038887994
18760.0 58133.532102657606
18770.0 55938.14092578547
18780.0 52743.239358360144
18790.0 55336.78440126134
18800.0 63887.96254811988
18810.0 57696.15380606402
18820.0 65711.0361703927
18830.0 68554.51364507437
18840.0 61631.32576454752
18850.0 55083.42866941262
18860.0 61280.095719924226
18870.0 67005.85937784272
18880.0 59398.68213842033
18890.0 63768.7030081305
18900.0 63298.2839798717
18910.0 57032.185057417526
18920.0 51232.01223764687
18930.0 58996.16593959113
18940.0 56930.548135588426
18950.0 65721.8543507241
18960.0 61386.02617123763
18970.0 61343.732094333696
18980.0 53597.37762266959
18990.0 67887.35775264341
19000.0 67268.32598686816
19010.0 60164.321819999735
19020.0 63654.03676033885
19030.0 59787.43919246249
19040.0 65194.79596942063
19050.0 62373.572238865665
19060.0 55667.29561278167
19070.0 64745.8760881772
19080.0 65991.28216315941
19090.0 63148.68084122896
19100.0 60052.606118531316
19110.0 52089.864496448354
19120.0 64301.46395494395
19130.0 65300.480050390404
19140.0 66199.21723064016
19150.0 64501.21650837835
19160.0 55586.48488468466
19170.0 60282.33786158171
19180.0 61325.16893507722
19190.0 62590.25810779966
19200.0 58757.917878840926
19210.0 63026.6577495845
19220.0 59155.147246057284
19230.0 62066.80978082657
19240.0 59264.171941545734
19250.0 63866.89670292469
19260.0 55061.87105849485
19270.0 63694.62701012331
19280.0 65146.87705876762
19290.0 59759.00670419584
19300.0 55673.4109445613
19310.0 47516.239282044065
19320.0 60196.52321528182
19330.0 58521.266242064754
19340.0 63373.256365839785
19350.0 62450.45008109339
19360.0 64538.81939393374
19370.0 62890.03230123711
19380.0 55039.79729967551
19390.0 54821.429892744345
19400.0 57575.825080729854
19410.0 59917.09601756945
19420.0 64475.07542628187
19430.0 54166.349581156144
19440.0 54620.44732896998
19450.0 49585.682667433
19460.0 59961.273096152225
19470.0 61909.656613488565
19480.0 55106.4617243596
19490.0 59507.07992380118
19500.0 55554.52021461416
19510.0 52003.37195201218
19520.0 58872.989301847905
19530.0 59947.647102733485
19540.0 58547.90799292993
19550.0 51456.66747465931
19560.0 56967.85504400323
19570.0 65497.45870352584
19580.0 63091.10545309674
19590.0 60737.40829239173
19600.0 53963.688718331614
19610.0 58995.42897944346
19620.0 61626.05441478292
19630.0 51850.212185723954
19640.0 61549.547544420784
19650.0 57731.45449112982
19660.0 62643.225524529895
19670.0 56052.231648064866
19680.0 58643.36635635095
19690.0 59859.03565306286
19700.0 63540.72927639848
19710.0 54940.45445758003
19720.0 63943.006963823216
19730.0 53095.6970551193
19740.0 60682.388733823485
19750.0 47773.71349711956
19760.0 53506.1833448464
19770.0 52630.92027809105
19780.0 47218.90779757255
19790.0 54600.247399669446
19800.0 52194.06914974708
19810.0 54744.476799086144
19820.0 53162.76009638462
19830.0 57411.78147812582
19840.0 55155.64794163901
19850.0 55248.43499031125
19860.0 48750.38062219149
19870.0 56874.31883787066
19880.0 55555.93763509355
19890.0 52011.833515948805
19900.0 49555.75217051446
19910.0 52268.72719911592
19920.0 56297.19750015301
19930.0 59035.999384603194
19940.0 53802.2083504008
19950.0 53873.672397043825
19960.0 60242.638526279385
19970.0 46718.07873616287
19980.0 57852.33702837592
19990.0 52297.2599002836
20010.0 55865.23132924452
20020.0 53953.04988405367
20030.0 56501.29751985039
20040.0 53763.42873720846
20050.0 55108.670533468976
20060.0 53714.78791135948
20070.0 56804.899366001104
20080.0 53476.10740224874
20090.0 53428.97801810325
20100.0 50683.015894059215
20110.0 54172.54297235319
20120.0 55021.70131047939
20130.0 51485.27472741662
20140.0 60102.783721645515
20150.0 53642.290294103375
20160.0 52133.821443705536
20170.0 51518.81417018154
20180.0 53877.05597472777
20190.0 48591.247854305046
20200.0 51944.260148013695
20210.0 59831.67686139163
20220.0 54009.536487566686
20230.0 55649.043189689786
20240.0 57558.86046973494
20250.0 53675.20632480254
20260.0 50851.131255542066
20270.0 50868.16926361581
20280.0 56626.96234694143
20290.0 51999.00650621897
20300.0 52936.690756788346
20310.0 55638.52304787595
20320.0 58204.71543300269
20330.0 54016.31639285719
20340.0 55144.54592616146
20350.0 50419.31753470598
20360.0 56303.82821820819
20370.0 56700.46047614479
20380.0 55743.149306270534
20390.0 49990.47071074432
20400.0 53015.32419033453
20410.0 53982.41796956924
20420.0 58174.194677336665
20430.0 53672.15068720921
20440.0 49782.26926949156
20450.0 51795.056923311604
20460.0 57321.90715052507
20470.0 59217.959450655544
20480.0 52257.95882165381
20490.0 48957.91176444529
20500.0 56109.72178067872
20510.0 57854.92180477452
20520.0 54997.452499395025
20530.0 54901.37420152968
20540.0 49491.19647365706
20550.0 54459.15931882954
20560.0 57164.93123159423
20570.0 55975.59921385706
20580.0 59462.89326614844
20590.0 56354.654889208694
20600.0 54096.29758016183
20610.0 56376.69257638227
20620.0 53487.86682852083
20630.0 50284.03738547829
20640.0 51364.40451066147
20650.0 53592.67670556736
20660.0 59400.73496885798
20670.0 53629.14980188197
20680.0 56698.89670270234
20690.0 52608.66767348751
20700.0 61342.07471234895
20710.0 52906.23004889638
20720.0 55368.61605791882
20730.0 53148.85736624526
20740.0 55698.07074477221
20750.0 56520.60868789684
20760.0 51733.210700365664
20770.0 57622.16977938719
20780.0 56829.0149278383
20790.0 56302.42664076865
20800.0 57719.17642155885
20810.0 51728.939770804456
20820.0 58093.11516172938
20830.0 55821.248115812195
20840.0 56538.2211115419
20850.0 54685.14467332441
20860.0 56900.99630227405
20870.0 55845.78749448921
20880.0 56596.49425407496
20890.0 53468.87407750198
20900.0 58802.42496680603
20910.0 57302.60092118958
20920.0 61771.017985381426
20930.0 55085.19042881209
20940.0 55127.31198158533
20950.0 57632.94159997173
20960.0 54857.697781827424
20970.0 56485.2210300129
20980.0 60425.365339733915
20990.0 54613.65421517445
21000.0 58936.01165334465
21010.0 57980.0076569543
21020.0 57084.36422147574
21030.0 57863.528764078575
21040.0 58802.48619292546
21050.0 56721.442597170535
21060.0 60350.14106538169
21070.0 57510.71859614205
21080.0 53913.81168919984
21090.0 58524.515345950706
21100.0 61384.82656398193
21110.0 56263.22384508631
21120.0 56532.06219048691
21130.0 59992.611861669866
21140.0 61809.06006269993
21150.0 58071.19509122099
21160.0 60025.766683464346
21170.0 54544.94333530901
21180.0 60997.14105004499
21190.0 58443.42932518584
21200.0 57971.15116173684
21210.0 60401.94755885452
21220.0 60532.10501644468
21230.0 58222.22253683762
21240.0 62155.051582537126
21250.0 59812.87275472174
21260.0 58972.26295539753
21270.0 56800.0912162946
21280.0 58574.10603624486
21290.0 57678.4434171815
21300.0 59780.96635701715
21310.0 62232.47135684051
21320.0 59992.400915436876
21330.0 61595.77303349583
21340.0 58598.37271175024
21350.0 63000.280947636114
21360.0 60142.44974393022
21370.0 59737.28359742627
21380.0 58880.703510385916
21390.0 61210.22348258179
21400.0 57705.45051235488
21410.0 61116.15859921904
21420.0 57863.05024545493
21430.0 63844.26345068853
21440.0 63544.68721236724
21450.0 62886.150900202716
21460.0 63069.96990960508
21470.0 61806.6093442801
21480.0 59782.892336219076
21490.0 60048.15038546508
21500.0 59004.3349928299
21510.0 61851.48465574197
21520.0 60063.84037517372
21530.0 62111.01815119562
21540.0 62252.81748546425
21550.0 60787.91837570437
21560.0 60772.17102918275
21570.0 63521.31608141601
21580.0 63334.99889750805
21590.0 61108.57926772718
21600.0 61293.86819341234
21610.0 64338.3796733659
21620.0 60779.571208332876
21630.0 61218.620796099945
21640.0 63769.00543893388
21650.0 61015.06413673484
21660.0 63327.06538796003
21670.0 62179.80982431526
21680.0 65662.46870215813
21690.0 64831.57576564802
21700.0 60130.07038438269
21710.0 62436.923556327805
21720.0 61719.739283094714
21730.0 62986.54406385884
21740.0 63297.586398670304
21750.0 61585.02328669957
21760.0 60992.76772797005
21770.0 62064.02772318724
21780.0 61149.29968914712
21790.0 62909.69097158326
21800.0 61180.759723015006
21810.0 65432.259030657435
21820.0 61002.61538912681
21830.0 62372.65930059437
21840.0 62979.96326483336
21850.0 62626.52428274559
21860.0 62259.40385238593
21870.0 62729.698974469495
21880.0 63943.54614938481
21890.0 62936.74536762177
21900.0 62693.883506208156
21910.0 63917.028188018565
21920.0 62106.55342148994
21930.0 61971.941705413614
21940.0 62872.82804107728
21950.0 63715.14842757023
21960.0 64507.771365919194
21970.0 62517.95335550752
21980.0 63863.62889548684
21990.0 64234.577485299706
22000.0 64159.94164897449
22010.0 63055.3539965174
22020.0 63443.51091560848
22030.0 60657.74888651643
22040.0 63150.92690724784
22050.0 61134.929978186155
22060.0 56323.17209927031
22070.0 63680.00876985847
22080.0 57550.699991395886
22090.0 63150.276761853616
22100.0 62901.35708253101
22110.0 63300.94651021593
22120.0 64406.64701421497
22130.0 63429.96412505235
22140.0 64855.68178543838
22150.0 63205.61399511885
22160.0 63491.68775325773
22170.0 62589.035060991075
22180.0 65041.71091701091
22190.0 60932.56132289769
22200.0 61574.83527617697
22210.0 61617.00577722605
22220.0 65053.200299333526
22230.0 62671.083759491106
22240.0 66635.65573918907
22250.0 66530.68976605174
22260.0 62597.64684241778
22270.0 62341.36046725109
22280.0 61426.34813827436
22290.0 63142.7533579521
22300.0 64947.90812338778
22310.0 64011.06443964299
22320.0 64696.43730205804
22330.0 61927.39289748358
22340.0 62236.92203579289
22350.0 61992.860907672926
22360.0 62353.99382591824
22370.0 64474.56328945719
22380.0 62288.67630094876
22390.0 65935.82885882772
22400.0 65681.39996299469
22410.0 62993.03911243131
22420.0 62286.784810007004
22430.0 63697.61905242359
22440.0 61267.25008485284
22450.0 66836.96061464757
22460.0 63645.7464340298
22470.0 63510.85129550353
22480.0 65491.498199636146
22490.0 62285.21014653753
22500.0 62765.836136000704
22510.0 64601.73666934868
22520.0 63480.11474339274
22530.0 63846.231360743484
22540.0 60619.98902042997
22550.0 63662.14699809437
22560.0 65298.35656048457
22570.0 60253.90944426038
22580.0 64876.83687227558
22590.0 63054.298845412355
22600.0 62709.56336320587
22610.0 63036.61092476752
22620.0 63120.30353075883
22630.0 61195.03218069431
22640.0 60389.60837469042
22650.0 64100.08411315436
22660.0 62326.83582576149
22670.0 64983.47183490306
22680.0 62477.661819107314
22690.0 64388.211847553146
22700.0 59764.844918118324
22710.0 62616.96503305348
22720.0 61820.3746912336
22730.0 62825.122892903106
22740.0 61737.68463828723
22750.0 64980.55442566949
22760.0 63040.03925770947
22770.0 63454.7801316445
22780.0 60965.17108944719
22790.0 62336.75000841232
22800.0 56893.47201032265
22810.0 64841.39255669624
22820.0 64108.24464364028
22830.0 60103.41327419538
22840.0 60409.16794675215
22850.0 62569.72166151977
22860.0 63230.61991792112
22870.0 63597.02721682941
22880.0 62726.68855749429
22890.0 63886.50011744387
22900.0 63861.34126183122
22910.0 59478.57662393153
22920.0 60435.007028636
22930.0 45321.028973304004
22940.0 45251.3459587749
22950.0 51220.667986924105
22960.0 50053.14755543328
22970.0 52198.73316409048
22980.0 53020.317813926784
22990.0 55856.867004219064
23000.0 55324.00873584649
23010.0 52273.92693343177
23020.0 54940.82092466408
23030.0 54732.87688272475
23040.0 56725.57788079011
23050.0 53745.35441927232
23060.0 55531.900997452816
23070.0 55316.28611734427
23080.0 57239.43877624589
23090.0 53228.48297647521
23100.0 55918.09571568678
23110.0 53661.33249549157
23120.0 54488.58357842262
23130.0 54553.69817282321
23140.0 51555.32556982463
23150.0 57924.80000780837
23160.0 53561.74498358468
23170.0 52305.74349876011
23180.0 57600.08005341806
23190.0 57460.09764727346
23200.0 51219.588779056634
23210.0 54055.282450103216
23220.0 43908.112661253304
23230.0 42043.00240989068
23240.0 49384.04377868856
23250.0 46001.97199784737
23260.0 48485.056837052056
23270.0 50213.98671513233
23280.0 47594.3206321557
23290.0 53528.195587302915
23300.0 43380.58908150308
23310.0 49368.58411219517
23320.0 53852.88418209105
23330.0 51484.546788840125
23340.0 47925.639935451596
23350.0 48095.67856842732
23360.0 49414.34236698937
23370.0 49455.37565349958
23380.0 48354.783477750316
23390.0 49371.42733891371
23400.0 48707.211237482516
23410.0 46970.62817388032
23420.0 54526.14914799671
23430.0 47710.591658525256
23440.0 46885.75820678015
23450.0 51061.91379176736
23460.0 50955.57441449852
23470.0 53767.90802367744
23480.0 52941.08976920468
23490.0 48198.10650290254
23500.0 49046.02477192757
23510.0 44930.30907803388
23520.0 39091.174920835256
23530.0 41995.97430081715
23540.0 42849.849715380464
23550.0 44705.73416753024
23560.0 45247.727655784256
23570.0 47317.1971800728
23580.0 43150.570740572904
23590.0 45306.61491718856
23600.0 47342.24346897903
23610.0 44239.96363716642
23620.0 44602.080840745446
23630.0 47497.32107977484
23640.0 47525.57385560099
23650.0 48091.9541669438
23660.0 48375.28151279045
23670.0 40253.52489384465
23680.0 47024.581310812326
23690.0 48752.48576322598
23700.0 48115.057749862535
23710.0 47478.41777249214
23720.0 46888.83383089647
23730.0 49462.56042262912
23740.0 46353.112549703226
23750.0 46762.24771195443
23760.0 41521.48990887858
23770.0 50851.15963998781
23780.0 43916.417405446315
23790.0 44793.926706316895
23800.0 45490.4660412482
23810.0 46399.688910574645
23820.0 39393.50131394928
23830.0 38113.54206290938
23840.0 43801.405723501935
23850.0 41127.96522937547
23860.0 38475.15926872936
23870.0 41341.150343061876
23880.0 42742.64895121728
23890.0 43388.80609234617
23900.0 44684.560767233095
23910.0 39646.363976442706
23920.0 37935.51171833442
23930.0 46642.547994682755
23940.0 42547.45780375362
23950.0 43517.82403415352
23960.0 40506.87052226618
23970.0 42346.075931614025
23980.0 43022.45487354455
23990.0 42317.98534913629
24000.0 39610.94185707424
24010.0 40371.65289847217
24020.0 38717.53547206381
24030.0 43371.81507940661
24040.0 39395.482719208885
24050.0 39887.22739124474
24060.0 41609.889595959794
24070.0 37606.108583147725
24080.0 35839.21005072026
24090.0 39834.73329981387
24100.0 37295.49408178658
24110.0 39846.67439722135
24120.0 35916.2082444954
24130.0 38530.485124767685
24140.0 36010.03253848407
24150.0 40389.46298307583
24160.0 33918.28996084179
24170.0 36099.89497081974
24180.0 41533.57001299395
24190.0 32574.3038223514
24200.0 42318.377244262694
24210.0 36128.37543297195
24220.0 35668.48765318849
24230.0 37418.45290464892
24240.0 39491.332686668706
24250.0 34043.13050100019
24260.0 34927.84884677015
24270.0 34569.40272346431
24280.0 36142.42113072594
24290.0 38328.12606949427
24300.0 34363.05953916025
24310.0 33243.70823448153
24320.0 39604.38503436299
24330.0 32126.27855888853
24340.0 34371.15661239665
24350.0 38828.48869432919
24360.0 29435.853606509652
24370.0 30872.639448456215
24380.0 37719.08761852268
24390.0 37317.718818131034
24400.0 36064.708046583386
24410.0 33726.225805032045
24420.0 31952.711591349278
24430.0 33128.54358678932
24440.0 30979.495795369377
24450.0 37376.56221475714
24460.0 32743.197662921568
24470.0 31617.94514163003
24480.0 31949.7931498862
24490.0 33752.75618833429
24500.0 35530.73925681425
24510.0 30304.415454563426
24520.0 30244.1361821862
24530.0 29517.60893932284
24540.0 25471.109825571068
24550.0 34587.39107262117
24560.0 34053.64704279572
24570.0 35411.755073659755
24580.0 33185.76063432808
24590.0 29562.4910234761
24600.0 29257.989542165404
24610.0 26834.70898880643
24620.0 34927.53466403243
24630.0 32235.028368611205
24640.0 35040.94610175725
24650.0 30684.50096403406
24660.0 31931.12085501309
24670.0 27710.617673382847
24680.0 29984.414446183313
24690.0 32138.23024065781
24700.0 28878.88488868565
24710.0 30842.16176638222
24720.0 30333.5479717122
24730.0 26351.425305741952
24740.0 26540.3129686541
24750.0 27658.36875944377
24760.0 35051.97057773047
24770.0 30007.317024996984
24780.0 27992.682099325993
24790.0 27907.228701680368
24800.0 27584.47415177711
24810.0 27724.602592305746
24820.0 27505.195678380773
24830.0 31306.215492587413
24840.0 31361.762635022653
24850.0 32439.144703386984
24860.0 28419.76230086476
24870.0 26698.712425667873
24880.0 26713.387377972187
24890.0 26499.538557953827
24900.0 24218.335565239504
24910.0 27111.045198910986
24920.0 30796.944343300453
24930.0 28735.96876399021
24940.0 28266.031292947147
24950.0 31664.69934970909
24960.0 29134.276632794852
24970.0 26728.936643067656
24980.0 25145.40837838049
24990.0 26653.030022857816
