#lam[Angstrom] flux[erg/cm2/s/A]
1010.0 57.3735661198449
1020.0 59.4077407732836
1030.0 204.95343660454395
1040.0 80.7894084590391
1050.0 60.834324593875344
1060.0 61.38427436602247
1070.0 64.81989235448941
1080.0 196.1642234487849
1090.0 199.84697972435185
1100.0 64.06563276902702
1110.0 64.5792260928697
1120.0 67.08997152556812
1130.0 65.25803719842713
1140.0 70.87043417994354
1150.0 66.50653014951392
1160.0 67.77109431716406
1170.0 67.89647572077621
1180.0 68.18899444296302
1190.0 68.60406052919757
1200.0 103.44541920847678
1210.0 92.07173268940682
1220.0 585.7958926497439
1230.0 84.73769130222674
1240.0 345.4241405289362
1250.0 120.31575672704727
1260.0 167.42897551491393
1270.0 172.01379312470652
1280.0 177.59684952301632
1290.0 191.67674884536413
1300.0 206.41629074477297
1310.0 227.0017615864789
1320.0 237.11241320159644
1330.0 241.11718140750557
1340.0 269.1102662543862
1350.0 259.0031115415678
1360.0 265.18248555321003
1370.0 269.11394822439877
1380.0 274.8281617856392
1390.0 629.1877830143342
1400.0 699.7072021911463
1410.0 517.3017512845408
1420.0 291.86006838554533
1430.0 286.6165632026295
1440.0 288.1077831958608
1450.0 290.04794481057735
1460.0 292.3580713314459
1470.0 294.6376805734109
1480.0 296.0718686835892
1490.0 464.5803182392086
1500.0 293.2217878346561
1510.0 292.7987736793306
1520.0 293.289237085999
1530.0 309.4580828953576
1540.0 294.80325797086044
1550.0 4131.076333913402
1560.0 296.356004361537
1570.0 299.2553121410047
1580.0 316.33019658629007
1590.0 302.78649294372764
1600.0 334.4013651456404
1610.0 306.8151255029334
1620.0 307.2750493278975
1630.0 307.9656433603429
1640.0 2657.096152627948
1650.0 316.68488959865465
1660.0 405.9110360489312
1670.0 538.1146405945235
1680.0 387.33981179084327
1690.0 452.33825634227696
1700.0 441.0884285172088
1710.0 582.0832393944786
1720.0 590.7219775357505
1730.0 593.1320727622325
1740.0 619.4656530883776
1750.0 866.5714443062095
1760.0 783.9903473122724
1770.0 710.466930016873
1780.0 856.6182662924763
1790.0 1265.1106039406718
1800.0 1407.625382688001
1810.0 1269.6766225063784
1820.0 1390.4147168876264
1830.0 1135.9272988448374
1840.0 1057.6287171638032
1850.0 1086.975535501398
1860.0 1460.8332592959423
1870.0 1637.0343091207174
1880.0 1953.725195172241
1890.0 2292.645875744654
1900.0 1721.6824085469023
1910.0 3399.31588479132
1920.0 2168.8116921522014
1930.0 2453.3994977550997
1940.0 2272.062286875586
1950.0 2863.103238041986
1960.0 3251.0227562906675
1970.0 3663.846005470388
1980.0 3338.8419461029316
1990.0 3737.3552897517498
2000.0 4138.349469873602
2010.0 3870.9315773361322
2020.0 4006.6482145448326
2030.0 4281.6847375656
2040.0 5291.626738653233
2050.0 5704.87692121638
2060.0 5822.284786249738
2070.0 23941.360868756343
2080.0 11836.078042058458
2090.0 14557.870202114267
2100.0 21467.74529325575
2110.0 26418.571052391475
2120.0 39181.450498927785
2130.0 21583.875128131083
2140.0 32893.17856623269
2150.0 24743.97560132326
2160.0 21194.108243476607
2170.0 14909.756508128617
2180.0 28027.698544134746
2190.0 35508.28692267348
2200.0 41053.95016635976
2210.0 19866.226709322626
2220.0 25265.38901011904
2230.0 60958.23520364159
2240.0 104736.1825786324
2250.0 61732.82660053851
2260.0 36324.05557066384
2270.0 31459.18144522573
2280.0 44848.5665302696
2290.0 38581.33208389391
2300.0 36133.37534016609
2310.0 59745.5172434171
2320.0 45870.65537185983
2330.0 38765.36231432262
2340.0 41668.50498696588
2350.0 41910.80547802427
2360.0 33970.76180267061
2370.0 33798.21672622352
2380.0 33065.39473035855
2390.0 35295.422855029006
2400.0 34881.990477707026
2410.0 33857.92089174012
2420.0 84034.62470041789
2430.0 105110.63358765616
2440.0 65255.738353375506
2450.0 85149.17910263508
2460.0 83371.96186300044
2470.0 62615.75319033257
2480.0 49793.4107684483
2490.0 31402.59695160218
2500.0 63937.74692709962
2510.0 45943.601370902645
2520.0 29190.78690511537
2530.0 52317.90795958525
2540.0 59447.80115651548
2550.0 109880.32197147424
2560.0 112220.61391849481
2570.0 155798.12159978427
2580.0 113054.5518345853
2590.0 120662.81768956865
2600.0 98756.80830205561
2610.0 81327.08630237215
2620.0 143678.72366686215
2630.0 109107.45738936197
2640.0 410705.26061704167
2650.0 420099.8367966576
2660.0 382687.1357825804
2670.0 363948.7143285487
2680.0 558358.1742068842
2690.0 557267.1877421188
2700.0 527085.6490209908
2710.0 356035.79734141706
2720.0 128001.10709584031
2730.0 199423.50203881194
2740.0 129759.04727799127
2750.0 186943.1972647792
2760.0 326814.278492786
2770.0 354693.20767822885
2780.0 210985.85379317557
2790.0 153627.68281127908
2800.0 58975.83930208079
2810.0 230672.70306315756
2820.0 578696.047195598
2830.0 546399.3260344526
2840.0 334423.5798977178
2850.0 115982.41114100096
2860.0 282342.4456889309
2870.0 598445.0107511953
2880.0 398447.11503055907
2890.0 867239.1829851194
2900.0 1785338.5889551847
2910.0 1424609.0508611281
2920.0 1465015.2272562732
2930.0 1366730.7593101405
2940.0 760203.7715944973
2950.0 996133.6488463039
2960.0 1527033.3330641938
2970.0 599653.3847985882
2980.0 1068221.063949452
2990.0 1051071.5248245208
3000.0 784226.2954034931
3010.0 1014197.1892155883
3020.0 500508.6599005006
3030.0 1247609.998158322
3040.0 1003442.4168181265
3050.0 1031854.6109436308
3060.0 1223669.6928757585
3070.0 1801787.2039830436
3080.0 1462014.2445996627
3090.0 1617164.504798092
3100.0 1061620.5052509473
3110.0 2304304.036170632
3120.0 1995053.6989706578
3130.0 1880335.1021578033
3140.0 1954149.1559604197
3150.0 2454961.4206675235
3160.0 1365374.1134716175
3170.0 2191931.5232522576
3180.0 1611934.6321494794
3190.0 1851717.842310144
3200.0 1945851.487192195
3210.0 1361677.781160021
3220.0 1621145.979064737
3230.0 907461.2144771051
3240.0 1771744.499277812
3250.0 1966955.1676640748
3260.0 2947645.9102272913
3270.0 2596471.576777377
3280.0 2333675.5619102577
3290.0 2775206.556133197
3300.0 3251339.5296259127
3310.0 2160203.5479383585
3320.0 2149176.79354124
3330.0 2832300.462952066
3340.0 2168965.818337073
3350.0 1986849.6489455933
3360.0 1999435.0590759497
3370.0 1212952.7112281448
3380.0 1936401.7361111469
3390.0 1799376.7616130356
3400.0 2277400.293539653
3410.0 1608924.075520802
3420.0 1608532.7728929985
3430.0 2311389.5200491436
3440.0 1379831.7827658136
3450.0 1948312.4486788418
3460.0 1967066.273018937
3470.0 1929571.751647265
3480.0 2060020.8716668782
3490.0 2051517.4554299593
3500.0 2623437.962465275
3510.0 2117181.2324870136
3520.0 1695103.541924535
3530.0 2101482.3063897085
3540.0 2999386.393033424
3550.0 2529503.5717379255
3560.0 2480001.9906852734
3570.0 1210483.2766782928
3580.0 1277712.5661526837
3590.0 1634570.3295938408
3600.0 2785216.005550013
3610.0 1515119.8447950454
3620.0 1760613.3876610112
3630.0 2310951.4807425947
3640.0 2514348.071324051
3650.0 2136157.052480523
3660.0 3382727.7072761334
3670.0 3085217.4387935484
3680.0 2538922.6127852965
3690.0 2554098.8131629475
3700.0 3139973.7457076004
3710.0 2451028.3658405873
3720.0 1643187.9467179554
3730.0 1955637.0650160166
3740.0 1411102.3587808504
3750.0 1466126.65304847
3760.0 1920896.5504149722
3770.0 2898512.789572518
3780.0 4068309.992883621
3790.0 2755712.553350944
3800.0 3129691.8479320565
3810.0 3145422.11823114
3820.0 1465365.4560303544
3830.0 1072163.5369201992
3840.0 1766397.6212619366
3850.0 3394602.4532219437
3860.0 1753340.123759824
3870.0 2698057.7406450314
3880.0 3036933.3361757034
3890.0 2398628.9325267253
3900.0 2439567.166843098
3910.0 3338982.2782505476
3920.0 2700196.7510469314
3930.0 1228200.2371268866
3940.0 1979466.6858822042
3950.0 3567452.6983924294
3960.0 2881914.473345901
3970.0 1369622.730635324
3980.0 4030306.661721307
3990.0 4822076.550307043
4000.0 4666737.617020286
4010.0 4807182.48411194
4020.0 5101829.106986939
4030.0 3980551.745555421
4040.0 4738205.935227937
4050.0 4410308.127368079
4060.0 4159858.357896689
4070.0 3950830.368309456
4080.0 4749626.611435976
4090.0 5989893.792418697
4100.0 4886392.441602714
4110.0 5566191.072076881
4120.0 5613637.477057996
4130.0 4594193.8423096845
4140.0 4983037.076869519
4150.0 4997265.626895201
4160.0 5543120.327886223
4170.0 5227974.433706189
4180.0 5055058.31865975
4190.0 4890335.015619873
4200.0 4005766.2188336137
4210.0 5535879.781659319
4220.0 4775024.487797631
4230.0 4083105.0539165493
4240.0 4540846.640418523
4250.0 3980738.328206308
4260.0 4619172.548357109
4270.0 3532764.935492521
4280.0 4329447.351834642
4290.0 3833448.388067405
4300.0 2917586.2430501054
4310.0 2613059.970450528
4320.0 5071096.69189631
4330.0 4609448.342548742
4340.0 4722382.646545484
4350.0 4787934.359016363
4360.0 5402326.626893077
4370.0 5332596.5907740295
4380.0 4218943.608778312
4390.0 4759024.90000539
4400.0 4610542.967061881
4410.0 5228659.217884441
4420.0 5376482.694725746
4430.0 5476797.555187185
4440.0 5438817.465066143
4450.0 5569121.6919070585
4460.0 4952487.671733575
4470.0 5822426.471566076
4480.0 5964565.787120611
4490.0 6186833.753280305
4500.0 6371444.354400876
4510.0 6974356.1072303755
4520.0 6321697.152793774
4530.0 5539685.844983213
4540.0 6225096.544323447
4550.0 6302023.08172391
4560.0 6640229.233448338
4570.0 6567091.3840272445
4580.0 6133190.81845736
4590.0 6103768.267345947
4600.0 6089449.569067738
4610.0 6441359.01997828
4620.0 6389667.286595455
4630.0 6531461.372691454
4640.0 6590543.825109341
4650.0 6319362.267282171
4660.0 6768863.65744546
4670.0 6379324.864224298
4680.0 6533489.134409068
4690.0 6563465.84321659
4700.0 6285979.5905964365
4710.0 6305692.807450168
4720.0 6723919.166458256
4730.0 6285671.6495793015
4740.0 6451248.909251728
4750.0 6852721.226309274
4760.0 6548124.86980189
4770.0 6617825.774982792
4780.0 6915980.075927956
4790.0 6399706.104608205
4800.0 6686826.947967459
4810.0 6434873.217310073
4820.0 6601263.106993807
4830.0 6597627.637630487
4840.0 6132598.479671017
4850.0 6571525.578801285
4860.0 5333096.063842867
4870.0 5802568.400068262
4880.0 6227821.953155399
4890.0 5715028.340393327
4900.0 6557675.190459916
4910.0 6335419.218054539
4920.0 5635812.356240335
4930.0 6631232.688331537
4940.0 6067138.535143262
4950.0 6683433.235371804
4960.0 6280217.863821574
4970.0 6526982.202995214
4980.0 5880751.78632798
4990.0 6115803.9299653815
5000.0 6174872.31172986
5010.0 5273769.953385857
5020.0 5816397.215054165
5030.0 6639260.068365806
5040.0 5680132.681061862
5050.0 6039262.236051233
5060.0 6671111.087746114
5070.0 6104922.87547808
5080.0 5519409.735824839
5090.0 6416163.649720053
5100.0 6165540.44003295
5110.0 5885329.371705399
5120.0 5994962.220165222
5130.0 5658332.644166307
5140.0 5617704.500079028
5150.0 5655450.713858181
5160.0 5907395.539994746
5170.0 3994942.046499476
5180.0 4912297.672416012
5190.0 5402372.234666705
5200.0 5848133.185163004
5210.0 5640248.305164908
5220.0 5950043.8962428905
5230.0 5382929.801566722
5240.0 6328652.880078267
5250.0 6254478.163775007
5260.0 5801184.244715922
5270.0 4362307.424235243
5280.0 5790052.55946803
5290.0 6598696.835403918
5300.0 6023077.957754793
5310.0 6623475.814957795
5320.0 6109803.945175967
5330.0 5132256.214638914
5340.0 5971130.10834812
5350.0 6227368.501554711
5360.0 6552244.184678956
5370.0 5435106.500450722
5380.0 6259539.978009676
5390.0 6249139.225995649
5400.0 5439393.403979697
5410.0 5445333.129132002
5420.0 6027857.014145058
5430.0 5530758.516972475
5440.0 6415935.455040976
5450.0 5864840.129782119
5460.0 5981218.272393083
5470.0 6460609.400510858
5480.0 5995866.126509455
5490.0 6049269.136215153
5500.0 6212102.830069368
5510.0 5962108.818526325
5520.0 6478529.0853125
5530.0 6006371.836203555
5540.0 6560984.841378939
5550.0 6376120.379486505
5560.0 6242642.084125864
5570.0 5932952.186358869
5580.0 6214072.730585965
5590.0 5506062.720724571
5600.0 5911100.308485251
5610.0 6475435.144865582
5620.0 5868358.249926519
5630.0 6419414.665327059
5640.0 6222315.596511767
5650.0 6233546.940401189
5660.0 5904711.373176656
5670.0 6351157.104152661
5680.0 6268368.981563353
5690.0 6307764.159210709
5700.0 6217011.427988583
5710.0 5829374.225140905
5720.0 6387967.753692209
5730.0 6412329.776937377
5740.0 6419458.002359725
5750.0 6022818.423873059
5760.0 6241037.446716352
5770.0 6418340.087528308
5780.0 6153240.740181927
5790.0 6143142.503265069
5800.0 6335114.40156244
5810.0 6260165.571825703
5820.0 6352770.480179287
5830.0 6355757.567391075
5840.0 6349027.730922872
5850.0 6192290.249986871
5860.0 5960875.693660385
5870.0 6220240.301769116
5880.0 6236254.833991498
5890.0 5861097.403125874
5900.0 5985715.959632667
5910.0 6176242.177853222
5920.0 6127825.850481208
5930.0 6020846.111664001
5940.0 6161800.773051718
5950.0 6079769.394488436
5960.0 6194450.443180914
5970.0 6238265.446239741
5980.0 5925990.974883693
5990.0 6107607.264093295
6000.0 6070800.6733629955
6010.0 5938106.040197498
6020.0 5832168.817736126
6030.0 6006324.613050517
6040.0 6175463.532693769
6050.0 6128336.557841573
6060.0 5991285.613790362
6070.0 6041357.4371147305
6080.0 5970969.894418061
6090.0 5893055.9577274425
6100.0 5783050.254341148
6110.0 5933850.738906128
6120.0 5771644.310024724
6130.0 5848935.5385146765
6140.0 5513852.832896579
6150.0 5863612.924678046
6160.0 5348322.732732301
6170.0 5582509.556277579
6180.0 5873467.377033398
6190.0 5685625.012148194
6200.0 5883457.634558738
6210.0 5833821.850854924
6220.0 5700658.385922665
6230.0 5639412.346380304
6240.0 5570696.053022235
6250.0 5433130.995464863
6260.0 5664216.196408841
6270.0 5666966.616505456
6280.0 5509532.211250124
6290.0 5626821.336459409
6300.0 5561097.146471491
6310.0 5728940.84831506
6320.0 5464028.648284165
6330.0 5779981.813146635
6340.0 5513933.878060601
6350.0 5769183.84863069
6360.0 5480851.078179501
6370.0 5732528.161695029
6380.0 5684131.690936343
6390.0 5591356.257595434
6400.0 5510289.55130877
6410.0 5532153.2191750575
6420.0 5486817.043829092
6430.0 5604905.485601875
6440.0 5455329.9080369035
6450.0 5597512.374842218
6460.0 5333298.35315457
6470.0 5554744.143616009
6480.0 5522218.997112979
6490.0 5386388.015284273
6500.0 5239096.250915195
6510.0 5617759.406241301
6520.0 5568393.736277882
6530.0 5540681.360002231
6540.0 5546155.217624091
6550.0 5358183.691516081
6560.0 4683101.5421503
6570.0 5247443.837233461
6580.0 5484476.668169066
6590.0 5342046.030581498
6600.0 5490549.703370362
6610.0 5422998.6897464655
6620.0 5505781.141109372
6630.0 5301475.095996913
6640.0 5392247.37524399
6650.0 5472193.675053808
6660.0 5386092.27517674
6670.0 5424719.989866427
6680.0 5381579.549157989
6690.0 5446956.26544864
6700.0 5301749.670603151
6710.0 5200428.703627239
6720.0 5262766.744890191
6730.0 5319485.860952228
6740.0 5347887.501323177
6750.0 5270449.090659933
6760.0 5374896.428138991
6770.0 5201205.167944542
6780.0 5308681.95628851
6790.0 5258475.005215318
6800.0 5235469.480532779
6810.0 5189315.737461119
6820.0 5264497.914542389
6830.0 5245013.833869053
6840.0 5103862.066791527
6850.0 5249006.302055537
6860.0 5102807.43921309
6870.0 5227939.955694805
6880.0 5185830.695451406
6890.0 5193796.191213574
6900.0 5231276.486036057
6910.0 5120424.974738017
6920.0 5107706.064549213
6930.0 5101771.868263216
6940.0 5139285.923717054
6950.0 5044484.293023893
6960.0 5114008.855912074
6970.0 5076596.90444746
6980.0 4921682.443412332
6990.0 5072982.39473655
7000.0 4975048.613730287
7010.0 4977070.451945837
7020.0 4854886.018920037
7030.0 4948795.202440157
7040.0 4988940.387405138
7050.0 5009226.9000705015
7060.0 4991153.077560318
7070.0 4915853.520374697
7080.0 4956825.055477571
7090.0 4915397.257458228
7100.0 4975389.703236031
7110.0 4833839.477472594
7120.0 4893590.350352041
7130.0 4771273.30583137
7140.0 4903807.609600079
7150.0 4735717.190187101
7160.0 4763267.108211843
7170.0 4870739.320290623
7180.0 4732241.992321921
7190.0 4572691.447776979
7200.0 4810590.148533661
7210.0 4656870.278924054
7220.0 4752441.432193507
7230.0 4847083.525361459
7240.0 4780275.211821807
7250.0 4764947.093021354
7260.0 4738486.667911254
7270.0 4805975.797452712
7280.0 4657559.583377157
7290.0 4541891.02500795
7300.0 4699393.314531364
7310.0 4636708.89085406
7320.0 4713939.432410288
7330.0 4581111.468536812
7340.0 4729049.158998778
7350.0 4701673.639833229
7360.0 4566993.457744261
7370.0 4702073.914041742
7380.0 4686988.76193462
7390.0 4438788.953106935
7400.0 4607493.280506674
7410.0 4436005.414605463
7420.0 4401244.374101062
7430.0 4650158.085825987
7440.0 4567290.165605825
7450.0 4484025.939750665
7460.0 4575072.510953228
7470.0 4595716.398249192
7480.0 4560872.054171979
7490.0 4516733.055734543
7500.0 4493276.134035823
7510.0 4406388.716501205
7520.0 4544407.743989156
7530.0 4522056.959036467
7540.0 4571325.487165781
7550.0 4521833.343333012
7560.0 4456335.243257362
7570.0 4470823.283537316
7580.0 4474020.57995238
7590.0 4449741.432582531
7600.0 4450420.232138349
7610.0 4478885.253651137
7620.0 4304302.2195194075
7630.0 4505440.5327520855
7640.0 4492160.109428214
7650.0 4451392.311082302
7660.0 4122822.2609089585
7670.0 4422478.594924406
7680.0 4417234.588152494
7690.0 4352747.061703809
7700.0 4403228.017773253
7710.0 4293732.216029041
7720.0 4325367.836919584
7730.0 4363153.2195250755
7740.0 4360651.596451215
7750.0 4196979.223219351
7760.0 4369013.160534856
7770.0 4359992.54678775
7780.0 4281719.16293572
7790.0 4317366.673445413
7800.0 4277559.200910863
7810.0 4263057.893242779
7820.0 4323547.126144969
7830.0 4188158.5602344214
7840.0 4220123.885912445
7850.0 4240175.166140548
7860.0 4266747.331549358
7870.0 4267100.294396724
7880.0 4216536.699110138
7890.0 4225489.779035932
7900.0 4174227.840040657
7910.0 4122166.9375797263
7920.0 4102335.3167666877
7930.0 4053525.241396467
7940.0 3958753.9954485316
7950.0 4029231.734151954
7960.0 4132619.656979382
7970.0 4127315.260659208
7980.0 4143169.0174437566
7990.0 4128763.6701596924
8000.0 4006097.414962183
8010.0 4120909.263567794
8020.0 4113479.216337437
8030.0 4013062.6049230704
8040.0 4078623.1903772675
8050.0 3919897.63438827
8060.0 4085477.1421152
8070.0 4007984.552991182
8080.0 3980679.3381913477
8090.0 3918739.298641028
8100.0 3947130.703153821
8110.0 3991556.7785440343
8120.0 4006287.796613642
8130.0 3998887.2997898306
8140.0 3974836.9822951294
8150.0 3954799.609088486
8160.0 3945775.1542637083
8170.0 3958212.45062628
8180.0 3901025.793047519
8190.0 3893271.4525674214
8200.0 3849366.2939282046
8210.0 3774621.612078142
8220.0 3811964.7215016577
8230.0 3842296.7858865494
8240.0 3897098.536459694
8250.0 3865483.4073550818
8260.0 3902606.8199376557
8270.0 3884298.161190619
8280.0 3888637.891164595
8290.0 3822750.1758511537
8300.0 3842744.8982923524
8310.0 3746378.6749837412
8320.0 3819461.852163631
8330.0 3612212.1716627516
8340.0 3760877.267132576
8350.0 3736142.5172917782
8360.0 3788180.995160768
8370.0 3774275.378164825
8380.0 3746312.486600452
8390.0 3629799.3923894675
8400.0 3730048.528933852
8410.0 3763267.266957712
8420.0 3702586.812373484
8430.0 3697951.8074278645
8440.0 3656621.4025071375
8450.0 3747888.5134626124
8460.0 3737306.491864087
8470.0 3604140.9076520815
8480.0 3715394.6253763936
8490.0 3729604.7727010516
8500.0 3414941.238130179
8510.0 3611807.641903109
8520.0 3649362.403489473
8530.0 3621701.7856186465
8540.0 3018563.0505212345
8550.0 3584708.829786548
8560.0 3630094.5278622196
8570.0 3654023.352307385
8580.0 3611239.880310651
8590.0 3640636.12255912
8600.0 3553582.1911659515
8610.0 3559137.0308907344
8620.0 3589338.1060893107
8630.0 3609506.9986029393
8640.0 3571021.4311298775
8650.0 3559547.3078595423
8660.0 3023990.483774384
8670.0 3421828.221186482
8680.0 3503057.774304425
8690.0 3314440.685054489
8700.0 3498021.2942285747
8710.0 3477410.392209199
8720.0 3530667.3299080445
8730.0 3536808.7784554935
8740.0 3396235.1212080894
8750.0 3432508.0894204406
8760.0 3440899.993947239
8770.0 3466089.0776658813
8780.0 3520238.178385656
8790.0 3413909.9934990327
8800.0 3476852.9960527425
8810.0 3251374.29238418
8820.0 3362094.458437658
8830.0 3500096.498118188
8840.0 3405364.1938389246
8850.0 3465739.382533403
8860.0 3387157.396468601
8870.0 3390002.734617301
8880.0 3419309.9073479106
8890.0 3440554.840431913
8900.0 3453936.584698686
8910.0 3427556.9944422715
8920.0 3379784.4307587715
8930.0 3363843.8154232716
8940.0 3429113.691427165
8950.0 3349364.12127607
8960.0 3398213.0535984295
8970.0 3366126.105508105
8980.0 3335325.5086508556
8990.0 3363499.2424042732
9000.0 3247711.9430357646
9010.0 3179064.06566703
9020.0 3215889.435329142
9030.0 3358639.79316948
9040.0 3355621.1185442135
9050.0 3340148.6072149836
9060.0 3275495.044316226
9070.0 3326071.1028266987
9080.0 3269346.390823741
9090.0 3170330.554779296
9100.0 3241062.6054646997
9110.0 3227571.7603717884
9120.0 3246894.860785499
9130.0 3301252.6938765394
9140.0 3250443.5344929877
9150.0 3210552.189141834
9160.0 3219593.35414848
9170.0 3165301.730812374
9180.0 3187624.5286300187
9190.0 3183343.39287099
9200.0 3158297.5420167525
9210.0 3053155.2653285386
9220.0 3094118.241521851
9230.0 3022142.9619386652
9240.0 3083658.3217634917
9250.0 3090786.8410897176
9260.0 2962826.604028183
9270.0 3141730.5751773966
9280.0 3127775.0526385936
9290.0 3065876.8680511448
9300.0 3112838.299963582
9310.0 3116233.497118058
9320.0 3090107.049695431
9330.0 3103765.5208462495
9340.0 3124411.2663202398
9350.0 3086533.587728285
9360.0 3026696.4817529675
9370.0 3079708.0720357904
9380.0 3067242.5034218016
9390.0 3055001.004221312
9400.0 3009547.5268727057
9410.0 2840909.782549645
9420.0 2954219.7612685054
9430.0 2980226.5733647128
9440.0 2949208.4524457455
9450.0 2985181.579979203
9460.0 2999883.255011512
9470.0 3031985.5394453085
9480.0 3014076.3188622342
9490.0 2984682.172437466
9500.0 3008214.5122616333
9510.0 2973867.0187493833
9520.0 3003854.8541216287
9530.0 2961793.170206063
9540.0 2919323.7966192598
9550.0 2840719.833706516
9560.0 2930780.9192788526
9570.0 2920262.5610457114
9580.0 2959591.5451452383
9590.0 2963482.0984762046
9600.0 2903296.95241162
9610.0 2932014.4961409513
9620.0 2919889.944293384
9630.0 2894240.405364606
9640.0 2889258.4678281154
9650.0 2879881.7219225396
9660.0 2861918.628820365
9670.0 2913260.703868307
9680.0 2882051.372108044
9690.0 2864419.8146141386
9700.0 2908061.9669432375
9710.0 2883617.545575806
9720.0 2891367.330899809
9730.0 2854972.360877613
9740.0 2814605.864040349
9750.0 2838967.9507968966
9760.0 2842797.216197671
9770.0 2858369.087418341
9780.0 2840254.0453052176
9790.0 2828106.8329114085
9800.0 2844623.6449487666
9810.0 2848269.8699217555
9820.0 2836448.1465974194
9830.0 2824383.525730118
9840.0 2830440.3623306947
9850.0 2816265.6649735435
9860.0 2818840.0748282783
9870.0 2823562.2044234495
9880.0 2813464.635563708
9890.0 2767507.757590053
9900.0 2765411.9381324477
9910.0 2778996.6724255816
9920.0 2801772.427548602
9930.0 2779883.6257890863
9940.0 2750581.0088452413
9950.0 2766747.0363175287
9960.0 2778658.8444416746
9970.0 2749362.9596147956
9980.0 2768793.406660484
9990.0 2743489.1732199583
10010.0 2730290.760253918
10020.0 2760899.412566076
10030.0 2723509.3061399264
10040.0 2712167.8206575294
10050.0 2562606.5264449297
10060.0 2680076.33339003
10070.0 2700500.591512922
10080.0 2700715.441609991
10090.0 2701042.310819783
10100.0 2671526.2220138847
10110.0 2689002.4843563433
10120.0 2681557.69786128
10130.0 2701091.9349498814
10140.0 2690144.7472827644
10150.0 2619121.933204714
10160.0 2619617.3202811275
10170.0 2662673.8085091608
10180.0 2618758.7978746193
10190.0 2615772.857227451
10200.0 2631544.0300566102
10210.0 2621318.77283896
10220.0 2577441.566770935
10230.0 2637084.6118249153
10240.0 2625580.317549127
10250.0 2635832.2053396143
10260.0 2634173.0537917153
10270.0 2615693.603366289
10280.0 2619055.154067223
10290.0 2583886.3962485483
10300.0 2595355.331761903
10310.0 2599283.7587333187
10320.0 2603777.586777842
10330.0 2537466.565889439
10340.0 2510992.828853103
10350.0 2567206.8373879683
10360.0 2578395.579778136
10370.0 2496672.8232792784
10380.0 2557149.967867506
10390.0 2571392.425244179
10400.0 2513107.059390451
10410.0 2545597.7063115137
10420.0 2530591.654304617
10430.0 2529488.103390709
10440.0 2543766.9873614055
10450.0 2530549.5728414315
10460.0 2465453.9432065943
10470.0 2475283.8146565347
10480.0 2507358.3371837465
10490.0 2515699.8107750784
10500.0 2492077.198913775
10510.0 2497341.1279518222
10520.0 2494239.371501139
10530.0 2467154.716104136
10540.0 2498556.211738427
10550.0 2489108.085267863
10560.0 2491795.7154135685
10570.0 2453073.673431165
10580.0 2402697.7825067462
10590.0 2345276.842612911
10600.0 2404234.1563088037
10610.0 2452462.3502404173
10620.0 2437676.875576862
10630.0 2379710.5453951587
10640.0 2454447.7705212845
10650.0 2450101.4446104686
10660.0 2378653.4826609115
10670.0 2423213.039428739
10680.0 2391643.1146286074
10690.0 2262585.5206712787
10700.0 2366348.7664436833
10710.0 2363213.908107209
10720.0 2379505.887843558
10730.0 2293078.8723406633
10740.0 2392611.6533547053
10750.0 2287311.330218902
10760.0 2398034.1211252054
10770.0 2371129.684288244
10780.0 2337075.12410822
10790.0 2299157.6764055234
10800.0 2356686.222123017
10810.0 2221276.303630092
10820.0 2342182.9346564906
10830.0 2210000.312511255
10840.0 2306523.3997972584
10850.0 2342860.3313758494
10860.0 2327626.162450718
10870.0 2143062.5271148873
10880.0 2290117.0369015858
10890.0 2278837.6113821496
10900.0 2320962.4182593897
10910.0 2289698.8581617903
10920.0 2304665.789461419
10930.0 2219639.9482979034
10940.0 2147548.9382409803
10950.0 2227487.95080577
10960.0 2182814.7488914942
10970.0 2184343.568120339
10980.0 2119292.4261002424
10990.0 2234705.980298759
11000.0 2227368.494176162
11010.0 2183808.464619028
11020.0 2128423.396589993
11030.0 2198996.481921392
11040.0 2216491.2380840075
11050.0 2206206.766915214
11060.0 2182325.683608909
11070.0 2217507.651413556
11080.0 2218217.3375776378
11090.0 2206844.203075565
11100.0 2200961.488908895
11110.0 2198499.861913356
11120.0 2180902.949699208
11130.0 2145860.208435747
11140.0 2210577.0525282673
11150.0 2195216.821873639
11160.0 2185390.85806168
11170.0 2186911.242615012
11180.0 2168820.1133222384
11190.0 2117193.4885478653
11200.0 2116945.940366782
11210.0 2158436.7305955435
11220.0 2184844.331434124
11230.0 2162402.795579906
11240.0 2157088.8561491044
11250.0 2030378.4972280713
11260.0 2128068.1774147535
11270.0 2176808.041836374
11280.0 2133123.73193212
11290.0 2083242.2565172983
11300.0 2106536.3999704686
11310.0 2100631.4121423718
11320.0 2150388.9524456924
11330.0 2096519.860438099
11340.0 2137011.8604408614
11350.0 2101443.261047312
11360.0 2128066.947284274
11370.0 2079175.8704560383
11380.0 2107817.1730089015
11390.0 2061967.290881952
11400.0 2059350.2619882973
11410.0 2070959.253022702
11420.0 2071243.0051858844
11430.0 2083890.8038521765
11440.0 2049193.1256756457
11450.0 2081997.3232252668
11460.0 2081523.846307198
11470.0 2087606.4234077935
11480.0 2063156.9572683768
11490.0 2076970.6240726188
11500.0 2071164.2725031807
11510.0 2084856.5084317648
11520.0 2056086.3608905964
11530.0 2060121.783920495
11540.0 2066058.3875266311
11550.0 2068995.580231436
11560.0 2064414.8046959233
11570.0 2065719.511596526
11580.0 2056728.5746674521
11590.0 1961569.0459647554
11600.0 2045707.7468463436
11610.0 1895681.4189894036
11620.0 2043455.7967044609
11630.0 2027964.9641441295
11640.0 1967834.9057931136
11650.0 2027361.1640889407
11660.0 2012865.5774637326
11670.0 2001404.3736218133
11680.0 2012398.8149976167
11690.0 1952112.6327175219
11700.0 2010041.5843195068
11710.0 2007530.0261783502
11720.0 2008403.7317731185
11730.0 2008071.0132713842
11740.0 1991277.3080880286
11750.0 1932699.1316421633
11760.0 1991623.0788484793
11770.0 1965275.76598192
11780.0 1902939.1544077657
11790.0 1983872.30202442
11800.0 1974519.07016705
11810.0 1944091.5474099626
11820.0 1959059.9317162666
11830.0 1804676.1987294855
11840.0 1939174.753537916
11850.0 1956721.913024616
11860.0 1952857.3875640447
11870.0 1947505.546449869
11880.0 1803164.1631391223
11890.0 1922984.4612626166
11900.0 1936062.1245446845
11910.0 1949167.53588347
11920.0 1944686.381580575
11930.0 1948571.0989288378
11940.0 1935088.89337037
11950.0 1912407.122223657
11960.0 1909248.3218147994
11970.0 1804905.5195160592
11980.0 1835170.3668055714
11990.0 1807159.8501896155
12000.0 1908731.3260388013
12010.0 1897210.5782975594
12020.0 1908410.28051476
12030.0 1754693.2084391757
12040.0 1862463.0155387027
12050.0 1894054.8018598775
12060.0 1891177.586381286
12070.0 1879458.5216662216
12080.0 1696364.4872413368
12090.0 1856411.7453929188
12100.0 1810995.9098224253
12110.0 1864129.4956693794
12120.0 1866827.7948164458
12130.0 1870131.5810745372
12140.0 1878352.3155551509
12150.0 1866486.835611151
12160.0 1875118.5495166178
12170.0 1856353.5392895683
12180.0 1858699.9440288697
12190.0 1839921.8305006674
12200.0 1821996.6367710116
12210.0 1824671.7719353724
12220.0 1846061.4412590405
12230.0 1831122.2133783828
12240.0 1835169.3756666447
12250.0 1831463.4515407395
12260.0 1828991.8837188596
12270.0 1779506.4576406034
12280.0 1827081.1660932554
12290.0 1833632.7691797628
12300.0 1824936.6598794067
12310.0 1816292.9379370362
12320.0 1813498.4558394072
12330.0 1806888.3220089686
12340.0 1764057.6402507527
12350.0 1795984.7978455322
12360.0 1738506.5910066785
12370.0 1788075.7637852328
12380.0 1806410.1824901165
12390.0 1787201.0697520734
12400.0 1756753.2361519875
12410.0 1776649.0282892152
12420.0 1750231.3209328407
12430.0 1745335.9432560096
12440.0 1789581.154546609
12450.0 1784743.607279038
12460.0 1774386.903425276
12470.0 1757717.717533503
12480.0 1772472.574125737
12490.0 1769671.5796337952
12500.0 1761153.9904713994
12510.0 1712843.9011636046
12520.0 1660204.6902319049
12530.0 1725258.3141387806
12540.0 1753353.2904212854
12550.0 1750734.5866599376
12560.0 1712488.3911585673
12570.0 1733499.744471161
12580.0 1718690.6051463217
12590.0 1738320.9353068375
12600.0 1737768.4475973577
12610.0 1708039.87551906
12620.0 1722542.05246398
12630.0 1731424.1632930632
12640.0 1677752.2029301543
12650.0 1702178.3536566026
12660.0 1716837.9808622128
12670.0 1714221.0453925973
12680.0 1697041.9873954635
12690.0 1713993.6023149684
12700.0 1707766.8951322122
12710.0 1688358.7853320274
12720.0 1711746.6690241443
12730.0 1704379.4971871146
12740.0 1683250.1308879426
12750.0 1704113.547006178
12760.0 1700387.8921173417
12770.0 1694437.8070017311
12780.0 1691100.6440361321
12790.0 1678342.1069750842
12800.0 1667672.1702970043
12810.0 1614092.8129223539
12820.0 1476137.9555448524
12830.0 1629254.477274218
12840.0 1661715.5022281993
12850.0 1667367.296511017
12860.0 1672558.7290153182
12870.0 1664465.0259491815
12880.0 1648717.740287008
12890.0 1667372.5546512743
12900.0 1606600.2994912632
12910.0 1642268.8705012416
12920.0 1641203.1469308005
12930.0 1640698.6853346191
12940.0 1641270.681682189
12950.0 1641561.3120055692
12960.0 1634820.0777948564
12970.0 1613374.022886637
12980.0 1619163.114769825
12990.0 1631640.7066290593
13000.0 1628871.7256692953
13010.0 1629024.8384523136
13020.0 1631142.7725837054
13030.0 1595463.8892947016
13040.0 1608252.1724374855
13050.0 1615635.4505140404
13060.0 1597057.5787601226
13070.0 1614830.8392221492
13080.0 1617227.3404401634
13090.0 1608865.7718988368
13100.0 1585400.6294078769
13110.0 1611571.9225072907
13120.0 1495941.5905118964
13130.0 1587664.7970258845
13140.0 1590223.3544330096
13150.0 1491856.3985785437
13160.0 1590139.6626070782
13170.0 1598233.5642936807
13180.0 1551404.757705349
13190.0 1588688.0936003723
13200.0 1574320.0118842775
13210.0 1564511.8646140152
13220.0 1579947.7165528426
13230.0 1585604.247489463
13240.0 1584601.3018973114
13250.0 1570533.1046294752
13260.0 1563249.4552372834
13270.0 1563487.0037160362
13280.0 1553560.8637489406
13290.0 1511011.1274139031
13300.0 1555962.3204450668
13310.0 1557568.0970600694
13320.0 1500253.5999599556
13330.0 1549995.2111599941
13340.0 1552681.3769074532
13350.0 1528300.012261707
13360.0 1554698.7428735846
13370.0 1542909.047485114
13380.0 1542244.5435948076
13390.0 1500686.3197747318
13400.0 1529148.7484369492
13410.0 1538073.1625388174
13420.0 1525261.0751896536
13430.0 1529045.6400542601
13440.0 1536502.836830971
13450.0 1522991.1459824063
13460.0 1519860.0260533849
13470.0 1526887.8056519027
13480.0 1521573.7179032508
13490.0 1513658.7238671284
13500.0 1491333.9319830588
13510.0 1523563.640197945
13520.0 1511315.1141106444
13530.0 1515730.103666236
13540.0 1514916.7761806194
13550.0 1480817.1923093062
13560.0 1485413.6365825168
13570.0 1486798.079731048
13580.0 1503939.9923746758
13590.0 1491128.773955274
13600.0 1477513.3207371212
13610.0 1500050.2082103742
13620.0 1493381.4938346674
13630.0 1459717.0928057474
13640.0 1469769.2043666316
13650.0 1484756.9931089312
13660.0 1484978.7963908298
13670.0 1463707.7812030967
13680.0 1448935.787644701
13690.0 1468964.5820929867
13700.0 1460488.389275781
13710.0 1462539.487216099
13720.0 1446960.8478733145
13730.0 1435357.2130200104
13740.0 1457003.712441186
13750.0 1462671.8243263124
13760.0 1429806.1213442201
13770.0 1457377.4600549636
13780.0 1454376.14115149
13790.0 1457942.8921005728
13800.0 1454985.6681307917
13810.0 1452533.4531054217
13820.0 1428331.5383417837
13830.0 1440223.6742937898
13840.0 1451405.1552010954
13850.0 1417670.0585338122
13860.0 1419568.092626347
13870.0 1435265.7708798416
13880.0 1439346.3481019672
13890.0 1434845.1356879224
13900.0 1401351.8276561343
13910.0 1434467.858614895
13920.0 1428814.1677723788
13930.0 1429925.5693377387
13940.0 1416991.1700425588
13950.0 1402135.838240348
13960.0 1420197.6786551333
13970.0 1420147.6575311588
13980.0 1413800.7495588597
13990.0 1405839.3897611008
14000.0 1362122.6506268415
14010.0 1391400.7855794374
14020.0 1413157.7152792641
14030.0 1384249.4414502021
14040.0 1400869.1749823547
14050.0 1409666.9397708592
14060.0 1388731.2572294557
14070.0 1381834.221528919
14080.0 1373738.1161764194
14090.0 1389427.2671874876
14100.0 1381796.168585722
14110.0 1360027.4882178262
14120.0 1341451.5410768036
14130.0 1324191.258521797
14140.0 1373034.240355569
14150.0 1373378.429619241
14160.0 1344646.235374593
14170.0 1370927.8735561874
14180.0 1345947.3909119875
14190.0 1360069.4671417954
14200.0 1342809.6110436232
14210.0 1334667.3023767606
14220.0 1333128.5316636022
14230.0 1353218.4021727087
14240.0 1282892.1525779848
14250.0 1317433.7819942364
14260.0 1306934.5268440305
14270.0 1304379.4782824204
14280.0 1333197.159360481
14290.0 1249897.5299520243
14300.0 1336056.8851930513
14310.0 1304042.8797198932
14320.0 1329770.6122538608
14330.0 1345937.882972329
14340.0 1332068.7338883549
14350.0 1328379.3279964183
14360.0 1336889.5781655293
14370.0 1329027.0244326761
14380.0 1334474.315180886
14390.0 1326912.2577313567
14400.0 1213828.5210142185
14410.0 1322300.239614199
14420.0 1289440.2700359845
14430.0 1304829.9779969263
14440.0 1273962.7879102705
14450.0 1330199.4100592886
14460.0 1285778.0743473514
14470.0 1314837.678170423
14480.0 1272573.360729043
14490.0 1300446.5737425338
14500.0 1271795.5600636683
14510.0 1239177.1558653766
14520.0 1291920.286296372
14530.0 1290866.358383694
14540.0 1255255.1827389773
14550.0 1259894.6694508637
14560.0 1274380.4704706843
14570.0 1255392.03477693
14580.0 1298252.3784842337
14590.0 1269209.3948282837
14600.0 1258196.3532230484
14610.0 1290177.5073916104
14620.0 1267222.543028719
14630.0 1268729.4596271606
14640.0 1269637.269775592
14650.0 1172472.7258743278
14660.0 1277431.1820562885
14670.0 1278567.278361795
14680.0 1263844.1570154314
14690.0 1261718.191208447
14700.0 1222552.6102002151
14710.0 1247148.0097034504
14720.0 1219713.4366133818
14730.0 1270042.4932795449
14740.0 1258946.9320150174
14750.0 1201251.9172604994
14760.0 1259195.1391142476
14770.0 1242244.8882919536
14780.0 1234154.5369624451
14790.0 1261980.4962456187
14800.0 1252317.0575053303
14810.0 1228818.1029000483
14820.0 1250127.6748515558
14830.0 1196664.531705164
14840.0 1235307.0461304984
14850.0 1241009.3300228054
14860.0 1215587.2525641024
14870.0 1173006.9346886957
14880.0 997286.8229722013
14890.0 1236456.454358617
14900.0 1204291.4766007254
14910.0 1208766.9949810386
14920.0 1239529.5696929903
14930.0 1236173.8444456246
14940.0 1230940.6323524981
14950.0 1226387.7095444093
14960.0 1184031.5154922057
14970.0 1208894.3572854328
14980.0 1197323.85647132
14990.0 1210376.6086678084
15000.0 1219376.5047396943
15010.0 1193082.53012431
15020.0 1083351.7295498983
15030.0 1112189.046255184
15040.0 1058127.640868506
15050.0 1069982.3394830448
15060.0 1201370.670144346
15070.0 1217147.0134918725
15080.0 1185209.615562006
15090.0 1206466.465195053
15100.0 1178987.842555297
15110.0 1213155.4563903084
15120.0 1161136.8399271646
15130.0 1204866.989098639
15140.0 1165025.0866216442
15150.0 1209474.3581809471
15160.0 1159982.8708605012
15170.0 1199454.5965227692
15180.0 1177455.817287008
15190.0 1192950.3730734244
15200.0 1167339.2820040672
15210.0 1148752.6972387368
15220.0 1128676.4468700627
15230.0 1167174.3704151788
15240.0 1154841.9418128396
15250.0 1176420.671885018
15260.0 1160376.1210571239
15270.0 1187362.5087833959
15280.0 1175242.775047551
15290.0 1097599.642506479
15300.0 1152555.6355992428
15310.0 1174874.0336266092
15320.0 1157967.9467496476
15330.0 1162724.840181618
15340.0 1126692.4459206373
15350.0 1161621.1249813363
15360.0 1162659.6691299889
15370.0 1172780.6017854505
15380.0 1121600.9756064962
15390.0 1130240.4967922696
15400.0 1117810.2666314081
15410.0 1163033.4238449147
15420.0 1134936.4840951662
15430.0 1154552.624217063
15440.0 1156343.8879159524
15450.0 1151880.3250239927
15460.0 1150518.1647097527
15470.0 1143499.6498881937
15480.0 1131194.3543446858
15490.0 1134136.0130324499
15500.0 1120691.4279690343
15510.0 1137731.077909267
15520.0 1137569.1451339924
15530.0 1107329.5291015492
15540.0 1103551.4404472632
15550.0 1126857.5177580894
15560.0 1088418.8917625563
15570.0 1116982.002167371
15580.0 1133261.1465640583
15590.0 1066586.6565589188
15600.0 1126971.539892405
15610.0 1130953.3984060385
15620.0 1077248.5322352163
15630.0 1088132.775392704
15640.0 1114440.8448730132
15650.0 1103294.041514538
15660.0 1081069.580036233
15670.0 1085726.4456824327
15680.0 1089340.0356619027
15690.0 1051602.5017224804
15700.0 1098592.8507194526
15710.0 1102941.710186239
15720.0 1073191.952062578
15730.0 1100716.3868174348
15740.0 1017047.2051594384
15750.0 994691.8689187918
15760.0 1065037.462618598
15770.0 906492.3652010213
15780.0 1100869.3045559449
15790.0 1084055.5314834784
15800.0 1087102.2037413723
15810.0 1096416.6340789376
15820.0 1000687.3117025469
15830.0 1068137.4856339463
15840.0 1068876.5471700008
15850.0 1075389.205937724
15860.0 1059246.7601534512
15870.0 1035613.3173780185
15880.0 1008463.8401666412
15890.0 931411.6575784474
15900.0 1010100.0025897599
15910.0 1004610.1957531151
15920.0 1064357.8185298054
15930.0 1060394.5480625376
15940.0 1060115.9656001125
15950.0 1047575.7693812182
15960.0 978123.043418167
15970.0 1064395.3300120106
15980.0 1040244.8311245288
15990.0 1069895.8714453198
16000.0 1059273.0926088013
16010.0 1006807.631413117
16020.0 1056447.726416597
16030.0 1066874.4297760702
16040.0 1013970.6093314023
16050.0 1053970.259136416
16060.0 1011704.3061062064
16070.0 1032472.1163571324
16080.0 1048705.9703437006
16090.0 998264.4245740479
16100.0 973078.3514586698
16110.0 1013138.1153168451
16120.0 1015060.3867277008
16130.0 1017950.9133341613
16140.0 1017933.7994284902
16150.0 996276.6451352575
16160.0 962929.331086389
16170.0 1024666.8436779333
16180.0 1014557.572662938
16190.0 1009350.7064473577
16200.0 950864.8184723038
16210.0 1008051.552966731
16220.0 1021678.6502127121
16230.0 1001290.8442322806
16240.0 995811.6670713027
16250.0 1025628.9096531939
16260.0 1025750.1411764665
16270.0 1027250.0758928324
16280.0 1024120.066728587
16290.0 1010963.3249601107
16300.0 1014452.0918996193
16310.0 1008301.80076492
16320.0 976103.7466672271
16330.0 995010.463102048
16340.0 1014755.7930188172
16350.0 1003856.8244792474
16360.0 970357.2577254282
16370.0 980766.7292350767
16380.0 908739.1954846019
16390.0 950769.6447621437
16400.0 921277.7211653687
16410.0 925386.6582483167
16420.0 966245.1051936909
16430.0 975407.8988705305
16440.0 935772.6840208393
16450.0 973014.3450911477
16460.0 989495.2929263588
16470.0 963631.159341962
16480.0 980075.496949204
16490.0 929792.7277370106
16500.0 985946.4216225423
16510.0 973545.7614527467
16520.0 956067.5189164911
16530.0 976100.5434205935
16540.0 942432.8590873814
16550.0 955565.6503404217
16560.0 938665.1061646615
16570.0 963851.2153695645
16580.0 960365.8501060252
16590.0 946255.7964467228
16600.0 965684.9594579528
16610.0 953726.8280034986
16620.0 946435.7812977704
16630.0 933251.6009646304
16640.0 943765.5971413701
16650.0 907460.5879097342
16660.0 945903.0616353897
16670.0 917502.5868317202
16680.0 917340.9416546616
16690.0 944101.390955047
16700.0 947035.394453405
16710.0 930098.7815367681
16720.0 882201.2786769033
16730.0 933722.8835800575
16740.0 930391.0725624168
16750.0 860397.6312227933
16760.0 899714.8174434149
16770.0 925845.2542287783
16780.0 910108.5110735988
16790.0 894376.0793409934
16800.0 867691.2035600598
16810.0 851220.6338126654
16820.0 849658.4279083705
16830.0 891506.7159687876
16840.0 902894.3370226396
16850.0 911230.7623245437
16860.0 885986.6307316595
16870.0 893296.0921544257
16880.0 901786.1155921661
16890.0 878324.1216240067
16900.0 876503.2343014209
16910.0 903754.1842061053
16920.0 904875.9290543147
16930.0 895680.060898339
16940.0 903485.6735692719
16950.0 897450.4712125614
16960.0 891771.189970302
16970.0 874864.4800822203
16980.0 883319.0159793482
16990.0 873704.4433696779
17000.0 857739.4425976155
17010.0 836778.8676005707
17020.0 873436.9745971704
17030.0 873999.5635584202
17040.0 882214.5963853605
17050.0 876502.8427781154
17060.0 865888.2352375299
17070.0 862903.759977835
17080.0 871595.2995570952
17090.0 857581.6797156687
17100.0 859649.2660430324
17110.0 750501.0549464547
17120.0 859117.2418891795
17130.0 859712.540540618
17140.0 863580.8881776156
17150.0 860666.3938638197
17160.0 841582.354718647
17170.0 859063.3095950831
17180.0 854411.4448711138
17190.0 851900.9236205186
17200.0 840201.4820551306
17210.0 844655.8202478227
17220.0 839690.2132083293
17230.0 783465.7924052159
17240.0 843451.6697514637
17250.0 834986.7255837254
17260.0 840948.4117232339
17270.0 826170.3777909752
17280.0 820258.7541620503
17290.0 831407.1107073597
17300.0 813469.3776903262
17310.0 825903.2711526392
17320.0 809856.6089732839
17330.0 745286.1056554262
17340.0 776813.0654198686
17350.0 787527.9610038556
17360.0 738310.6784525611
17370.0 768708.3668044108
17380.0 793812.314386776
17390.0 791893.7232107994
17400.0 803506.9599301015
17410.0 769326.6281050382
17420.0 799740.6522254867
17430.0 800736.4746030836
17440.0 810720.7424710585
17450.0 793937.4963821237
17460.0 791382.5167023102
17470.0 752101.8293928026
17480.0 802384.4445869994
17490.0 803829.5411429096
17500.0 790101.1407070194
17510.0 781692.9875235999
17520.0 795526.3345133997
17530.0 795263.0916706222
17540.0 792641.3150560864
17550.0 779380.6541214536
17560.0 785988.4674767212
17570.0 792025.4734916249
17580.0 782040.7130076097
17590.0 789354.8105381589
17600.0 777134.9007247172
17610.0 767793.4225537293
17620.0 733223.4920999935
17630.0 781885.0030748713
17640.0 743262.3835855218
17650.0 780248.9051897671
17660.0 758825.5402648591
17670.0 764817.3960421332
17680.0 737841.5834150435
17690.0 769118.5329433279
17700.0 760584.0159105029
17710.0 750675.9027293656
17720.0 728452.2261985028
17730.0 759095.5126390235
17740.0 754634.0445460454
17750.0 750403.8197212534
17760.0 742093.6492448623
17770.0 730762.806514008
17780.0 751742.6705430807
17790.0 748307.6225603498
17800.0 751258.0607008166
17810.0 745387.3705184341
17820.0 744242.2883253112
17830.0 746812.1263743339
17840.0 732480.7395993919
17850.0 731596.7980249034
17860.0 732291.9733138136
17870.0 739121.8296870465
17880.0 744632.943475933
17890.0 742486.7927444809
17900.0 742631.7988613901
17910.0 737419.09077283
17920.0 732781.3810438295
17930.0 713080.0783355881
17940.0 711127.5732025752
17950.0 734748.6732998978
17960.0 731658.9852976599
17970.0 724512.8355236291
17980.0 722156.6717206143
17990.0 724924.1281614394
18000.0 717946.4347438478
18010.0 719912.8540544427
18020.0 713215.5294187241
18030.0 699783.8368063142
18040.0 716243.7063240188
18050.0 708283.868331468
18060.0 712268.4779581227
18070.0 709987.2039322226
18080.0 697148.521782454
18090.0 705897.5750957505
18100.0 690414.4334647378
18110.0 697801.9545571767
18120.0 700725.5298805302
18130.0 703116.2276972068
18140.0 694636.9411272941
18150.0 681068.4184986535
18160.0 656770.2486873192
18170.0 618994.5975664137
18180.0 636667.2956212357
18190.0 673004.9251374844
18200.0 685779.110671419
18210.0 690639.8141057233
18220.0 667477.9523362794
18230.0 684176.4593788047
18240.0 689462.3300179526
18250.0 688770.1042849378
18260.0 690027.5292867124
18270.0 687595.4804685334
18280.0 667995.5097791322
18290.0 684062.3805757803
18300.0 676482.4758238873
18310.0 683752.8243003223
18320.0 668721.2210206927
18330.0 683745.0171186153
18340.0 674690.8433556637
18350.0 672709.3997314823
18360.0 670039.1172998961
18370.0 639388.28285308
18380.0 665800.8949764067
18390.0 666192.0065989003
18400.0 662137.2243644417
18410.0 646085.2546529918
18420.0 623527.5381869165
18430.0 653479.8468608492
18440.0 659397.0824813289
18450.0 656735.0603039782
18460.0 661498.8140752364
18470.0 633195.286628381
18480.0 660436.5531244094
18490.0 657668.7001229369
18500.0 656802.0207179687
18510.0 657143.2552616944
18520.0 639526.9265035142
18530.0 643929.0075461257
18540.0 653731.5619044304
18550.0 618269.3955371033
18560.0 642828.5045581326
18570.0 651771.3790179808
18580.0 622594.3520752266
18590.0 645160.5338012142
18600.0 646050.7327935767
18610.0 637267.8415458126
18620.0 636737.8067398345
18630.0 634803.9158881257
18640.0 636517.5981450425
18650.0 633743.7399086327
18660.0 619920.8546567403
18670.0 636468.5019290387
18680.0 625351.3157626995
18690.0 629900.1794036868
18700.0 629498.0089483762
18710.0 623101.8934033368
18720.0 594732.2472063367
18730.0 613367.3772066592
18740.0 586612.2771353606
18750.0 502822.65799455583
18760.0 576787.4247874186
18770.0 587461.9283087268
18780.0 613833.4598969413
18790.0 612006.0452714241
18800.0 619151.4870666564
18810.0 620236.0151149932
18820.0 610312.7796401682
18830.0 618247.3542533262
18840.0 608947.9425547104
18850.0 608402.0413821852
18860.0 582595.6215991116
18870.0 608854.440226145
18880.0 589973.3284022558
18890.0 595389.9279461714
18900.0 575808.8042529073
18910.0 581708.902759514
18920.0 584002.5473902301
18930.0 580719.0138434197
18940.0 589383.6697046751
18950.0 596305.139728788
18960.0 582878.9998727253
18970.0 586103.9820115119
18980.0 600412.7788592828
18990.0 580359.7610084878
19000.0 594103.5016226053
19010.0 596024.2680631186
19020.0 596868.2575403578
19030.0 577915.3636657171
19040.0 591620.2752062789
19050.0 583030.3003810782
19060.0 591713.2191144681
19070.0 593388.614724806
19080.0 579800.3156722414
19090.0 590489.8294498444
19100.0 586089.4221777389
19110.0 568919.3076075806
19120.0 573551.549168627
19130.0 584786.6191508564
19140.0 577334.2147869564
19150.0 580588.2366479693
19160.0 576091.2492220148
19170.0 578544.4857928439
19180.0 578641.6424734294
19190.0 554698.6129295464
19200.0 566528.6993364488
19210.0 566762.2531900972
19220.0 571242.679165251
19230.0 574407.8686584148
19240.0 573244.2490064065
19250.0 565940.5023660107
19260.0 560898.1699352396
19270.0 560036.8976135697
19280.0 557300.6013798637
19290.0 566487.1800892783
19300.0 563193.2813071547
19310.0 540658.3894239593
19320.0 563611.6376495179
19330.0 562028.3259813718
19340.0 539611.8344235201
19350.0 560200.022969471
19360.0 561202.4316263451
19370.0 560389.4403905773
19380.0 556285.3292583498
19390.0 533303.7382338282
19400.0 546528.9473168168
19410.0 547706.3722516126
19420.0 542791.4919016992
19430.0 497068.4456309953
19440.0 497482.3861647556
19450.0 466280.27161892696
19460.0 524342.4999950246
19470.0 528944.7235947542
19480.0 530347.2745672965
19490.0 518301.8873237391
19500.0 539753.2566396118
19510.0 494078.3893371005
19520.0 544512.2388621811
19530.0 537085.10349659
19540.0 531750.7697798439
19550.0 542367.0517407934
19560.0 541666.7984166968
19570.0 538989.3416506798
19580.0 531086.2320756052
19590.0 530401.8241215536
19600.0 528410.2217515646
19610.0 520743.88010582904
19620.0 528291.6046697279
19630.0 512945.9046106027
19640.0 523016.027669163
19650.0 533801.7693187437
19660.0 531748.1610668272
19670.0 530863.4729173537
19680.0 529060.9948640903
19690.0 527708.7269113144
19700.0 527687.494210875
19710.0 525254.9532920845
19720.0 489921.7182941661
19730.0 508967.88420402614
19740.0 519795.90657983755
19750.0 521079.5412036151
19760.0 519950.6159233395
19770.0 518813.6933579944
19780.0 478257.544515764
19790.0 505698.15209232236
19800.0 517286.9102992119
19810.0 515254.03952373145
19820.0 513850.4266189171
19830.0 516133.12339058524
19840.0 515514.4569639962
19850.0 479693.2422797277
19860.0 484310.1018672192
19870.0 508693.3033329245
19880.0 508143.60132536886
19890.0 510648.59119575063
19900.0 508906.39330759546
19910.0 506291.41141542053
19920.0 498158.9417631702
19930.0 475478.02220575494
19940.0 503775.31274086854
19950.0 500571.7033678304
19960.0 491377.78408846655
19970.0 480807.975908371
19980.0 498772.38516509597
19990.0 500923.7793349272
20010.0 497016.1829834468
20020.0 486884.03816449235
20030.0 491314.43343761365
20040.0 490740.7088034348
20050.0 478831.56425885344
20060.0 491975.6198070387
20070.0 487580.71544241376
20080.0 490041.47117056337
20090.0 483810.66698920826
20100.0 490184.36992065393
20110.0 488779.73092551774
20120.0 489344.01904306054
20130.0 486329.92725003
20140.0 479289.9755449925
20150.0 485241.38392866944
20160.0 485595.5724001263
20170.0 482541.1609588955
20180.0 483940.66960636684
20190.0 478390.61833907315
20200.0 476120.6400409048
20210.0 459700.64403983764
20220.0 477560.68100638146
20230.0 470295.41805921216
20240.0 470543.2952006333
20250.0 476259.09242721065
20260.0 468703.40973977506
20270.0 470054.7871402476
20280.0 468914.82462624833
20290.0 470600.64219847275
20300.0 441872.18782810145
20310.0 472271.9575964945
20320.0 470801.69542538864
20330.0 468433.15313768474
20340.0 450812.3813364327
20350.0 461814.61941913574
20360.0 465001.2975870079
20370.0 462724.6458395323
20380.0 439252.3641740967
20390.0 465443.5525930276
20400.0 458937.38109732454
20410.0 449920.435269819
20420.0 461025.29643330094
20430.0 462269.91326770425
20440.0 461295.3801843504
20450.0 458270.2771822671
20460.0 460104.2642636272
20470.0 455604.95142783
20480.0 458526.46867252636
20490.0 458081.88599880895
20500.0 457157.23340851616
20510.0 454044.37139529665
20520.0 443080.94707731286
20530.0 452539.08333596843
20540.0 447561.7996741374
20550.0 451876.49609525903
20560.0 451415.9525932436
20570.0 449188.349170165
20580.0 449179.6858266286
20590.0 440598.66256358824
20600.0 420978.68937759503
20610.0 445547.51873156946
20620.0 444159.63251192134
20630.0 391740.94883168855
20640.0 442740.06522900664
20650.0 444258.4217055225
20660.0 442422.598259762
20670.0 427713.0748932136
20680.0 435765.8616036881
20690.0 438431.3983936483
20700.0 418964.3353365246
20710.0 433030.465191206
20720.0 431512.6232768417
20730.0 436674.3244271153
20740.0 431332.9856572172
20750.0 435371.16696067207
20760.0 426215.0883427704
20770.0 421448.80980087194
20780.0 432852.0664657869
20790.0 432939.47294766526
20800.0 425567.6346347845
20810.0 431681.19639971765
20820.0 428442.3746873678
20830.0 415232.53271051915
20840.0 415715.4472563349
20850.0 425884.4818772566
20860.0 427528.33657451835
20870.0 424767.7113436186
20880.0 422602.4861892879
20890.0 422070.5611074616
20900.0 425074.5361005569
20910.0 421962.1711674922
20920.0 394768.81828970276
20930.0 418839.9453906532
20940.0 421678.30454625643
20950.0 421046.1037763945
20960.0 414659.18307864154
20970.0 416325.8624562916
20980.0 417148.5019038369
20990.0 415348.1814261274
21000.0 419674.10101956927
21010.0 411973.5006874733
21020.0 409923.00042449316
21030.0 417035.5320670615
21040.0 416332.20369633514
21050.0 415768.3672281336
21060.0 410850.73083256866
21070.0 407249.8913343034
21080.0 410599.67825444497
21090.0 398715.8320730438
21100.0 409764.8459613637
21110.0 408051.77992131974
21120.0 407499.8839543716
21130.0 408469.4238880738
21140.0 404450.722226475
21150.0 407373.70646759414
21160.0 386831.94078108337
21170.0 403119.2463015331
21180.0 401990.8496149701
21190.0 385608.22413630865
21200.0 398963.6787273909
21210.0 396301.0733872888
21220.0 397034.9581159063
21230.0 385455.24291586026
21240.0 394521.6617214393
21250.0 399947.81271701696
21260.0 390801.28772180766
21270.0 396866.9727949863
21280.0 395839.96793541947
21290.0 396801.67314500565
21300.0 395109.4584215816
21310.0 397101.803766306
21320.0 392780.9991777815
21330.0 395472.1546568341
21340.0 393325.5102042983
21350.0 375907.6258172254
21360.0 390908.0214988041
21370.0 392892.1372453825
21380.0 391939.5830595102
21390.0 389861.9789409451
21400.0 390632.0448878211
21410.0 390458.22089955164
21420.0 390249.2769787316
21430.0 384643.8231249416
21440.0 385716.32789953816
21450.0 384148.93704437825
21460.0 382320.3919536218
21470.0 386201.5783605204
21480.0 385260.86483252776
21490.0 382815.33136962744
21500.0 384269.37797274784
21510.0 383475.08463901695
21520.0 379573.471369471
21530.0 379500.98398701916
21540.0 378846.38502519956
21550.0 379595.0119497604
21560.0 379596.04654736543
21570.0 378771.4258298406
21580.0 378437.83278605656
21590.0 374226.53980379505
21600.0 375900.82688458
21610.0 371195.2540269766
21620.0 371349.1612318968
21630.0 368331.2884968257
21640.0 359125.5558243148
21650.0 333900.9232142698
21660.0 332285.7906649245
21670.0 352271.4423168366
21680.0 363311.94296393084
21690.0 363456.54781284655
21700.0 365867.6927245722
21710.0 365828.4976967402
21720.0 367948.66273116414
21730.0 368247.24782700115
21740.0 363635.0729842183
21750.0 364482.4782019145
21760.0 358354.6634801102
21770.0 364803.02881956514
21780.0 337782.8638882222
21790.0 362167.80263221916
21800.0 365572.8568464709
21810.0 364484.5396384438
21820.0 345258.9982312753
21830.0 362533.7468842643
21840.0 362558.52559723094
21850.0 361722.3043712227
21860.0 360768.3932039488
21870.0 354949.9520962536
21880.0 336865.8610486189
21890.0 356724.8928214337
21900.0 353963.4521439003
21910.0 357853.4642866974
21920.0 358438.52648817684
21930.0 357067.38874698157
21940.0 352434.91106462915
21950.0 355639.80343996367
21960.0 355946.12587426434
21970.0 354443.9283667716
21980.0 354287.4509165294
21990.0 352336.0635229026
22000.0 351815.73757556936
22010.0 351553.9225211433
22020.0 351500.7089103396
22030.0 348701.06535843964
22040.0 346947.841863148
22050.0 348350.34842488944
22060.0 314534.7050436597
22070.0 342849.401718589
22080.0 339988.4784514748
22090.0 347693.49523991015
22100.0 345955.5320854153
22110.0 343705.8404148292
22120.0 346145.686106337
22130.0 346000.4532815308
22140.0 345361.8905130317
22150.0 344521.0978005407
22160.0 337743.7551431024
22170.0 339414.7191919006
22180.0 342342.05999582115
22190.0 342953.10750624654
22200.0 341864.2750705314
22210.0 340589.48268909275
22220.0 341392.08293454273
22230.0 339317.3349832856
22240.0 339144.3923154264
22250.0 339357.7633720148
22260.0 328635.03448493994
22270.0 336827.4056528013
22280.0 333593.4168732034
22290.0 337097.36814885546
22300.0 333861.839476519
22310.0 334918.350861946
22320.0 334884.40229982825
22330.0 335129.0002517106
22340.0 333333.32906296075
22350.0 333548.5441357135
22360.0 333544.0293877444
22370.0 332550.4946912383
22380.0 322834.2400492121
22390.0 326495.145459926
22400.0 331506.77092314826
22410.0 330064.1564378555
22420.0 324951.4020073259
22430.0 328956.4276276137
22440.0 327674.276986183
22450.0 328169.36384902656
22460.0 327910.33444952895
22470.0 317456.6650978737
22480.0 325607.7757947399
22490.0 325426.3665401607
22500.0 326072.05733396474
22510.0 322803.7481776041
22520.0 322348.41906752466
22530.0 321946.5100066301
22540.0 307411.69310726866
22550.0 319075.6241510707
22560.0 320247.401734935
22570.0 320487.0914927242
22580.0 320860.78130078886
22590.0 321169.0111600935
22600.0 320397.53107016097
22610.0 315497.521029936
22620.0 307232.601040193
22630.0 316153.33110043907
22640.0 316924.1612106959
22650.0 311815.9213714856
22660.0 316607.8388768822
22670.0 315762.0791156317
22680.0 316223.84809243603
22690.0 314857.24724609416
22700.0 315028.21720610786
22710.0 308456.67823113786
22720.0 313852.5517094176
22730.0 313549.3952371054
22740.0 307451.37881450116
22750.0 311041.29243953305
22760.0 310464.03915330337
22770.0 311707.6834634486
22780.0 309984.8591164238
22790.0 308250.91996369185
22800.0 306235.11130088
22810.0 280608.5981316035
22820.0 304154.3594388368
22830.0 306039.2245931333
22840.0 307809.92726339685
22850.0 306102.88137407636
22860.0 303678.3355320607
22870.0 305802.7697383588
22880.0 305778.4639920924
22890.0 304742.1807674593
22900.0 305626.76179277734
22910.0 301767.9943051811
22920.0 304021.20238243183
22930.0 276698.7705049898
22940.0 284790.03867408127
22950.0 291981.486891582
22960.0 285811.55515473546
22970.0 289390.8234637231
22980.0 292740.11181957094
22990.0 294470.70022128656
23000.0 295440.56866994896
23010.0 293659.30560176575
23020.0 294502.3720729264
23030.0 294860.32702808874
23040.0 293796.542028759
23050.0 293273.75707543275
23060.0 293898.6721671412
23070.0 293321.22730630304
23080.0 293693.20248977817
23090.0 292409.3777200446
23100.0 295137.332994788
23110.0 291856.1483156233
23120.0 291330.9459054585
23130.0 291179.03454600705
23140.0 285369.26545501105
23150.0 291634.93641070754
23160.0 286481.90740928444
23170.0 288604.2984525597
23180.0 286640.54954077926
23190.0 289692.3206734992
23200.0 288616.7318492843
23210.0 288277.26306972833
23220.0 263736.95433570555
23230.0 262938.14564447146
23240.0 273800.82047497726
23250.0 272457.99234126596
23260.0 276994.1477296777
23270.0 276034.5297617062
23280.0 279497.7386389002
23290.0 281064.45415888773
23300.0 273913.0897234817
23310.0 276624.33532912796
23320.0 280626.6309795941
23330.0 277071.87667191523
23340.0 280658.95240942744
23350.0 272259.494380911
23360.0 278472.2146099421
23370.0 276753.1210745709
23380.0 269038.4075821635
23390.0 280438.374131565
23400.0 276343.270723523
23410.0 276084.06735866424
23420.0 276863.0840363453
23430.0 276714.3407555497
23440.0 278552.29751769186
23450.0 274447.314321391
23460.0 274576.0711681472
23470.0 276879.6113850215
23480.0 272112.67498566944
23490.0 273924.6619584011
23500.0 275269.5389713471
23510.0 272220.7860263546
23520.0 242089.0131230951
23530.0 253483.0502621539
23540.0 260415.05744044864
23550.0 259906.74466145952
23560.0 262769.0519233193
23570.0 259374.84922629665
23580.0 263017.4865704511
23590.0 264343.26461453777
23600.0 265896.8613806266
23610.0 264394.6288471779
23620.0 263841.25635374535
23630.0 266563.4939007103
23640.0 264365.5295499477
23650.0 264684.4991186426
23660.0 263790.2967869153
23670.0 264092.3944951706
23680.0 262507.09224432916
23690.0 262160.53003380337
23700.0 265574.16786200495
23710.0 263282.0257312145
23720.0 258908.9036410213
23730.0 256580.04158873713
23740.0 249101.05957663045
23750.0 259781.39760447832
23760.0 260284.29567167052
23770.0 262381.6737776888
23780.0 261998.61192283334
23790.0 261309.57010812618
23800.0 259615.98833221744
23810.0 262690.16659532057
23820.0 247216.7648970743
23830.0 233333.81049035134
23840.0 237853.16161757044
23850.0 244795.64003572584
23860.0 237689.61849205825
23870.0 248856.3169881261
23880.0 255786.095522577
23890.0 249387.5540945821
23900.0 250084.41270482002
23910.0 253815.75135411936
23920.0 246638.37004054707
23930.0 254780.80876620262
23940.0 250271.16752888364
23950.0 250600.93776180712
23960.0 252365.00516853074
23970.0 249231.82404522257
23980.0 251817.48295881742
23990.0 254914.64191084934
24000.0 244221.60089956378
24010.0 251547.72420836822
24020.0 248783.97898964953
24030.0 252343.61809133366
24040.0 249925.4972298822
24050.0 246709.106404981
24060.0 251412.49561738403
24070.0 250684.8580724392
24080.0 246407.61659194852
24090.0 250000.01835323038
24100.0 247884.69015184723
24110.0 248254.97198855298
24120.0 249426.16651962657
24130.0 241866.99640463214
24140.0 222794.3077200935
24150.0 226989.9197036098
24160.0 227907.26172461233
24170.0 240105.5137823642
24180.0 239017.42587669153
24190.0 236557.45746867705
24200.0 242766.64773355072
24210.0 240122.9574958246
24220.0 240386.69729387425
24230.0 237512.14712734145
24240.0 238454.3769956089
24250.0 237881.0269005856
24260.0 238406.49684139286
24270.0 239463.80681717463
24280.0 235942.32682774527
24290.0 240836.03687408398
24300.0 238846.56695556568
24310.0 237322.5330791036
24320.0 241322.01309499532
24330.0 232531.70915183262
24340.0 237890.85524167214
24350.0 233168.09136364888
24360.0 237039.75752011107
24370.0 230021.47703522418
24380.0 237898.39993258665
24390.0 238257.9461882542
24400.0 234207.55247693547
24410.0 236214.07879948625
24420.0 236430.38515374108
24430.0 238813.1960471435
24440.0 229312.77209866358
24450.0 231314.91269104226
24460.0 218987.7133160951
24470.0 218870.41397597437
24480.0 229526.09466942662
24490.0 227262.3553971421
24500.0 222809.75615917475
24510.0 222920.8969541772
24520.0 225749.43778319698
24530.0 228494.71864585188
24540.0 226381.49954152212
24550.0 222650.24084257532
24560.0 219306.23661156694
24570.0 213415.89278561797
24580.0 231627.62899379455
24590.0 226089.28523421145
24600.0 230680.10150813338
24610.0 228757.6378138701
24620.0 227254.11415213614
24630.0 228723.1505236791
24640.0 225883.50692771643
24650.0 224227.3033648117
24660.0 228777.2198346053
24670.0 227465.6563354822
24680.0 221838.84844370562
24690.0 219091.2342576444
24700.0 219779.4356779973
24710.0 224330.1771321659
24720.0 224271.6986175383
24730.0 217907.28013561224
24740.0 225686.0818376871
24750.0 221266.17326905308
24760.0 219465.74488298187
24770.0 224818.3065296635
24780.0 211746.18820708667
24790.0 212955.78991653054
24800.0 207341.75792946178
24810.0 216514.2534328239
24820.0 203143.25523721593
24830.0 215214.1570736621
24840.0 219738.91894218366
24850.0 217102.050840161
24860.0 194070.85277117274
24870.0 212959.24473325734
24880.0 213412.10672664802
24890.0 217353.108751354
24900.0 217254.57080717065
24910.0 216544.26289300373
24920.0 214108.38042519818
24930.0 219054.5116080861
24940.0 213701.3282346569
24950.0 214076.31489270896
24960.0 214554.2315807447
24970.0 216063.2182995943
24980.0 214251.32504701355
24990.0 214650.704398948
