#lam[Angstrom] flux[erg/cm2/s/A]
1010.0 1852.3068681317716
1020.0 1917.980227240576
1030.0 6616.926368835658
1040.0 2608.2876969842896
1050.0 1964.0372421956347
1060.0 1981.7922956347313
1070.0 2092.7111098294827
1080.0 6333.165749381268
1090.0 6452.063259064643
1100.0 2068.3584883607255
1110.0 2084.9385778714845
1120.0 2165.9966027989476
1130.0 2106.8515965054175
1140.0 2288.047390529849
1150.0 2147.157459003605
1160.0 2187.9841336353866
1170.0 2192.0322733944245
1180.0 2201.4725112692445
1190.0 2214.8715103472327
1200.0 3339.698218994036
1210.0 2972.5189689735284
1220.0 18912.41135169601
1230.0 2735.678889152737
1240.0 11151.909720890348
1250.0 3884.247893533694
1260.0 5405.2827893417125
1270.0 5553.270080784245
1280.0 5733.463166304005
1290.0 6187.967740897116
1300.0 6663.757938257763
1310.0 7328.2989432675195
1320.0 7654.650951418642
1330.0 7783.870171141087
1340.0 8687.500155395186
1350.0 8360.994092021172
1360.0 8560.369047675342
1370.0 8687.148128944393
1380.0 8871.338219295048
1390.0 20311.40698777305
1400.0 22587.844020832694
1410.0 16698.45096597353
1420.0 9419.477725698405
1430.0 9249.648121395196
1440.0 9297.095627562392
1450.0 9358.953344729685
1460.0 9432.605228809225
1470.0 9505.716909828407
1480.0 9550.482301054832
1490.0 14989.448287102705
1500.0 9456.023965440996
1510.0 9440.451419943087
1520.0 9450.81524230463
1530.0 9875.378954320544
1540.0 9384.446740409741
1550.0 133251.57887027084
1560.0 9388.218280341145
1570.0 9347.93197245725
1580.0 9794.609695980867
1590.0 9339.068962392297
1600.0 10239.625413322283
1610.0 9320.880809959071
1620.0 9320.140789147237
1630.0 9264.980055665308
1640.0 84739.8363884214
1650.0 9187.396857539896
1660.0 11884.181422632439
1670.0 16183.344576252513
1680.0 9128.539017953015
1690.0 9100.963499190959
1700.0 9063.77090030671
1710.0 9017.966126925547
1720.0 9681.005550746338
1730.0 9063.268912123847
1740.0 9234.85391430428
1750.0 13701.64490780709
1760.0 8982.625680381661
1770.0 8979.800779766932
1780.0 9006.867777012436
1790.0 9632.511732184335
1800.0 8946.520356335119
1810.0 11034.662832718475
1820.0 11224.219590996703
1830.0 8781.378741686149
1840.0 8725.374371532425
1850.0 9420.409960790372
1860.0 9062.262561752133
1870.0 8623.162367357107
1880.0 14138.024257427483
1890.0 17693.42235602994
1900.0 8537.397436084926
1910.0 57360.64519701401
1920.0 8478.407065117703
1930.0 8516.152957862394
1940.0 8361.645992217473
1950.0 8357.114604479513
1960.0 8272.154896788064
1970.0 8223.542455061304
1980.0 8179.5748392693495
1990.0 8143.718980788135
2000.0 8088.695950815142
2010.0 8018.265056085457
2020.0 7686.13489139885
2030.0 7249.678384305642
2040.0 7036.707401952584
2050.0 6716.7491499401185
2060.0 6605.019961657166
2070.0 6655.424379723755
2080.0 6509.24741206149
2090.0 6712.3880758669175
2100.0 6567.657264619417
2110.0 6568.719415399727
2120.0 6758.6510714438455
2130.0 6749.507087070789
2140.0 7099.321574469152
2150.0 6494.287459108079
2160.0 6544.637961087085
2170.0 6387.770528809272
2180.0 6638.725839696815
2190.0 6495.858247168402
2200.0 6560.365996114588
2210.0 6641.668559075401
2220.0 6966.401525973251
2230.0 6818.760844920333
2240.0 6928.987898309233
2250.0 7363.669604528936
2260.0 7178.968877292093
2270.0 7325.569997060736
2280.0 7476.950224686554
2290.0 7634.689048942059
2300.0 7981.423857223127
2310.0 8399.035017452421
2320.0 8822.191938453574
2330.0 15795.06924824035
2340.0 10020.72341126735
2350.0 8931.197445663876
2360.0 8727.853593071944
2370.0 8893.36574735897
2380.0 9075.426632729042
2390.0 9913.11356478479
2400.0 9428.786582353858
2410.0 9628.649989337018
2420.0 9745.504202198585
2430.0 21089.25678920342
2440.0 10098.108301481334
2450.0 10310.466627139343
2460.0 10414.232028877737
2470.0 10576.541417588836
2480.0 10740.804509936592
2490.0 10873.867651152488
2500.0 11061.69341825107
2510.0 12332.328288647675
2520.0 11383.196116046296
2530.0 11577.957374195075
2540.0 11735.43907620381
2550.0 11941.205610592044
2560.0 13763.529531116603
2570.0 12214.124686579698
2580.0 12347.490727710403
2590.0 12786.59927795953
2600.0 12791.041382155026
2610.0 12838.739515165315
2620.0 13078.4405808499
2630.0 13322.829211095957
2640.0 13621.8698129532
2650.0 13588.0694795647
2660.0 13825.356458138649
2670.0 15325.665459324766
2680.0 14058.108199509847
2690.0 14180.779883988169
2700.0 14298.881160874553
2710.0 14510.717516299328
2720.0 14351.176079156025
2730.0 15571.199460253414
2740.0 15676.87203928956
2750.0 15056.16328598995
2760.0 15338.354262917599
2770.0 15694.435931005328
2780.0 15622.320350999504
2790.0 59850.18484468609
2800.0 38015.76920231209
2810.0 16319.446775793607
2820.0 16558.370641794798
2830.0 24792.561503114615
2840.0 16365.024343119545
2850.0 17038.42915372491
2860.0 16911.756949986255
2870.0 17135.31411467333
2880.0 17639.84011209266
2890.0 18335.45602037995
2900.0 18973.57026517482
2910.0 19164.471857754474
2920.0 20504.714121030196
2930.0 22186.836804457143
2940.0 19036.450544816595
2950.0 19914.288813571693
2960.0 20487.015765043267
2970.0 18805.96626357186
2980.0 19881.678824840867
2990.0 20289.663816426666
3000.0 19535.913450307296
3010.0 20476.89902344704
3020.0 19731.658956941155
3030.0 21692.306322597855
3040.0 21317.869975763322
3050.0 21693.050760785594
3060.0 22332.956230313594
3070.0 25937.096624891423
3080.0 23244.799147354854
3090.0 23524.662172687742
3100.0 24274.339562778412
3110.0 29241.32027276465
3120.0 34127.03502547227
3130.0 32005.894174741945
3140.0 36178.101908546225
3150.0 39831.99719284434
3160.0 37695.48609607152
3170.0 41765.47588860222
3180.0 37917.746446608726
3190.0 34375.277337243366
3200.0 37237.28228122885
3210.0 40511.23227126689
3220.0 37365.05861650122
3230.0 34285.16275984009
3240.0 40359.505865505
3250.0 41158.91497109653
3260.0 58301.505113217805
3270.0 49884.97383809404
3280.0 52248.396182076816
3290.0 57173.25108769533
3300.0 62875.35599087218
3310.0 53994.06797786946
3320.0 51453.63739913028
3330.0 61447.01201740437
3340.0 52901.516466530695
3350.0 48989.32917120166
3360.0 45894.009163386065
3370.0 37163.16216029254
3380.0 47389.106641801045
3390.0 43829.801351755326
3400.0 58099.66550265893
3410.0 45611.08774379232
3420.0 51089.34653082458
3430.0 52741.91156258675
3440.0 34419.88995899535
3450.0 43922.74697183884
3460.0 42408.914399715846
3470.0 42662.07891966785
3480.0 51198.85795164699
3490.0 44519.02180819863
3500.0 54885.72143227519
3510.0 52137.594054656474
3520.0 46443.56390656069
3530.0 57245.756467851104
3540.0 81656.60573299769
3550.0 70024.72316459384
3560.0 60346.855440216845
3570.0 41872.52248211273
3580.0 38216.166893369635
3590.0 40433.57367463147
3600.0 50407.25053245868
3610.0 46032.064848107264
3620.0 52581.89902229465
3630.0 60015.1489931891
3640.0 62637.758610381716
3650.0 52217.05714568052
3660.0 90474.67466150838
3670.0 90353.21543969943
3680.0 65821.81051420403
3690.0 74406.72923959311
3700.0 84614.17079704658
3710.0 55083.1377488873
3720.0 39625.93986734604
3730.0 57111.61388473427
3740.0 36248.67351850284
3750.0 39207.03141820209
3760.0 50988.756274014784
3770.0 76901.11575830301
3780.0 93929.25657981298
3790.0 72183.87454732636
3800.0 79155.26142968942
3810.0 81759.99694867872
3820.0 44621.32877285109
3830.0 45711.01011179849
3840.0 63386.04264719481
3850.0 73868.01794478472
3860.0 61355.42649083349
3870.0 75165.13644467664
3880.0 64930.288736051014
3890.0 66909.20698627093
3900.0 63974.87572506904
3910.0 94624.18163944717
3920.0 70913.75299362338
3930.0 48562.49163730058
3940.0 61629.39779974658
3950.0 79482.44272953157
3960.0 55471.152275539076
3970.0 65699.54402047272
3980.0 118257.23299371629
3990.0 133360.4744634618
4000.0 127301.03902449961
4010.0 151045.83672130283
4020.0 160978.8985305936
4030.0 89172.0107813297
4040.0 140901.53940277296
4050.0 143236.68927523497
4060.0 134690.15811749414
4070.0 135771.3963186573
4080.0 162015.31864025476
4090.0 231239.98036083896
4100.0 167367.61744061162
4110.0 161941.02738413686
4120.0 179147.68019112755
4130.0 155108.68390086238
4140.0 156022.9796341252
4150.0 174058.0577111769
4160.0 203056.90710939578
4170.0 163910.9337367092
4180.0 175660.83211260888
4190.0 153097.73040806412
4200.0 120328.50961446247
4210.0 108816.47418810897
4220.0 64997.027169319925
4230.0 51348.1705413086
4240.0 96931.4866993404
4250.0 101000.273768648
4260.0 133940.56971425578
4270.0 121610.75319788186
4280.0 133468.1820771773
4290.0 114449.65097232195
4300.0 127351.4929598093
4310.0 153474.11406586668
4320.0 188690.51117003092
4330.0 211576.9121327821
4340.0 224575.75598920445
4350.0 246701.584188398
4360.0 283426.6837017994
4370.0 269662.26712764887
4380.0 162831.40452372003
4390.0 236222.63956199016
4400.0 243436.87914641236
4410.0 225795.2171313632
4420.0 246045.89487391373
4430.0 183146.0349382363
4440.0 221761.39547256287
4450.0 220680.72990655425
4460.0 185262.2102787421
4470.0 283007.89855017513
4480.0 295449.8804934185
4490.0 313271.60242607805
4500.0 309712.573482558
4510.0 333525.9276313018
4520.0 307690.8116782294
4530.0 210047.88479052266
4540.0 277490.5193356373
4550.0 268589.85668176453
4560.0 344733.3306356549
4570.0 365879.1529967042
4580.0 252059.71141707382
4590.0 269114.71507136064
4600.0 316792.0270684774
4610.0 337750.04870285647
4620.0 325207.9618936439
4630.0 324422.5232679306
4640.0 322224.9866887462
4650.0 271532.3591167294
4660.0 376414.7451598675
4670.0 335206.2319684377
4680.0 342433.23467161134
4690.0 357237.2922444843
4700.0 378751.4319967647
4710.0 388427.49414232443
4720.0 377938.1989214439
4730.0 373844.67313716223
4740.0 358031.8463746772
4750.0 392959.7545431324
4760.0 324425.1679738179
4770.0 317256.4427183317
4780.0 328089.74884108047
4790.0 313251.6683309681
4800.0 289086.5797795019
4810.0 209598.80818877075
4820.0 270100.04696733877
4830.0 299432.98678304616
4840.0 331243.84946425137
4850.0 323413.2092921541
4860.0 332355.7022554944
4870.0 317926.71152771823
4880.0 309290.29705814755
4890.0 369165.55702806445
4900.0 438995.36927378614
4910.0 447818.39326830657
4920.0 391915.2472645899
4930.0 458367.59583759605
4940.0 396987.0709779379
4950.0 474807.2493962802
4960.0 363829.0687302088
4970.0 357960.4815596962
4980.0 303414.0965332603
4990.0 287133.6830967578
5000.0 282312.7477235467
5010.0 383221.5804275484
5020.0 272940.2557340598
5030.0 350621.5413638716
5040.0 248360.94289893378
5050.0 289924.81892216374
5060.0 290064.38896569633
5070.0 291046.17694556457
5080.0 255641.48458283354
5090.0 278372.2150551215
5100.0 299420.47969784547
5110.0 242799.8797149141
5120.0 271671.2187812469
5130.0 268885.6968395808
5140.0 272798.4300017476
5150.0 275200.4992548942
5160.0 295821.0139518968
5170.0 186395.33153340852
5180.0 226758.56502347763
5190.0 249852.78219755774
5200.0 313441.587881541
5210.0 213198.36378964977
5220.0 414115.3592816198
5230.0 382642.339355773
5240.0 475858.5271612919
5250.0 423522.427910776
5260.0 385470.657209279
5270.0 263028.5438051791
5280.0 435782.50225951686
5290.0 519836.6403911077
5300.0 423142.50676446117
5310.0 524197.7116821516
5320.0 476758.0230196938
5330.0 346945.82607864914
5340.0 460712.24347468704
5350.0 437612.72413072037
5360.0 501341.8336303458
5370.0 374495.0594213673
5380.0 512093.6068264198
5390.0 480260.8998770777
5400.0 384010.93889414833
5410.0 373094.71285176853
5420.0 491297.8264052359
5430.0 357058.65398876776
5440.0 471057.9084512722
5450.0 348637.8556806656
5460.0 378298.05816115934
5470.0 450692.33270164375
5480.0 434591.0721313496
5490.0 458617.2304939952
5500.0 401933.6092870287
5510.0 396685.0998666624
5520.0 483284.1000139522
5530.0 472669.26409381663
5540.0 487162.9126947582
5550.0 513408.6886761288
5560.0 518911.39393272763
5570.0 484122.1850587226
5580.0 471128.5127676956
5590.0 357794.3122860185
5600.0 366560.44388885493
5610.0 493578.73476153525
5620.0 463883.0932129403
5630.0 514212.51522911526
5640.0 509040.270689836
5650.0 562799.5343556534
5660.0 517316.24785904685
5670.0 543581.9665568577
5680.0 558921.2983805637
5690.0 559277.5717342062
5700.0 549277.3006549057
5710.0 560725.3242713552
5720.0 594873.7394262943
5730.0 587661.410272894
5740.0 602977.1467490897
5750.0 620544.1518046736
5760.0 597447.7031439163
5770.0 609268.0408173864
5780.0 601684.3462515787
5790.0 594709.7959272243
5800.0 642396.3518649644
5810.0 626049.5500708224
5820.0 644000.2442062129
5830.0 629809.611189083
5840.0 630074.7518265736
5850.0 600623.2327466693
5860.0 526808.8746766043
5870.0 524106.6860577353
5880.0 441691.60616158205
5890.0 229546.7483869833
5900.0 320354.8052011327
5910.0 496292.91055597627
5920.0 518341.94251607114
5930.0 546709.3866460974
5940.0 562137.1351606942
5950.0 555870.8494529848
5960.0 559793.843239537
5970.0 571395.6110798462
5980.0 566464.3169209542
5990.0 606631.8611409564
6000.0 598214.6421603053
6010.0 610400.024162336
6020.0 598664.2401005212
6030.0 637113.7035825585
6040.0 634978.9800347156
6050.0 641339.6301705207
6060.0 642127.170424588
6070.0 649175.4991685173
6080.0 679446.8050320399
6090.0 636654.9907255126
6100.0 573422.0197460103
6110.0 637418.4634738434
6120.0 523215.21963772865
6130.0 645004.9994996494
6140.0 625935.2236230288
6150.0 643773.0121060275
6160.0 449254.9536831447
6170.0 475676.9190338374
6180.0 590791.9977362613
6190.0 519666.53304817615
6200.0 551520.7866975387
6210.0 529890.7403373634
6220.0 487783.0417412002
6230.0 467417.31415247876
6240.0 463377.1047498429
6250.0 478651.80094534147
6260.0 474869.33212764474
6270.0 506017.91727618285
6280.0 519376.1058627553
6290.0 538929.0257772831
6300.0 533558.5370056175
6310.0 560171.8366405548
6320.0 576528.7176744542
6330.0 592719.7388690311
6340.0 599524.2066194783
6350.0 568042.2670411398
6360.0 523314.53873914835
6370.0 545563.0187284709
6380.0 488091.43070324196
6390.0 477490.693624856
6400.0 520567.6314275954
6410.0 568675.7889970398
6420.0 586794.4433505349
6430.0 587386.1366202687
6440.0 526159.0831120725
6450.0 610118.8271323157
6460.0 550442.912796811
6470.0 610141.5337701408
6480.0 598954.8500622703
6490.0 534682.3505346887
6500.0 517368.56357799005
6510.0 581660.0172036376
6520.0 592352.9700914051
6530.0 632393.3246786935
6540.0 647206.702323635
6550.0 625590.8088378423
6560.0 707060.9649976228
6570.0 631636.1728722091
6580.0 686414.8858088399
6590.0 682815.630039289
6600.0 705950.6651580683
6610.0 699808.1863207695
6620.0 707719.1520448662
6630.0 702715.4378175819
6640.0 711313.8121748959
6650.0 681330.6563533258
6660.0 658423.8511729282
6670.0 695412.7736828317
6680.0 637803.6755247728
6690.0 637567.2192058564
6700.0 641343.2545757408
6710.0 557458.2980530058
6720.0 543542.7856243687
6730.0 585127.4225641096
6740.0 577508.7116001856
6750.0 556142.5619330184
6760.0 572140.7697910256
6770.0 590518.9294148022
6780.0 556035.1804391617
6790.0 547045.1436462068
6800.0 557804.7675987973
6810.0 566843.3159964739
6820.0 537582.3826197352
6830.0 552739.063260502
6840.0 541795.9837433908
6850.0 512674.2461872915
6860.0 492529.87492609076
6870.0 509978.5524448623
6880.0 527603.4720323468
6890.0 512836.54580203386
6900.0 522375.50565022096
6910.0 582323.8028349554
6920.0 560992.3292237596
6930.0 605281.2888828531
6940.0 591381.6302153603
6950.0 627159.7906071614
6960.0 638521.9129344657
6970.0 635784.156386577
6980.0 629104.4353168769
6990.0 648732.0579766631
7000.0 661935.4093413715
7010.0 682904.0997267219
7020.0 694099.501653975
7030.0 722415.0990871
7040.0 783359.187533557
7050.0 803893.8695707829
7060.0 686405.7557450233
7070.0 721949.0137953733
7080.0 747315.4667897044
7090.0 636775.4904596773
7100.0 658485.6756041179
7110.0 677688.831840697
7120.0 728615.2019783985
7130.0 561070.3017018909
7140.0 586065.900494095
7150.0 550515.3270781139
7160.0 642713.1003793447
7170.0 656973.3436000881
7180.0 686899.648455049
7190.0 702298.7505870861
7200.0 637698.0654529172
7210.0 653160.5342194434
7220.0 723952.835195731
7230.0 742718.573721712
7240.0 733112.5474294613
7250.0 760516.568963817
7260.0 792502.7228160485
7270.0 781570.5056783673
7280.0 776087.7140554516
7290.0 820375.2212066782
7300.0 826646.440453871
7310.0 833336.8445657005
7320.0 813696.1641513227
7330.0 772487.5943211581
7340.0 845697.5064844922
7350.0 851476.1566993502
7360.0 800931.1937541864
7370.0 871836.2913368627
7380.0 870211.035423808
7390.0 852890.1495535817
7400.0 854323.4340941382
7410.0 861908.9397812864
7420.0 870803.6286697412
7430.0 873431.5410177747
7440.0 875301.029894786
7450.0 861181.0857502167
7460.0 856856.0437022293
7470.0 876825.7300627495
7480.0 895162.0005657075
7490.0 873177.12548897
7500.0 877348.993456992
7510.0 876323.7107848933
7520.0 892614.3556255782
7530.0 893573.3464744663
7540.0 900014.2201408884
7550.0 906543.4768720063
7560.0 898783.3999285002
7570.0 903684.1052869706
7580.0 901198.8202256402
7590.0 871417.9990423783
7600.0 879693.1048316984
7610.0 867765.905276276
7620.0 882124.7860379061
7630.0 863552.1754811628
7640.0 860798.1759037258
7650.0 863835.3671952076
7660.0 801315.3365863445
7670.0 772545.2179988074
7680.0 828125.8044128182
7690.0 829439.2127326267
7700.0 766734.9237874605
7710.0 808396.9672255545
7720.0 824408.0556753962
7730.0 840750.2034469848
7740.0 850017.1626572618
7750.0 804003.3215571907
7760.0 824514.1313403348
7770.0 834080.4624063341
7780.0 826748.4903423366
7790.0 830061.7505225572
7800.0 842044.6854098499
7810.0 857251.9335708503
7820.0 849995.9130717118
7830.0 828684.660388273
7840.0 826134.5959106507
7850.0 846405.557891534
7860.0 855169.1077391473
7870.0 860469.886267594
7880.0 863311.2751672894
7890.0 873668.7906696099
7900.0 869501.5093819912
7910.0 849559.546008626
7920.0 867992.7034872777
7930.0 873232.6514918236
7940.0 855120.4490998458
7950.0 856145.5200630896
7960.0 884121.9391948486
7970.0 891864.6185182141
7980.0 877838.3817204114
7990.0 887191.967282396
8000.0 873633.9367962955
8010.0 893992.5558443199
8020.0 890200.6754528392
8030.0 890282.1815285945
8040.0 899757.9368676075
8050.0 877891.6576677337
8060.0 904680.7974877618
8070.0 885387.0491692004
8080.0 888930.111460063
8090.0 895774.946517014
8100.0 905491.595593684
8110.0 907986.9225123281
8120.0 900316.5498052959
8130.0 905601.7804194484
8140.0 911553.4224619018
8150.0 916451.0669580561
8160.0 906960.2381824364
8170.0 914230.6859304351
8180.0 845649.7747854015
8190.0 840480.7594933823
8200.0 844230.3776487286
8210.0 893864.8323313246
8220.0 883422.1449745386
8230.0 905294.1230397237
8240.0 895189.3654158019
8250.0 904706.965250656
8260.0 902594.7882141479
8270.0 903479.3526722408
8280.0 901751.4091233541
8290.0 893959.0890060735
8300.0 895824.8196209407
8310.0 884639.6811949998
8320.0 893285.3398181886
8330.0 818409.5554690803
8340.0 891241.3625416907
8350.0 873669.2337008889
8360.0 863625.0721710778
8370.0 887109.6238694083
8380.0 823139.6805451923
8390.0 806428.5273196561
8400.0 863375.7532584931
8410.0 862973.40497778
8420.0 871285.6780301053
8430.0 807846.5221375246
8440.0 799248.0277505943
8450.0 839381.6635980099
8460.0 837779.4605885815
8470.0 794579.0423566542
8480.0 845308.313113057
8490.0 850388.9134672402
8500.0 807066.0813741996
8510.0 814543.4803546388
8520.0 815576.99203496
8530.0 842440.7762901654
8540.0 741445.1494213628
8550.0 835647.4522720885
8560.0 857021.0301523998
8570.0 857450.6165673551
8580.0 849519.5575746418
8590.0 861201.8971175747
8600.0 859820.1975950059
8610.0 841923.8791377058
8620.0 855369.1825574675
8630.0 866386.8050984342
8640.0 868166.2580068851
8650.0 863438.0426754454
8660.0 750729.6002566369
8670.0 836186.2963842747
8680.0 820507.287294406
8690.0 758659.0170512049
8700.0 860016.9039590101
8710.0 862251.1171404734
8720.0 862122.898187466
8730.0 859979.2685157417
8740.0 865743.0828824427
8750.0 869824.130020611
8760.0 852235.7924378127
8770.0 845180.8291179594
8780.0 868331.0357524605
8790.0 870711.5314628242
8800.0 856833.8360946478
8810.0 814310.6546547067
8820.0 820548.135659985
8830.0 863551.9782163693
8840.0 854006.0204412785
8850.0 880025.8862679468
8860.0 851913.8623213472
8870.0 834611.8594984972
8880.0 850326.872653063
8890.0 849111.5950500867
8900.0 855184.1441771595
8910.0 857485.4954360793
8920.0 852693.7121514871
8930.0 855970.3097375826
8940.0 853213.2306838235
8950.0 842787.5695650824
8960.0 856937.067076789
8970.0 851670.151323097
8980.0 851384.6459599988
8990.0 854333.5729247486
9000.0 816738.1219077494
9010.0 841597.711883223
9020.0 835173.4280214871
9030.0 847964.2741863799
9040.0 858043.2752876772
9050.0 860218.8890132691
9060.0 858870.9145757589
9070.0 860398.4900092087
9080.0 864966.4804484872
9090.0 822515.1184013595
9100.0 843464.4560880975
9110.0 847923.476130394
9120.0 855417.067306508
9130.0 865382.2644589697
9140.0 863175.3592074529
9150.0 860644.0098236053
9160.0 864015.5545325087
9170.0 858108.4219522126
9180.0 863624.6800124076
9190.0 865169.8537613545
9200.0 862265.8636034431
9210.0 852209.9866474572
9220.0 852632.514827158
9230.0 850004.075841327
9240.0 852510.0241631267
9250.0 840905.650499343
9260.0 834940.6030400946
9270.0 852247.9901541247
9280.0 844425.6280102172
9290.0 817496.9703672805
9300.0 839184.5249940277
9310.0 841868.0392277281
9320.0 838370.6654704208
9330.0 841183.1600004251
9340.0 841450.1489061443
9350.0 836117.2123219802
9360.0 829194.7079508792
9370.0 836639.3725084997
9380.0 836051.2602908325
9390.0 835460.8507524496
9400.0 833039.8032159383
9410.0 830699.1659583045
9420.0 833046.5071064096
9430.0 837957.1435613757
9440.0 831003.5052847379
9450.0 815873.7068246526
9460.0 831513.346794493
9470.0 835823.816829457
9480.0 836698.7627821489
9490.0 837741.9001945127
9500.0 837237.7953998961
9510.0 831909.0022315306
9520.0 836479.3268183095
9530.0 830019.0637700153
9540.0 835485.3900471264
9550.0 810446.3162345412
9560.0 831847.9660953269
9570.0 814124.2648930489
9580.0 834007.9652563632
9590.0 834462.439245511
9600.0 792540.1085854054
9610.0 831269.0096430377
9620.0 833593.1284147837
9630.0 828294.5484690556
9640.0 763501.8253927751
9650.0 786901.6970340101
9660.0 822345.1033922865
9670.0 800831.7531894553
9680.0 775237.3501186854
9690.0 800023.3938358835
9700.0 815506.1282017943
9710.0 784800.0466332239
9720.0 806614.0689217818
9730.0 774673.8015017564
9740.0 787192.4331029119
9750.0 808617.3699816406
9760.0 821902.0032931796
9770.0 791438.2136666368
9780.0 779196.2934269747
9790.0 784517.881938936
9800.0 819334.6584558875
9810.0 815685.6294307343
9820.0 817039.3020803247
9830.0 803830.6117185538
9840.0 814206.8899437902
9850.0 816749.4560111841
9860.0 815181.6702929139
9870.0 814722.8692877477
9880.0 816582.0442845614
9890.0 815420.042305898
9900.0 788000.9606551691
9910.0 765521.3974702413
9920.0 771249.3770808808
9930.0 773029.7685600303
9940.0 795160.6813308668
9950.0 793614.7848415741
9960.0 793304.8722903295
9970.0 785052.2994757436
9980.0 786477.8395110036
9990.0 787160.0113807005
10010.0 782337.2412711043
10020.0 791470.5991639651
10030.0 785123.1905683288
10040.0 787416.6561097212
10050.0 771034.4104582091
10060.0 759788.4821697965
10070.0 784951.221913838
10080.0 788910.1467705712
10090.0 780986.9602014747
10100.0 792665.6840798613
10110.0 783727.3450505086
10120.0 780098.043557395
10130.0 787019.2277719651
10140.0 780726.7091057734
10150.0 774669.6663406359
10160.0 775799.9258284621
10170.0 779421.812504526
10180.0 776211.4759178563
10190.0 777237.1845839807
10200.0 774299.9541363034
10210.0 773957.3428520829
10220.0 767541.9286985536
10230.0 775997.47074691
10240.0 786854.2122931352
10250.0 769476.5398438885
10260.0 761762.0366150034
10270.0 765116.2246081105
10280.0 760999.5589902544
10290.0 767641.3383095439
10300.0 763594.8030941794
10310.0 774556.2970940473
10320.0 765347.4357502683
10330.0 765598.5638491766
10340.0 697181.6615900167
10350.0 753516.8629178511
10360.0 769821.6889776046
10370.0 771696.7308984263
10380.0 761745.6479131979
10390.0 760808.8603174523
10400.0 737123.5327114937
10410.0 762699.8550507962
10420.0 760370.6769811237
10430.0 757477.8692312822
10440.0 768960.5764813636
10450.0 767166.8206769866
10460.0 765474.6799046583
10470.0 749673.7591557691
10480.0 759360.2631850122
10490.0 758587.2065611015
10500.0 742369.4146225124
10510.0 752815.0746030651
10520.0 753222.0380833125
10530.0 763631.7305684177
10540.0 758763.161369233
10550.0 756140.0927604184
10560.0 756907.4334989263
10570.0 750676.7440869237
10580.0 741815.4538215817
10590.0 748036.671846129
10600.0 751952.4461802014
10610.0 743329.7148009874
10620.0 749167.8882527638
10630.0 755130.1667887337
10640.0 752595.3333688562
10650.0 745559.8416100331
10660.0 725791.9922638981
10670.0 740848.8410817031
10680.0 738478.9048799635
10690.0 745734.0222308814
10700.0 746620.3915025463
10710.0 747442.6868971705
10720.0 746540.5553194629
10730.0 715349.1592118946
10740.0 748917.0029043345
10750.0 737038.4898544366
10760.0 741750.5715528931
10770.0 745350.5581783989
10780.0 742250.3187722337
10790.0 736092.8491823708
10800.0 729807.9442703524
10810.0 719561.0416345662
10820.0 754393.6057693813
10830.0 729890.4884010782
10840.0 737027.1737539447
10850.0 736047.305291789
10860.0 730860.2785022554
10870.0 731029.1857976964
10880.0 736708.3673391864
10890.0 734194.0775859804
10900.0 734813.8515604618
10910.0 724750.721687744
10920.0 731884.5012720742
10930.0 732928.9225709283
10940.0 738231.9128799306
10950.0 732763.5208166462
10960.0 720558.5173554254
10970.0 723292.851757409
10980.0 726265.4694495179
10990.0 729253.2247819528
11000.0 728174.5836216895
11010.0 723643.6290897047
11020.0 720141.1938070455
11030.0 721004.5169629386
11040.0 722808.4953746253
11050.0 715592.120808573
11060.0 719680.1129083353
11070.0 716310.7274135944
11080.0 718744.6481590138
11090.0 720990.0482594349
11100.0 719989.7184523763
11110.0 715379.6359823807
11120.0 703537.0869737084
11130.0 715098.0951869696
11140.0 716203.5459527093
11150.0 710344.4489339762
11160.0 709147.9647765947
11170.0 715316.5769290251
11180.0 715186.9778587671
11190.0 709444.8786421504
11200.0 701914.8831234558
11210.0 711273.3793439934
11220.0 709889.9399830971
11230.0 711599.0631039584
11240.0 704298.0847910851
11250.0 646978.3119609489
11260.0 690978.092950216
11270.0 709316.0074996065
11280.0 705631.2573570189
11290.0 702226.8002110389
11300.0 689696.4141595493
11310.0 702484.3750406535
11320.0 706496.7081665935
11330.0 699245.8079064416
11340.0 697289.067908976
11350.0 702967.5422126824
11360.0 701957.4772473845
11370.0 687775.7392297508
11380.0 663499.9375071283
11390.0 685866.3401014016
11400.0 646200.2641246776
11410.0 689187.3410341361
11420.0 677949.5494670828
11430.0 696433.6864876896
11440.0 672342.5046636495
11450.0 692507.896523438
11460.0 696035.2656700667
11470.0 684258.6238193297
11480.0 680996.1758354225
11490.0 691936.4450838481
11500.0 694184.581456412
11510.0 691929.5162827515
11520.0 692442.3871348527
11530.0 692345.6715225305
11540.0 686716.0515041219
11550.0 687566.1748718087
11560.0 687664.2409697764
11570.0 688343.6354469616
11580.0 687972.5854606163
11590.0 659451.1856244744
11600.0 682658.4719342528
11610.0 624061.3036049881
11620.0 684087.9109793542
11630.0 682502.9394420319
11640.0 651739.7390143481
11650.0 681765.809744981
11660.0 679884.3801044194
11670.0 680148.6676381497
11680.0 678081.5469704565
11690.0 638360.3456874385
11700.0 678922.4569504075
11710.0 675770.4253510329
11720.0 674693.9942269163
11730.0 676806.5577861182
11740.0 672316.1034453345
11750.0 673720.1756551645
11760.0 672947.4424106047
11770.0 643431.90657657
11780.0 636943.5638999601
11790.0 667820.4105563803
11800.0 664706.0284844706
11810.0 666151.3955695009
11820.0 660005.2189988929
11830.0 606734.9257792657
11840.0 663689.8716601643
11850.0 664354.1409538251
11860.0 665642.4323351779
11870.0 664789.8771260782
11880.0 590225.8411012989
11890.0 646618.0306770798
11900.0 662979.4138399998
11910.0 659895.0086364737
11920.0 662789.8825653644
11930.0 661125.4157485779
11940.0 659457.1311195171
11950.0 639482.2808895033
11960.0 636450.2083566219
11970.0 585104.0131425894
11980.0 638066.6373084268
11990.0 648683.9408770906
12000.0 654127.4871447799
12010.0 655008.4392846414
12020.0 651395.7217404703
12030.0 640301.4809535056
12040.0 652512.8570655524
12050.0 649205.452590604
12060.0 651623.648815042
12070.0 645406.8071735915
12080.0 615180.3465027212
12090.0 640503.2235718986
12100.0 645562.2245688586
12110.0 645802.3603956462
12120.0 647011.4749054554
12130.0 644486.6980644991
12140.0 646981.8808104212
12150.0 646471.0424940897
12160.0 643107.9180502256
12170.0 643379.721655498
12180.0 644002.6086806485
12190.0 641257.9050871683
12200.0 641044.8669310164
12210.0 640820.0586668547
12220.0 641093.8458310883
12230.0 640187.4885397725
12240.0 638518.7945231912
12250.0 639661.5892427338
12260.0 639114.1551925141
12270.0 634909.8946275724
12280.0 637423.6975840211
12290.0 636397.0005977745
12300.0 635788.6403974126
12310.0 634008.286212314
12320.0 631689.5084583872
12330.0 631372.5429963877
12340.0 632275.5665960474
12350.0 632701.6374655587
12360.0 630414.7954331066
12370.0 630822.8799045224
12380.0 631227.8626261037
12390.0 626604.1823502635
12400.0 627665.8164848296
12410.0 625901.2482582594
12420.0 619408.9407792235
12430.0 612269.8356312269
12440.0 622932.4488222103
12450.0 623390.8075338965
12460.0 623760.8506121306
12470.0 621309.4578565215
12480.0 621663.3052381033
12490.0 621800.4003024851
12500.0 619669.4441828395
12510.0 618803.9856372128
12520.0 602900.6081393722
12530.0 613963.7518090595
12540.0 619144.8034504009
12550.0 617327.4042216805
12560.0 614472.713902038
12570.0 617749.0774142004
12580.0 616385.1025925701
12590.0 612863.2822587423
12600.0 610931.0342605902
12610.0 612925.5808218805
12620.0 612545.622848373
12630.0 611872.4563994101
12640.0 607382.0009702394
12650.0 610927.9972435397
12660.0 610850.1381921523
12670.0 603752.3042246698
12680.0 598186.5093700897
12690.0 609467.8017625439
12700.0 607340.1571817063
12710.0 608163.2458994344
12720.0 608165.5811943664
12730.0 607010.4764194228
12740.0 594299.5351682637
12750.0 603253.2858042812
12760.0 605098.5079856202
12770.0 602897.1119088469
12780.0 602217.9748610551
12790.0 603780.1839267185
12800.0 601522.1601795295
12810.0 595378.1678842815
12820.0 555148.113685119
12830.0 579911.986324104
12840.0 595162.8974640355
12850.0 585125.5814577477
12860.0 595212.012193512
12870.0 595977.1935251051
12880.0 590440.6375970393
12890.0 592450.4501389505
12900.0 560523.7233165059
12910.0 580687.0005059803
12920.0 589298.2526106979
12930.0 591285.2487791709
12940.0 589512.7644582081
12950.0 589559.2024135294
12960.0 591026.2377175175
12970.0 590357.3057417084
12980.0 580033.4971142986
12990.0 588647.0120589864
13000.0 588570.2354757629
13010.0 581238.6781109921
13020.0 587980.2596074722
13030.0 579931.581106137
13040.0 586371.8874140654
13050.0 586090.5488374964
13060.0 583967.8085937191
13070.0 583868.6607794433
13080.0 577146.239310987
13090.0 579590.799449241
13100.0 580679.3535746363
13110.0 575354.6200218076
13120.0 498557.25559533684
13130.0 542837.7105828759
13140.0 566558.4211449437
13150.0 502198.5228733935
13160.0 571360.5451732439
13170.0 576054.9137651178
13180.0 577309.7043828085
13190.0 578076.4122310383
13200.0 572286.8609715968
13210.0 574694.8736806363
13220.0 572494.1600640147
13230.0 575711.2875777797
13240.0 574937.0411030696
13250.0 571178.5364380413
13260.0 571885.0779177499
13270.0 567831.8459962973
13280.0 563819.2809886007
13290.0 549209.3505943352
13300.0 567328.067741964
13310.0 562583.8702552179
13320.0 519509.6241269174
13330.0 564178.9473994046
13340.0 558386.4028146667
13350.0 553285.4960709836
13360.0 556510.6269961001
13370.0 555216.96613764
13380.0 555701.0633106936
13390.0 553332.3468499966
13400.0 549499.8621257265
13410.0 553075.3467895595
13420.0 548969.8136132003
13430.0 551612.5706541688
13440.0 549810.6651992772
13450.0 555601.6334803264
13460.0 551888.45723257
13470.0 550878.551140778
13480.0 550849.1677608895
13490.0 553414.5968916822
13500.0 538665.4619813603
13510.0 551483.6604023917
13520.0 547026.5853176342
13530.0 549478.7631817037
13540.0 546835.8977326513
13550.0 542096.6328592524
13560.0 548889.7534129379
13570.0 545368.4810396326
13580.0 545802.1997498713
13590.0 542188.0074160709
13600.0 538282.0375718497
13610.0 544399.0278195972
13620.0 538365.000863558
13630.0 523942.90450512717
13640.0 530035.0491556412
13650.0 542945.3594410376
13660.0 541954.4320807315
13670.0 540829.3870783058
13680.0 537518.0737799089
13690.0 541410.8405871672
13700.0 541576.5845196148
13710.0 538454.4401821401
13720.0 540631.4886911053
13730.0 538572.8485860012
13740.0 539955.4732115244
13750.0 539704.5592276623
13760.0 537145.239185958
13770.0 538302.2476715165
13780.0 536013.5855228452
13790.0 534828.4972053492
13800.0 538190.4640591898
13810.0 537883.3989651243
13820.0 533275.7200545343
13830.0 534954.924787911
13840.0 535343.1698364777
13850.0 521794.8910501015
13860.0 512775.70201730053
13870.0 532484.99509778
13880.0 528674.513333202
13890.0 529481.8758342172
13900.0 524541.2214483301
13910.0 492138.97166953655
13920.0 504317.0991416238
13930.0 510774.15759029065
13940.0 523036.6541735478
13950.0 512617.2788090928
13960.0 525154.4642539205
13970.0 509582.5684978723
13980.0 513143.99799557566
13990.0 522815.3613558374
14000.0 497828.0843432785
14010.0 512135.9218708378
14020.0 522683.91736459325
14030.0 520340.3030313523
14040.0 509841.8841794327
14050.0 517589.149168263
14060.0 514948.67459041177
14070.0 516886.83674396167
14080.0 506858.5216633544
14090.0 516399.3293215632
14100.0 510028.7129485117
14110.0 515323.4235451491
14120.0 508994.5451384757
14130.0 505779.25349534425
14140.0 508554.86154398264
14150.0 514867.155732096
14160.0 508602.78130674857
14170.0 506877.13772344677
14180.0 504661.25919341866
14190.0 505740.4299340902
14200.0 509865.7534237638
14210.0 509598.74840450037
14220.0 505066.3474211331
14230.0 505359.2706612425
14240.0 497643.828136438
14250.0 484963.9391896363
14260.0 474734.60764880915
14270.0 471799.4027329853
14280.0 499285.04332699114
14290.0 493123.60620089405
14300.0 506461.6628831177
14310.0 498627.43125974084
14320.0 503891.385986346
14330.0 504793.51627869764
14340.0 492447.47063383926
14350.0 493829.9670903464
14360.0 500273.37492527347
14370.0 499270.7951029233
14380.0 503472.2406285356
14390.0 495491.8446725515
14400.0 484788.67369533505
14410.0 496206.65139937814
14420.0 495967.6550155884
14430.0 500671.2432166617
14440.0 494352.5907920059
14450.0 493158.92343071994
14460.0 497074.85549970885
14470.0 493682.1125977025
14480.0 497446.7574412593
14490.0 497489.06675250124
14500.0 492328.7490515756
14510.0 480209.4872989773
14520.0 493182.14180607186
14530.0 494687.13671227265
14540.0 494018.84799358697
14550.0 490167.75391846686
14560.0 481421.13707610744
14570.0 487283.45443667745
14580.0 494553.3486945533
14590.0 491714.26434432523
14600.0 478961.2719213617
14610.0 456644.48230922566
14620.0 482793.49749173486
14630.0 476926.35390492197
14640.0 482935.9782770538
14650.0 475082.1363441917
14660.0 482084.60708666116
14670.0 471872.0296404699
14680.0 480528.8216596557
14690.0 476165.14813458384
14700.0 474283.85549303074
14710.0 474999.41422058514
14720.0 483459.2134440888
14730.0 485029.44887498324
14740.0 475153.6894091074
14750.0 473925.751277323
14760.0 482436.8192931368
14770.0 470260.7941072632
14780.0 474431.72431993886
14790.0 482243.9764217315
14800.0 466815.3812439881
14810.0 477587.5422857778
14820.0 479885.98223621555
14830.0 470175.1414742209
14840.0 479014.60907578736
14850.0 471448.72867065604
14860.0 473157.6665383152
14870.0 460899.6165936854
14880.0 407525.5229988764
14890.0 472169.61021862115
14900.0 468897.0515998214
14910.0 473700.6937262323
14920.0 476469.4207570472
14930.0 476052.0784891695
14940.0 476708.65668949555
14950.0 475114.3523416812
14960.0 474946.2367969263
14970.0 477395.8668573272
14980.0 476836.21814679285
14990.0 475171.42867768585
15000.0 458916.61175381026
15010.0 466708.2097804338
15020.0 416525.34158486314
15030.0 425663.3925766738
15040.0 409530.8710521054
15050.0 421362.1237356723
15060.0 465050.4399420656
15070.0 470157.6825144482
15080.0 464607.68399817037
15090.0 472417.7989386205
15100.0 471338.7905193394
15110.0 471417.3576503352
15120.0 466486.55134929914
15130.0 456290.87280214304
15140.0 471107.35581527854
15150.0 458234.87868937146
15160.0 458752.2286716992
15170.0 460657.1293471563
15180.0 468124.599586888
15190.0 467629.86154172645
15200.0 470582.07573320565
15210.0 466803.5940561018
15220.0 462601.11472147994
15230.0 472556.0674329624
15240.0 463526.1365788054
15250.0 468439.2900420105
15260.0 456206.8013532836
15270.0 462847.65365568205
15280.0 448082.44462998805
15290.0 454861.13389745425
15300.0 463166.38761078607
15310.0 468710.7273336975
15320.0 460968.7326276337
15330.0 447129.48687785317
15340.0 457964.4767188579
15350.0 467152.21595706686
15360.0 468643.68320913095
15370.0 449298.7372174407
15380.0 451311.24112535076
15390.0 451054.9589090363
15400.0 449589.8825056873
15410.0 449388.2361005571
15420.0 448680.57797186397
15430.0 440508.2773544957
15440.0 464092.3518846821
15450.0 466446.8729029797
15460.0 456478.31628582824
15470.0 458816.15544719313
15480.0 463246.11216103524
15490.0 464008.4537581997
15500.0 456651.994270179
15510.0 447641.4389327986
15520.0 464740.5322805119
15530.0 459342.4648947553
15540.0 428646.97224388097
15550.0 460946.1978260341
15560.0 444780.3773857811
15570.0 438245.4173787097
15580.0 457374.05212406616
15590.0 453762.4042365708
15600.0 455162.57299273147
15610.0 458328.2901423529
15620.0 446108.4230782752
15630.0 442067.4645966494
15640.0 459186.45556078485
15650.0 442243.32985281263
15660.0 453674.8174604778
15670.0 459178.18927587767
15680.0 454305.0182724147
15690.0 453741.781917126
15700.0 450269.2515273279
15710.0 454257.757892531
15720.0 424362.4229769821
15730.0 439457.0903384922
15740.0 431809.0413205872
15750.0 419162.896407282
15760.0 419597.80846950656
15770.0 406244.6538720378
15780.0 434983.8566734377
15790.0 454124.9566981497
15800.0 453968.5833132425
15810.0 454634.4520841924
15820.0 437977.94166525156
15830.0 447507.0939149672
15840.0 446148.4280691873
15850.0 454433.94054952107
15860.0 450820.1573113318
15870.0 446893.3101892963
15880.0 442842.3745031122
15890.0 410138.8851851197
15900.0 442858.7018088329
15910.0 434914.6384052324
15920.0 451088.1759381825
15930.0 450646.6467283332
15940.0 452062.39950339147
15950.0 451920.10597521707
15960.0 446051.0822208036
15970.0 446798.3294750866
15980.0 445316.8116403193
15990.0 450279.81524833076
16000.0 449845.9263593046
16010.0 445148.30355684
16020.0 449784.5588158545
16030.0 446991.69229744456
16040.0 429997.56373737525
16050.0 443511.59749159496
16060.0 430633.7828627876
16070.0 432093.68724556465
16080.0 443992.22923913173
16090.0 447058.79623490234
16100.0 440812.06950711313
16110.0 448048.26094899274
16120.0 439078.799945951
16130.0 438213.32982956327
16140.0 414250.9740479528
16150.0 383693.1247861005
16160.0 384729.61227891885
16170.0 439031.5166926535
16180.0 439009.8726882782
16190.0 406375.8215972814
16200.0 362004.346530365
16210.0 418663.6000900212
16220.0 427115.5880516941
16230.0 425532.9372473089
16240.0 434372.2787154058
16250.0 424518.50762727024
16260.0 431639.12153125356
16270.0 437922.64541233657
16280.0 440940.66796556494
16290.0 441607.50756900857
16300.0 434763.86630012456
16310.0 430058.284048079
16320.0 436724.9057331312
16330.0 438098.3970586041
16340.0 435508.6300512301
16350.0 418851.3552110681
16360.0 427854.07488318655
16370.0 429494.24128173804
16380.0 428512.2790233668
16390.0 430332.6585338943
16400.0 424935.69565215847
16410.0 428472.268229709
16420.0 436461.38399239565
16430.0 434084.97168120526
16440.0 412842.701576309
16450.0 416173.3542349275
16460.0 429505.8341622502
16470.0 422360.65131781873
16480.0 429599.55838940083
16490.0 418800.3809813491
16500.0 430127.1169658019
16510.0 430000.50079922355
16520.0 423630.00681280514
16530.0 416195.90347611473
16540.0 420043.6237732492
16550.0 427555.3970870777
16560.0 425909.6805863097
16570.0 426742.3647224067
16580.0 417258.9530201592
16590.0 424910.32296873885
16600.0 425336.1639079269
16610.0 412727.3631402382
16620.0 420643.2269592065
16630.0 416914.3892778255
16640.0 416177.7973635147
16650.0 409095.9792709092
16660.0 407172.71792947815
16670.0 416618.0410432287
16680.0 416876.49731546314
16690.0 415326.7130601424
16700.0 407347.02539143467
16710.0 392747.09524050885
16720.0 353566.4748400744
16730.0 397023.3344599922
16740.0 401503.192922796
16750.0 333490.5377042416
16760.0 377514.6131285193
16770.0 403658.98288754624
16780.0 411821.0572341235
16790.0 412567.44142601633
16800.0 410832.52119093214
16810.0 411316.92422598315
16820.0 409048.9422681928
16830.0 410011.6120190838
16840.0 405038.9162126176
16850.0 407913.1207032829
16860.0 405353.96051190404
16870.0 392840.16917120985
16880.0 394886.3603004914
16890.0 398695.0412042957
16900.0 381119.1155878119
16910.0 393164.9241595853
16920.0 402442.64430244657
16930.0 403833.9374660478
16940.0 402584.36486788915
16950.0 399264.4537043163
16960.0 399990.3774055682
16970.0 396726.2359853715
16980.0 398929.13200976694
16990.0 395892.64794083004
17000.0 391151.21083441726
17010.0 393379.69666025246
17020.0 394159.4444416788
17030.0 394834.0266510869
17040.0 394106.99273878656
17050.0 383525.28674649715
17060.0 391743.7708693862
17070.0 377232.24378736544
17080.0 386697.1065641623
17090.0 380389.93476955756
17100.0 350395.7752728305
17110.0 318359.9332293979
17120.0 368452.6585417464
17130.0 382539.0569623467
17140.0 383730.2462267329
17150.0 385363.6891102054
17160.0 381669.467493154
17170.0 377067.9329977371
17180.0 378271.729874793
17190.0 378998.90977155854
17200.0 381443.8138598367
17210.0 374040.0359984876
17220.0 378842.5643673633
17230.0 368659.91953065316
17240.0 364808.3433897531
17250.0 378774.0109661063
17260.0 374280.83374127874
17270.0 373330.66236761154
17280.0 372110.05670981715
17290.0 372991.57464583125
17300.0 373174.2164244077
17310.0 363369.8963068786
17320.0 360031.9391591228
17330.0 363969.2928645879
17340.0 361269.5462561781
17350.0 361456.48161143274
17360.0 369235.81889503315
17370.0 368718.40943696396
17380.0 359402.1070818831
17390.0 365638.4497647573
17400.0 362638.41573522903
17410.0 356234.5910017911
17420.0 354495.99900604464
17430.0 360133.751908988
17440.0 363758.3116320909
17450.0 362912.0211382287
17460.0 361546.09035412257
17470.0 358500.3885032033
17480.0 362653.2078351073
17490.0 356890.9834966386
17500.0 345690.9692703912
17510.0 358028.6008410324
17520.0 356272.84965062985
17530.0 350773.3105755577
17540.0 347389.84900728555
17550.0 348722.0431991049
17560.0 350439.3705441014
17570.0 354010.9067560658
17580.0 351071.658327535
17590.0 342571.9852733055
17600.0 346099.0550210706
17610.0 345373.0332429102
17620.0 338590.888253078
17630.0 349758.55648983456
17640.0 346106.84017829894
17650.0 347806.1694069645
17660.0 339278.2702108852
17670.0 343349.9064001589
17680.0 335367.663667967
17690.0 347243.1321074507
17700.0 342709.4569761537
17710.0 337513.9516631707
17720.0 335811.23024483136
17730.0 341668.96049657953
17740.0 340829.3756350889
17750.0 339213.605847303
17760.0 333757.8798863093
17770.0 326764.9176510874
17780.0 333630.79043622763
17790.0 334419.284688776
17800.0 340530.01754255383
17810.0 327381.5344275342
17820.0 325420.51824964676
17830.0 326941.29824546765
17840.0 334760.39822323614
17850.0 318150.2903274178
17860.0 326364.5548412945
17870.0 326949.10329563543
17880.0 328112.5511147835
17890.0 333715.24440250045
17900.0 323901.79803532053
17910.0 323874.7779652312
17920.0 328888.1561317021
17930.0 324300.04996671254
17940.0 322653.8624130146
17950.0 328636.3526560911
17960.0 318724.0095201192
17970.0 327576.0328236388
17980.0 327655.9727055716
17990.0 316445.38493253116
18000.0 319669.73761619953
18010.0 312163.7371445559
18020.0 312129.85759559285
18030.0 308797.02954776824
18040.0 310474.65224305267
18050.0 308105.12065898196
18060.0 320348.21305609157
18070.0 315708.91543576086
18080.0 314467.2250391883
18090.0 321390.74484190694
18100.0 313158.53268278163
18110.0 308725.95227506576
18120.0 306327.5104015032
18130.0 313052.3027017876
18140.0 315359.99062193406
18150.0 311542.1101139329
18160.0 317346.7071195554
18170.0 307558.24415170477
18180.0 305781.9907306221
18190.0 307837.6110121332
18200.0 306827.5078933603
18210.0 303947.4042265678
18220.0 302033.31238578836
18230.0 315368.63507125725
18240.0 312027.2779681436
18250.0 307020.1740574562
18260.0 298604.6300344768
18270.0 296118.1765706299
18280.0 297729.4833698313
18290.0 303708.14619371167
18300.0 302038.6558347207
18310.0 304917.0811572949
18320.0 296935.47101215454
18330.0 306454.53845157946
18340.0 303795.941985511
18350.0 298649.4378767744
18360.0 300805.2825493897
18370.0 296365.87646553805
18380.0 303531.6714731221
18390.0 294036.26611348696
18400.0 294025.77004452946
18410.0 297431.9258510956
18420.0 289663.312596278
18430.0 290148.01127682114
18440.0 290918.19674226677
18450.0 294560.76362426305
18460.0 275447.50874064385
18470.0 264712.74978707684
18480.0 283856.76700109645
18490.0 293146.48904387344
18500.0 291741.64727570594
18510.0 290350.2601054317
18520.0 288230.2759487525
18530.0 284904.2001602091
18540.0 291236.12177475146
18550.0 289722.0791771957
18560.0 275259.7891650471
18570.0 282412.9829970518
18580.0 275070.0057512719
18590.0 280303.58262750704
18600.0 280043.66322690406
18610.0 280309.4725502563
18620.0 286090.3476095006
18630.0 284278.8196836108
18640.0 285769.1093474487
18650.0 280163.23249337607
18660.0 281486.24594523717
18670.0 283396.42715824605
18680.0 283411.0341956629
18690.0 287122.7610504824
18700.0 282623.2187211155
18710.0 274927.9394014518
18720.0 277833.61118574237
18730.0 269305.9620934318
18740.0 282477.7796071283
18750.0 282759.02039600624
18760.0 277867.311774815
18770.0 272126.04566444684
18780.0 274413.4836677004
18790.0 277366.3456623892
18800.0 281270.93064410915
18810.0 278954.0470484327
18820.0 281038.2832356628
18830.0 282237.4312216013
18840.0 272773.9440404374
18850.0 266080.55564935145
18860.0 257335.21843393467
18870.0 279517.01411152835
18880.0 270808.2132746702
18890.0 274114.52339637605
18900.0 267041.50835305185
18910.0 268885.35513423494
18920.0 261443.01926054136
18930.0 267678.36409243016
18940.0 271046.4904112624
18950.0 276390.03054466425
18960.0 271336.9780887218
18970.0 266140.24491402373
18980.0 266935.51729683974
18990.0 260894.8434568899
19000.0 274974.9861773633
19010.0 269312.2560380296
19020.0 270762.02280432644
19030.0 269554.669169159
19040.0 265608.36707747926
19050.0 256110.40531772774
19060.0 265518.19672502956
19070.0 268519.18000787986
19080.0 266810.99122982175
19090.0 265949.18877638236
19100.0 264546.86448838335
19110.0 252710.7315480683
19120.0 266535.05175476917
19130.0 269180.89461848343
19140.0 267793.89419658243
19150.0 265216.0023311606
19160.0 262135.26785600095
19170.0 265234.1128943665
19180.0 264730.16147562553
19190.0 262982.17498127697
19200.0 262145.839525886
19210.0 264239.80901048647
19220.0 260163.8174069205
19230.0 263257.4755379103
19240.0 260507.9987337658
19250.0 260109.96254918154
19260.0 256662.5298205536
19270.0 262403.740614137
19280.0 256751.9794313614
19290.0 251176.14791040498
19300.0 231629.06318844366
19310.0 179454.59442699555
19320.0 237761.12766804785
19330.0 247773.3795607279
19340.0 252131.97501108074
19350.0 255888.25381872797
19360.0 258020.01620477543
19370.0 257603.06205711677
19380.0 252673.63125132362
19390.0 250758.52391886787
19400.0 252123.4800654356
19410.0 252897.58009732654
19420.0 250902.75981318142
19430.0 240165.64491595363
19440.0 227403.57170649976
19450.0 170904.77849921514
19460.0 203725.74967212044
19470.0 234794.2549358611
19480.0 238618.08896438466
19490.0 240777.48357596874
19500.0 211160.78153778374
19510.0 193768.7152692818
19520.0 240763.16791737248
19530.0 246761.05747637674
19540.0 247221.87989614977
19550.0 245223.88357253704
19560.0 246353.38200239715
19570.0 253027.68373858163
19580.0 250144.228779988
19590.0 248072.19711161882
19600.0 245879.52857114098
19610.0 245284.33334719998
19620.0 245530.9726738566
19630.0 238648.47561535556
19640.0 244674.50100966165
19650.0 247129.77001411855
19660.0 248803.192199393
19670.0 244274.81769307022
19680.0 245498.39629265713
19690.0 245083.5381368131
19700.0 246567.32095241974
19710.0 239056.01278705697
19720.0 241678.99208304382
19730.0 234355.53747862106
19740.0 237273.83047807033
19750.0 223317.05265566954
19760.0 214390.03793021833
19770.0 182891.26060458008
19780.0 157149.9359165031
19790.0 206548.14751012978
19800.0 220721.35831127779
19810.0 225993.4233339822
19820.0 227888.03744550992
19830.0 232673.99070189477
19840.0 228974.9669559005
19850.0 196015.95787439944
19860.0 171820.8107666304
19870.0 213552.68199848832
19880.0 229846.5127701379
19890.0 229510.31825794512
19900.0 228660.88111384856
19910.0 228376.1529232371
19920.0 208619.9499016849
19930.0 204465.1099398048
19940.0 219194.17296225688
19950.0 227783.23895136942
19960.0 213601.64796929393
19970.0 223235.31044813723
19980.0 234712.48944942924
19990.0 229298.7960258199
20010.0 232344.07388446404
20020.0 230299.32690490864
20030.0 231773.78289605037
20040.0 230464.3218804966
20050.0 231571.82375832566
20060.0 230266.82863053548
20070.0 231279.2763182671
20080.0 228207.9669998173
20090.0 227555.30060121356
20100.0 226049.3238442762
20110.0 229253.07918456505
20120.0 226818.0841589674
20130.0 224437.25202011096
20140.0 230291.20272067806
20150.0 227584.4562887689
20160.0 224788.49268637827
20170.0 223495.23190583012
20180.0 225341.77398787966
20190.0 220052.7388219546
20200.0 222269.12236461765
20210.0 225127.8943692106
20220.0 224068.10503198745
20230.0 225834.35848261317
20240.0 223108.37479043278
20250.0 222573.69385116972
20260.0 220399.9556858883
20270.0 220352.46035877554
20280.0 223071.80779215723
20290.0 216145.55801338007
20300.0 219698.44836466704
20310.0 221691.46663552904
20320.0 224147.48514047862
20330.0 222746.5724320325
20340.0 220634.5303257311
20350.0 215793.98702483697
20360.0 220850.39647554202
20370.0 222214.48865660382
20380.0 219221.87348490194
20390.0 216091.25104094186
20400.0 219866.41135164237
20410.0 217518.4660094311
20420.0 221707.27797112308
20430.0 217248.964367401
20440.0 214256.25342114345
20450.0 215884.7950982908
20460.0 217188.69946845266
20470.0 215921.9865141221
20480.0 215011.5061579535
20490.0 211803.50843613254
20500.0 217759.00340795983
20510.0 216838.107010071
20520.0 214778.24335264263
20530.0 214554.68831180155
20540.0 208626.41583769288
20550.0 211294.94604371669
20560.0 214186.0087293347
20570.0 213088.7139641491
20580.0 214673.47176691462
20590.0 213136.94216801866
20600.0 211410.92505839842
20610.0 213029.54675762053
20620.0 210238.6977471091
20630.0 196940.44753005687
20640.0 204257.6798152278
20650.0 208484.1746587055
20660.0 211543.75201140618
20670.0 208924.31192116093
20680.0 211730.8143176144
20690.0 207967.20928071867
20700.0 212898.2151036171
20710.0 207918.8787876165
20720.0 208609.6198797285
20730.0 206203.68561768942
20740.0 208188.93392992628
20750.0 209070.94461165214
20760.0 206036.45783616326
20770.0 208173.41350370162
20780.0 208236.83299987143
20790.0 207716.15229695235
20800.0 206963.21536472134
20810.0 204325.20094569837
20820.0 206427.37996201598
20830.0 205164.33903844506
20840.0 204537.19154945988
20850.0 202796.84648480333
20860.0 204066.06388362672
20870.0 203283.9636030068
20880.0 203848.8657943125
20890.0 201011.91032735523
20900.0 205840.69727693184
20910.0 204508.76661262324
20920.0 205641.84515239036
20930.0 201881.33730479347
20940.0 200140.6786423957
20950.0 201932.84238688953
20960.0 193664.7884595797
20970.0 195343.01696627476
20980.0 202637.74772891836
20990.0 199166.40090297264
21000.0 202137.93637812126
21010.0 200648.05425436102
21020.0 200057.354364056
21030.0 200944.89884409396
21040.0 201425.79719452336
21050.0 198840.09981731503
21060.0 200825.6447857143
21070.0 198325.03361055686
21080.0 195692.3815977272
21090.0 186774.413483099
21100.0 197166.3976148906
21110.0 196271.66406204147
21120.0 196772.2828677264
21130.0 198650.5633846385
21140.0 198819.59713246662
21150.0 195779.99265534413
21160.0 181413.66051481845
21170.0 187790.8677772884
21180.0 196783.4129156316
21190.0 195896.51748532764
21200.0 195641.80430713654
21210.0 195951.4533515227
21220.0 196113.06461460236
21230.0 195416.11818011108
21240.0 196705.80106615904
21250.0 194915.67180928198
21260.0 192578.9119883153
21270.0 193106.8743769311
21280.0 193347.66893274884
21290.0 194311.6157239403
21300.0 194332.24467714733
21310.0 195003.68583032236
21320.0 193258.48913969114
21330.0 194647.81462965067
21340.0 192557.76232866567
21350.0 192740.3421419721
21360.0 192203.1341700499
21370.0 191424.59829765174
21380.0 191407.07460582268
21390.0 192529.65308764097
21400.0 190454.3436811137
21410.0 192006.9163689372
21420.0 189771.94123482733
21430.0 192393.00826459518
21440.0 192223.1660304744
21450.0 189169.2348038623
21460.0 191541.36194490423
21470.0 191065.21739187217
21480.0 189590.93493959843
21490.0 189335.03458868738
21500.0 188784.25637011376
21510.0 189762.9201898034
21520.0 187840.04608184184
21530.0 188550.74518944803
21540.0 188371.72415535542
21550.0 188675.79631424998
21560.0 187642.86469901536
21570.0 187684.415930369
21580.0 188472.96341078813
21590.0 186967.01287728778
21600.0 187043.12437879984
21610.0 188446.93787021647
21620.0 187364.93337990646
21630.0 186501.9908266544
21640.0 187472.57029363926
21650.0 186324.53177692177
21660.0 186132.35521986106
21670.0 186424.50106052644
21680.0 186322.0437909586
21690.0 186514.98893783177
21700.0 184503.17611201527
21710.0 185360.86523741655
21720.0 184664.21637333836
21730.0 184096.88949147324
21740.0 184875.42459114076
21750.0 183508.38164398613
21760.0 183591.64064871782
21770.0 183539.8016330546
21780.0 172285.55952400432
21790.0 181875.78477284886
21800.0 182651.01018946135
21810.0 182326.07101762164
21820.0 181516.7070356109
21830.0 181861.55499778822
21840.0 181892.86489508656
21850.0 182309.46676231088
21860.0 181529.09052602662
21870.0 180651.09621390596
21880.0 180491.8338401763
21890.0 179867.62353880913
21900.0 172703.96924915875
21910.0 180892.03702865107
21920.0 180669.81670267752
21930.0 180382.80822743263
21940.0 179980.09165126018
21950.0 180095.5069386728
21960.0 179890.03412902352
21970.0 179124.27319843962
21980.0 179079.32411664526
21990.0 178404.5768623798
22000.0 175352.1991514048
22010.0 177610.73456853972
22020.0 177828.60944392116
22030.0 177519.95621963334
22040.0 177361.18482352232
22050.0 167552.23526844615
22060.0 157145.9435531889
22070.0 173309.61165378973
22080.0 162273.15162385447
22090.0 172278.70538791126
22100.0 176142.72499430753
22110.0 175535.52535933346
22120.0 176229.97485779834
22130.0 175965.97510844146
22140.0 176033.35717692942
22150.0 175553.6310529739
22160.0 175593.2567069156
22170.0 175097.03997411343
22180.0 175324.32342521587
22190.0 174691.55449922412
22200.0 174232.46731119562
22210.0 167836.52187593182
22220.0 174272.40690152586
22230.0 168395.03374591298
22240.0 174130.0441596747
22250.0 173787.50972137364
22260.0 170644.67709899176
22270.0 164900.6062545194
22280.0 167094.31710417237
22290.0 171363.88973880396
22300.0 169479.26405212973
22310.0 168135.4802296891
22320.0 171531.65810076302
22330.0 170836.32627690863
22340.0 170812.3853219437
22350.0 171221.08886988883
22360.0 171106.10703111405
22370.0 171031.32685359693
22380.0 168512.44843465998
22390.0 168278.07171756274
22400.0 170133.57669849647
22410.0 170057.72334003984
22420.0 169521.5917479071
22430.0 169713.8617996173
22440.0 166842.4525407586
22450.0 169375.48560446204
22460.0 168800.45934017331
22470.0 168001.87462052156
22480.0 168342.5914661456
22490.0 168038.9498802137
22500.0 168164.44985567982
22510.0 168152.69144085335
22520.0 167710.5545191216
22530.0 167728.29918583174
22540.0 164614.81452924683
22550.0 166915.99448649975
22560.0 167355.44513006532
22570.0 166113.30875923423
22580.0 166521.92401164523
22590.0 165909.29091888425
22600.0 164892.559464834
22610.0 160775.4496159968
22620.0 157584.08139683242
22630.0 160078.05478998763
22640.0 163108.50979929412
22650.0 156254.12644022997
22660.0 162440.38870278173
22670.0 164141.84876433093
22680.0 163716.27777344928
22690.0 163715.81878490467
22700.0 163025.53667719546
22710.0 163209.27944953722
22720.0 163387.20319525118
22730.0 163107.14853583268
22740.0 162349.85548034837
22750.0 162902.4139649701
22760.0 162354.98421424718
22770.0 162096.50543943344
22780.0 161565.77975514828
22790.0 161595.70594762362
22800.0 159622.31015043613
22810.0 158850.9810475256
22820.0 154440.91014204576
22830.0 159401.25476001992
22840.0 160091.72129784702
22850.0 160668.45546078827
22860.0 160589.1911502983
22870.0 160426.5783999193
22880.0 160163.90718127275
22890.0 159747.01737315996
22900.0 159907.6738794944
22910.0 158928.04163824132
22920.0 158875.03101069716
22930.0 137166.08384848022
22940.0 140426.1961839633
22950.0 148218.91008464768
22960.0 143233.88746537975
22970.0 147856.66631935048
22980.0 149118.22068384537
22990.0 149915.90053234686
23000.0 152637.95989711402
23010.0 150338.78113793864
23020.0 151530.15465983393
23030.0 151702.9520886795
23040.0 151372.8449854855
23050.0 151034.27536509116
23060.0 151569.39320038448
23070.0 151177.17856616285
23080.0 151825.16136313634
23090.0 150995.21367565633
23100.0 153306.10541820418
23110.0 150491.0646499474
23120.0 150043.2062405935
23130.0 150368.0646986115
23140.0 149186.90149686008
23150.0 153240.75579792066
23160.0 149365.9754857325
23170.0 149579.776618217
23180.0 151170.40120001524
23190.0 150956.94321880423
23200.0 147926.69062949318
23210.0 149430.29948044007
23220.0 132728.70980190483
23230.0 130152.9074992739
23240.0 138857.605912236
23250.0 138283.58061074736
23260.0 140973.67002189037
23270.0 141196.9838112237
23280.0 142234.22712424342
23290.0 145113.1527883718
23300.0 138242.19188511427
23310.0 142727.27032004352
23320.0 145398.2021934761
23330.0 143949.67741883415
23340.0 143635.9981063007
23350.0 134311.4620515267
23360.0 142645.5608969277
23370.0 141358.8390580372
23380.0 130935.41460338722
23390.0 144812.74550251281
23400.0 141675.11777426457
23410.0 141734.31743417314
23420.0 144109.43647743328
23430.0 142314.8388559642
23440.0 140991.3606193819
23450.0 141704.11772883078
23460.0 142495.02422382988
23470.0 144947.51253007803
23480.0 142640.9552213125
23490.0 141086.35178633875
23500.0 144052.09764791542
23510.0 139987.74486912994
23520.0 121182.66743717752
23530.0 126875.0593688162
23540.0 131359.93656927283
23550.0 131603.57114804495
23560.0 134076.21105106748
23570.0 137269.40427642415
23580.0 134966.94883057007
23590.0 135056.94598447633
23600.0 137880.01987735607
23610.0 135887.52238106923
23620.0 134652.58618312655
23630.0 138042.93728570384
23640.0 136594.4085191242
23650.0 136714.80949383517
23660.0 136977.6985149267
23670.0 134375.47282741548
23680.0 136756.54045714144
23690.0 137841.84538790365
23700.0 137807.5255732173
23710.0 137966.7750796437
23720.0 132505.7958973978
23730.0 137252.89593887853
23740.0 137869.03327627477
23750.0 135285.35990374582
23760.0 135145.32180389127
23770.0 137759.6549573989
23780.0 134969.62337138184
23790.0 135327.05308379905
23800.0 134075.11404642608
23810.0 135699.51427073774
23820.0 126033.69174324251
23830.0 116963.70042363655
23840.0 126126.5804606873
23850.0 125793.0016938882
23860.0 125768.35415540444
23870.0 126823.88389987973
23880.0 131243.95888419266
23890.0 127511.5310787459
23900.0 128661.63251176388
23910.0 129450.90320396774
23920.0 125504.74709540501
23930.0 132859.10024991608
23940.0 128564.4826055073
23950.0 129865.60337987996
23960.0 128622.89699763326
23970.0 128310.05903154988
23980.0 130040.90426008707
23990.0 131032.61472405189
24000.0 125622.96037428541
24010.0 130101.72474330345
24020.0 126028.5353111953
24030.0 130189.9266081466
24040.0 127073.45909527033
24050.0 126155.80476550611
24060.0 129442.07963440873
24070.0 127877.93500312684
24080.0 124320.34455143454
24090.0 128135.27656354799
24100.0 124634.34578264318
24110.0 128166.85622933021
24120.0 125392.31784431466
24130.0 122902.26578272232
24140.0 112850.71372090014
24150.0 121689.0959053168
24160.0 117194.87030683563
24170.0 121001.37588962534
24180.0 124206.36465426552
24190.0 117879.50085676032
24200.0 126034.12005515219
24210.0 120471.06567857607
24220.0 120692.6214573891
24230.0 120931.46338259353
24240.0 125647.93942913346
24250.0 119088.8046606343
24260.0 120452.62704570257
24270.0 121205.80456425264
24280.0 117058.63320530766
24290.0 124840.47100111438
24300.0 120923.84993113678
24310.0 118732.40872734755
24320.0 124542.29134149608
24330.0 117097.77178513719
24340.0 119668.95129214837
24350.0 123357.67384108601
24360.0 116679.40950035203
24370.0 114766.75534435593
24380.0 122943.50803379204
24390.0 121112.5828995392
24400.0 119065.99082416107
24410.0 117997.8938486271
24420.0 117799.54589588087
24430.0 120154.47639109885
24440.0 112718.14330793514
24450.0 119711.42073456172
24460.0 111555.90721738132
24470.0 109100.69482024464
24480.0 114455.69550757854
24490.0 114961.8533020037
24500.0 114816.75419842721
24510.0 113305.03216831644
24520.0 113182.3932337137
24530.0 112989.35938239896
24540.0 106395.24859818551
24550.0 116185.26430209265
24560.0 114035.27260230947
24570.0 116208.48938538379
24580.0 116537.7752621147
24590.0 111328.72618342601
24600.0 110130.58618787257
24610.0 107881.13921829853
24620.0 115281.3672971174
24630.0 115536.5204527445
24640.0 114544.04265620557
24650.0 112059.31392866594
24660.0 114255.22225345849
24670.0 108519.4515835921
24680.0 110139.75410337032
24690.0 113894.76310096934
24700.0 112775.26725680992
24710.0 112107.50450175111
24720.0 112887.01475892
24730.0 107115.32406971607
24740.0 107152.05111570121
24750.0 108550.73083282566
24760.0 113730.25323488771
24770.0 112767.16569950047
24780.0 106105.73015649535
24790.0 104931.73564197362
24800.0 105188.93063740368
24810.0 104929.62776474818
24820.0 103697.96832139454
24830.0 108409.861909819
24840.0 104678.15053375399
24850.0 96955.74610950422
24860.0 92630.05675231715
24870.0 94900.46039785632
24880.0 94059.74705257815
24890.0 93763.18072217007
24900.0 93607.0213938176
24910.0 94902.55103273095
24920.0 97281.77596446991
24930.0 96490.23914841274
24940.0 95141.4455350299
24950.0 97890.86394164864
24960.0 96687.94331364663
24970.0 95662.31468316838
24980.0 93703.11997093871
24990.0 94464.203044921
