#lam[Angstrom] flux[erg/cm2/s/A]
1010.0 3781.108800890882
1020.0 3915.167644154167
1030.0 13507.113188694193
1040.0 5324.290340871076
1050.0 4009.1836992615795
1060.0 4045.4270399164893
1070.0 4271.845303408337
1080.0 12927.87343418962
1090.0 13170.578586345235
1100.0 4222.1343656894305
1110.0 4255.979255782577
1120.0 4421.442774119594
1130.0 4300.710239095931
1140.0 4670.584703883975
1150.0 4382.986482867219
1160.0 4466.325858980362
1170.0 4474.589315286262
1180.0 4493.859646313944
1190.0 4521.210985453215
1200.0 6817.316582593485
1210.0 6067.794612098374
1220.0 38605.85210702682
1230.0 5584.333622989893
1240.0 22764.361951666404
1250.0 7928.904301316798
1260.0 11033.78855667067
1270.0 11335.874598367716
1280.0 11703.702236753928
1290.0 12631.481146036964
1300.0 13602.710336679644
1310.0 14959.236020805096
1320.0 15625.417457605858
1330.0 15889.192285867142
1340.0 17733.769630220548
1350.0 17067.273718725402
1360.0 17474.257253167783
1370.0 17733.051035386496
1380.0 18109.03774150181
1390.0 41461.61792981816
1400.0 46108.50242113657
1410.0 34086.50091210597
1420.0 19227.95327408261
1430.0 18881.28053479396
1440.0 18978.13496363588
1450.0 19104.404887417146
1460.0 19254.750203361025
1470.0 19403.992837062102
1480.0 19495.37216846198
1490.0 30597.918033731097
1500.0 19302.554401324523
1510.0 19270.76600199666
1520.0 19291.921725572465
1530.0 20158.58496111841
1540.0 19156.44655627169
1550.0 272006.0746714101
1560.0 19164.14718619878
1570.0 19081.917430805406
1580.0 19993.72341581499
1590.0 19063.8296466317
1600.0 20902.136720126764
1610.0 19026.70630250846
1620.0 19025.207545397712
1630.0 18912.624360921447
1640.0 172979.26260947058
1650.0 18754.28222187336
1660.0 24259.26067277701
1670.0 33035.094974443666
1680.0 18634.28259200636
1690.0 18578.070481507453
1700.0 18502.130158155633
1710.0 18409.071664353436
1720.0 19762.36289097151
1730.0 18501.521430567285
1740.0 18851.838243731494
1750.0 27970.133670555493
1760.0 18337.42676200296
1770.0 18331.47384920716
1780.0 18387.41679425121
1790.0 19665.224362989822
1800.0 18265.47116512409
1810.0 22527.51018309271
1820.0 22914.904727337307
1830.0 17927.466110660433
1840.0 17813.535198456942
1850.0 19232.34182210023
1860.0 18502.054887639875
1870.0 17607.34350009156
1880.0 28864.347530758136
1890.0 36124.23562754813
1900.0 17432.564261461743
1910.0 117097.91344724553
1920.0 17314.45488628571
1930.0 17394.39922059009
1940.0 17077.62895341423
1950.0 17070.872827539148
1960.0 16899.699440299682
1970.0 16803.39024895314
1980.0 16713.538793814318
1990.0 16641.562468683966
2000.0 16531.361092244842
2010.0 16387.142746699734
2020.0 15709.767360124592
2030.0 14821.474736120635
2040.0 14391.637413755978
2050.0 13740.863841659982
2060.0 13514.615184966091
2070.0 13666.770391697164
2080.0 13360.227624566
2090.0 13802.737720464149
2100.0 13504.765233262448
2110.0 13515.550359939465
2120.0 13939.602353308785
2130.0 13912.819214153415
2140.0 14638.39714935226
2150.0 13356.972112197695
2160.0 13490.05731323294
2170.0 13175.768091313108
2180.0 13684.437558093694
2190.0 13483.207591347935
2200.0 13567.243973510378
2210.0 13758.610371643465
2220.0 14418.680060169827
2230.0 14264.875715917906
2240.0 14499.288514856948
2250.0 15544.825449843169
2260.0 14849.666949865647
2270.0 15319.629209888779
2280.0 15663.768108961527
2290.0 15978.729219020404
2300.0 16660.178540949037
2310.0 17540.472100421495
2320.0 18646.62663671144
2330.0 32993.76325187787
2340.0 21235.077615850547
2350.0 18657.866302261773
2360.0 18418.658348790883
2370.0 18626.073685469924
2380.0 19283.980716645157
2390.0 20916.57908622934
2400.0 20271.662421491594
2410.0 20592.54651521489
2420.0 20923.820750187722
2430.0 44730.52278145337
2440.0 22125.930480147283
2450.0 22994.950631405154
2460.0 22840.529684043908
2470.0 22969.598705677257
2480.0 23061.857425444156
2490.0 22769.739177601758
2500.0 24181.83844967293
2510.0 26334.882620971344
2520.0 23864.037850579796
2530.0 25278.08288574331
2540.0 26147.47884269411
2550.0 28132.921049482204
2560.0 32187.365219631247
2570.0 31240.715728333806
2580.0 29442.874174801647
2590.0 30356.04790572407
2600.0 31952.608977742948
2610.0 31163.49627644366
2620.0 34712.97183860434
2630.0 34860.29148210959
2640.0 52996.79146174566
2650.0 47099.3330269241
2660.0 51610.15548657754
2670.0 49698.39225154795
2680.0 62146.193539928696
2690.0 54607.020703305956
2700.0 53503.4300779756
2710.0 48481.740398197595
2720.0 34851.2544844946
2730.0 44034.320994427384
2740.0 39331.58342438352
2750.0 44582.503933616725
2760.0 49505.25048556757
2770.0 56210.6732972016
2780.0 46478.256364189656
2790.0 131699.44740922458
2800.0 80253.65961016087
2810.0 48691.460009380186
2820.0 64410.66154820917
2830.0 73951.09964089611
2840.0 46818.82659544474
2850.0 37960.54070499557
2860.0 44877.80180936974
2870.0 60530.29786748698
2880.0 62163.519849727905
2890.0 111367.99801598955
2900.0 212971.5691161505
2910.0 158212.09548953737
2920.0 200991.2046975381
2930.0 175461.18381407525
2940.0 92976.9016125068
2950.0 121316.42421786177
2960.0 174424.56232776344
2970.0 67281.86465507804
2980.0 122435.46300367417
2990.0 126734.8242942237
3000.0 86113.890256944
3010.0 114435.52679476992
3020.0 65661.93907851545
3030.0 155002.93315180796
3040.0 115219.94324703056
3050.0 117753.31629046894
3060.0 151454.6101503634
3070.0 323266.51659938996
3080.0 220619.3239879243
3090.0 278417.2114950956
3100.0 183965.36741626752
3110.0 442553.8439314087
3120.0 436488.1021660903
3130.0 378707.0970425627
3140.0 413317.19361566217
3150.0 535992.8333931776
3160.0 333334.7015826247
3170.0 505338.07715634326
3180.0 361304.3815459751
3190.0 406238.98639547115
3200.0 416533.14335173694
3210.0 335720.284893552
3220.0 344890.84343035636
3230.0 177936.10529426005
3240.0 357402.14362296415
3250.0 416055.5350906061
3260.0 761932.9883238199
3270.0 568132.0152983489
3280.0 564852.642533145
3290.0 707200.1567074043
3300.0 833349.9418012687
3310.0 522706.2826626191
3320.0 473729.4373793138
3330.0 673425.7605683845
3340.0 482798.29890783795
3350.0 450243.1050196456
3360.0 386796.4169715756
3370.0 213979.17246317916
3380.0 382545.19712200563
3390.0 352685.24875318556
3400.0 538500.3758998998
3410.0 343296.1144104036
3420.0 340249.33825937804
3430.0 485387.3269558828
3440.0 221856.90901504247
3450.0 372058.96977486776
3460.0 361909.2051508707
3470.0 331335.2910112905
3480.0 443243.70174091734
3490.0 427968.9892873268
3500.0 622981.3211245853
3510.0 473534.1491184814
3520.0 341288.1848161479
3530.0 495688.3455409049
3540.0 804874.3579147091
3550.0 618023.0561921302
3560.0 547778.6468740469
3570.0 251117.46898299595
3580.0 229841.10107942717
3590.0 327816.7235990169
3600.0 642212.5946495921
3610.0 307593.21686517505
3620.0 384828.5612621499
3630.0 530127.8703550425
3640.0 642874.4947514263
3650.0 499417.77203180426
3660.0 984984.7152473772
3670.0 858454.0299246579
3680.0 602351.499247697
3690.0 681042.3399866897
3700.0 872738.3959726352
3710.0 514243.82388429117
3720.0 255350.6127039228
3730.0 355568.99370949017
3740.0 220544.6486836043
3750.0 263998.7076140222
3760.0 370881.92857774545
3770.0 782252.2462756771
3780.0 1098317.6845183356
3790.0 643548.2291613085
3800.0 793544.2891935054
3810.0 789188.6321959827
3820.0 256862.65237119584
3830.0 230913.07790103994
3840.0 423072.7034412438
3850.0 744512.2978555026
3860.0 308451.0508536281
3870.0 634386.2367188798
3880.0 613917.5815625687
3890.0 543729.4893836305
3900.0 513326.68554152775
3910.0 867704.0807410146
3920.0 565253.2024039923
3930.0 233675.85041272943
3940.0 411281.2953686766
3950.0 948016.2288525149
3960.0 668840.2248799662
3970.0 306550.38837563014
3980.0 1106262.769016043
3990.0 1475989.9786910194
4000.0 1389216.526412001
4010.0 1449754.9596772043
4020.0 1617758.9357022946
4030.0 1017962.4770779181
4040.0 1395427.1398042443
4050.0 1290504.5782564254
4060.0 1247653.1855613058
4070.0 1155844.0552007607
4080.0 1477066.9098998064
4090.0 2054296.2569905992
4100.0 1644176.7290194873
4110.0 1741107.50315875
4120.0 1763186.2931918157
4130.0 1382127.6859221032
4140.0 1465609.316228083
4150.0 1525474.7728233465
4160.0 1858110.4518682149
4170.0 1588865.6420233033
4180.0 1654249.6226371073
4190.0 1596370.495105736
4200.0 1183310.7378440632
4210.0 1846983.2599636153
4220.0 1495156.195069865
4230.0 1137721.5853571799
4240.0 1509684.8732821299
4250.0 1181088.9442577828
4260.0 1468222.7986704723
4270.0 1039506.5726835656
4280.0 1352016.1789218273
4290.0 1171877.9583984767
4300.0 973987.4081206267
4310.0 806091.4594435373
4320.0 1726284.133404968
4330.0 1495061.7630750583
4340.0 1792359.6475880193
4350.0 1660892.8278373484
4360.0 1918773.8141039335
4370.0 1918388.1909217339
4380.0 1315675.5931897738
4390.0 1646795.3346820008
4400.0 1599219.9355147502
4410.0 1784663.7127561318
4420.0 1887124.8502317192
4430.0 1913837.2430664683
4440.0 1935097.40257114
4450.0 2015640.113341152
4460.0 1707340.666113719
4470.0 2108223.089867331
4480.0 2203280.901025292
4490.0 2331587.9025971456
4500.0 2414040.1799764917
4510.0 2730340.5699937977
4520.0 2452156.9357547513
4530.0 1999569.329714299
4540.0 2301285.8024426517
4550.0 2426472.018690293
4560.0 2616662.5615054816
4570.0 2570759.5445386497
4580.0 2361420.1440581777
4590.0 2349189.5928745205
4600.0 2314722.63736815
4610.0 2512770.217235954
4620.0 2536322.799725954
4630.0 2572360.607235331
4640.0 2574385.740946624
4650.0 2437280.993191063
4660.0 2695420.855503253
4670.0 2543417.013612861
4680.0 2548102.803779306
4690.0 2601270.0458992315
4700.0 2555040.2762290468
4710.0 2555555.6241161595
4720.0 2744575.03563355
4730.0 2461609.3405447183
4740.0 2570817.5757951112
4750.0 2792682.288251577
4760.0 2666463.762070571
4770.0 2644057.004776688
4780.0 2833154.000902497
4790.0 2586558.2152758334
4800.0 2680209.741523003
4810.0 2483494.845981283
4820.0 2660928.098505045
4830.0 2675857.7280686884
4840.0 2486810.1346213417
4850.0 2705581.962890562
4860.0 2411703.1640426517
4870.0 2365704.3868893445
4880.0 2593475.183240303
4890.0 2340060.118197252
4900.0 2788332.2496257024
4910.0 2665557.469370532
4920.0 2365946.8772828747
4930.0 2801013.853464869
4940.0 2469579.4423702466
4950.0 2857106.80718635
4960.0 2743941.6672703363
4970.0 2743472.55807767
4980.0 2426174.888178983
4990.0 2463137.7729609045
5000.0 2502714.598246508
5010.0 2329819.981498297
5020.0 2323790.1097733993
5030.0 2723360.8997219848
5040.0 2235031.674572365
5050.0 2342941.895906701
5060.0 2665500.6085437792
5070.0 2366744.369964118
5080.0 2088664.0278032604
5090.0 2404317.988329057
5100.0 2357666.013835148
5110.0 2081825.2284079604
5120.0 2180634.5909535405
5130.0 2035242.1499233542
5140.0 2048688.3329533425
5150.0 2073722.6570124722
5160.0 2159630.474131205
5170.0 1380672.3140760143
5180.0 1843415.4327698085
5190.0 1996052.2758211363
5200.0 2376555.5686167735
5210.0 1995706.7090520125
5220.0 2479096.262400338
5230.0 2264050.341335429
5240.0 2787554.8138285168
5250.0 2654918.551868363
5260.0 2523822.314474178
5270.0 1653859.474833781
5280.0 2515519.9107092717
5290.0 2938608.560581165
5300.0 2589164.942555966
5310.0 2982190.761286361
5320.0 2693232.4122448345
5330.0 2090436.9842232924
5340.0 2673751.630502997
5350.0 2765477.476223246
5360.0 3002371.850778292
5370.0 2282349.8698430588
5380.0 2831019.622434871
5390.0 2730288.8569359817
5400.0 2305588.8275051895
5410.0 2315974.8176419307
5420.0 2740771.8402228504
5430.0 2283499.9039888415
5440.0 2857344.99815181
5450.0 2508300.803617194
5460.0 2599259.5588178155
5470.0 2890563.1985751186
5480.0 2664923.950315119
5490.0 2741174.296917432
5500.0 2744706.965387764
5510.0 2597395.3003100944
5520.0 2965943.0559310038
5530.0 2733464.72097249
5540.0 3015264.996905182
5550.0 2935193.135597973
5560.0 2897407.869772827
5570.0 2741579.7748877686
5580.0 2877509.2262703595
5590.0 2501192.577151767
5600.0 2740997.162835515
5610.0 3061401.9987171413
5620.0 2696621.915353297
5630.0 3016707.110385403
5640.0 2900682.3096904047
5650.0 2924440.9204267063
5660.0 2745541.4808159657
5670.0 2995168.421533517
5680.0 2992618.2323000417
5690.0 2992302.6057151654
5700.0 2881157.842203963
5710.0 2711623.9614446084
5720.0 3042257.4595756647
5730.0 3046205.1022011326
5740.0 3016056.060154365
5750.0 2855644.1722514424
5760.0 2971661.1680343426
5770.0 3077773.2799503566
5780.0 2890612.181686432
5790.0 2882763.833144419
5800.0 3034521.741546158
5810.0 2991875.96205352
5820.0 3083269.2588565913
5830.0 3068339.6513442774
5840.0 3062373.041171457
5850.0 2973874.7086873855
5860.0 2876243.259489626
5870.0 3002344.610398288
5880.0 2990036.729687347
5890.0 2755652.328912144
5900.0 2836531.326069423
5910.0 3021549.1743748426
5920.0 2926424.9068385456
5930.0 2962028.664871666
5940.0 2963100.6735173054
5950.0 2978094.4899550215
5960.0 3005409.0822250927
5970.0 3069066.154838071
5980.0 2855139.6677587964
5990.0 3003873.8895133613
6000.0 2951443.1490488285
6010.0 2887957.738412691
6020.0 2840840.8817416285
6030.0 2979713.17169981
6040.0 3050395.8288033144
6050.0 3040527.06508146
6060.0 2924195.692199373
6070.0 3012353.9911146685
6080.0 2956668.532398365
6090.0 2870332.2125794184
6100.0 2834210.566975754
6110.0 2939638.2592302887
6120.0 2815445.9255512585
6130.0 2880888.605323897
6140.0 2692472.0991122685
6150.0 2890468.8286046614
6160.0 2625646.6475359225
6170.0 2758209.162981544
6180.0 2941883.7497559697
6190.0 2790769.11983002
6200.0 2926023.282290439
6210.0 2860176.8634529165
6220.0 2749185.0538134687
6230.0 2794678.1208285512
6240.0 2759906.8300301833
6250.0 2675085.0219043014
6260.0 2744134.9422570732
6270.0 2767026.553058506
6280.0 2744148.702117668
6290.0 2812832.5710990545
6300.0 2754341.943061746
6310.0 2839653.3667417634
6320.0 2744368.3417752543
6330.0 2900937.928060148
6340.0 2752575.1427614084
6350.0 2910309.7262184797
6360.0 2699387.097650485
6370.0 2883700.6102745864
6380.0 2866766.1703691464
6390.0 2811929.7224809886
6400.0 2770946.09850847
6410.0 2794770.284050066
6420.0 2776188.5099871117
6430.0 2837786.7742695124
6440.0 2762344.422896403
6450.0 2833596.973935303
6460.0 2711721.72324009
6470.0 2836388.4355624747
6480.0 2792203.4529771707
6490.0 2720552.9620765746
6500.0 2614493.5984890363
6510.0 2858489.234957532
6520.0 2856973.0726450677
6530.0 2835587.547727855
6540.0 2849146.851540679
6550.0 2747225.156581791
6560.0 2748950.5710831154
6570.0 2768213.6283410224
6580.0 2839004.4746391927
6590.0 2766680.399160594
6600.0 2835192.744599894
6610.0 2764307.0701293913
6620.0 2850356.0021425537
6630.0 2725676.2440169477
6640.0 2794200.851062822
6650.0 2836606.260406397
6660.0 2802996.019338746
6670.0 2809329.062817679
6680.0 2800788.1229000376
6690.0 2843903.7674473254
6700.0 2750270.782078154
6710.0 2661211.145078844
6720.0 2749055.2420519143
6730.0 2794242.429568237
6740.0 2789271.698413542
6750.0 2746465.641432464
6760.0 2844760.176776788
6770.0 2713713.8977323915
6780.0 2779887.8667032914
6790.0 2754329.2161609535
6800.0 2751456.194330822
6810.0 2723465.593344911
6820.0 2789520.802849494
6830.0 2778480.7521110387
6840.0 2685672.7288249377
6850.0 2766358.3806308582
6860.0 2693240.7013984704
6870.0 2764844.4982207557
6880.0 2735855.728409441
6890.0 2766442.4852586966
6900.0 2792065.228599517
6910.0 2711357.6360858483
6920.0 2726249.7804909786
6930.0 2670830.737320274
6940.0 2704829.0075534517
6950.0 2648095.079493406
6960.0 2699850.5749631585
6970.0 2660812.0819935924
6980.0 2560466.3881774833
6990.0 2671429.5202866513
7000.0 2622789.550050363
7010.0 2626107.1154398164
7020.0 2555294.2867125883
7030.0 2609104.1803418975
7040.0 2659809.325978402
7050.0 2665613.4437202737
7060.0 2673380.1612905334
7070.0 2613839.964871778
7080.0 2646333.9706033594
7090.0 2603321.820386188
7100.0 2633744.6917877668
7110.0 2535755.8530893927
7120.0 2605662.8723498937
7130.0 2528281.8671340016
7140.0 2593636.6620383523
7150.0 2494299.725624556
7160.0 2528335.584562545
7170.0 2614181.720415446
7180.0 2526788.0191102577
7190.0 2417809.08883216
7200.0 2582994.522373059
7210.0 2490837.485391756
7220.0 2561254.34308985
7230.0 2634681.961579626
7240.0 2571991.554810754
7250.0 2558554.7214180087
7260.0 2540257.950703209
7270.0 2580959.292807658
7280.0 2501519.4096187158
7290.0 2463972.6507820436
7300.0 2521608.458738602
7310.0 2503100.4698803104
7320.0 2531306.8041513725
7330.0 2460798.364754202
7340.0 2566533.49090423
7350.0 2545645.517273669
7360.0 2429126.8659418556
7370.0 2566952.6148245907
7380.0 2563143.8952925643
7390.0 2412587.7764462586
7400.0 2518663.418990435
7410.0 2442181.3380608666
7420.0 2423692.5272863433
7430.0 2552329.61629303
7440.0 2494373.768822606
7450.0 2455491.5084431195
7460.0 2492026.9153581853
7470.0 2515517.133416984
7480.0 2512971.641318675
7490.0 2479399.655819769
7500.0 2471346.859220202
7510.0 2432500.7242676797
7520.0 2523862.6931531606
7530.0 2506448.38653899
7540.0 2542541.4037547135
7550.0 2515492.656970102
7560.0 2485533.6544425506
7570.0 2496588.7481302028
7580.0 2492287.766440644
7590.0 2470606.7682880047
7600.0 2494300.9575124844
7610.0 2495779.5552322906
7620.0 2410445.386554251
7630.0 2534649.5323647466
7640.0 2527363.0077892123
7650.0 2493376.486516196
7660.0 2303058.1977726324
7670.0 2485332.663766122
7680.0 2500333.5024656444
7690.0 2463285.0110214693
7700.0 2478556.752955282
7710.0 2417568.0208779885
7720.0 2438258.495087171
7730.0 2461376.232665711
7740.0 2477812.53092626
7750.0 2369545.7567972746
7760.0 2481447.5374363353
7770.0 2486616.14522357
7780.0 2440762.5981437187
7790.0 2446249.137727228
7800.0 2436544.914551965
7810.0 2428090.0230074693
7820.0 2464004.531434224
7830.0 2392277.9990284755
7840.0 2398641.6744030924
7850.0 2409071.0200757976
7860.0 2431019.397760273
7870.0 2416283.610164998
7880.0 2370486.061798114
7890.0 2362635.6035445593
7900.0 2313100.7447261587
7910.0 2285560.7875006753
7920.0 2276501.2410175605
7930.0 2277495.325886895
7940.0 2221754.6034458126
7950.0 2238372.904258529
7960.0 2313697.9223131
7970.0 2319752.40324529
7980.0 2329536.7478105784
7990.0 2327231.2730213227
8000.0 2259272.7141454075
8010.0 2341810.6800379227
8020.0 2324117.170698307
8030.0 2264161.815631524
8040.0 2320142.6623682454
8050.0 2221551.9392810147
8060.0 2330910.9152836497
8070.0 2248613.213812655
8080.0 2232012.3539596717
8090.0 2190297.1844702517
8100.0 2222417.2994492846
8110.0 2220940.866743028
8120.0 2248456.7133728275
8130.0 2251171.7021391056
8140.0 2231294.873696543
8150.0 2233973.8974476852
8160.0 2236516.238985789
8170.0 2240581.4387797653
8180.0 2222096.410906564
8190.0 2209593.286351777
8200.0 2182784.710948883
8210.0 2139049.0920417993
8220.0 2190333.778437284
8230.0 2207371.685191381
8240.0 2230438.8412232595
8250.0 2231466.601195437
8260.0 2242522.3014622093
8270.0 2218385.5332376743
8280.0 2237960.4323189254
8290.0 2190358.547965119
8300.0 2194551.5450963704
8310.0 2117732.111265502
8320.0 2192921.600382323
8330.0 2036658.2716750794
8340.0 2168010.8042027066
8350.0 2120671.0253469455
8360.0 2150641.198751043
8370.0 2171524.8280466255
8380.0 2118019.0419514407
8390.0 2064055.94995881
8400.0 2143656.067253154
8410.0 2170631.7210581065
8420.0 2134785.8183155106
8430.0 2123592.1192617146
8440.0 2106118.045362278
8450.0 2183964.9876766116
8460.0 2170687.7076448337
8470.0 2086956.5833654476
8480.0 2168979.0738616637
8490.0 2195255.639593056
8500.0 2006833.8602474649
8510.0 2122694.9735888005
8520.0 2113956.5625483966
8530.0 2136793.66839317
8540.0 1787050.9914562057
8550.0 2109881.9535618857
8560.0 2143000.4722807147
8570.0 2145333.7445885157
8580.0 2119248.7712803558
8590.0 2152310.9372459827
8600.0 2106803.7292310474
8610.0 2096929.2132572718
8620.0 2123143.6873879386
8630.0 2128198.8151539117
8640.0 2126111.6794742723
8650.0 2115995.2328385045
8660.0 1807907.1369605288
8670.0 2038823.806845481
8680.0 2055729.4429457174
8690.0 1942177.0677337146
8700.0 2075696.825483115
8710.0 2076443.7216739724
8720.0 2099735.9723817226
8730.0 2103574.4833311923
8740.0 2048414.3349022137
8750.0 2078175.630873513
8760.0 2057949.737041836
8770.0 2058790.2427415294
8780.0 2104898.5852795746
8790.0 2048967.959286295
8800.0 2080264.949668419
8810.0 1962032.408183602
8820.0 1997648.3813587115
8830.0 2102136.178313509
8840.0 2026980.0720098957
8850.0 2091772.1366011943
8860.0 2071617.2400970182
8870.0 2047838.5628933853
8880.0 2053310.0792921786
8890.0 2083745.6606687629
8900.0 2087215.7289586305
8910.0 2072599.2385617644
8920.0 2032656.1998700928
8930.0 2023587.1932418684
8940.0 2071129.4125998558
8950.0 2014997.7579813723
8960.0 2057402.6370115348
8970.0 2036727.0834054686
8980.0 2007538.3400818151
8990.0 2028123.6541060575
9000.0 1969109.5476845375
9010.0 1938333.322450972
9020.0 1963428.5974656427
9030.0 2032521.7574996129
9040.0 2033293.7854858043
9050.0 2032515.2588215633
9060.0 2010589.4703469886
9070.0 2027697.81363207
9080.0 2005829.8250296374
9090.0 1918497.2209951275
9100.0 1970413.0730788799
9110.0 1948190.1736254003
9120.0 1960659.076938635
9130.0 2013640.5583420699
9140.0 1928873.443816397
9150.0 1907846.6879396278
9160.0 1917627.0339006262
9170.0 1824462.1267297922
9180.0 1878647.5304346937
9190.0 1876561.5352416027
9200.0 1844879.255759849
9210.0 1812778.6862311757
9220.0 1844777.8110638137
9230.0 1873753.0470009528
9240.0 1842275.524779259
9250.0 1843396.5030633223
9260.0 1756193.1943837733
9270.0 1890605.1305680277
9280.0 1865136.203739836
9290.0 1820354.8575368994
9300.0 1865310.2642005146
9310.0 1870521.6573479038
9320.0 1861106.9807245857
9330.0 1869380.2512148002
9340.0 1895763.3162551562
9350.0 1866103.7985978161
9360.0 1811994.7024812517
9370.0 1854709.4695820503
9380.0 1830385.5034380716
9390.0 1841182.7122800024
9400.0 1809331.90326411
9410.0 1728603.453008165
9420.0 1779491.6340567109
9430.0 1801047.5329949849
9440.0 1785681.8497767325
9450.0 1787022.4101273268
9460.0 1795667.6885222418
9470.0 1835944.1543261267
9480.0 1815210.7983249924
9490.0 1791489.0207093637
9500.0 1820051.918548935
9510.0 1799854.7192267529
9520.0 1839185.989183304
9530.0 1799761.7390251067
9540.0 1815323.3060274327
9550.0 1771370.692069737
9560.0 1790987.3039789626
9570.0 1770094.4805359049
9580.0 1812163.7864067596
9590.0 1820864.1036128972
9600.0 1761186.3646383332
9610.0 1802038.907652135
9620.0 1785857.243527426
9630.0 1777238.8519974144
9640.0 1759276.4112779424
9650.0 1735871.487514621
9660.0 1759518.1073051651
9670.0 1788173.5352293965
9680.0 1754263.0977309258
9690.0 1743708.7657767823
9700.0 1790221.755815047
9710.0 1765696.316584272
9720.0 1762225.9977586684
9730.0 1745065.6932287195
9740.0 1729518.4144824648
9750.0 1745928.6304619105
9760.0 1753288.2704480165
9770.0 1754369.576443252
9780.0 1736363.894179234
9790.0 1735734.0976420166
9800.0 1766568.8289681238
9810.0 1764188.2847552085
9820.0 1758569.1086987285
9830.0 1741636.0453932537
9840.0 1770532.618746343
9850.0 1755693.7546295058
9860.0 1763848.0881229918
9870.0 1763570.3759619866
9880.0 1758389.17403904
9890.0 1741306.681868274
9900.0 1727832.6895743127
9910.0 1740460.2791834236
9920.0 1751153.2033381404
9930.0 1732791.4288303372
9940.0 1727411.911325495
9950.0 1731470.6210828228
9960.0 1747652.3350333655
9970.0 1734279.5595276798
9980.0 1736806.6648725616
9990.0 1722320.5517555433
10010.0 1715178.664525158
10020.0 1744913.0200891895
10030.0 1710759.1896038696
10040.0 1727502.6348231558
10050.0 1678083.4345971267
10060.0 1684345.5156395494
10070.0 1712824.309317062
10080.0 1694786.1241836909
10090.0 1702258.4433530215
10100.0 1693661.579394637
10110.0 1694666.2411514625
10120.0 1707070.8295308808
10130.0 1718248.0789215465
10140.0 1704493.883239845
10150.0 1662706.0189632552
10160.0 1670051.0607313926
10170.0 1687337.62841194
10180.0 1679939.551083844
10190.0 1662856.1909092981
10200.0 1665005.7138115447
10210.0 1669673.581643549
10220.0 1641760.085269431
10230.0 1677301.0427960425
10240.0 1681624.263543837
10250.0 1683069.1523904344
10260.0 1678896.4938925616
10270.0 1665047.1593347318
10280.0 1677722.449057636
10290.0 1654571.0072954067
10300.0 1656062.9209096965
10310.0 1667284.0015656624
10320.0 1665716.0529644005
10330.0 1617956.1146722357
10340.0 1602133.5159063532
10350.0 1644991.688192561
10360.0 1653828.8301898255
10370.0 1612825.825390207
10380.0 1634221.6522278697
10390.0 1650868.7635360174
10400.0 1595524.5905699737
10410.0 1639999.7511665567
10420.0 1613712.102375158
10430.0 1631278.5456810007
10440.0 1637567.705457851
10450.0 1640083.464553054
10460.0 1606789.3501846602
10470.0 1593628.7473092075
10480.0 1621286.735426715
10490.0 1620833.913656431
10500.0 1598756.2706523747
10510.0 1610427.9026890278
10520.0 1618868.5210725567
10530.0 1592235.3188707917
10540.0 1617847.6146755642
10550.0 1607326.5588531888
10560.0 1614988.8938823359
10570.0 1590091.3157715504
10580.0 1553557.7473645443
10590.0 1533620.3969117221
10600.0 1574180.7452941588
10610.0 1589867.099188766
10620.0 1576095.118710862
10630.0 1562237.8766056446
10640.0 1595339.8597800073
10650.0 1587589.5345892103
10660.0 1538377.6291553658
10670.0 1568367.4841000452
10680.0 1560586.4910039965
10690.0 1512007.132655539
10700.0 1544636.6535620713
10710.0 1549319.1515438224
10720.0 1553687.9074724705
10730.0 1479266.3102465433
10740.0 1567857.0875538015
10750.0 1505521.3802219026
10760.0 1565493.182196647
10770.0 1547024.3405788331
10780.0 1518033.4500889375
10790.0 1512237.8216554525
10800.0 1533567.798011686
10810.0 1466563.6851463153
10820.0 1568508.988395581
10830.0 1467318.7345737554
10840.0 1511333.50436287
10850.0 1535800.0707525923
10860.0 1529208.515854656
10870.0 1425166.5738003906
10880.0 1482433.0192478667
10890.0 1488012.481985203
10900.0 1509953.6143992408
10910.0 1489955.6848337105
10920.0 1518682.3146023254
10930.0 1416030.6546580212
10940.0 1449047.6069251988
10950.0 1458195.022909479
10960.0 1406739.6273010592
10970.0 1362060.7500617115
10980.0 1373551.38377105
10990.0 1423085.5213732044
11000.0 1403220.0114498097
11010.0 1370410.440405671
11020.0 1368481.607746908
11030.0 1395287.000684297
11040.0 1417202.0357362581
11050.0 1422410.5759072432
11060.0 1381349.9073437103
11070.0 1418005.428064127
11080.0 1424018.2055583452
11090.0 1408719.5038163
11100.0 1414114.5730170067
11110.0 1416031.2686415862
11120.0 1409003.489431697
11130.0 1380315.5462738986
11140.0 1444448.7304137866
11150.0 1428086.5799829308
11160.0 1416771.3179782163
11170.0 1414378.8607336439
11180.0 1404374.1075472594
11190.0 1394262.1607438626
11200.0 1380637.4007580779
11210.0 1395570.1907439958
11220.0 1427389.7900983642
11230.0 1400653.6031311175
11240.0 1401031.057489269
11250.0 1328601.884834736
11260.0 1383446.5720232402
11270.0 1431948.0993212524
11280.0 1379517.4314041208
11290.0 1387166.4217648292
11300.0 1376427.991150019
11310.0 1373214.2374515752
11320.0 1419036.4614183411
11330.0 1353889.1913380355
11340.0 1409586.4179558335
11350.0 1377527.2080249765
11360.0 1410882.4593567424
11370.0 1344861.258887874
11380.0 1391944.0939188986
11390.0 1344783.0812967485
11400.0 1363728.3081089365
11410.0 1370179.20067751
11420.0 1363772.876297895
11430.0 1375753.4365523953
11440.0 1342226.5368021983
11450.0 1386006.2832130021
11460.0 1370947.6907149402
11470.0 1375614.8148435864
11480.0 1354188.7328756154
11490.0 1376875.4393944307
11500.0 1368923.1169077386
11510.0 1391198.9393195086
11520.0 1370326.9570463763
11530.0 1363884.9125690337
11540.0 1373937.3549960523
11550.0 1373675.2993821567
11560.0 1370463.2066606786
11570.0 1380779.554974631
11580.0 1371489.9483742493
11590.0 1303114.7708897335
11600.0 1367782.5747149833
11610.0 1235920.6252248846
11620.0 1372640.175325304
11630.0 1350241.801478751
11640.0 1304764.4391135273
11650.0 1364129.6874437507
11660.0 1359815.680566866
11670.0 1341835.8747120518
11680.0 1347449.9278994312
11690.0 1288802.347220749
11700.0 1355083.5710165633
11710.0 1338738.8956752713
11720.0 1342122.8921870503
11730.0 1350926.258184672
11740.0 1334845.3263938571
11750.0 1323729.4633672899
11760.0 1349718.8646885792
11770.0 1318999.3102415397
11780.0 1274955.8387293152
11790.0 1338235.658768412
11800.0 1331449.0275625512
11810.0 1308336.860049993
11820.0 1325063.7210660318
11830.0 1218947.553698255
11840.0 1307277.8669976206
11850.0 1328407.3446086068
11860.0 1315265.5343452094
11870.0 1312523.598189741
11880.0 1198565.97315771
11890.0 1290846.1202559955
11900.0 1313531.5085615322
11910.0 1318185.4432808673
11920.0 1314343.0301790955
11930.0 1324839.5440685689
11940.0 1299167.9018320802
11950.0 1289182.8892578862
11960.0 1290796.5993229172
11970.0 1180644.2498463439
11980.0 1258956.5232018873
11990.0 1249512.5209764638
12000.0 1293753.6275534986
12010.0 1287039.0456133906
12020.0 1296717.6175849307
12030.0 1222372.691783348
12040.0 1262469.4915395007
12050.0 1291060.280706643
12060.0 1282338.0330338478
12070.0 1277281.8487417374
12080.0 1167607.2578362187
12090.0 1270887.279594797
12100.0 1243438.1836377333
12110.0 1268929.4096372193
12120.0 1274884.7019398364
12130.0 1273001.983814059
12140.0 1282993.1190163644
12150.0 1274896.3943620874
12160.0 1285760.5610892505
12170.0 1261430.9652236255
12180.0 1271241.5552489187
12190.0 1254948.4058544396
12200.0 1251747.250711262
12210.0 1250900.782940084
12220.0 1266927.4439000129
12230.0 1253803.0075443836
12240.0 1257106.4926370524
12250.0 1261370.4849163897
12260.0 1253182.4420534202
12270.0 1231223.431396899
12280.0 1254186.4023124475
12290.0 1260979.5515165925
12300.0 1252756.7816209074
12310.0 1251554.5877598962
12320.0 1245240.3097889211
12330.0 1241375.0816866097
12340.0 1208378.1103521495
12350.0 1238070.486446916
12360.0 1200747.1104111813
12370.0 1231980.5383585987
12380.0 1243778.272638162
12390.0 1231018.2262272516
12400.0 1213871.8092408255
12410.0 1223163.7869437628
12420.0 1208453.8374436332
12430.0 1201481.257917013
12440.0 1234317.7763308464
12450.0 1232052.233067159
12460.0 1227680.7360637235
12470.0 1217791.176613055
12480.0 1225814.3965106665
12490.0 1224171.3152313444
12500.0 1220705.2994236103
12510.0 1194331.091073756
12520.0 1154221.2846283787
12530.0 1192671.5786185483
12540.0 1216017.2429653278
12550.0 1216530.916374411
12560.0 1188036.0906186996
12570.0 1206554.3242030279
12580.0 1197004.4035504211
12590.0 1211860.9250779296
12600.0 1207366.3151395507
12610.0 1194662.581838056
12620.0 1199732.6023726854
12630.0 1204137.6845398208
12640.0 1175690.2819841465
12650.0 1185757.8920373172
12660.0 1199500.4650650204
12670.0 1190240.1964790574
12680.0 1180636.5099570956
12690.0 1196245.400645018
12700.0 1195675.1786493834
12710.0 1181568.4775468926
12720.0 1198322.9246369037
12730.0 1189550.0107019546
12740.0 1171017.4186214043
12750.0 1194579.2794858473
12760.0 1192041.535777609
12770.0 1189080.772643538
12780.0 1186644.5159661018
12790.0 1180047.3651797376
12800.0 1178986.8792269896
12810.0 1155177.9762866402
12820.0 1088623.3250616966
12830.0 1150264.0501783981
12840.0 1170479.9351466505
12850.0 1170115.9993732304
12860.0 1178996.51228552
12870.0 1171393.3000287237
12880.0 1151122.8599251695
12890.0 1174939.054075694
12900.0 1120175.928946282
12910.0 1149481.0339688112
12920.0 1152061.0338659368
12930.0 1152189.304592228
12940.0 1155361.3966640725
12950.0 1155936.692800022
12960.0 1157066.410025908
12970.0 1141805.0153543332
12980.0 1133881.1722313417
12990.0 1153125.6922910456
13000.0 1151729.3327181288
13010.0 1143121.4435051894
13020.0 1153958.3171664642
13030.0 1131419.0453461872
13040.0 1136101.4903592893
13050.0 1145811.237001457
13060.0 1137295.9522164864
13070.0 1147946.6227772755
13080.0 1143517.0665061485
13090.0 1144942.7387416768
13100.0 1124226.6845136636
13110.0 1145257.1820090835
13120.0 1060037.4160432843
13130.0 1127294.7939510972
13140.0 1131038.1598191923
13150.0 1054170.64666573
13160.0 1134029.2762756902
13170.0 1139939.8790474078
13180.0 1108183.9407357266
13190.0 1134392.5873683162
13200.0 1115985.7545456686
13210.0 1110914.101187199
13220.0 1123023.1949838754
13230.0 1134247.5809053625
13240.0 1134237.8918430482
13250.0 1120740.5671211346
13260.0 1114783.8158708082
13270.0 1115210.7245254
13280.0 1107861.5642794897
13290.0 1071742.8480185126
13300.0 1115326.3610745536
13310.0 1113740.4650382125
13320.0 1068018.958351414
13330.0 1107535.5855235718
13340.0 1113941.7446503148
13350.0 1097705.6357895609
13360.0 1118105.0597272844
13370.0 1108071.1286628323
13380.0 1105003.130907027
13390.0 1078882.357136734
13400.0 1093109.6076995977
13410.0 1105697.101736076
13420.0 1097472.6841070044
13430.0 1103094.4892049893
13440.0 1107951.0125053397
13450.0 1097218.6852777533
13460.0 1095928.343367969
13470.0 1102218.657609424
13480.0 1101000.2558759383
13490.0 1093550.574328038
13500.0 1074323.925616289
13510.0 1103500.4715062855
13520.0 1091502.9575613346
13530.0 1099090.686009729
13540.0 1098577.8887793738
13550.0 1067757.553703775
13560.0 1075908.8623832976
13570.0 1074679.6769212054
13580.0 1091316.1501256227
13590.0 1073448.660364633
13600.0 1060313.2702461851
13610.0 1092050.8357983693
13620.0 1086079.7980236285
13630.0 1053226.1493434967
13640.0 1065250.9373554306
13650.0 1076930.5388594035
13660.0 1081789.0864223004
13670.0 1065821.604160335
13680.0 1053822.3573902773
13690.0 1072681.232947472
13700.0 1069022.3477700374
13710.0 1066493.3659605146
13720.0 1056349.2554940188
13730.0 1043764.2170735981
13740.0 1069975.3528554174
13750.0 1068806.5740588082
13760.0 1046925.2633536466
13770.0 1064482.6285384756
13780.0 1063894.518680944
13790.0 1065200.5361254741
13800.0 1069544.6291052748
13810.0 1066137.3285825604
13820.0 1042089.1466096018
13830.0 1060826.9433849556
13840.0 1066726.4230881897
13850.0 1029823.2782842618
13860.0 1036472.8698416877
13870.0 1054275.8809794243
13880.0 1057167.3739355945
13890.0 1054844.8734688654
13900.0 1030624.439909525
13910.0 1051797.6803960374
13920.0 1051985.784562253
13930.0 1052211.6792738454
13940.0 1047918.4539964248
13950.0 1032384.952689283
13960.0 1045478.0648973701
13970.0 1041083.9947859664
13980.0 1039823.5121406567
13990.0 1036971.0275121711
14000.0 1003078.1615154295
14010.0 1021046.8375583171
14020.0 1046338.9903647677
14030.0 1025734.9168541452
14040.0 1029332.3873520778
14050.0 1045389.8426319575
14060.0 1008418.6458905173
14070.0 998157.5986735378
14080.0 1009633.4592179927
14090.0 1015796.7198538844
14100.0 1000190.553347788
14110.0 1002504.2565547797
14120.0 966179.5107692735
14130.0 954211.3995588918
14140.0 997690.5828392155
14150.0 994590.8397592678
14160.0 980861.9616631907
14170.0 999287.4900490118
14180.0 963426.0187198633
14190.0 984724.1976428921
14200.0 979816.644242171
14210.0 970310.9313189188
14220.0 974135.8869763341
14230.0 985786.3134998172
14240.0 945705.9705077852
14250.0 949621.6008236671
14260.0 948508.6050352408
14270.0 951755.9158057293
14280.0 975100.7283638001
14290.0 923861.9004008474
14300.0 980614.7741563126
14310.0 948887.9926422274
14320.0 972965.2507658969
14330.0 997366.0526681254
14340.0 974599.1990369821
14350.0 970806.1576770546
14360.0 994922.7849410516
14370.0 973466.1779334962
14380.0 996890.383382308
14390.0 980720.0327399364
14400.0 900421.6284016416
14410.0 983149.1754031661
14420.0 951783.1324168649
14430.0 977439.4450557007
14440.0 932280.7132499316
14450.0 1003235.5729128486
14460.0 935430.1325762906
14470.0 990881.5061768711
14480.0 938022.3494790271
14490.0 970870.3554443205
14500.0 950510.3390079946
14510.0 924675.4306346094
14520.0 973534.1078603672
14530.0 943601.5854267665
14540.0 935240.1649277131
14550.0 932331.790962698
14560.0 953062.1347775625
14570.0 934613.5726751295
14580.0 963673.2456042555
14590.0 938608.8096156551
14600.0 907682.0781524314
14610.0 958049.0185054209
14620.0 944402.0565351204
14630.0 930789.42509385
14640.0 956559.9104606897
14650.0 871918.3381357125
14660.0 943344.3999888352
14670.0 953873.6337515541
14680.0 926713.563929137
14690.0 942250.8161781367
14700.0 920914.3647881584
14710.0 925599.8517496652
14720.0 914016.1988480367
14730.0 949752.443292957
14740.0 933499.5536965864
14750.0 891342.6462494552
14760.0 954053.7262369854
14770.0 918314.1229212772
14780.0 925395.0493623941
14790.0 957251.1145989677
14800.0 935298.8809807632
14810.0 918853.5729981179
14820.0 946278.6164713051
14830.0 909103.3322214131
14840.0 931334.2172797523
14850.0 941893.1148004835
14860.0 914435.7106252047
14870.0 898302.5067383985
14880.0 762286.7549749794
14890.0 947596.2455533729
14900.0 904992.9589498494
14910.0 906111.0126029577
14920.0 951172.5141438086
14930.0 933315.1192650365
14940.0 941382.5878699917
14950.0 931035.7608210101
14960.0 900210.6350659922
14970.0 917874.1966522328
14980.0 907320.8036290933
14990.0 940261.5194876911
15000.0 927915.4390256
15010.0 914170.2265937105
15020.0 822177.0959313355
15030.0 850794.7196025439
15040.0 818529.2181899474
15050.0 812407.3000762592
15060.0 916231.3627835306
15070.0 937447.939336049
15080.0 906167.7678212638
15090.0 928483.3521892705
15100.0 895403.9482963744
15110.0 931443.8067570666
15120.0 881853.3851381368
15130.0 922216.1179400677
15140.0 890663.2533635651
15150.0 938217.4470365323
15160.0 872680.2842801111
15170.0 928284.791559527
15180.0 899526.5072960549
15190.0 912176.4996860258
15200.0 899475.2629248451
15210.0 890333.3006759731
15220.0 865268.0184733858
15230.0 901543.8755991259
15240.0 898171.3191001456
15250.0 907855.1047843061
15260.0 890001.5586880277
15270.0 923337.9020148227
15280.0 906336.4502114848
15290.0 859249.0087575975
15300.0 903045.1616727685
15310.0 917552.2873557273
15320.0 898393.4510595207
15330.0 901101.4528345361
15340.0 878214.5954519638
15350.0 906462.8005443868
15360.0 901980.6017641233
15370.0 926522.3320410135
15380.0 882797.9535903779
15390.0 877403.3405266305
15400.0 874639.9785136256
15410.0 917532.491809072
15420.0 882803.8824317405
15430.0 901312.4595617779
15440.0 910185.6406803868
15450.0 908114.2814022518
15460.0 900512.4452112794
15470.0 904055.4016053356
15480.0 892000.7290636095
15490.0 889328.2539992186
15500.0 884157.440658026
15510.0 887928.7347636668
15520.0 905259.3544323765
15530.0 875550.7330169625
15540.0 860623.420688162
15550.0 888970.2997734062
15560.0 855379.6240601655
15570.0 876355.0986270878
15580.0 889624.0674268196
15590.0 834213.9989434198
15600.0 891218.2058323099
15610.0 893849.681245839
15620.0 857117.8239910735
15630.0 860312.9492986852
15640.0 878452.9822429405
15650.0 881968.5129375537
15660.0 855790.8329911561
15670.0 860785.9894390173
15680.0 857916.5298949543
15690.0 835767.3137196994
15700.0 866093.3811403783
15710.0 877673.9385105419
15720.0 854400.126911986
15730.0 878873.6259503928
15740.0 818392.5727087946
15750.0 801210.1449259861
15760.0 858548.0935941355
15770.0 713953.9981400832
15780.0 864789.638359324
15790.0 858312.2344386833
15800.0 861267.1602217882
15810.0 878306.4261522782
15820.0 790884.5917278765
15830.0 858766.7537560645
15840.0 855675.8036965461
15850.0 867444.6754588691
15860.0 848323.8161283712
15870.0 834808.2418114126
15880.0 798972.0333579422
15890.0 739174.5291192513
15900.0 802903.5020948285
15910.0 801249.9144240465
15920.0 855242.622461822
15930.0 856362.2882550398
15940.0 851546.3197745084
15950.0 848810.34443448
15960.0 793942.3159451326
15970.0 862618.0405106737
15980.0 814262.8701156185
15990.0 853486.1059938597
16000.0 849535.4028750549
16010.0 804029.6356822915
16020.0 851252.404945475
16030.0 862901.1409935091
16040.0 810225.2432868639
16050.0 856232.2472056018
16060.0 817487.2264341371
16070.0 837007.1685425815
16080.0 850566.0261305267
16090.0 818955.6219674103
16100.0 796674.7790014053
16110.0 819266.678458291
16120.0 826878.8783114263
16130.0 837108.5590999768
16140.0 830682.1404650394
16150.0 810587.4798511999
16160.0 782774.7442117855
16170.0 838507.2174709077
16180.0 815726.452284698
16190.0 794310.708958078
16200.0 755864.6127150856
16210.0 808419.5273783975
16220.0 829314.9409194743
16230.0 803003.6365452415
16240.0 808000.0977181726
16250.0 831924.0453515681
16260.0 834296.7771241479
16270.0 842277.1991725792
16280.0 837514.5442537339
16290.0 827310.2808589098
16300.0 826110.4704641715
16310.0 826446.1083628675
16320.0 799558.895039139
16330.0 810841.6382915223
16340.0 836509.4784351055
16350.0 820604.6704810337
16360.0 797323.9468663071
16370.0 808096.121573022
16380.0 750296.5940081677
16390.0 788302.7656287816
16400.0 738145.3375042375
16410.0 741334.1615039608
16420.0 801522.0566786818
16430.0 802780.6768252607
16440.0 765365.7763460183
16450.0 798654.5835079649
16460.0 821181.3264079797
16470.0 780995.925817058
16480.0 806506.3437672992
16490.0 758620.0576114882
16500.0 814196.2233745443
16510.0 801461.9007510862
16520.0 780396.065094506
16530.0 799633.6931238598
16540.0 768437.3031588036
16550.0 784375.9582752088
16560.0 769170.5829188171
16570.0 794935.5182383568
16580.0 784928.5715353705
16590.0 774804.8767637367
16600.0 797245.424701526
16610.0 771174.0519437913
16620.0 761703.1182494058
16630.0 754402.5030329522
16640.0 767610.3060922876
16650.0 735215.5319810014
16660.0 772760.2081524772
16670.0 748216.1110491611
16680.0 754604.8155831385
16690.0 774397.9965636617
16700.0 782265.6186985158
16710.0 757426.5199956131
16720.0 722488.3162102571
16730.0 768589.0045256097
16740.0 767967.3968471955
16750.0 706368.8814526617
16760.0 738292.075149109
16770.0 771780.570870125
16780.0 756096.4931440084
16790.0 749561.6936055592
16800.0 725012.8465952734
16810.0 705844.0767991723
16820.0 702823.9210975074
16830.0 743479.3351388628
16840.0 732151.602251118
16850.0 754281.7013865368
16860.0 719154.2053004465
16870.0 730142.1861166928
16880.0 738595.6362019781
16890.0 728658.718275253
16900.0 719935.3546080285
16910.0 743172.0590297456
16920.0 748600.8371333258
16930.0 735240.0317061974
16940.0 748856.153220756
16950.0 739929.4058514666
16960.0 735924.8057654963
16970.0 717492.7085445743
16980.0 725894.3702081604
16990.0 716874.6227892246
17000.0 700294.3645482607
17010.0 678958.1192047643
17020.0 718278.779227934
17030.0 716096.3725596095
17040.0 731459.6096878526
17050.0 722573.0530511707
17060.0 708636.4524931618
17070.0 699952.1271431852
17080.0 717290.4152594776
17090.0 706322.7931423243
17100.0 705773.3149367401
17110.0 617284.4363900238
17120.0 708687.7950145736
17130.0 706648.1482407604
17140.0 714001.6321128135
17150.0 711285.3073223687
17160.0 693630.6748049342
17170.0 709675.6577688731
17180.0 704382.6348752996
17190.0 704095.4968064361
17200.0 693049.6177650761
17210.0 696431.8563880463
17220.0 697490.4870353003
17230.0 649109.424194848
17240.0 697305.1418322396
17250.0 687914.4527834097
17260.0 695003.0736138314
17270.0 682749.7524645036
17280.0 676574.6429823095
17290.0 687209.4591481547
17300.0 666010.44180565
17310.0 680779.0836198049
17320.0 673594.0970422595
17330.0 624035.8785724059
17340.0 651726.6771133651
17350.0 664432.4476674609
17360.0 618916.6328299957
17370.0 651048.2092292405
17380.0 664752.3376916654
17390.0 654625.6344733498
17400.0 668259.0769311017
17410.0 633247.3251259592
17420.0 656724.8469883668
17430.0 662202.4788248438
17440.0 673547.3144390965
17450.0 658567.3415560926
17460.0 658715.981512238
17470.0 623770.3105448068
17480.0 666782.6879127908
17490.0 666446.9821568426
17500.0 649141.0702589301
17510.0 649010.9291606052
17520.0 658231.9708723002
17530.0 655866.0008356023
17540.0 652723.0246420137
17550.0 642383.1632834233
17560.0 649532.0536754868
17570.0 655614.1456434756
17580.0 644736.6514784393
17590.0 653705.0482840259
17600.0 640871.6731060784
17610.0 632655.8252737856
17620.0 609606.8343135809
17630.0 648522.4945806381
17640.0 612064.1159757876
17650.0 648828.2173349616
17660.0 623276.6417480088
17670.0 634271.7888848365
17680.0 608685.5190024356
17690.0 635992.5747112676
17700.0 626965.3403874934
17710.0 614478.5798145776
17720.0 602349.4166523891
17730.0 626525.5919429369
17740.0 619823.2604168155
17750.0 616365.9644793441
17760.0 610651.7096512633
17770.0 607662.8044205806
17780.0 616742.4167512043
17790.0 617989.1888155438
17800.0 620617.9014541596
17810.0 617280.7360914435
17820.0 615239.8913861833
17830.0 617173.016246374
17840.0 601726.1958645303
17850.0 602043.2197389032
17860.0 602717.9273660403
17870.0 611313.4355949602
17880.0 617342.7844852601
17890.0 616263.0170382928
17900.0 614497.0068771167
17910.0 610585.8255261935
17920.0 605824.3366765172
17930.0 586702.4357085114
17940.0 586426.2079691439
17950.0 610660.4767172721
17960.0 607476.5830919524
17970.0 598264.22603422
17980.0 595764.7366148988
17990.0 600759.6213417953
18000.0 592367.1607404037
18010.0 596165.0015880018
18020.0 588901.2141636815
18030.0 574463.1018019026
18040.0 587758.2969569443
18050.0 582574.7663701209
18060.0 589177.9028174939
18070.0 587351.4205647245
18080.0 577077.5179807872
18090.0 585003.873343947
18100.0 566879.0648907782
18110.0 575907.0302030406
18120.0 579714.555932528
18130.0 586920.0952458112
18140.0 580582.5294564869
18150.0 571859.6863229666
18160.0 554863.3309145082
18170.0 529644.8162834595
18180.0 545128.0128304018
18190.0 570361.2503574457
18200.0 577043.3215114177
18210.0 578908.4322290178
18220.0 558273.3491694415
18230.0 567255.2906785362
18240.0 574404.7247896518
18250.0 573193.908729789
18260.0 573806.6696088843
18270.0 571563.5711033795
18280.0 551711.4175301144
18290.0 565919.3561358036
18300.0 555983.077129292
18310.0 566967.25998873
18320.0 556169.0364304488
18330.0 570027.6050735239
18340.0 557025.3628850401
18350.0 555442.5975603089
18360.0 554266.6770590618
18370.0 527557.0260230827
18380.0 553981.9094756412
18390.0 549992.2475494896
18400.0 546469.7588214374
18410.0 531090.4006393626
18420.0 519336.0105750838
18430.0 542117.9689490492
18440.0 546223.0350807665
18450.0 543225.421661525
18460.0 551536.2613675403
18470.0 523743.6261283673
18480.0 548504.9195766133
18490.0 545268.7731028203
18500.0 545442.5345316149
18510.0 546140.2463491787
18520.0 525071.5348110695
18530.0 530626.2044287605
18540.0 543937.2509668148
18550.0 514192.80688110634
18560.0 532457.3239086804
18570.0 542797.6261001867
18580.0 510984.1510634914
18590.0 537733.2238346002
18600.0 537903.1937225325
18610.0 528653.0354879333
18620.0 528389.9144282149
18630.0 525290.1048984133
18640.0 527575.0211333081
18650.0 526945.8678290051
18660.0 509840.0835330757
18670.0 530681.5092678983
18680.0 518414.06418245524
18690.0 526418.8460270574
18700.0 525573.119706189
18710.0 519114.33055470354
18720.0 500273.2177796014
18730.0 520426.71412968804
18740.0 507462.93124540744
18750.0 447675.0191257473
18760.0 498678.5836196365
18770.0 496823.05648151314
18780.0 515987.8516894343
18790.0 510182.5487304764
18800.0 518260.0992539797
18810.0 518899.458068027
18820.0 505983.7582611222
18830.0 515204.9788368646
18840.0 509587.1044483145
18850.0 506897.4669443
18860.0 478269.6857852145
18870.0 506548.1026973688
18880.0 486470.162288549
18890.0 490885.0496075217
18900.0 475881.13693603897
18910.0 484641.769670082
18920.0 485721.59876672254
18930.0 481906.67676769843
18940.0 488312.4488764043
18950.0 495370.69717588247
18960.0 482080.5869933994
18970.0 481795.46324005653
18980.0 499694.4270329434
18990.0 480098.2457161872
19000.0 493351.355146175
19010.0 495213.787685205
19020.0 496722.0945464204
19030.0 482542.3723676424
19040.0 491371.1550503009
19050.0 482394.3230371297
19060.0 492905.82025314454
19070.0 495127.09569430136
19080.0 477055.3321840838
19090.0 491901.95519325626
19100.0 486994.97908322135
19110.0 470247.3533613241
19120.0 476721.1196655242
19130.0 487379.4941934579
19140.0 479110.9781033351
19150.0 483257.0578134768
19160.0 479610.08048723295
19170.0 480773.0018283729
19180.0 482063.37578028906
19190.0 463518.06670735247
19200.0 473464.82679181325
19210.0 470417.3558532368
19220.0 475515.2905083803
19230.0 479112.27428870613
19240.0 477999.6420772245
19250.0 469190.60219195136
19260.0 465255.54787856946
19270.0 465247.5961257521
19280.0 465569.7116457994
19290.0 472104.9322682435
19300.0 468232.8350125163
19310.0 441103.79573604936
19320.0 469076.22362850694
19330.0 468130.46105728886
19340.0 448449.9670143898
19350.0 467305.049698005
19360.0 469416.3961189677
19370.0 469182.12940828735
19380.0 465371.73962305946
19390.0 445621.3569280344
19400.0 457542.1914644751
19410.0 460005.7357344443
19420.0 459408.1579173708
19430.0 419755.82151467324
19440.0 432494.38957667904
19450.0 390015.264212441
19460.0 445799.2518327312
19470.0 443972.38934516086
19480.0 443703.10688790935
19490.0 436108.8604651181
19500.0 451081.189310245
19510.0 403865.4173994406
19520.0 455534.79649670376
19530.0 448223.41905988904
19540.0 443615.3211584156
19550.0 453355.66481166065
19560.0 453005.4933958248
19570.0 449836.745908817
19580.0 440547.08516849927
19590.0 439879.41494239896
19600.0 438752.0326540991
19610.0 432550.70831245644
19620.0 442499.6389576928
19630.0 423379.1213069208
19640.0 432274.893768782
19650.0 445774.20731302846
19660.0 443389.3973501923
19670.0 442286.924140631
19680.0 440775.27727138076
19690.0 439977.357025263
19700.0 440060.19905607536
19710.0 436963.3281721301
19720.0 407402.6799844392
19730.0 422716.2401661851
19740.0 429775.43127995025
19750.0 431462.09408147633
19760.0 432340.1086479966
19770.0 429863.38149293396
19780.0 380892.4016021996
19790.0 417983.0411791369
19800.0 430032.1677021865
19810.0 429027.013739721
19820.0 426221.9785808791
19830.0 430275.0475005659
19840.0 430972.3395017143
19850.0 395559.43623818556
19860.0 393699.6716070461
19870.0 421715.3907253061
19880.0 421584.4555634355
19890.0 425545.93185416254
19900.0 423015.7248986611
19910.0 420836.6459976595
19920.0 411731.12843793357
19930.0 393216.76775660407
19940.0 419844.86785076576
19950.0 414381.68400104187
19960.0 406061.1363335326
19970.0 398416.3418815707
19980.0 414426.2735727138
19990.0 416760.06911209895
20010.0 413860.83670329093
20020.0 406152.9429879611
20030.0 406169.6953368171
20040.0 409087.4537956905
20050.0 398017.6381608007
20060.0 408175.4686386
20070.0 405768.2848635006
20080.0 406970.3071998787
20090.0 402351.4754964603
20100.0 407935.9925597356
20110.0 407145.4845834733
20120.0 408354.6453581987
20130.0 404074.012026047
20140.0 398051.34448971204
20150.0 404485.78280681995
20160.0 404289.60690008977
20170.0 400246.73675340274
20180.0 403404.29244992253
20190.0 396716.2737645198
20200.0 394849.9697877742
20210.0 380531.3991317305
20220.0 396323.7230817981
20230.0 390647.5527222238
20240.0 387603.04819541174
20250.0 395949.06928779744
20260.0 388941.7560431534
20270.0 391126.8685916623
20280.0 388107.0467753975
20290.0 391212.0906494307
20300.0 370677.8655268462
20310.0 395188.43509579747
20320.0 391555.835879651
20330.0 388893.6127379159
20340.0 375768.74413612316
20350.0 383079.6416468051
20360.0 386926.42477423005
20370.0 385145.65347521286
20380.0 366658.0375799636
20390.0 388340.6272527004
20400.0 382719.5625489338
20410.0 371245.2807571584
20420.0 384580.52290691086
20430.0 385744.0881476203
20440.0 383330.1188129877
20450.0 380016.8848334521
20460.0 383119.3763510769
20470.0 377248.97333026055
20480.0 383238.1756131884
20490.0 382405.91327354946
20500.0 380506.3764323476
20510.0 378433.21762114385
20520.0 364699.1878849862
20530.0 378356.0161511597
20540.0 370762.3896566228
20550.0 375742.43863286095
20560.0 374295.98267087975
20570.0 372806.27191266266
20580.0 373408.02639641275
20590.0 364419.6561838602
20600.0 350929.081052763
20610.0 371823.0566826856
20620.0 370196.0072811775
20630.0 325234.6886090897
20640.0 368633.6950447987
20650.0 370704.70670265204
20660.0 369455.7834827127
20670.0 349648.7254823956
20680.0 361577.5025582154
20690.0 363659.9848734072
20700.0 349383.5604973422
20710.0 358500.8096205723
20720.0 358161.80925546796
20730.0 363119.3489337186
20740.0 356049.19386712706
20750.0 363261.7836372386
20760.0 352951.35859786795
20770.0 346650.9185456516
20780.0 361416.0859993279
20790.0 358418.6536653678
20800.0 351943.5487191202
20810.0 359619.9489029628
20820.0 356585.3779868847
20830.0 341638.5135071435
20840.0 344938.79792615026
20850.0 353450.28729367815
20860.0 357233.0616901427
20870.0 352573.24082340056
20880.0 350759.56500251836
20890.0 351372.1539618756
20900.0 352981.6478542004
20910.0 353077.4866172943
20920.0 334888.19986146264
20930.0 349210.5136369
20940.0 350705.901855162
20950.0 349255.79498646565
20960.0 343129.8528703877
20970.0 344572.8757226172
20980.0 347729.22318018734
20990.0 344841.575560088
21000.0 351659.8926371506
21010.0 340707.6546155799
21020.0 342550.8411531868
21030.0 349409.13230486755
21040.0 346668.80451391917
21050.0 348262.24113716464
21060.0 342788.18254846294
21070.0 337133.16058350337
21080.0 340247.55940538994
21090.0 331729.6149362227
21100.0 342840.7250528224
21110.0 338600.66989556846
21120.0 338473.209552885
21130.0 340953.98714980826
21140.0 336956.1124490148
21150.0 339483.87581814016
21160.0 321100.3639570453
21170.0 336922.8169414002
21180.0 335095.23387419793
21190.0 317918.22571054654
21200.0 330435.59214423335
21210.0 331244.54311471095
21220.0 330581.89861416887
21230.0 315709.5488136596
21240.0 327954.1129948007
21250.0 333564.2224772063
21260.0 328717.4761768625
21270.0 330583.6443868841
21280.0 329613.73702086764
21290.0 330930.5942178956
21300.0 331177.4658282252
21310.0 331690.50192934566
21320.0 326332.1224318105
21330.0 329729.6173857035
21340.0 326782.17684881744
21350.0 315117.82062777854
21360.0 328736.7289279121
21370.0 329374.01151363435
21380.0 326872.4385507077
21390.0 325101.6600246198
21400.0 325928.0858092661
21410.0 326432.53586898086
21420.0 327049.9903747481
21430.0 319880.6792976933
21440.0 321409.6960756117
21450.0 318472.39760194696
21460.0 318612.6917685796
21470.0 322724.45787343883
21480.0 321151.6682666582
21490.0 317601.30294943304
21500.0 321662.6419848836
21510.0 320944.9251809764
21520.0 316416.3326075004
21530.0 316128.9275633842
21540.0 314485.1602989766
21550.0 317080.76051786635
21560.0 316373.3967470399
21570.0 316943.2049281245
21580.0 317149.7291667244
21590.0 310862.897459484
21600.0 315616.3099063436
21610.0 310807.60641513893
21620.0 313100.20704387425
21630.0 311660.5316267588
21640.0 305672.88033340254
21650.0 291167.11315604724
21660.0 291996.48997887335
21670.0 299978.39017605095
21680.0 307587.85019104485
21690.0 306113.9936185272
21700.0 305474.12118434097
21710.0 306515.99273322936
21720.0 308313.00838619866
21730.0 308792.688085409
21740.0 302350.1518295357
21750.0 304255.0195606206
21760.0 295854.5512762079
21770.0 305150.1270326323
21780.0 281283.17623652
21790.0 301475.80506592355
21800.0 306183.66403865744
21810.0 305053.63356706547
21820.0 289463.0437284939
21830.0 303184.19785841124
21840.0 303655.4959386307
21850.0 301791.51804008306
21860.0 301295.81401278905
21870.0 296560.023913291
21880.0 284158.64777056774
21890.0 297885.479501511
21900.0 292235.1767191906
21910.0 298854.67180390336
21920.0 300675.43075594236
21930.0 298580.7234858633
21940.0 292329.4000923639
21950.0 297429.5305029438
21960.0 298117.66479799326
21970.0 296170.0929288382
21980.0 296330.4748335602
21990.0 295080.8104688196
22000.0 290953.6704518291
22010.0 293286.561215897
22020.0 293699.24615398375
22030.0 291790.62497133954
22040.0 290495.71752046706
22050.0 289327.0638277488
22060.0 264837.64389063104
22070.0 284963.1776601935
22080.0 283624.81524592947
22090.0 289926.1464937371
22100.0 288875.34150228085
22110.0 286556.51333936036
22120.0 290511.273260596
22130.0 289279.8899972131
22140.0 288960.68044459325
22150.0 287961.6245817513
22160.0 284708.26234808896
22170.0 285354.1652397825
22180.0 286714.3389250777
22190.0 287071.8177553725
22200.0 285994.32013340306
22210.0 282121.24608931935
22220.0 286239.91646462586
22230.0 281451.56900959514
22240.0 283801.0901633568
22250.0 284675.8026970479
22260.0 273212.41893768613
22270.0 277764.1388074475
22280.0 277694.06213546364
22290.0 282046.9691071228
22300.0 278108.9995054676
22310.0 278223.8537093525
22320.0 280618.4513701713
22330.0 281277.91832615196
22340.0 279184.78538190824
22350.0 278546.78202813194
22360.0 279632.19202176126
22370.0 278509.2454065566
22380.0 269027.06238112604
22390.0 270415.5428296932
22400.0 277998.14674435754
22410.0 275909.89404887956
22420.0 271088.18495903286
22430.0 275327.79922466294
22440.0 272605.59985330806
22450.0 274377.4818027628
22460.0 274398.6500795593
22470.0 266116.4815094396
22480.0 272656.13613449363
22490.0 272388.5939612475
22500.0 273462.7949752789
22510.0 269913.6392751909
22520.0 270237.2266229475
22530.0 270139.15721320594
22540.0 257110.17360247625
22550.0 268030.0000121961
22560.0 269206.77141706
22570.0 267685.82835402276
22580.0 269101.93860453874
22590.0 269040.3422330103
22600.0 268840.1992065791
22610.0 262041.98945683677
22620.0 254567.30303381223
22630.0 263328.29990199755
22640.0 266214.0400692025
22650.0 259705.43356702963
22660.0 264755.1314285693
22670.0 264540.2187546961
22680.0 265106.2251991017
22690.0 263473.21925953106
22700.0 263763.1431575562
22710.0 259111.72207377866
22720.0 263580.82420426275
22730.0 262833.7395904379
22740.0 256962.29825069383
22750.0 260234.69005473814
22760.0 259039.2182405413
22770.0 261877.185391342
22780.0 259462.66052118168
22790.0 257858.52262317683
22800.0 257189.97758104358
22810.0 235710.03991881272
22820.0 253484.46213065073
22830.0 256009.64456948024
22840.0 258442.31116468436
22850.0 256548.28497281586
22860.0 253933.3818972024
22870.0 256007.37200619892
22880.0 255933.55524190134
22890.0 255570.13466071972
22900.0 256931.78345035677
22910.0 253174.01457802972
22920.0 255226.05076093622
22930.0 200841.30993505853
22940.0 211000.59216638887
22950.0 229089.09759271934
22960.0 221349.0260402426
22970.0 227760.0174951176
22980.0 232392.75203334753
22990.0 236820.66960109325
23000.0 240631.41026380216
23010.0 238017.38998897935
23020.0 240781.32032944798
23030.0 241383.34979542095
23040.0 238998.04225799983
23050.0 238592.39774723412
23060.0 240398.89620818326
23070.0 239074.31779319092
23080.0 242183.74229970863
23090.0 238877.96989988253
23100.0 245915.1604192513
23110.0 238036.97397842366
23120.0 238176.63127765997
23130.0 240554.4503858643
23140.0 232948.7931959515
23150.0 243261.6190737826
23160.0 232495.5677822881
23170.0 237616.19943984627
23180.0 236971.1340559102
23190.0 239395.99160530992
23200.0 238110.63199590708
23210.0 236590.35532654633
23220.0 196408.40165911918
23230.0 192282.71080008784
23240.0 212168.37272429623
23250.0 209770.73795524362
23260.0 218576.21596312345
23270.0 217381.92665539036
23280.0 223140.16071601916
23290.0 228047.7974057191
23300.0 214102.96701968712
23310.0 221751.8393653025
23320.0 228893.27464731433
23330.0 222592.74268908295
23340.0 231682.85371543033
23350.0 219363.11556856474
23360.0 226795.96356640023
23370.0 221352.08250932244
23380.0 219776.69427807123
23390.0 228990.1488102011
23400.0 224781.08614430073
23410.0 222282.07631193614
23420.0 226114.76930351063
23430.0 225623.69502071515
23440.0 227757.2835648581
23450.0 220163.91485671303
23460.0 224938.338976858
23470.0 228598.20586898
23480.0 220652.56539752128
23490.0 222500.15782593092
23500.0 227492.05290077158
23510.0 220231.2507510949
23520.0 172102.85135084414
23530.0 184841.10473393687
23540.0 200983.81070704383
23550.0 198444.2594937711
23560.0 206112.28098374256
23570.0 208543.83917294125
23580.0 208524.86207446005
23590.0 209213.51510890148
23600.0 213788.2539173913
23610.0 211611.24288130554
23620.0 206365.6164955424
23630.0 215928.46876448873
23640.0 210548.89648941008
23650.0 211748.3154736076
23660.0 210682.3737412838
23670.0 214051.27464518393
23680.0 212607.28623797628
23690.0 213220.69248651929
23700.0 214971.42329608672
23710.0 215461.44480229227
23720.0 202786.48898551246
23730.0 209109.47566646404
23740.0 198820.5849929516
23750.0 208704.69695281202
23760.0 212031.69151057646
23770.0 214571.6486268167
23780.0 210694.90831609286
23790.0 212337.19065578643
23800.0 210161.07554754414
23810.0 214305.9230149223
23820.0 192066.0330300476
23830.0 160197.85650105253
23840.0 182587.18076102666
23850.0 186240.1584528881
23860.0 184789.75865211012
23870.0 191868.74147030164
23880.0 206674.926819501
23890.0 193711.08663889722
23900.0 194112.19698650847
23910.0 203661.90590428526
23920.0 187987.72127017408
23930.0 208139.99121450068
23940.0 195630.71161047168
23950.0 200986.42278996287
23960.0 202479.45791643427
23970.0 195760.47382091804
23980.0 202291.1581640974
23990.0 212729.87102906287
24000.0 188236.96831572521
24010.0 206475.5967528866
24020.0 199859.0143117466
24030.0 204646.81504230932
24040.0 200194.50220238537
24050.0 197111.31177750038
24060.0 206401.73979950527
24070.0 204623.40646327904
24080.0 196493.4929346948
24090.0 203744.13397434723
24100.0 199840.47547786662
24110.0 200394.37348722309
24120.0 205687.12140035475
24130.0 187951.1426938578
24140.0 156390.88611368515
24150.0 170856.9677941069
24160.0 173231.19195906023
24170.0 188829.33853543884
24180.0 185368.7275240269
24190.0 179539.3927143043
24200.0 196053.53280327903
24210.0 190192.54906746466
24220.0 191937.20569024782
24230.0 186063.84665305106
24240.0 193224.02590487237
24250.0 187007.48757558363
24260.0 190806.21960102243
24270.0 192296.74594026466
24280.0 184909.76657088005
24290.0 196500.47355874188
24300.0 193394.49286173456
24310.0 188008.67661527984
24320.0 198423.56320563777
24330.0 184827.43017161763
24340.0 193378.5453081447
24350.0 188066.09457149875
24360.0 190756.45210151176
24370.0 182683.82381422183
24380.0 193326.3977239852
24390.0 194075.32379932207
24400.0 185711.29003608885
24410.0 191895.16251812346
24420.0 191397.01108771897
24430.0 199711.70126447335
24440.0 178174.37050875518
24450.0 185906.83748632207
24460.0 157494.86061985724
24470.0 158246.22403963914
24480.0 181396.9736733533
24490.0 176316.22356681712
24500.0 171597.11970988446
24510.0 172796.64004419936
24520.0 178545.786614679
24530.0 183349.57139653424
24540.0 175522.68635667872
24550.0 179334.33616469314
24560.0 172432.0451272149
24570.0 170707.50692686223
24580.0 189487.23895899017
24590.0 177743.92712337134
24600.0 186011.74949886685
24610.0 185789.31396851531
24620.0 180668.23457849768
24630.0 186461.97938635366
24640.0 179552.19833320982
24650.0 180219.63946215078
24660.0 187662.40473940718
24670.0 184643.06806852648
24680.0 175418.93457687277
24690.0 178353.37100201385
24700.0 178169.12254179103
24710.0 179364.5503047815
24720.0 182515.82613401514
24730.0 177460.53011402962
24740.0 183811.2181168221
24750.0 177134.48948673956
24760.0 174649.7127769741
24770.0 185649.20523612085
24780.0 163433.58572097964
24790.0 157166.90630555028
24800.0 161773.87231411794
24810.0 167809.51390794662
24820.0 161813.21076145285
24830.0 163831.82172122525
24840.0 175694.99679473837
24850.0 170115.81781110086
24860.0 151034.19300578782
24870.0 168315.80024722475
24880.0 166362.93954867113
24890.0 174509.24092186138
24900.0 173735.46034056356
24910.0 170432.17373374183
24920.0 170124.95163185862
24930.0 178001.30892070165
24940.0 169859.60653049755
24950.0 171945.9162224794
24960.0 170706.04588507695
24970.0 174034.34758381426
24980.0 172339.8351571322
24990.0 172409.3755577277
