#lam[Angstrom] flux[erg/cm2/s/A]
1010.0 2377.9712071163462
1020.0 2462.281944026181
1030.0 8494.737376086176
1040.0 3348.491089686486
1050.0 2521.4094338244636
1060.0 2544.2031763653285
1070.0 2686.5995314295174
1080.0 8130.448610339001
1090.0 8283.08792701418
1100.0 2655.3359035348335
1110.0 2676.6212402925953
1120.0 2780.682642157797
1130.0 2704.75293286534
1140.0 2937.3701025443474
1150.0 2756.497156323289
1160.0 2808.9099926773315
1170.0 2814.1069500267636
1180.0 2826.2262236916918
1190.0 2843.42771149737
1200.0 4287.467882189451
1210.0 3816.0871950442656
1220.0 24279.545913866466
1230.0 3512.034502291918
1240.0 14316.699179741636
1250.0 4986.554771045908
1260.0 6939.242659510755
1270.0 7129.227118232141
1280.0 7360.557021328568
1290.0 7944.045000095708
1300.0 8554.85922705633
1310.0 9407.9896677522
1320.0 9826.95679054029
1330.0 9992.84700371906
1340.0 11152.917248371143
1350.0 10733.752348662363
1360.0 10989.707724439275
1370.0 11152.465315656862
1380.0 11388.926523463639
1390.0 26075.5611088249
1400.0 28998.025944470155
1410.0 21437.28782200354
1420.0 12092.621919837033
1430.0 11874.596504196314
1440.0 11935.50906575664
1450.0 12014.921276932757
1460.0 12109.474702452439
1470.0 12203.334647153508
1480.0 12260.803861812634
1490.0 19243.28855429198
1500.0 12139.539110770307
1510.0 12119.547087984138
1520.0 12132.852013896227
1530.0 12677.902200760189
1540.0 12047.648786605561
1550.0 171066.9122465729
1560.0 12052.49028819094
1570.0 12000.770626563315
1580.0 12574.21048380965
1590.0 11989.392162188291
1600.0 13145.516497921566
1610.0 11966.0422253139
1620.0 11965.091974508912
1630.0 11894.276379127405
1640.0 108788.0672726018
1650.0 11794.674757064242
1660.0 15256.77525685668
1670.0 20775.99462434792
1680.0 11719.110182667357
1690.0 11683.70942096067
1700.0 11635.958525893202
1710.0 11577.148842519193
1720.0 12428.35463341287
1730.0 11635.304506149241
1740.0 11855.582156421093
1750.0 17589.996471950475
1760.0 11531.763535467524
1770.0 11528.13470496994
1780.0 11562.871321072003
1790.0 12366.05923832355
1800.0 11485.382477419973
1810.0 14166.117770518646
1820.0 14409.454214352483
1830.0 11273.366404355253
1840.0 11201.456926475244
1850.0 12093.719781534053
1860.0 11633.944422715704
1870.0 11070.183978261437
1880.0 18150.11235111388
1890.0 22714.424308264817
1900.0 10960.03035729071
1910.0 73638.70135928834
1920.0 10884.23158100214
1930.0 10932.612380712404
1940.0 10734.250311024338
1950.0 10728.395478823872
1960.0 10619.258538936867
1970.0 10556.751038503113
1980.0 10500.26122786226
1990.0 10454.172959406755
2000.0 10383.464281201104
2010.0 10292.976363920261
2020.0 9866.571829564653
2030.0 9306.099592906214
2040.0 9032.605721818834
2050.0 8621.765942402142
2060.0 8478.20358290054
2070.0 8542.298171356588
2080.0 8354.462736287942
2090.0 8614.339401244137
2100.0 8428.459564380228
2110.0 8429.745077137253
2120.0 8673.08324997891
2130.0 8661.074632778236
2140.0 9109.595842015908
2150.0 8333.612058718465
2160.0 8397.793519448493
2170.0 8195.61826903526
2180.0 8518.187901475654
2190.0 8332.343025305921
2200.0 8415.991866802011
2210.0 8517.63866454061
2220.0 8936.915734624914
2230.0 8744.200809453485
2240.0 8885.314952592495
2250.0 9437.248565527663
2260.0 9208.313900013416
2270.0 9391.9076004776
2280.0 9583.360565454132
2290.0 9783.418410721819
2300.0 10231.235343175742
2310.0 10764.016602123273
2320.0 11299.28027703617
2330.0 20248.01950101477
2340.0 12836.658579732288
2350.0 11446.675274781415
2360.0 11174.298598896547
2370.0 11393.157338087785
2380.0 11609.178486950774
2390.0 12690.417243484435
2400.0 12047.99303303175
2410.0 12297.930222645986
2420.0 12468.06482592613
2430.0 26996.39206160468
2440.0 12880.53194893955
2450.0 13125.891976770146
2460.0 13287.458438937367
2470.0 13491.356930681122
2480.0 13696.933444369583
2490.0 13906.86818124118
2500.0 14096.395107141234
2510.0 15732.291713724342
2520.0 14519.806556215624
2530.0 14714.704862439006
2540.0 14879.068826176046
2550.0 15075.342263730568
2560.0 17463.68981421272
2570.0 15445.315765455596
2580.0 15643.465176471578
2590.0 16220.97850837943
2600.0 16025.669974460177
2610.0 16194.029897254279
2620.0 16358.531437228627
2630.0 16537.05174386882
2640.0 16723.658955951007
2650.0 16871.439604106272
2660.0 16985.880942432977
2670.0 19068.890022164967
2680.0 17276.39792610612
2690.0 17449.605738135248
2700.0 17614.253143866277
2710.0 17743.681004311464
2720.0 17967.586281222688
2730.0 19255.372069444034
2740.0 19421.399370156876
2750.0 18414.941522489742
2760.0 18655.028990434188
2770.0 18761.29427769879
2780.0 18931.70002434669
2790.0 75526.52088850268
2800.0 47700.64949230876
2810.0 19467.967024096062
2820.0 19627.07730796529
2830.0 30586.648976728487
2840.0 19942.4388822815
2850.0 21275.800433056473
2860.0 20664.402532757613
2870.0 20454.73310816328
2880.0 20634.064644844722
2890.0 20787.195659002642
2900.0 20944.358982899244
2910.0 21088.579047784857
2920.0 21243.117040340923
2930.0 24759.87437822196
2940.0 21556.117061761368
2950.0 22183.442719546067
2960.0 21876.00274630679
2970.0 22041.51923233059
2980.0 22267.780247216087
2990.0 22365.407173512733
3000.0 22500.801171464143
3010.0 22661.62068189031
3020.0 22834.318539986165
3030.0 22979.98669668254
3040.0 23152.445009224804
3050.0 23291.083931185112
3060.0 23439.353498369903
3070.0 23590.17163957129
3080.0 23729.325640147857
3090.0 23856.95727686958
3100.0 24106.80495712589
3110.0 24225.496021842624
3120.0 24376.9442477558
3130.0 24446.762553502766
3140.0 24573.75264176672
3150.0 24708.91719422574
3160.0 24836.23638927591
3170.0 24948.309735957282
3180.0 25104.078576483404
3190.0 26048.755364074746
3200.0 25415.8983030783
3210.0 29832.419197887793
3220.0 25714.080391363743
3230.0 25878.61709866345
3240.0 26079.629036299426
3250.0 26133.41568283463
3260.0 26341.01525556962
3270.0 26361.697893632714
3280.0 26474.2658617501
3290.0 26613.833370988996
3300.0 26696.26032699726
3310.0 26812.62617769432
3320.0 26924.4808569988
3330.0 27046.01967235682
3340.0 30000.959782775957
3350.0 27302.887509412096
3360.0 27599.140019337712
3370.0 27542.87861641925
3380.0 27671.09090660945
3390.0 27815.792302355258
3400.0 27919.78389182976
3410.0 28024.96436306261
3420.0 31767.58730151704
3430.0 31877.453912204972
3440.0 28394.311711823415
3450.0 28456.14739627612
3460.0 28629.92611763095
3470.0 28800.79762497483
3480.0 28994.494554755347
3490.0 29119.238941125142
3500.0 28997.00852536681
3510.0 28853.955770719484
3520.0 28807.513926519154
3530.0 28976.61171304684
3540.0 28981.51103433693
3550.0 29132.095467974723
3560.0 29151.74626859773
3570.0 29235.468021657623
3580.0 30170.301861725056
3590.0 29298.009091869248
3600.0 29276.330804610356
3610.0 29297.853964880596
3620.0 29519.8017641813
3630.0 29645.696970761135
3640.0 29531.603220864105
3650.0 29607.733924852742
3660.0 30006.995653636455
3670.0 30081.373354685154
3680.0 29830.882757880903
3690.0 29985.2528791076
3700.0 29975.342956189026
3710.0 29767.094585178253
3720.0 26203.14175911872
3730.0 43685.45641796782
3740.0 22800.031160320435
3750.0 23987.930472843185
3760.0 22914.759957786537
3770.0 25494.32599124143
3780.0 23026.266409111726
3790.0 23080.829625288432
3800.0 24900.13228456189
3810.0 23187.61063461983
3820.0 23513.913611822343
3830.0 23291.274709145222
3840.0 25712.901610697172
3850.0 23505.992375441383
3860.0 46875.49308687676
3870.0 23799.911045380548
3880.0 28605.978922662678
3890.0 23895.278593784038
3900.0 28281.05448380591
3910.0 23987.765911920364
3920.0 23982.13980545445
3930.0 23671.05572526657
3940.0 23543.388193323706
3950.0 23349.640327734825
3960.0 30646.34237811081
3970.0 23419.855603760247
3980.0 28510.482995606068
3990.0 23488.40464998771
4000.0 23529.074542775117
4010.0 23564.63908640196
4020.0 24310.816349383633
4030.0 23638.036505450058
4040.0 23673.8979986448
4050.0 23709.00952395717
4060.0 23759.621816823033
4070.0 23777.26986762849
4080.0 26762.58163964105
4090.0 23841.001597197188
4100.0 31906.295796864193
4110.0 23896.44792565177
4120.0 23994.331613272756
4130.0 23950.242246630467
4140.0 24055.547497315485
4150.0 23989.01489140068
4160.0 23999.103542770994
4170.0 23990.28347244221
4180.0 23996.75950802344
4190.0 24000.90909409236
4200.0 24202.441457089688
4210.0 24051.8630033059
4220.0 24079.720550285652
4230.0 24093.75242553847
4240.0 24094.556508584006
4250.0 24108.32956726723
4260.0 24126.244179859452
4270.0 24183.33114952775
4280.0 24169.839006276332
4290.0 24198.595732542162
4300.0 24211.64829231452
4310.0 24231.80317191773
4320.0 24251.53372492797
4330.0 38354.24387150015
4340.0 24272.262237695762
4350.0 26978.794935765196
4360.0 24278.259662521115
4370.0 24295.722478036183
4380.0 24323.804027305432
4390.0 24329.40632596495
4400.0 24476.90494918955
4410.0 24348.66563881365
4420.0 24356.20710356837
4430.0 24360.599855228167
4440.0 24396.518366772805
4450.0 24380.5187334711
4460.0 25494.187385663918
4470.0 24401.582437897232
4480.0 24404.32208520902
4490.0 24414.261451180984
4500.0 24422.464537123757
4510.0 24436.873325002278
4520.0 24446.316291567597
4530.0 24760.46790557061
4540.0 24469.110615240796
4550.0 24479.661751921114
4560.0 24490.516896813548
4570.0 24500.53671844468
4580.0 24554.881742683865
4590.0 24519.327290786165
4600.0 24649.056509739938
4610.0 24537.728308542977
4620.0 24571.904297481222
4630.0 24621.299660327535
4640.0 24724.73346196999
4650.0 26503.168665124576
4660.0 24808.23420840047
4670.0 24879.852001191033
4680.0 24822.796952047258
4690.0 33758.77933620931
4700.0 25026.85500218861
4710.0 25304.070605404857
4720.0 26268.04549972331
4730.0 24952.50294697357
4740.0 25929.45961242577
4750.0 24533.931864787563
4760.0 25064.246145859393
4770.0 24535.963554885395
4780.0 24540.248961613885
4790.0 24667.623736194386
4800.0 24547.238534145687
4810.0 24549.65671718834
4820.0 24553.43630690685
4830.0 24556.41915215556
4840.0 24559.28819812767
4850.0 24560.821061881958
4860.0 52795.49807408638
4870.0 24565.519598347753
4880.0 25098.860731911478
4890.0 25102.13454620406
4900.0 24570.04227428223
4910.0 24572.50584814388
4920.0 24576.495642897098
4930.0 25171.025961703235
4940.0 24561.05084326869
4950.0 24532.87351145517
4960.0 95154.6953731482
4970.0 24495.180516669967
4980.0 25190.555662265564
4990.0 24490.798430214847
5000.0 24487.391956084604
5010.0 237233.2073981927
5020.0 24472.018709856595
5030.0 24464.385586591572
5040.0 24452.66212594599
5050.0 24442.01814617679
5060.0 24480.712021128824
5070.0 24425.488346225902
5080.0 24466.615240411586
5090.0 24412.756916111688
5100.0 24406.559473407033
5110.0 24399.013159041642
5120.0 24390.517145672882
5130.0 24382.076154024395
5140.0 24367.495963768797
5150.0 24345.661682573867
5160.0 24795.62675889709
5170.0 24313.536085874315
5180.0 24303.920480171982
5190.0 24997.90759538037
5200.0 24282.281770854326
5210.0 24349.45651868372
5220.0 24262.5012299924
5230.0 24246.345262983275
5240.0 24235.01244993943
5250.0 24219.11228195706
5260.0 24764.29083390078
5270.0 24744.945935318687
5280.0 24171.34585933286
5290.0 24157.470461908328
5300.0 24138.631972661868
5310.0 24124.3963414649
5320.0 24555.95622939205
5330.0 24089.270741059743
5340.0 24080.11516944035
5350.0 24062.757840328228
5360.0 24040.48129714729
5370.0 24019.748414337922
5380.0 24002.877265235682
5390.0 23983.21671717973
5400.0 23963.357625913923
5410.0 23943.575720467612
5420.0 24286.904699426923
5430.0 24263.779112947126
5440.0 23895.761036703192
5450.0 23871.27112896706
5460.0 23846.485109021047
5470.0 23816.492516635917
5480.0 23789.453678579444
5490.0 23768.54891333885
5500.0 23748.937989628597
5510.0 23813.14145970865
5520.0 23710.022339208317
5530.0 23758.995357487078
5540.0 23733.99253782007
5550.0 23639.67336318055
5560.0 23614.814053212693
5570.0 23588.73288968959
5580.0 23567.704643234043
5590.0 23579.498139017887
5600.0 23519.552483085004
5610.0 23492.112924786936
5620.0 23497.19462368785
5630.0 23444.418664717316
5640.0 23421.41799832026
5650.0 23401.667329111562
5660.0 23375.28816276471
5670.0 23353.140528115742
5680.0 23307.558665027867
5690.0 23238.798415337355
5700.0 23183.8375507701
5710.0 23133.350356420502
5720.0 23108.09901042696
5730.0 24074.038425692852
5740.0 23044.346350998356
5750.0 23013.69520789429
5760.0 23254.789872287725
5770.0 22959.505797555816
5780.0 22934.84337540557
5790.0 22910.832826349048
5800.0 22882.36465792699
5810.0 22854.85253655466
5820.0 23257.88710618346
5830.0 22793.325311477325
5840.0 22758.812164612773
5850.0 22729.002570912042
5860.0 22698.318168166377
5870.0 22661.758500099062
5880.0 25463.54375899824
5890.0 22505.366241290507
5900.0 22475.402516473245
5910.0 22507.656019127964
5920.0 22526.22174227953
5930.0 22512.258108416016
5940.0 22485.602179451733
5950.0 22451.81903664641
5960.0 22417.399197076415
5970.0 22438.238690667633
5980.0 22361.460720673153
5990.0 22336.706013185747
6000.0 22339.388979715553
6010.0 22285.74561402262
6020.0 22260.620488361306
6030.0 22246.988787883103
6040.0 22206.51406014361
6050.0 22178.22926218116
6060.0 22153.19538402541
6070.0 22127.162704641018
6080.0 22104.463485753193
6090.0 23608.182656854897
6100.0 22015.167077800634
6110.0 21984.427550877106
6120.0 21972.293473574216
6130.0 21937.870870418712
6140.0 21912.711608987807
6150.0 21882.961519524666
6160.0 21839.33012165417
6170.0 21808.406319721005
6180.0 21796.727485588435
6190.0 21747.306129095403
6200.0 21723.639894024338
6210.0 21698.60408106053
6220.0 21659.980513076247
6230.0 21628.872844426438
6240.0 21616.538997785465
6250.0 21576.327937959344
6260.0 21552.839361747665
6270.0 21529.302189153903
6280.0 21499.821434462036
6290.0 21475.83462757218
6300.0 23754.581307964112
6310.0 21424.413683780636
6320.0 21401.050351235983
6330.0 21372.017042943804
6340.0 21350.95038653806
6350.0 21314.16269720022
6360.0 21259.13536478451
6370.0 21704.77584551456
6380.0 21191.766557072104
6390.0 21166.486566469845
6400.0 21178.28284516846
6410.0 21149.589605967314
6420.0 21116.19777153354
6430.0 21301.792452302394
6440.0 21087.435075368503
6450.0 21059.699330551466
6460.0 21038.544857574725
6470.0 21035.13700342339
6480.0 20966.97933764568
6490.0 20937.665051430864
6500.0 20911.900217165494
6510.0 20884.24095826796
6520.0 20857.162845033316
6530.0 20892.049354976727
6540.0 20808.55952599445
6550.0 20764.648486194754
6560.0 95250.31538908735
6570.0 20712.948727154784
6580.0 20687.048504405255
6590.0 30581.863542881845
6600.0 20632.058568495802
6610.0 20608.65906622271
6620.0 20579.897018856824
6630.0 20548.105019137238
6640.0 20516.641586569436
6650.0 20461.49985045871
6660.0 20420.136165420503
6670.0 20408.62427045222
6680.0 20360.511689164763
6690.0 21020.409899829952
6700.0 20309.90617022499
6710.0 20269.158188618858
6720.0 20210.94515882523
6730.0 25153.319549156568
6740.0 20178.91174812324
6750.0 20139.437975753106
6760.0 20122.69230336825
6770.0 20108.429782605584
6780.0 20069.21287749202
6790.0 20298.484522462822
6800.0 20013.87425844567
6810.0 19995.172590091825
6820.0 19957.347603895065
6830.0 19943.04915782098
6840.0 19903.363138329878
6850.0 19852.347422589726
6860.0 19811.248399809567
6870.0 19782.547651139197
6880.0 19758.785795513424
6890.0 19711.995936783216
6900.0 19762.873222181377
6910.0 19691.087946756958
6920.0 19639.09108956406
6930.0 19666.662335832603
6940.0 19643.2322617595
6950.0 19659.12178318576
6960.0 19641.599957303057
6970.0 19618.965819330322
6980.0 19602.39608238268
6990.0 19577.553488176552
7000.0 19978.770889773776
7010.0 19577.53885988638
7020.0 19601.84377841226
7030.0 19639.638261612246
7040.0 19710.716494137894
7050.0 19717.892884934765
7060.0 19337.46469134312
7070.0 21315.586628710098
7080.0 19378.48867821287
7090.0 19241.247586304075
7100.0 19209.83118989004
7110.0 19225.242824236066
7120.0 19235.347584723593
7130.0 19087.005155288185
7140.0 21712.046110630923
7150.0 19102.679011665896
7160.0 19091.8064490757
7170.0 19083.361057215232
7180.0 19212.455098300314
7190.0 19127.023342859175
7200.0 19043.611416964024
7210.0 19030.778567238613
7220.0 19055.72526078163
7230.0 19043.99008957491
7240.0 19051.03090447406
7250.0 19728.84320978899
7260.0 19137.187120334824
7270.0 19089.00987101264
7280.0 19054.820310428608
7290.0 19878.458737522495
7300.0 19236.89633941006
7310.0 19279.077285378222
7320.0 22665.011913075465
7330.0 19402.68592791287
7340.0 18824.202884665196
7350.0 18412.327756037328
7360.0 18487.311934704794
7370.0 18565.482427804134
7380.0 18351.318830545246
7390.0 18255.772845217867
7400.0 18224.79392903536
7410.0 18164.298639034278
7420.0 18080.21642508012
7430.0 18115.54204464702
7440.0 18089.79851972727
7450.0 17967.438577930825
7460.0 17983.698348736027
7470.0 17995.49206406334
7480.0 17947.547408736835
7490.0 17981.816799074437
7500.0 17996.495378426625
7510.0 17909.594695181877
7520.0 17923.297342141566
7530.0 17965.529171049107
7540.0 17943.356427389277
7550.0 18041.488325760016
7560.0 18029.982731453725
7570.0 18015.68363191311
7580.0 18089.65686328102
7590.0 17994.25307509619
7600.0 18045.5662410858
7610.0 18071.423454745778
7620.0 18314.232251735255
7630.0 18004.50225493772
7640.0 17836.681689661924
7650.0 17564.5355049061
7660.0 17186.80207126545
7670.0 17155.110961643666
7680.0 17423.67239564845
7690.0 17322.846713495128
7700.0 17211.304989661156
7710.0 17393.679142980574
7720.0 17599.593250714606
7730.0 17779.932146894847
7740.0 18563.702930335137
7750.0 17981.56195913284
7760.0 18031.451736032308
7770.0 18117.36439534384
7780.0 18148.861102324783
7790.0 18142.36047326639
7800.0 17762.278534667184
7810.0 18302.382556585253
7820.0 18344.532965471044
7830.0 18251.147467880866
7840.0 18249.631839206668
7850.0 18329.35924899204
7860.0 18368.151059521257
7870.0 18252.568029408634
7880.0 18436.42657811856
7890.0 18493.053663045877
7900.0 18382.81975379678
7910.0 18154.865323622635
7920.0 17916.66321831827
7930.0 17675.003857473544
7940.0 17700.330063882684
7950.0 17591.93179261268
7960.0 18056.88492817952
7970.0 18253.98596588859
7980.0 17563.007761524997
7990.0 17530.146733385922
8000.0 17722.677217666605
8010.0 17420.33979614892
8020.0 17505.325321767938
8030.0 17658.852483609287
8040.0 17753.288632357486
8050.0 17416.564239425148
8060.0 17539.280924696803
8070.0 17745.94442412178
8080.0 17873.280571058305
8090.0 18295.317445781875
8100.0 18651.950321875658
8110.0 18739.929069286296
8120.0 18842.020797515983
8130.0 19516.918586298136
8140.0 19844.360178318355
8150.0 20296.01021410836
8160.0 20394.099567926372
8170.0 20939.735745203536
8180.0 19291.827199461888
8190.0 19221.398075304645
8200.0 18748.153629952256
8210.0 19175.564906810498
8220.0 19736.602587627323
8230.0 20430.16475977131
8240.0 20977.236722214722
8250.0 20816.321722356053
8260.0 20939.553624427943
8270.0 20065.988503353932
8280.0 19760.91855669051
8290.0 19936.87395954233
8300.0 19524.839355978744
8310.0 19785.24747118284
8320.0 20478.081157733082
8330.0 20422.39796745663
8340.0 20042.37837471515
8350.0 19805.613140455338
8360.0 20277.805248630757
8370.0 20349.27357318091
8380.0 20411.79240945857
8390.0 19867.716635826
8400.0 20486.366808781404
8410.0 20919.983092107454
8420.0 20537.674477195775
8430.0 19791.18269232848
8440.0 18172.690018570895
8450.0 17709.093752506375
8460.0 17817.084471554524
8470.0 17918.07606137605
8480.0 18164.732075572145
8490.0 18359.01428240887
8500.0 18383.821196106077
8510.0 18282.196122632136
8520.0 17869.369379102733
8530.0 17196.772155214057
8540.0 16934.405285831257
8550.0 17335.4047917958
8560.0 17469.525209963656
8570.0 17586.89149800106
8580.0 17033.639305321165
8590.0 16434.86697688162
8600.0 15826.404207328724
8610.0 16086.943805733616
8620.0 16369.094549630743
8630.0 15985.903923602382
8640.0 17309.825198406543
8650.0 15849.785139404357
8660.0 15890.001312898432
8670.0 15723.534295683772
8680.0 15798.179649878814
8690.0 15820.337102530895
8700.0 15676.834445945851
8710.0 15866.326616133194
8720.0 15926.940970191325
8730.0 16204.485988905215
8740.0 16184.42542973713
8750.0 16010.271528858782
8760.0 16472.58302957786
8770.0 16579.791719089844
8780.0 16704.845589587607
8790.0 17337.913721022298
8800.0 17970.99561755619
8810.0 18046.88068056449
8820.0 17470.89348738506
8830.0 18344.750974510473
8840.0 19469.26044644068
8850.0 20673.506979945996
8860.0 18593.39328131153
8870.0 17971.428085874588
8880.0 18461.187352750694
8890.0 19027.921122320604
8900.0 20158.79142517662
8910.0 20909.601507150546
8920.0 20916.144008923096
8930.0 22068.185642740005
8940.0 19497.895326332964
8950.0 20170.703235166828
8960.0 21123.103162687497
8970.0 21764.72061998312
8980.0 22686.010158592835
8990.0 24082.24437980871
9000.0 23744.866927238785
9010.0 24350.09496935855
9020.0 23530.836877184352
9030.0 23932.46120988173
9040.0 25163.76010850942
9050.0 25659.87252246974
9060.0 25595.605508412933
9070.0 26300.159043348976
9080.0 34078.91962560106
9090.0 28170.881303631548
9100.0 29175.143574333604
9110.0 29744.23709346352
9120.0 30016.713997799343
9130.0 31084.623315790886
9140.0 31177.47467120924
9150.0 31872.209763184735
9160.0 33240.63125087525
9170.0 33494.464512177234
9180.0 33745.783327385136
9190.0 35440.8851743141
9200.0 34339.041467099065
9210.0 27523.50344765664
9220.0 26296.3551034388
9230.0 22956.13742339772
9240.0 23460.79068763844
9250.0 22623.864926745624
9260.0 24173.034278446677
9270.0 24699.482446583992
9280.0 22464.583817988914
9290.0 21819.76722987641
9300.0 21472.537140858003
9310.0 22270.93726630455
9320.0 21656.169272586867
9330.0 22658.09665911585
9340.0 24121.89554628926
9350.0 23016.18526589452
9360.0 23870.07337472062
9370.0 23177.357128874086
9380.0 23732.756832523544
9390.0 23922.61746738921
9400.0 24460.262046727752
9410.0 26278.275976264245
9420.0 25975.29818662764
9430.0 26811.458229401105
9440.0 25634.70185546907
9450.0 26416.013396176684
9460.0 26449.83875685697
9470.0 27726.224784488797
9480.0 29345.176742012296
9490.0 30132.768290353335
9500.0 30016.71255320361
9510.0 29696.48824370272
9520.0 30152.227246156835
9530.0 31369.42074124813
9540.0 39059.626633426386
9550.0 39833.03625436814
9560.0 32539.267071911978
9570.0 33411.10880493532
9580.0 34574.56251299574
9590.0 33317.70834050667
9600.0 31019.582497779127
9610.0 33731.64643961455
9620.0 35109.07619095912
9630.0 36209.97505158896
9640.0 31113.98457127215
9650.0 34639.32657257587
9660.0 38258.73258146903
9670.0 35503.046023351155
9680.0 35089.56901608149
9690.0 36993.67764299458
9700.0 39737.018218651865
9710.0 36908.10254220979
9720.0 38084.900161905694
9730.0 30784.283644169707
9740.0 31286.933753836594
9750.0 32857.63548127109
9760.0 33963.582436323086
9770.0 34219.13529017383
9780.0 33873.966161570606
9790.0 35433.00741578242
9800.0 37938.322223082345
9810.0 34678.13648788965
9820.0 34447.71208524368
9830.0 33141.99310073747
9840.0 33967.07778426256
9850.0 36072.726188290966
9860.0 37795.66235703464
9870.0 38329.85971859416
9880.0 40384.14617936892
9890.0 41146.091439752934
9900.0 29011.762172047915
9910.0 24443.870244876394
9920.0 24997.401913727903
9930.0 27235.479342622348
9940.0 32414.05355613335
9950.0 34013.63922262636
9960.0 34895.45244811385
9970.0 31243.793637059047
9980.0 31447.442346835145
9990.0 30624.21641410389
10010.0 29495.564884790867
10020.0 30597.894989908993
10030.0 32008.55568733453
10040.0 31900.25122492853
10050.0 29555.666235304274
10060.0 29457.600911213267
10070.0 33421.14561299036
10080.0 34853.24729382923
10090.0 33509.35405443607
10100.0 39118.18892434689
10110.0 34095.88951227303
10120.0 35079.269989069544
10130.0 39526.53858334239
10140.0 34750.9264082695
10150.0 36692.11799894655
10160.0 34178.49301444149
10170.0 38117.410672046506
10180.0 35276.63859267332
10190.0 37396.181781493135
10200.0 39158.36383690084
10210.0 39140.10216238696
10220.0 36531.65265555565
10230.0 36513.30802506428
10240.0 41480.291856441516
10250.0 34069.086180146696
10260.0 30960.912909998355
10270.0 33174.63554105278
10280.0 31661.2399883608
10290.0 36387.745412864046
10300.0 34786.92590090203
10310.0 38774.701739605436
10320.0 34655.8715692586
10330.0 38183.02801669988
10340.0 35660.374267141
10350.0 37403.58182620451
10360.0 39934.1703039896
10370.0 44474.30621970486
10380.0 37979.30268886931
10390.0 37927.89218531385
10400.0 41778.208698328795
10410.0 39927.67836786558
10420.0 42360.13104552652
10430.0 39446.541766182134
10440.0 46774.802500446625
10450.0 47848.4678005149
10460.0 45973.94915554398
10470.0 38788.545973005486
10480.0 41699.086738569466
10490.0 45023.427497947865
10500.0 43486.41648418357
10510.0 41008.800147311005
10520.0 39554.36411499526
10530.0 49024.23198809158
10540.0 43089.15353135289
10550.0 43722.20834273032
10560.0 43329.94021136804
10570.0 40495.34969680811
10580.0 45645.42771959172
10590.0 43429.34627945882
10600.0 47814.64177984923
10610.0 46536.363767401825
10620.0 43215.0577144355
10630.0 49449.110709767556
10640.0 47016.53843415161
10650.0 44861.41506536432
10660.0 45937.71222928283
10670.0 47129.15134031935
10680.0 47214.20121690548
10690.0 48528.19088751518
10700.0 50069.98354227894
10710.0 51067.3195791342
10720.0 53017.29176746699
10730.0 47574.18490394472
10740.0 50976.79638868695
10750.0 54635.030940396085
10760.0 51467.60041688363
10770.0 55870.19952512612
10780.0 56621.015516756794
10790.0 54700.34197611812
10800.0 54722.60961724831
10810.0 52309.849350260236
10820.0 81667.4032479305
10830.0 58536.293233891745
10840.0 59775.71698746663
10850.0 54772.92016276425
10860.0 53673.797601573046
10870.0 57105.98521250894
10880.0 60145.79039766662
10890.0 55329.91326477655
10900.0 58887.77067102677
10910.0 52683.701145981984
10920.0 56792.30717225685
10930.0 54866.594679370566
10940.0 57939.915962287814
10950.0 54107.97929724165
10960.0 51890.21178820961
10970.0 53622.06209598556
10980.0 50613.120701768756
10990.0 54969.11851880474
11000.0 53081.08009151879
11010.0 54136.91184661933
11020.0 48170.13011148759
11030.0 46855.17644863423
11040.0 48050.19740218735
11050.0 43595.83487125412
11060.0 48074.74707789058
11070.0 48051.695534234415
11080.0 46119.88511713124
11090.0 48469.66797867688
11100.0 46631.75789001029
11110.0 46550.2065693489
11120.0 46879.439399039176
11130.0 49159.80132454358
11140.0 51832.854307196256
11150.0 47107.9367658548
11160.0 50478.37069005057
11170.0 47743.18472206065
11180.0 54771.61807217889
11190.0 46206.42320980197
11200.0 47837.09051106394
11210.0 49901.77436723715
11220.0 49160.41018687018
11230.0 53621.37861111326
11240.0 54066.72746753454
11250.0 53044.07820139733
11260.0 56010.49344056652
11270.0 57034.73312070386
11280.0 50910.259677852475
11290.0 53814.975061662706
11300.0 49875.10049917239
11310.0 52217.3223969241
11320.0 55395.75543013858
11330.0 50889.55176924606
11340.0 46877.48672721377
11350.0 50949.238756604485
11360.0 50336.39526280675
11370.0 45965.64601848108
11380.0 37267.03325275476
11390.0 46126.83865372203
11400.0 37834.87038090329
11410.0 42735.013455643006
11420.0 49625.71053851306
11430.0 51960.457971754695
11440.0 50391.95798641352
11450.0 52216.07823557294
11460.0 52631.84717805862
11470.0 57181.54178341963
11480.0 55534.41523268013
11490.0 57773.636264412235
11500.0 59384.56439123184
11510.0 56413.904962562345
11520.0 54691.52543229041
11530.0 55308.720194927046
11540.0 53243.04184973696
11550.0 57782.48711487551
11560.0 56147.497651111975
11570.0 56427.64530060543
11580.0 57993.565649653036
11590.0 54091.518123841146
11600.0 55384.058958759895
11610.0 52732.362583957125
11620.0 54468.707049681805
11630.0 57531.81254032801
11640.0 55124.17852003359
11650.0 54948.718587221214
11660.0 55412.06923293455
11670.0 56025.81062437417
11680.0 47057.020801268445
11690.0 28828.704889607157
11700.0 46505.083594548574
11710.0 53581.32368621076
11720.0 55834.93854985142
11730.0 54182.61529008887
11740.0 52168.099478925345
11750.0 47864.25381525449
11760.0 42466.726378721214
11770.0 25695.74905767532
11780.0 36049.06245723542
11790.0 49129.813810528285
11800.0 49789.567113154815
11810.0 50946.748266000905
11820.0 52708.035268910884
11830.0 51434.30544639593
11840.0 55609.90213476854
11850.0 52728.11459334449
11860.0 55906.37918330889
11870.0 59154.42373915568
11880.0 47962.46243015834
11890.0 54686.857160482075
11900.0 58665.4689975075
11910.0 55612.405281881736
11920.0 58819.13163513243
11930.0 60205.18130444974
11940.0 56637.102029675916
11950.0 55205.39775272508
11960.0 55879.18964269224
11970.0 49302.30976215221
11980.0 55007.24454501865
11990.0 53699.23312744062
12000.0 55539.19379887647
12010.0 57824.44116871638
12020.0 58157.22183182993
12030.0 53759.56986608165
12040.0 61770.04355092715
12050.0 59759.89499288431
12060.0 64837.25026277909
12070.0 58646.42502591421
12080.0 63238.6817430022
12090.0 57674.07730904976
12100.0 64189.63902099418
12110.0 56601.04938725052
12120.0 62858.67609328432
12130.0 59092.07353935306
12140.0 67012.42874071085
12150.0 67560.97870220656
12160.0 62261.85468456801
12170.0 67417.18467588621
12180.0 66211.46703913456
12190.0 66247.35344010808
12200.0 62594.65097380564
12210.0 64906.92115279958
12220.0 63888.807092551186
12230.0 66739.54167725063
12240.0 67186.83036914068
12250.0 68610.70776531659
12260.0 69376.27840747092
12270.0 66477.25795972282
12280.0 72386.96761461152
12290.0 67788.61564236064
12300.0 70234.09121016267
12310.0 69136.55765821267
12320.0 67748.47406765804
12330.0 68388.61686760043
12340.0 68731.90001677057
12350.0 70723.82567753893
12360.0 68132.91602823042
12370.0 69393.8536257681
12380.0 74065.59360310502
12390.0 65674.3095004329
12400.0 66174.76553672741
12410.0 62232.3291294675
12420.0 57477.015877079044
12430.0 41898.48972236367
12440.0 57015.465878988325
12450.0 67110.33140814488
12460.0 66457.44197709234
12470.0 66948.48115222521
12480.0 66247.69434258748
12490.0 69675.67895617039
12500.0 67020.97445427622
12510.0 61725.22531163914
12520.0 38114.79663530297
12530.0 57532.87001913291
12540.0 66200.46584734588
12550.0 68587.10749121173
12560.0 68567.72498485204
12570.0 72482.00512193804
12580.0 70104.86579139266
12590.0 65974.89172832915
12600.0 70791.91559677376
12610.0 71413.33792977645
12620.0 68661.23746259388
12630.0 69273.32131523309
12640.0 65597.30473518369
12650.0 71405.36914298793
12660.0 71861.12416692362
12670.0 70767.66129965372
12680.0 71693.49408163049
12690.0 73631.92686499594
12700.0 70236.31253274278
12710.0 73055.50971584223
12720.0 75857.79772185451
12730.0 73093.45731550656
12740.0 68890.51956664056
12750.0 70740.50671967492
12760.0 75578.67569949932
12770.0 74499.44522549385
12780.0 70986.3838510813
12790.0 76409.64061391629
12800.0 73334.27670697126
12810.0 75292.00724703725
12820.0 76657.64900271734
12830.0 72148.21178010764
12840.0 74008.18691739553
12850.0 73435.64451721468
12860.0 66584.95569908177
12870.0 73775.11735541248
12880.0 72252.3449345298
12890.0 72512.96946298555
12900.0 68263.46722036475
12910.0 69471.51673343255
12920.0 71914.41782022917
12930.0 73244.58643115511
12940.0 75334.13237691864
12950.0 72918.8228582393
12960.0 75522.507645861
12970.0 73610.18975025772
12980.0 75782.02998633395
12990.0 72227.9590433205
13000.0 76721.70067403774
13010.0 72728.09519051682
13020.0 76601.74011431473
13030.0 76432.75091923011
13040.0 77583.86235116867
13050.0 75770.65854246126
13060.0 75645.40052524282
13070.0 72740.46408539242
13080.0 72954.0199988611
13090.0 70014.19922561456
13100.0 75408.81047481809
13110.0 75555.91450619325
13120.0 67201.33445310043
13130.0 69282.83326957352
13140.0 70995.37469359611
13150.0 66939.23776465851
13160.0 74099.64712168224
13170.0 74720.15479495557
13180.0 69865.3398873751
13190.0 73859.99047348529
13200.0 72196.39667735645
13210.0 70662.31767680385
13220.0 71091.17444184532
13230.0 67797.46213849634
13240.0 70302.72785358546
13250.0 62022.44081416265
13260.0 69688.58112310844
13270.0 64329.51476023829
13280.0 66875.90966564715
13290.0 58450.43431872712
13300.0 61369.70510309208
13310.0 54900.320880152205
13320.0 41424.86760912073
13330.0 53358.35319694634
13340.0 39907.050207752356
13350.0 32456.748952585112
13360.0 38690.78248358606
13370.0 33908.451023868874
13380.0 37857.63025966786
13390.0 41286.327170802055
13400.0 37000.73881667927
13410.0 38280.132899269694
13420.0 33229.01500863736
13430.0 33659.46260364795
13440.0 31646.369257857288
13450.0 37058.864404028274
13460.0 36907.52643250502
13470.0 34923.48395825744
13480.0 34901.63440357629
13490.0 38029.36626943191
13500.0 28601.222205899805
13510.0 35446.903823556015
13520.0 32272.378680245776
13530.0 35267.34580449345
13540.0 29008.4546288306
13550.0 33009.66985417024
13560.0 35769.02676985398
13570.0 31786.73241925069
13580.0 31511.506157171767
13590.0 30397.935360375308
13600.0 36623.54205131653
13610.0 31650.884096861948
13620.0 30471.365001394628
13630.0 34617.9370123355
13640.0 31642.46036645554
13650.0 34459.583549647825
13660.0 32877.80271665898
13670.0 34312.02903825432
13680.0 31574.907818822798
13690.0 34043.73392327321
13700.0 32051.362401744573
13710.0 28181.419259678638
13720.0 35260.76143449244
13730.0 31291.629160753204
13740.0 32224.11508449145
13750.0 33500.818946511085
13760.0 31970.80338747296
13770.0 34728.573039783805
13780.0 33907.76595108194
13790.0 34476.08113866746
13800.0 35541.14613923256
13810.0 38060.83439196395
13820.0 30304.817203047052
13830.0 34579.916636247704
13840.0 35675.930996145195
13850.0 35178.47660821815
13860.0 33058.27980848953
13870.0 37148.22630662775
13880.0 31907.585699752115
13890.0 37358.14319012555
13900.0 31196.446639580186
13910.0 31946.010170474976
13920.0 29822.409108986663
13930.0 33762.30586338339
13940.0 32594.691185497624
13950.0 30150.99220769835
13960.0 35355.358022982306
13970.0 31540.042588501023
13980.0 28509.39106221614
13990.0 31922.87502163188
14000.0 30387.543598401164
14010.0 30372.05224752214
14020.0 33325.4030439211
14030.0 33958.12491103234
14040.0 31306.979378617936
14050.0 30025.29021829219
14060.0 33250.06347146606
14070.0 29136.61537874007
14080.0 30209.341609121955
14090.0 29134.492868084795
14100.0 28595.342879922813
14110.0 29951.59087360085
14120.0 28283.417803604727
14130.0 32921.708987671256
14140.0 26925.022436323987
14150.0 30431.057794414828
14160.0 30168.34856672923
14170.0 26035.127807288693
14180.0 29567.17501603819
14190.0 26075.410094133935
14200.0 30196.983162685254
14210.0 29510.06383211576
14220.0 28338.320276528324
14230.0 28546.39489811551
14240.0 28530.25441397451
14250.0 27002.170635056922
14260.0 27751.975602956576
14270.0 28108.71902465355
14280.0 25785.002575350674
14290.0 27963.96099567956
14300.0 32678.35394636602
14310.0 28279.321816938213
14320.0 26844.316004358203
14330.0 28554.757737869866
14340.0 27819.95991010688
14350.0 28992.91781275025
14360.0 28966.958711318213
14370.0 30908.16761692039
14380.0 30401.218967898738
14390.0 26869.71028413078
14400.0 31253.670313238028
14410.0 26534.07096588676
14420.0 29457.404898478027
14430.0 33823.92606286263
14440.0 28258.517094284383
14450.0 27328.297124721787
14460.0 30049.722662391363
14470.0 28635.413975123898
14480.0 31170.824890221607
14490.0 33476.125622140615
14500.0 27569.911072304847
14510.0 32121.825362645977
14520.0 33690.99367266638
14530.0 29723.516048649566
14540.0 30435.858383676485
14550.0 34011.706683218785
14560.0 29706.415412169932
14570.0 30809.853211919104
14580.0 35243.8831418379
14590.0 33298.31555837445
14600.0 31283.639486476037
14610.0 31385.587690648477
14620.0 30155.054344882938
14630.0 28844.759120958523
14640.0 33686.01656249767
14650.0 34762.63867554393
14660.0 31487.683853283925
14670.0 31012.265602567604
14680.0 27886.350167621513
14690.0 29281.654105638743
14700.0 30587.799025651468
14710.0 32441.17726217761
14720.0 32305.973340026754
14730.0 32431.148226105608
14740.0 28996.884494976803
14750.0 30557.21964639765
14760.0 31155.70845723356
14770.0 31168.948935679044
14780.0 35739.91354034667
14790.0 32045.61414718847
14800.0 30276.258206520935
14810.0 32193.608549319815
14820.0 30694.5254190405
14830.0 34225.212067540946
14840.0 32993.7680031655
14850.0 31762.641432606517
14860.0 35116.939607792345
14870.0 32631.690161009603
14880.0 31760.240117115794
14890.0 32710.69130763338
14900.0 31570.38411289046
14910.0 34957.77796687001
14920.0 32302.918834952136
14930.0 34094.29378325746
14940.0 31696.838171148956
14950.0 32821.92149038933
14960.0 32812.536257511325
14970.0 35702.317294587505
14980.0 35964.25321811264
14990.0 33272.28006410636
15000.0 32889.8442505018
15010.0 33094.77017789027
15020.0 33133.48641254198
15030.0 34821.45813180275
15040.0 36494.079089401435
15050.0 34814.89976088723
15060.0 34946.003020182165
15070.0 33965.882712800136
15080.0 33198.18667795209
15090.0 38442.35287789638
15100.0 34878.06309394122
15110.0 35112.349759835575
15120.0 37408.206594036434
15130.0 33225.77988474726
15140.0 41508.177163389366
15150.0 38338.603285987985
15160.0 35233.78806230287
15170.0 31154.116599816618
15180.0 38295.74402630584
15190.0 37061.70666668084
15200.0 36190.889487253546
15210.0 40687.72299021041
15220.0 36532.25455281979
15230.0 42167.74765496188
15240.0 35836.609023592806
15250.0 36288.246084261315
15260.0 35329.591836955704
15270.0 38109.37877707435
15280.0 38050.079968346705
15290.0 40716.06493180024
15300.0 39453.58404422781
15310.0 39211.02164494582
15320.0 33453.025456247175
15330.0 39690.07456548679
15340.0 41205.70740654441
15350.0 38743.134621927275
15360.0 39637.026034807146
15370.0 39541.814189661534
15380.0 40101.946596468566
15390.0 40322.9886476686
15400.0 38351.01523578617
15410.0 41468.497460001556
15420.0 38898.16495762013
15430.0 40692.22059451669
15440.0 39448.22387707678
15450.0 43187.564605526335
15460.0 43362.049251348886
15470.0 39502.95843408005
15480.0 42243.53467019477
15490.0 43020.50509211976
15500.0 40198.849042834
15510.0 41848.92348927556
15520.0 44819.673832211956
15530.0 42292.74607135549
15540.0 43436.97681424791
15550.0 43751.12011423637
15560.0 44294.37126080384
15570.0 40825.81667121715
15580.0 40234.73362353295
15590.0 44386.3178409213
15600.0 42794.635451293274
15610.0 43165.307717965115
15620.0 45291.226521511184
15630.0 45550.5690677533
15640.0 45141.38877859533
15650.0 41106.52325329565
15660.0 44417.97293411224
15670.0 48848.282869192226
15680.0 48675.51410965728
15690.0 44793.45885755219
15700.0 45917.25704666157
15710.0 46765.14747018779
15720.0 45601.49527703995
15730.0 46754.49819887676
15740.0 49580.58881535515
15750.0 47200.76515796646
15760.0 47711.96513571104
15770.0 49187.719265149775
15780.0 46258.61010423576
15790.0 49509.766379800996
15800.0 46047.95471614236
15810.0 48440.11263262574
15820.0 50177.39147816571
15830.0 49782.8024121682
15840.0 47660.01224141797
15850.0 49191.58774713418
15860.0 50921.16144953858
15870.0 52003.40495616165
15880.0 51942.98900695383
15890.0 50900.998630259695
15900.0 49744.37798365236
15910.0 50842.405987681734
15920.0 51650.362022929694
15930.0 50987.927114219405
15940.0 51194.92448029035
15950.0 54192.531154225704
15960.0 53775.709425534646
15970.0 51266.88543566505
15980.0 53125.92328926519
15990.0 51043.83823736967
16000.0 53105.61335734902
16010.0 55596.056144534174
16020.0 52851.65428096288
16030.0 55541.13297343476
16040.0 51980.84238276174
16050.0 53836.41350127534
16060.0 54140.819981148205
16070.0 56791.00904613439
16080.0 55451.29459269293
16090.0 55045.67924029414
16100.0 54517.50022059592
16110.0 55362.65485981669
16120.0 55872.706856561475
16130.0 54303.90756612602
16140.0 56874.88744634072
16150.0 55746.71278756085
16160.0 57416.66626293828
16170.0 59706.54910770338
16180.0 57458.73210314432
16190.0 54504.57107554379
16200.0 56259.232574522284
16210.0 56120.439226778144
16220.0 59223.87704165648
16230.0 58971.5750925154
16240.0 58681.816438347065
16250.0 57341.38407912158
16260.0 57965.82629973975
16270.0 60018.2474559711
16280.0 59349.689307859524
16290.0 58796.49531407086
16300.0 59217.13139205147
16310.0 60187.09171801686
16320.0 56235.510074408485
16330.0 62773.87860992768
16340.0 58800.920341110344
16350.0 59757.38415217305
16360.0 59240.99446860951
16370.0 63658.84025738893
16380.0 61033.259849013986
16390.0 60616.96795040983
16400.0 61988.31468093653
16410.0 59152.839499595066
16420.0 60247.2576416538
16430.0 61827.09511537921
16440.0 62942.599470429224
16450.0 63183.19622331776
16460.0 64116.424337134944
16470.0 64189.30613315517
16480.0 64445.7321908107
16490.0 60213.0410718782
16500.0 61511.72610262326
16510.0 62019.446874008136
16520.0 63152.90674546204
16530.0 63550.18671696566
16540.0 62282.880100155046
16550.0 63366.633646445945
16560.0 65007.821240444224
16570.0 63726.3257773115
16580.0 64154.62723220259
16590.0 62449.553464495526
16600.0 62470.973114844026
16610.0 63334.87578248332
16620.0 61570.767845260474
16630.0 65901.23627649498
16640.0 64473.3912103976
16650.0 67143.90861196414
16660.0 65533.42586539389
16670.0 62379.81633830403
16680.0 64841.07817963888
16690.0 65590.43071563028
16700.0 64714.39213654549
16710.0 64690.25532622115
16720.0 64501.243322543465
16730.0 66299.48330266721
16740.0 64914.50489475244
16750.0 67085.30346644037
16760.0 65735.82426585192
16770.0 64637.232677230364
16780.0 66895.91656819513
16790.0 65835.02789141356
16800.0 67329.31256183432
16810.0 66406.40204045351
16820.0 65927.57391590833
16830.0 66523.4047213312
16840.0 65522.32915522653
16850.0 65530.04527087751
16860.0 65538.34134128923
16870.0 65439.699234117696
16880.0 62703.42470176338
16890.0 63190.430884997426
16900.0 66964.10568809714
16910.0 67188.56374737395
16920.0 58399.66033124353
16930.0 66884.68443968763
16940.0 62038.44758925044
16950.0 63308.93615585699
16960.0 61589.60905488083
16970.0 56546.65609814132
16980.0 64182.729308311056
16990.0 59598.26824166387
17000.0 59586.91163336033
17010.0 62039.86517375862
17020.0 62115.44624700299
17030.0 60090.302411009456
17040.0 58239.69845067992
17050.0 57493.47601756843
17060.0 59882.03490520605
17070.0 59008.1195186115
17080.0 52053.47425124741
17090.0 59848.806917437105
17100.0 58209.33559167042
17110.0 52753.79060020317
17120.0 54614.7993272373
17130.0 53565.049354413706
17140.0 49640.82790829223
17150.0 53528.70855552408
17160.0 50880.723421230134
17170.0 51320.22661294445
17180.0 45395.90602319392
17190.0 46939.99354435049
17200.0 53816.35025918878
17210.0 48523.090576674644
17220.0 51751.71196373291
17230.0 45016.022716848136
17240.0 51691.30732445116
17250.0 54835.926869249226
17260.0 43910.877900891785
17270.0 46903.00194419564
17280.0 48830.72332546623
17290.0 44632.93292054859
17300.0 54459.4699123872
17310.0 43504.646755645386
17320.0 43733.494528718176
17330.0 49667.170999093425
17340.0 42032.85996459353
17350.0 43321.451825949414
17360.0 45096.36239288774
17370.0 44727.84952110779
17380.0 44446.74086316775
17390.0 44890.89941443842
17400.0 41504.74205194452
17410.0 43138.75430761117
17420.0 45087.746359854005
17430.0 43326.14863420764
17440.0 41558.583122441436
17450.0 41700.96837412305
17460.0 41669.1176742312
17470.0 40404.91516335876
17480.0 44308.27507275274
17490.0 40831.0472464172
17500.0 36009.44676591217
17510.0 40393.699077360674
17520.0 43710.626069543
17530.0 42286.65350258319
17540.0 38794.15487645757
17550.0 38134.093166383784
17560.0 32515.334107006474
17570.0 39190.429998102016
17580.0 33953.73616402542
17590.0 41013.336729437215
17600.0 38045.736161227294
17610.0 40839.55903384588
17620.0 31936.785690153818
17630.0 38948.15508876232
17640.0 36343.11448610972
17650.0 38511.20020710619
17660.0 41966.43927225757
17670.0 32665.59502869912
17680.0 29685.958876351284
17690.0 39350.42927456941
17700.0 36708.84062408635
17710.0 34461.13047381299
17720.0 30080.98861546654
17730.0 35314.557800177856
17740.0 35099.11287464656
17750.0 33129.92581591124
17760.0 29630.056379341157
17770.0 34370.751836850875
17780.0 34827.98726225157
17790.0 29269.305314114263
17800.0 38807.83697590542
17810.0 27623.436399467362
17820.0 31511.207682571338
17830.0 35313.51199718029
17840.0 32753.78058009821
17850.0 28723.15470421444
17860.0 30356.332922444144
17870.0 28187.409884427776
17880.0 31299.639281903994
17890.0 33897.92976666676
17900.0 31607.414430468747
17910.0 27822.443795937976
17920.0 29973.915671393464
17930.0 28955.787111673446
17940.0 30296.42462131551
17950.0 32815.196858181494
17960.0 26140.631808603626
17970.0 32819.66997943829
17980.0 35653.94821272998
17990.0 26186.091733324392
18000.0 26797.19182539748
18010.0 27370.158109757875
18020.0 26830.04584645079
18030.0 28450.09646034623
18040.0 32294.764829143554
18050.0 27319.53003707828
18060.0 29677.299641298614
18070.0 25860.232793652525
18080.0 26931.003767834343
18090.0 30004.98465705201
18100.0 27755.497352881786
18110.0 28483.377940870414
18120.0 23112.85567758236
18130.0 31870.660486497894
18140.0 34025.648068336144
18150.0 27900.24204792517
18160.0 31898.108200815484
18170.0 25840.48522700288
18180.0 26284.841409219043
18190.0 27688.13020508506
18200.0 27212.607219387864
18210.0 25641.978689811654
18220.0 24259.780958705865
18230.0 34134.139484712694
18240.0 31395.09563475637
18250.0 29005.70976597934
18260.0 25418.62171296962
18270.0 25101.297017095916
18280.0 29310.173308623802
18290.0 32233.3699815484
18300.0 26884.724666733753
18310.0 28874.658310479776
18320.0 23929.302869241496
18330.0 27496.300211417365
18340.0 27608.4219196868
18350.0 27267.408077543827
18360.0 29016.774802955417
18370.0 24525.18277579842
18380.0 29320.61725211537
18390.0 23810.701144973795
18400.0 27654.952086669884
18410.0 30979.744037279845
18420.0 23355.184005119758
18430.0 26022.26207506025
18440.0 23608.27265248168
18450.0 26518.688680936204
18460.0 25769.603612617724
18470.0 24244.046316182503
18480.0 21840.481780923914
18490.0 26279.265622216444
18500.0 24203.633366361337
18510.0 28315.88632015898
18520.0 28698.83100232869
18530.0 22329.55932726931
18540.0 24504.93493023251
18550.0 27743.703652553602
18560.0 22308.169379465497
18570.0 22403.185505214522
18580.0 22137.477227230833
18590.0 21910.578043834623
18600.0 21269.598003187406
18610.0 22833.57663227967
18620.0 24689.524039394448
18630.0 24883.449624536668
18640.0 23264.908444881465
18650.0 21743.21204433697
18660.0 27315.440920227178
18670.0 24221.819482767787
18680.0 23270.925386106686
18690.0 26663.922761684447
18700.0 26061.654306065022
18710.0 24583.46119382832
18720.0 25709.58784037693
18730.0 21669.208411109554
18740.0 30732.557810638573
18750.0 26598.677391966437
18760.0 24022.96174256307
18770.0 23849.072341285384
18780.0 22734.540792293305
18790.0 24009.278537783935
18800.0 26782.654579086266
18810.0 23962.720955374396
18820.0 28152.634938354604
18830.0 29913.95751993262
18840.0 25844.46872948272
18850.0 23218.11986487509
18860.0 26844.103866307643
18870.0 28826.135827356604
18880.0 25858.030524650818
18890.0 27424.7370576934
18900.0 26974.799498850734
18910.0 24602.452422695187
18920.0 22185.0855819669
18930.0 25831.64878688214
18940.0 24496.4109310798
18950.0 28775.08910177969
18960.0 26755.4757361218
18970.0 26346.364700121587
18980.0 23046.797118684703
18990.0 29849.72892715458
19000.0 29332.76104468252
19010.0 26138.535717314793
19020.0 28088.086590459996
19030.0 26208.798804438436
19040.0 28368.3694800037
19050.0 26827.691629502067
19060.0 23950.98909963246
19070.0 28209.666048936622
19080.0 29237.296085609418
19090.0 27753.440477558215
19100.0 26438.325046898193
19110.0 22546.705350765536
19120.0 28305.471823589716
19130.0 28244.707397382757
19140.0 29071.29054196798
19150.0 28764.93267464217
19160.0 23998.646250811213
19170.0 26492.88346396078
19180.0 27652.902025483007
19190.0 27391.047259461597
19200.0 24761.3549261747
19210.0 27401.063185215335
19220.0 26514.118794876948
19230.0 27170.13685168269
19240.0 25011.21256821594
19250.0 28754.42412504259
19260.0 24522.353818548672
19270.0 27874.406333955732
19280.0 28938.15612005067
19290.0 26893.28746361869
19300.0 24929.589276959883
19310.0 22510.81596513997
19320.0 26548.161961971775
19330.0 25711.32521405507
19340.0 27474.496583531403
19350.0 27161.4025130971
19360.0 27726.470986551096
19370.0 27354.272609905584
19380.0 24382.071723529523
19390.0 22593.666096154542
19400.0 24250.492035266263
19410.0 24772.059305810555
19420.0 28789.808001306705
19430.0 24224.073196719855
19440.0 24243.371969255742
19450.0 23889.281212186575
19460.0 27790.736704832256
19470.0 27105.89127108716
19480.0 23955.943642588692
19490.0 26322.68858603431
19500.0 25305.017830502075
19510.0 24757.40428467542
19520.0 25658.718288688957
19530.0 25849.73261500133
19540.0 24949.593643898483
19550.0 21669.067283728167
19560.0 25208.850950834818
19570.0 28534.03666270876
19580.0 27194.820217666645
19590.0 26531.944096700132
19600.0 23169.337656688793
19610.0 25099.04069657527
19620.0 27033.412430203643
19630.0 22660.517165232384
19640.0 27260.37753415546
19650.0 25150.867845257002
19660.0 26976.950339800995
19670.0 24252.873581561933
19680.0 25181.302610817387
19690.0 26295.01850539821
19700.0 27586.404079071173
19710.0 23934.12088208536
19720.0 28930.657990565247
19730.0 22904.231002241228
19740.0 26186.44173291958
19750.0 21034.03824610646
19760.0 23980.175035187258
19770.0 24642.928550624256
19780.0 23653.462328807367
19790.0 24408.54409766747
19800.0 23065.523665106033
19810.0 23983.972856254863
19820.0 23434.835545149646
19830.0 25504.178911580148
19840.0 24423.92582651734
19850.0 24970.080454557952
19860.0 23647.587498934266
19870.0 25602.016991065422
19880.0 24235.61242423468
19890.0 22433.769193595734
19900.0 21506.193137233407
19910.0 23206.89898197675
19920.0 25910.431540603233
19930.0 27397.91302714357
19940.0 23851.85934479587
19950.0 23618.1489712182
19960.0 26860.439985851837
19970.0 20917.209496860076
19980.0 25470.46998777921
19990.0 23527.594030405548
20010.0 25037.32886330797
20020.0 24190.54774686692
20030.0 25522.5599441771
20040.0 24427.303484173062
20050.0 24608.0912386463
20060.0 23911.47383746959
20070.0 25795.03655066689
20080.0 24271.43910738574
20090.0 23626.98311249718
20100.0 23064.605529059587
20110.0 24657.72434797849
20120.0 25037.221468404583
20130.0 23644.5087950604
20140.0 27699.767266665516
20150.0 24325.23341966667
20160.0 23504.07420523825
20170.0 23486.513613438434
20180.0 24675.431696412277
20190.0 22241.465212681407
20200.0 23604.420462410224
20210.0 27928.276877717086
20220.0 24868.579261968574
20230.0 25493.400725001964
20240.0 27068.31135619023
20250.0 24527.153521491353
20260.0 23316.54074823278
20270.0 23536.991118288188
20280.0 26122.83003239691
20290.0 24266.823025287922
20300.0 24027.00867056585
20310.0 25944.762012549018
20320.0 27117.535140081203
20330.0 24903.5357868513
20340.0 25786.490390820363
20350.0 23723.781538013387
20360.0 26947.351717656973
20370.0 26407.857402473353
20380.0 26355.61848574884
20390.0 23408.315070881443
20400.0 24571.092192622098
20410.0 25613.89292790573
20420.0 27672.66910869086
20430.0 25327.344515549306
20440.0 23644.163334080884
20450.0 24407.933020462937
20460.0 27247.15466402723
20470.0 28408.763742436
20480.0 24845.396656432076
20490.0 23295.330952329055
20500.0 26862.012206245312
20510.0 27725.399877543223
20520.0 25531.976551252235
20530.0 25733.803624972785
20540.0 23707.265993750538
20550.0 25950.432803157477
20560.0 27479.155795926763
20570.0 27177.473561397972
20580.0 29113.722623576825
20590.0 27354.544521311946
20600.0 26032.077614828155
20610.0 27342.7288516067
20620.0 25618.10080704542
20630.0 23998.257385882578
20640.0 25116.312677043617
20650.0 26318.032252481164
20660.0 29243.423049326266
20670.0 26317.007628814037
20680.0 27791.649900762288
20690.0 25755.82096775193
20700.0 30301.36574044135
20710.0 25614.497905117012
20720.0 27097.470229095572
20730.0 26250.570521178808
20740.0 27651.089118234464
20750.0 27703.448257187978
20760.0 25422.683160583747
20770.0 28699.487200166845
20780.0 28475.050009149978
20790.0 27803.65885423819
20800.0 28748.42489427615
20810.0 25548.457660668253
20820.0 28832.48874548317
20830.0 27507.119481741953
20840.0 28395.57953559155
20850.0 27407.485201642914
20860.0 28196.835030371592
20870.0 27964.52583812838
20880.0 28493.740819312836
20890.0 27104.782306814814
20900.0 29348.209896606044
20910.0 28619.821049813636
20920.0 31681.183858799912
20930.0 27618.947842752867
20940.0 27510.980458514023
20950.0 29263.405664150145
20960.0 27666.421358736756
20970.0 28323.549677940333
20980.0 30747.074393446936
20990.0 27705.524204619403
21000.0 30190.17396999328
21010.0 29939.412817791632
21020.0 28933.463532940674
21030.0 29263.41519848945
21040.0 30161.03486990063
21050.0 29148.284365964748
21060.0 31196.89037332176
21070.0 29379.812326603016
21080.0 27324.690714233333
21090.0 29897.947101562913
21100.0 31943.79887279756
21110.0 28759.5966164128
21120.0 29367.75488786517
21130.0 31582.040316717008
21140.0 32331.050472406765
21150.0 30143.99136738528
21160.0 30912.517762079657
21170.0 27991.857965359628
21180.0 31328.15512947094
21190.0 30341.328138584955
21200.0 30105.79953902841
21210.0 31510.51829274252
21220.0 31758.390394768456
21230.0 30497.98395266221
21240.0 32649.404530819702
21250.0 31583.09941068975
21260.0 30979.582458919584
21270.0 29713.119343870632
21280.0 30583.88451094876
21290.0 29987.026547861784
21300.0 31421.272360269515
21310.0 32749.90399701005
21320.0 31937.641401813606
21330.0 32488.117606125463
21340.0 31051.092146331244
21350.0 33938.59240082782
21360.0 31841.006998686513
21370.0 31750.32729179727
21380.0 31126.656384417518
21390.0 32578.14976743721
21400.0 30158.43786144418
21410.0 32011.177644096348
21420.0 30428.090722944344
21430.0 33928.417079788334
21440.0 34346.90509548945
21450.0 34161.09152953463
21460.0 33652.31631445801
21470.0 33137.52747717902
21480.0 31941.254336815502
21490.0 31896.947394209532
21500.0 31452.062189058386
21510.0 32879.748600574756
21520.0 31901.585172621857
21530.0 33463.49641014914
21540.0 33128.38839092136
21550.0 32308.48900821681
21560.0 32427.241366151447
21570.0 34420.847581945614
21580.0 34226.30656815143
21590.0 32397.38560402045
21600.0 32778.92275242264
21610.0 34779.628955460204
21620.0 32271.38024952948
21630.0 32807.20953038576
21640.0 34460.66490474939
21650.0 32211.23586766596
21660.0 34323.00134632554
21670.0 33220.3977479856
21680.0 36194.38488902189
21690.0 35118.908477047335
21700.0 32400.818667678217
21710.0 33518.89086330904
21720.0 33077.576640044856
21730.0 33828.97796146669
21740.0 34032.448326777
21750.0 33361.09569954848
21760.0 32401.060078155788
21770.0 33254.06849814548
21780.0 32838.502434974354
21790.0 33813.2002204882
21800.0 32690.662440938144
21810.0 35981.652807851424
21820.0 32768.27106889534
21830.0 33838.66232583358
21840.0 34090.51056708945
21850.0 33018.93433731801
21860.0 32985.77704222994
21870.0 33678.73571738786
21880.0 34907.9918809854
21890.0 33971.94473929863
21900.0 34120.755975469234
21910.0 34689.92290220994
21920.0 33067.65276114864
21930.0 33112.7804960267
21940.0 33764.667668877024
21950.0 34193.19323421688
21960.0 34948.36524249853
21970.0 33464.280163125324
21980.0 34067.47345720103
21990.0 35052.244597441815
22000.0 34383.45315326928
22010.0 33593.24377580096
22020.0 34217.49720472581
22030.0 31910.625073292722
22040.0 33865.45778883681
22050.0 33756.29836791801
22060.0 31478.03330886765
22070.0 34541.73308108443
22080.0 31878.107753222866
22090.0 34885.76122850641
22100.0 33623.85856896877
22110.0 34081.07838527131
22120.0 34513.25792311343
22130.0 33953.94842852099
22140.0 35010.44826767294
22150.0 33879.77042734394
22160.0 33880.23936946657
22170.0 33406.45164781071
22180.0 35062.453199515345
22190.0 31390.910099858484
22200.0 32364.38923136808
22210.0 32973.7976130638
22220.0 35098.994615553966
22230.0 33668.341723860896
22240.0 35709.863880991674
22250.0 36095.75475935658
22260.0 32878.01896898664
22270.0 33048.83646107148
22280.0 32535.30312807123
22290.0 33682.91408662041
22300.0 34677.09120022669
22310.0 34899.47170714148
22320.0 34655.745888132005
22330.0 32976.57155650983
22340.0 32843.27015351841
22350.0 32018.136264381297
22360.0 32733.619560068415
22370.0 34719.482488480266
22380.0 32623.005674529966
22390.0 35494.655045416184
22400.0 35335.25759617456
22410.0 33191.61377882255
22420.0 32897.510729030175
22430.0 33658.02378963545
22440.0 32143.70028995666
22450.0 36447.442518184915
22460.0 33938.16266381862
22470.0 33253.252792425315
22480.0 35230.35543048466
22490.0 32423.927582137065
22500.0 33094.816238278945
22510.0 34393.282960957855
22520.0 33913.72960043464
22530.0 33670.66127914734
22540.0 31264.273451599543
22550.0 34053.426338154495
22560.0 34738.99051023074
22570.0 31410.70605608211
22580.0 34729.04568583977
22590.0 33759.02394004703
22600.0 33448.589298009276
22610.0 33581.48271672272
22620.0 33517.42772762041
22630.0 31852.956308356
22640.0 30835.26196390394
22650.0 33973.52321411244
22660.0 32418.788591289624
22670.0 35062.744476444095
22680.0 32453.717033232886
22690.0 34469.3796731029
22700.0 30765.947796783526
22710.0 33192.27150934263
22720.0 31868.377759469397
22730.0 33539.01855711313
22740.0 32527.446913844873
22750.0 34819.83474776719
22760.0 33045.89418463047
22770.0 34091.131595367544
22780.0 31812.67280496627
22790.0 32273.52098574795
22800.0 28761.169923193665
22810.0 34579.422454475425
22820.0 34202.49089675934
22830.0 31362.000392350215
22840.0 31618.700865135474
22850.0 33043.62682668794
22860.0 33521.07924806547
22870.0 33892.60617226565
22880.0 33279.76256290475
22890.0 34029.98896748454
22900.0 33754.828911879165
22910.0 30290.833796585728
22920.0 31585.435688260255
22930.0 22620.019961167494
22940.0 21803.83115665389
22950.0 24751.829361598204
22960.0 24474.607066801153
22970.0 25612.19196315394
22980.0 25903.115748640907
22990.0 27444.371989346717
23000.0 27570.254126633343
23010.0 25717.64286292105
23020.0 26906.40618946886
23030.0 27518.148504734978
23040.0 28353.80785453107
23050.0 26394.112007891978
23060.0 27747.508230070413
23070.0 27301.742617029427
23080.0 28896.702441367208
23090.0 26241.242711459614
23100.0 28478.459017280282
23110.0 26286.497234936218
23120.0 27063.498029310373
23130.0 26745.675939726636
23140.0 25805.89230286416
23150.0 29745.654495215458
23160.0 26859.851967858565
23170.0 25288.780195263786
23180.0 29257.314583204236
23190.0 29112.205015978423
23200.0 25428.816635663985
23210.0 27174.826204312198
23220.0 22116.518060807626
23230.0 20302.281383535617
23240.0 24755.5741190217
23250.0 23329.90882590702
23260.0 23840.300341405604
23270.0 25033.19228766936
23280.0 23241.927767180216
23290.0 26872.519242702336
23300.0 21410.45985726454
23310.0 24499.74169007565
23320.0 27192.801469369624
23330.0 25563.86218428696
23340.0 24240.83137629553
23350.0 24235.98734072563
23360.0 25278.075321047374
23370.0 24555.373748246006
23380.0 25605.57645243386
23390.0 24212.05289473327
23400.0 24437.978699126794
23410.0 22590.95428546947
23420.0 28052.33894797472
23430.0 23478.33352460314
23440.0 23198.2826790392
23450.0 25938.615361666292
23460.0 25348.762322927658
23470.0 27741.365400545954
23480.0 27512.880290284724
23490.0 24172.601576630248
23500.0 24583.35112744895
23510.0 22222.35812382291
23520.0 20501.715749203955
23530.0 21343.753425099494
23540.0 21955.96042990247
23550.0 22731.725904251365
23560.0 22662.883878653953
23570.0 23792.12255062589
23580.0 21154.99352843651
23590.0 22678.383719661324
23600.0 23622.743940380315
23610.0 22290.334288573682
23620.0 22490.984803725576
23630.0 23263.36428832425
23640.0 23988.982906061945
23650.0 24069.832996552603
23660.0 24066.676611813622
23670.0 19733.445184937234
23680.0 23755.986449017855
23690.0 24391.33638336087
23700.0 23680.068328416237
23710.0 24085.060169383418
23720.0 22910.167593864993
23730.0 25497.623089334138
23740.0 23342.167248461014
23750.0 23291.44406379704
23760.0 20568.228512998157
23770.0 26129.68307125901
23780.0 21378.972347663894
23790.0 22763.868091038406
23800.0 23081.805739320906
23810.0 23644.905107411178
23820.0 20187.777277942467
23830.0 19927.95915835429
23840.0 22754.035461869127
23850.0 21141.11446037804
23860.0 19055.611935673776
23870.0 21118.94675807726
23880.0 22025.983572171608
23890.0 23072.341439881748
23900.0 23417.40219761647
23910.0 20161.348971847026
23920.0 19259.06298563762
23930.0 24268.227320895825
23940.0 21764.39229819151
23950.0 22176.78063993626
23960.0 21032.255878192133
23970.0 21481.09557758106
23980.0 22218.35341074565
23990.0 21963.673029794154
24000.0 19956.52897185897
24010.0 20526.97338988476
24020.0 19654.906224305458
24030.0 22399.985347923204
24040.0 20373.51299952848
24050.0 20700.265770005364
24060.0 21710.802079216683
24070.0 19291.683496922902
24080.0 18414.440462438426
24090.0 20569.726390132408
24100.0 19107.65636730461
24110.0 20400.85132043844
24120.0 18779.184973421296
24130.0 19411.181979208366
24140.0 19264.70926095225
24150.0 21191.335696224356
24160.0 17587.151594215706
24170.0 18809.04080860947
24180.0 21299.845640219144
24190.0 16588.41070054916
24200.0 21790.60249071481
24210.0 18977.713543038266
24220.0 18486.100128673592
24230.0 19070.91653603084
24240.0 20283.107332845517
24250.0 17491.156251024895
24260.0 17972.49355002633
24270.0 17807.36540421252
24280.0 18868.316299504335
24290.0 20074.475277285386
24300.0 17644.814711065297
24310.0 17101.76863894934
24320.0 20610.322701138768
24330.0 16506.10981027474
24340.0 17787.087184416127
24350.0 19772.138496269243
24360.0 15227.393783512876
24370.0 16241.693922167235
24380.0 19704.251035285983
24390.0 19190.879589063203
24400.0 18242.25640204763
24410.0 17649.89232719491
24420.0 16814.526465228955
24430.0 17195.791737919266
24440.0 16101.543635898115
24450.0 19445.655647953652
24460.0 16753.452015908842
24470.0 16153.144121675072
24480.0 16605.860019742548
24490.0 17812.76453907422
24500.0 18564.299373044232
24510.0 15799.758185258957
24520.0 15632.590603846844
24530.0 15148.42126308133
24540.0 13945.858242290253
24550.0 18101.17335896379
24560.0 17580.01926595747
24570.0 18818.30875380552
24580.0 17687.52954553941
24590.0 15253.799278288165
24600.0 15819.773901694625
24610.0 14481.743042117949
24620.0 18287.737228522143
24630.0 16987.907497302313
24640.0 18608.02721123755
24650.0 16207.998197619538
24660.0 16285.10193494645
24670.0 14616.57311282417
24680.0 15460.10981197135
24690.0 17091.501257882337
24700.0 15107.863384524295
24710.0 16249.042009257764
24720.0 15797.847633653633
24730.0 14048.798410638987
24740.0 14075.534698488478
24750.0 14649.052047582602
24760.0 18610.88994300959
24770.0 15579.089652617504
24780.0 14700.467036236289
24790.0 15121.857440181699
24800.0 15055.75660787381
24810.0 14661.059194280482
24820.0 14380.99434102719
24830.0 16457.562112240365
24840.0 16455.82721288955
24850.0 17515.75703541962
24860.0 15050.440327925297
24870.0 14516.589107671207
24880.0 14235.172482928974
24890.0 13584.502261148846
24900.0 13049.354025780623
24910.0 14645.978332159233
24920.0 16165.764495490528
24930.0 15652.576789935472
24940.0 15483.39352551603
24950.0 16488.389970672943
24960.0 14743.326255092998
24970.0 13932.705820137358
24980.0 13774.94636404918
24990.0 14585.847057846202
