#lam[Angstrom] flux[erg/cm2/s/A]
1010.0 11.698839859407927
1020.0 12.113621084085967
1030.0 41.7913269568436
1040.0 16.473479961265127
1050.0 12.404508977248359
1060.0 12.516646728531544
1070.0 13.21719017896277
1080.0 39.999145487066514
1090.0 40.75008095537187
1100.0 13.063383364536675
1110.0 13.16810025317598
1120.0 13.680048283633115
1130.0 13.306498971125595
1140.0 14.450899293753453
1150.0 13.561063610964169
1160.0 13.818917607366084
1170.0 13.844484936190442
1180.0 13.904107795121819
1190.0 13.98873348385518
1200.0 21.092938386351168
1210.0 18.773899722092185
1220.0 119.4474174689554
1230.0 17.27806001211366
1240.0 70.43347308785005
1250.0 24.532217019043266
1260.0 34.13880217630616
1270.0 35.07346351793242
1280.0 36.211530910821736
1290.0 39.082100749741855
1300.0 42.08710678466747
1310.0 46.284229262828006
1320.0 48.34541034969914
1330.0 49.161535892036774
1340.0 54.868701724414464
1350.0 52.80654764386028
1360.0 54.06576430350681
1370.0 54.86647837174879
1380.0 56.029790113450446
1390.0 128.28322431091692
1400.0 142.6607946012929
1410.0 105.46443824619742
1420.0 59.49174123324523
1430.0 58.41912762444181
1440.0 58.71879754179663
1450.0 59.10947971699117
1460.0 59.57465174362269
1470.0 60.03641201203639
1480.0 60.319141983936674
1490.0 94.67068104385908
1500.0 59.72255958598875
1510.0 59.62420578033825
1520.0 59.6896617479274
1530.0 62.371130296470014
1540.0 59.270489948444244
1550.0 841.5932077593229
1560.0 59.294309547834466
1570.0 59.03986723061095
1580.0 61.86100407633359
1590.0 58.98389017551652
1600.0 64.67164402247825
1610.0 58.86901728397934
1620.0 58.86434336573826
1630.0 58.51595739261848
1640.0 535.2016904352853
1650.0 58.02595553343912
1660.0 75.05836350827535
1670.0 102.21111358790382
1680.0 57.654217124350325
1690.0 57.48005818068722
1700.0 57.24515356465238
1710.0 56.955853372704055
1720.0 61.143494305515844
1730.0 57.24198036933352
1740.0 58.32568149123751
1750.0 86.53713566430362
1760.0 56.73265457420162
1770.0 56.71480983733154
1780.0 56.885774266502345
1790.0 60.837230003207175
1800.0 56.50465753532581
1810.0 69.69300828101116
1820.0 70.89023497508478
1830.0 55.46169312778976
1840.0 55.10799809667001
1850.0 59.49773508856776
1860.0 57.235753438137515
1870.0 54.46243712527608
1880.0 89.29345043176345
1890.0 111.74884666964977
1900.0 53.92100360555566
1910.0 362.2801493050041
1920.0 53.548686085063885
1930.0 53.78732304516094
1940.0 52.81159338561058
1950.0 52.783161690251056
1960.0 52.246698628047135
1970.0 51.94005619632894
1980.0 51.66267834741701
1990.0 51.43646220007109
2000.0 51.089128476710314
2010.0 50.644838222293366
2020.0 48.54750694447387
2030.0 45.79165307690232
2040.0 44.446994757706236
2050.0 42.42692341951002
2060.0 41.722256626728026
2070.0 42.04669977402576
2080.0 41.125830804290985
2090.0 42.42210458448021
2100.0 41.50926468292074
2110.0 41.51576349905367
2120.0 42.719377416679556
2130.0 42.66866694977185
2140.0 44.882575915449635
2150.0 41.05383432801086
2160.0 41.39128066617408
2170.0 40.41017899243175
2180.0 41.975367855760446
2190.0 41.12452782975075
2200.0 41.49789501389418
2210.0 42.08789401894116
2220.0 44.08854929999248
2230.0 43.225243685666726
2240.0 43.92967889719513
2250.0 46.85182017487826
2260.0 45.43536579704013
2270.0 46.49343507614083
2280.0 47.505394335506146
2290.0 48.520554183577644
2300.0 50.67464036076604
2310.0 53.35236620953712
2320.0 56.33848626085851
2330.0 100.51361711854256
2340.0 63.95909238391934
2350.0 56.71390195379559
2360.0 55.77505665146584
2370.0 56.603080281468124
2380.0 58.66169083427673
2390.0 63.55448709661107
2400.0 60.94621548652105
2410.0 62.754590089747616
2420.0 62.591561796913396
2430.0 136.2952445893057
2440.0 66.65509655236097
2450.0 69.97671081378827
2460.0 68.47624542382259
2470.0 69.71138661790559
2480.0 70.74868413495861
2490.0 69.97700071072362
2500.0 74.13068435339157
2510.0 81.14024073338587
2520.0 74.68252350314107
2530.0 79.20101294396515
2540.0 83.42182345228503
2550.0 89.08903808675811
2560.0 96.25818654293614
2570.0 90.30426303851395
2580.0 87.73936467826253
2590.0 88.78051506203666
2600.0 108.67362705088114
2610.0 95.6076584753306
2620.0 110.76539408296902
2630.0 131.43526622023575
2640.0 143.08278409667042
2650.0 121.13808276121813
2660.0 146.015143464112
2670.0 140.32100735352498
2680.0 150.3512576069853
2690.0 144.36945639641723
2700.0 140.33199633649863
2710.0 158.85337301148775
2720.0 111.90785002733134
2730.0 144.70527359795324
2740.0 145.0646741640698
2750.0 158.038109086796
2760.0 174.56669103669853
2770.0 216.48637021718798
2780.0 195.97497397256342
2790.0 480.80090912748904
2800.0 321.07425007495516
2810.0 224.24779425167694
2820.0 238.01918786646974
2830.0 244.9386914139672
2840.0 166.19451635751716
2850.0 130.61304888811074
2860.0 163.6658164060236
2870.0 219.0743989036049
2880.0 295.69768021782636
2890.0 380.3275818917744
2900.0 467.33522502363417
2910.0 492.7520578357683
2920.0 662.6365841075173
2930.0 533.4799350906305
2940.0 380.41208499160393
2950.0 444.17799824779286
2960.0 561.1479518212052
2970.0 286.6626427204344
2980.0 433.3365249700946
2990.0 503.0862268157318
3000.0 360.2340604551795
3010.0 490.158770169151
3020.0 329.2500259885426
3030.0 641.742044445437
3040.0 619.6538440038174
3050.0 590.1656670518611
3060.0 730.8342138830045
3070.0 1496.779631762973
3080.0 802.1695184353803
3090.0 849.8167887902864
3100.0 1029.70321339285
3110.0 2032.9091508952515
3120.0 3092.467222836236
3130.0 2537.0485697937993
3140.0 3555.3152823408223
3150.0 4250.147022979862
3160.0 3902.2120382952185
3170.0 5135.426013077337
3180.0 3996.513921836755
3190.0 2807.501484818787
3200.0 3541.716806123129
3210.0 3973.2130616028835
3220.0 3819.530864866911
3230.0 3206.3767097457935
3240.0 4398.122071365196
3250.0 4676.864310912664
3260.0 8261.466173156292
3270.0 6218.029015734234
3280.0 7130.327826296434
3290.0 8631.99229000151
3300.0 8568.436598559087
3310.0 8412.52074711135
3320.0 7098.892602550936
3330.0 9359.777906531639
3340.0 7351.003054141391
3350.0 6439.197468707572
3360.0 5575.848879574276
3370.0 3207.1152195751315
3380.0 5984.95019327318
3390.0 4793.013289004463
3400.0 8369.44257299435
3410.0 5250.434852075847
3420.0 5855.680366691452
3430.0 6189.599284202009
3440.0 2250.3407000221905
3450.0 4417.2941502136055
3460.0 3980.4689878414697
3470.0 3994.4505937413805
3480.0 6241.6082912435495
3490.0 4321.642095482994
3500.0 7014.619429246265
3510.0 6336.454137261227
3520.0 5089.313837101002
3530.0 7788.065898983233
3540.0 15286.08454399847
3550.0 11596.887680440821
3560.0 9407.068813352204
3570.0 4185.417665818985
3580.0 3020.814080282607
3590.0 3578.6079898266453
3600.0 5652.508803486255
3610.0 5309.276819804591
3620.0 7107.527806248511
3630.0 9008.7980405572
3640.0 9961.870307497185
3650.0 6984.080389338216
3660.0 16498.837809694112
3670.0 16079.296828718114
3680.0 9637.206169279163
3690.0 12887.499124990665
3700.0 14305.752248449984
3710.0 6917.454591054458
3720.0 3690.3738805009616
3730.0 5078.189217531643
3740.0 3625.826110030784
3750.0 4341.566551937336
3760.0 8285.523558868796
3770.0 14557.121397849438
3780.0 19490.81732516309
3790.0 14319.044237803357
3800.0 15652.416888572294
3810.0 16764.624919793554
3820.0 6255.659430075751
3830.0 7376.258065909268
3840.0 12120.25379985118
3850.0 13820.121997059385
3860.0 5140.023167086443
3870.0 14377.48438255708
3880.0 9855.841624203194
3890.0 11257.098033499187
3900.0 9992.921880966334
3910.0 19099.130465528237
3920.0 12655.37600501449
3930.0 7770.512039974738
3940.0 11411.238171932437
3950.0 14345.104266381128
3960.0 6762.698298440287
3970.0 13858.586260158578
3980.0 26236.118722490988
3990.0 30259.946039336348
4000.0 29777.224421575826
4010.0 35716.60155104768
4020.0 37547.91379103707
4030.0 17120.793885775576
4040.0 33465.05845563024
4050.0 34249.49443307906
4060.0 34010.48129662916
4070.0 35681.40061185264
4080.0 41136.788139401084
4090.0 55557.952408272686
4100.0 39885.50234901181
4110.0 39057.523003328424
4120.0 43038.88583443495
4130.0 37195.57533535145
4140.0 37454.05797873047
4150.0 41682.81341393866
4160.0 44997.998214488
4170.0 36407.77420126589
4180.0 35882.2109640801
4190.0 29885.59615738747
4200.0 23310.45686066959
4210.0 17531.673800514858
4220.0 8209.680891191498
4230.0 5349.48293571801
4240.0 15216.504912576578
4250.0 17704.372964859445
4260.0 26093.904749233694
4270.0 24764.105473117303
4280.0 27813.446160119824
4290.0 24101.04498514985
4300.0 28552.40948326635
4310.0 35660.314983328295
4320.0 42706.741177033226
4330.0 48288.56875096325
4340.0 51581.06722501907
4350.0 56219.8507010035
4360.0 59941.21632361064
4370.0 63595.5984719754
4380.0 38622.03756934859
4390.0 57525.27416827307
4400.0 56075.738692898616
4410.0 54224.483734997644
4420.0 58320.43474566544
4430.0 39400.90555039059
4440.0 47327.86961213536
4450.0 50035.671243635945
4460.0 40904.499827888525
4470.0 60728.56144480295
4480.0 64606.3391730276
4490.0 68798.67435355017
4500.0 69116.08813891147
4510.0 63017.353583407035
4520.0 65091.04398692714
4530.0 49787.02471817343
4540.0 62364.85964846667
4550.0 56225.176339353384
4560.0 74528.43019656885
4570.0 82909.76058181265
4580.0 56863.35647380006
4590.0 47108.79116654347
4600.0 58294.42531761096
4610.0 67057.7532054099
4620.0 71512.3742097882
4630.0 56035.15227933726
4640.0 57702.93239070412
4650.0 54810.03194918163
4660.0 76508.02589559612
4670.0 60451.054636588044
4680.0 59827.63151987507
4690.0 70921.99193255954
4700.0 82158.33016015768
4710.0 84795.20451246128
4720.0 71994.01160291737
4730.0 79572.2680955936
4740.0 78588.44784254977
4750.0 90391.20584585478
4760.0 61970.53667723211
4770.0 49473.883243947115
4780.0 57944.701502864955
4790.0 59972.357070851824
4800.0 56354.78625547985
4810.0 29891.720437809803
4820.0 46800.313555122695
4830.0 55653.79101508926
4840.0 67247.78579029601
4850.0 57838.97540709592
4860.0 58383.79476207166
4870.0 66922.29483091996
4880.0 69395.87813343544
4890.0 91989.42620113652
4900.0 98028.81995560505
4910.0 105920.64397087449
4920.0 107002.70099949895
4930.0 120876.60642985492
4940.0 108493.52973610078
4950.0 128688.0543714805
4960.0 48594.82250295791
4970.0 65202.469631851156
4980.0 66314.08914690655
4990.0 68340.93881479758
5000.0 57273.60149767468
5010.0 43621.44999420468
5020.0 53803.00272156618
5030.0 76479.63993263654
5040.0 58803.617438427646
5050.0 63919.616932605684
5060.0 63712.7899525488
5070.0 68727.83752407548
5080.0 61377.03956575795
5090.0 67066.4354489464
5100.0 76692.14404932167
5110.0 62033.885993168464
5120.0 73381.37282273742
5130.0 74192.14305850388
5140.0 76788.41738057493
5150.0 74458.00165275781
5160.0 83167.4144880207
5170.0 37705.94752403615
5180.0 45691.05385861322
5190.0 55172.16410916104
5200.0 73394.80063711578
5210.0 52315.191387947
5220.0 111140.62355797274
5230.0 107807.27366970637
5240.0 114299.61373356101
5250.0 103654.34440221547
5260.0 101640.73980248389
5270.0 70393.2224179889
5280.0 115293.256095078
5290.0 134182.16121517436
5300.0 118061.1785890373
5310.0 130087.09581686818
5320.0 121178.27761365584
5330.0 94694.16952307598
5340.0 122233.88091143094
5350.0 121981.7830584798
5360.0 119269.62813706454
5370.0 99882.47428252205
5380.0 135739.17290860688
5390.0 129463.20838317985
5400.0 108091.90953155245
5410.0 103284.76844608653
5420.0 132561.454277222
5430.0 101558.57614783423
5440.0 131972.8085967193
5450.0 77663.44894792498
5460.0 78424.79376934124
5470.0 98308.18533939708
5480.0 100713.19356409994
5490.0 109006.61527101991
5500.0 88198.00635349908
5510.0 90246.97697834122
5520.0 108331.14054215563
5530.0 109828.6195627072
5540.0 116122.72707194307
5550.0 120500.76271044575
5560.0 122918.05481032284
5570.0 117830.88060909935
5580.0 116230.12657387255
5590.0 97315.47099214057
5600.0 83449.70303442866
5610.0 95792.80539483772
5620.0 93961.00079809285
5630.0 97622.08789959119
5640.0 92316.53042867179
5650.0 115005.32634842195
5660.0 102513.10059279068
5670.0 102593.33426739715
5680.0 114018.34679540245
5690.0 122531.99130171217
5700.0 121355.0281773823
5710.0 125729.73407170213
5720.0 135658.89690609078
5730.0 133772.6009456113
5740.0 144821.48044901
5750.0 151154.5964489142
5760.0 131203.2380020611
5770.0 131498.85324883435
5780.0 144094.33784410922
5790.0 149053.4265808278
5800.0 161862.25501852945
5810.0 147507.5781048327
5820.0 150085.31293178975
5830.0 154673.02082081552
5840.0 151354.05709614855
5850.0 127666.6123560937
5860.0 113101.49558213081
5870.0 102831.0318407333
5880.0 76545.54302497725
5890.0 43851.31127859662
5900.0 56928.97941302405
5910.0 77996.40516032901
5920.0 87774.64689468294
5930.0 94656.83526182725
5940.0 104207.32108950494
5950.0 98808.8135625619
5960.0 98426.01368530741
5970.0 105323.80113310255
5980.0 110481.2000975846
5990.0 122703.14933496335
6000.0 119548.9390973052
6010.0 126574.42967038581
6020.0 132883.98944735393
6030.0 143649.86644855802
6040.0 144448.4720389468
6050.0 150808.38407351298
6060.0 155724.4080000757
6070.0 164058.10091072798
6080.0 179672.9168449762
6090.0 170273.75369761497
6100.0 154020.87180675974
6110.0 168575.15830555675
6120.0 152146.5431979419
6130.0 181926.89024010414
6140.0 184177.36671788804
6150.0 171311.50000049287
6160.0 109181.63670127047
6170.0 105619.1049871218
6180.0 119634.84418395067
6190.0 94234.99819192744
6200.0 104578.14148823541
6210.0 105768.5805676607
6220.0 84782.23873538648
6230.0 79497.9235884736
6240.0 82122.04627923855
6250.0 94445.404904767
6260.0 98436.91439229436
6270.0 102856.06987511406
6280.0 105862.81010226521
6290.0 113512.85413006306
6300.0 117275.89476416749
6310.0 128206.70145273599
6320.0 135042.20890460824
6330.0 135557.98875936915
6340.0 149465.71255725855
6350.0 131833.45486584332
6360.0 117680.22934301279
6370.0 127640.24929886154
6380.0 117583.1033127843
6390.0 115629.49618352554
6400.0 131446.1961704001
6410.0 150697.97506324647
6420.0 143667.1596340004
6430.0 149956.99688128522
6440.0 153640.57397044566
6450.0 162720.51625846853
6460.0 161396.22073019258
6470.0 178857.67901193825
6480.0 149631.5870469538
6490.0 138474.92877705063
6500.0 135737.56603750557
6510.0 144835.15993606203
6520.0 150639.77702903486
6530.0 169405.547427384
6540.0 180115.0911302861
6550.0 166594.8440421506
6560.0 175733.89937742177
6570.0 175186.65620099386
6580.0 185317.94711020126
6590.0 191284.85712865423
6600.0 195674.01764530677
6610.0 192729.15268808653
6620.0 187136.17701378858
6630.0 186326.45893774554
6640.0 187185.69261640913
6650.0 164917.35690676933
6660.0 156850.9861844706
6670.0 174844.0153754041
6680.0 144596.02514387824
6690.0 141338.79934702627
6700.0 151085.6935591425
6710.0 135382.07635146956
6720.0 111099.9076597988
6730.0 126504.89030258078
6740.0 132851.05156166592
6750.0 122147.03525764626
6760.0 128786.64959689672
6770.0 146485.53772079304
6780.0 129431.449246042
6790.0 120099.63437781096
6800.0 131370.1757109949
6810.0 138690.61108973974
6820.0 130083.62192206724
6830.0 141900.00122264033
6840.0 144657.29286511082
6850.0 130125.52820657959
6860.0 128045.90437068671
6870.0 133371.11253916202
6880.0 141798.99170756718
6890.0 138446.35953416518
6900.0 142863.42408495193
6910.0 165849.86195447147
6920.0 153614.9242968344
6930.0 169781.13268710097
6940.0 167296.4162266273
6950.0 186017.29632296957
6960.0 193611.4861914001
6970.0 198159.27018142378
6980.0 205465.1896924596
6990.0 213278.56969455167
7000.0 214972.2705476305
7010.0 230143.99018656465
7020.0 243893.26200530265
7030.0 258374.24905556053
7040.0 292001.266222975
7050.0 303201.1588190054
7060.0 193057.4651822391
7070.0 223069.09394769196
7080.0 244152.3232146329
7090.0 167960.25414923564
7100.0 170113.566887606
7110.0 197661.10701927214
7120.0 220171.29821360944
7130.0 122309.38517767734
7140.0 138882.41996794625
7150.0 149485.2192716697
7160.0 165828.96489193948
7170.0 172566.01560542118
7180.0 194955.95836000182
7190.0 215570.47445735472
7200.0 171443.76962542091
7210.0 176927.18352916444
7220.0 210947.54808128971
7230.0 217594.32922308875
7240.0 229001.3806192286
7250.0 258569.52435556572
7260.0 275128.85638486536
7270.0 262486.90329846676
7280.0 265163.9323248736
7290.0 293574.91996886005
7300.0 310415.5984387986
7310.0 320077.6293554281
7320.0 324389.1297972007
7330.0 320615.1791063253
7340.0 345123.52947284345
7350.0 347487.50122993503
7360.0 344175.1916167163
7370.0 375888.1411747561
7380.0 372304.4207989549
7390.0 371484.7534350852
7400.0 374190.9451959079
7410.0 378414.30644297967
7420.0 375976.9175724211
7430.0 383018.35753517074
7440.0 384729.85061688273
7450.0 372873.8385017318
7460.0 374567.6983799268
7470.0 383138.26555491454
7480.0 388777.3576900129
7490.0 382289.239662145
7500.0 393993.81311908964
7510.0 387407.9948902893
7520.0 395922.60857853206
7530.0 398323.6207053399
7540.0 404558.8269535952
7550.0 413570.34523046226
7560.0 417832.83230361086
7570.0 411442.6514314803
7580.0 418950.2452699367
7590.0 366977.35026192205
7600.0 366858.18905579695
7610.0 367022.929257936
7620.0 391986.0937706862
7630.0 335408.6467906039
7640.0 344774.0854397065
7650.0 346950.8810550896
7660.0 322158.47476921603
7670.0 258733.06543621916
7680.0 290918.82259870804
7690.0 301784.15863189695
7700.0 275843.0660179062
7710.0 285306.77959501755
7720.0 306570.12672124576
7730.0 328743.8518203058
7740.0 335462.4139829461
7750.0 292956.7845555355
7760.0 295085.7065761426
7770.0 312035.4595553153
7780.0 307553.3029779131
7790.0 310478.13982270024
7800.0 326961.20166529587
7810.0 345048.3747382432
7820.0 340625.72676455695
7830.0 319527.80090943177
7840.0 316697.6512699502
7850.0 339982.57881424745
7860.0 345186.5724453929
7870.0 349971.59005440376
7880.0 361917.7284179236
7890.0 377343.7557696902
7900.0 371482.159184763
7910.0 351429.724975366
7920.0 360911.24849304184
7930.0 373890.2532172626
7940.0 375475.4240988262
7950.0 380483.6325577983
7960.0 398694.1436476844
7970.0 401747.85068856034
7980.0 399877.6739252025
7990.0 397241.8439230143
8000.0 400544.4427305626
8010.0 410758.03485416085
8020.0 414961.8416534357
8030.0 419296.04839704017
8040.0 427590.1314628535
8050.0 419200.41396548506
8060.0 437948.50308577326
8070.0 430033.9876820877
8080.0 435653.7340033644
8090.0 445727.8495078425
8100.0 453365.7544091382
8110.0 455647.95322315715
8120.0 453984.2925682171
8130.0 464637.96457572444
8140.0 469842.8930833097
8150.0 476828.01738286804
8160.0 471875.32799529284
8170.0 479373.3152448731
8180.0 428364.75054435973
8190.0 424428.762851922
8200.0 417555.13876226876
8210.0 446726.58347206766
8220.0 449991.7394178147
8230.0 462769.24174503516
8240.0 460738.07481983176
8250.0 464502.6717524314
8260.0 465025.5893015308
8270.0 454565.5603327307
8280.0 450862.4858227229
8290.0 445247.14252708416
8300.0 442712.9541533378
8310.0 441179.5323236148
8320.0 451801.5824560872
8330.0 421259.56880907627
8340.0 443901.4975253512
8350.0 433651.7833252447
8360.0 434034.3034585455
8370.0 445557.02896911115
8380.0 414130.600043635
8390.0 408688.1511888237
8400.0 433051.2024410749
8410.0 439562.0411800163
8420.0 434178.87927022664
8430.0 391690.4785211642
8440.0 354987.8601542504
8450.0 340876.6950132621
8460.0 335372.8993225323
8470.0 322464.0595983579
8480.0 349888.7345737344
8490.0 361136.63934822404
8500.0 351882.4569759396
8510.0 342524.5562561767
8520.0 339609.78545550554
8530.0 352660.0655062724
8540.0 343558.95033728966
8550.0 373215.08342337055
8560.0 380764.22814289917
8570.0 385899.88183940924
8580.0 385661.50693635625
8590.0 386965.9117196198
8600.0 389337.88027562405
8610.0 392713.21646248427
8620.0 406522.6877881734
8630.0 409839.2282719496
8640.0 415905.97275970865
8650.0 413357.74352429673
8660.0 382273.6418705182
8670.0 411079.7380670958
8680.0 400730.8467308248
8690.0 385824.454365836
8700.0 424304.05496192037
8710.0 430387.1998068887
8720.0 431439.59647055465
8730.0 435905.52123054094
8740.0 439861.8276954254
8750.0 442279.4851821085
8760.0 447174.95160939975
8770.0 441257.78142961656
8780.0 454380.41332798655
8790.0 463370.2439248775
8800.0 460131.41229496576
8810.0 450518.7617040649
8820.0 444956.01202871965
8830.0 468712.0975723379
8840.0 468993.3104509069
8850.0 481649.96230984165
8860.0 420311.5334215554
8870.0 403370.4752609907
8880.0 414107.57703653316
8890.0 417998.84460335725
8900.0 431617.15837403125
8910.0 440091.8014429095
8920.0 442933.0683292036
8930.0 448075.2989399932
8940.0 432657.3374622172
8950.0 426600.7847955686
8960.0 439207.0562160656
8970.0 442599.6726736938
8980.0 448714.61258728325
8990.0 458511.31191026897
9000.0 444360.2111572367
9010.0 454840.67309879645
9020.0 451182.8387538106
9030.0 452750.6886106491
9040.0 464882.70231784455
9050.0 467485.19223703974
9060.0 468637.22780504357
9070.0 473445.8187757661
9080.0 475739.24686784076
9090.0 462654.5056784162
9100.0 472317.68542041624
9110.0 475013.9206397986
9120.0 481825.03065535205
9130.0 488354.7229972622
9140.0 489337.6831531631
9150.0 488970.57468849537
9160.0 492799.1633454566
9170.0 491719.5919581098
9180.0 495505.8502194606
9190.0 497385.24319456844
9200.0 494029.7040868364
9210.0 477329.2502342156
9220.0 467277.6193090387
9230.0 458547.72862785147
9240.0 462822.49552571244
9250.0 452957.78509731457
9260.0 457516.10242715967
9270.0 468219.7371336444
9280.0 452844.35295508715
9290.0 436101.4169062617
9300.0 439933.5446082209
9310.0 446287.9310592137
9320.0 440538.9827066164
9330.0 448385.29543258424
9340.0 456279.6068028478
9350.0 448349.6377001844
9360.0 445813.87903332216
9370.0 446697.33784403
9380.0 447626.2342611069
9390.0 449162.6424549421
9400.0 449879.2874826842
9410.0 456418.84239631705
9420.0 455953.08528103563
9430.0 461582.7531580749
9440.0 454453.02841241105
9450.0 447943.73907222657
9460.0 456489.37546136946
9470.0 463451.5150331171
9480.0 467810.9647116395
9490.0 472088.8136373967
9500.0 470674.7014658215
9510.0 468017.7042976672
9520.0 471364.8734479221
9530.0 470097.90759018605
9540.0 468773.3337910948
9550.0 457600.27411107527
9560.0 477272.85612557916
9570.0 471033.3749181269
9580.0 481195.8136886555
9590.0 481279.43813326984
9600.0 456572.3245563122
9610.0 479807.9566430737
9620.0 484620.9645673559
9630.0 483317.9362451195
9640.0 440233.3771588904
9650.0 457619.47120962274
9660.0 483102.4953525959
9670.0 469467.7289609691
9680.0 453780.4774717746
9690.0 469918.8980452136
9700.0 481746.7753315573
9710.0 464328.16603882273
9720.0 476318.8625502265
9730.0 448096.90276573756
9740.0 456487.9052940128
9750.0 471227.9209266108
9760.0 479494.34098276513
9770.0 461992.7352630141
9780.0 456862.251758914
9790.0 460813.5988318136
9800.0 483627.69720696367
9810.0 475211.34340475133
9820.0 477150.0806420647
9830.0 467164.8986417416
9840.0 474191.7032363157
9850.0 479077.45764279517
9860.0 480864.09585773974
9870.0 480679.73783073784
9880.0 484619.2695941618
9890.0 485868.8701931362
9900.0 456858.4952175135
9910.0 437719.34183354385
9920.0 442854.74832845107
9930.0 447863.9884895603
9940.0 467068.2626862535
9950.0 468706.7036259758
9960.0 468656.3794937044
9970.0 459551.89497437293
9980.0 461933.52800254367
9990.0 460711.8442464772
10010.0 459673.27432296873
10020.0 464549.32264592696
10030.0 460051.4196612252
10040.0 462784.5151943389
10050.0 451526.5644207645
10060.0 445221.23388400284
10070.0 463720.7585872285
10080.0 468474.7018489814
10090.0 461776.30861755565
10100.0 473683.5139464826
10110.0 465418.8645101654
10120.0 462575.2603107169
10130.0 468596.0380362419
10140.0 461421.14148151164
10150.0 460607.17185312504
10160.0 459358.56745998847
10170.0 464101.243301573
10180.0 460633.079375209
10190.0 463479.68452422955
10200.0 464464.08222625725
10210.0 463265.2839965697
10220.0 459800.04100170685
10230.0 462982.7132349349
10240.0 475101.522644328
10250.0 457502.02339676954
10260.0 449755.031323304
10270.0 453768.2444787915
10280.0 450451.077863758
10290.0 458969.4445116603
10300.0 454864.2046044111
10310.0 465666.12295534747
10320.0 456969.6715256099
10330.0 461645.4853127405
10340.0 416627.68163400644
10350.0 452067.9807900087
10360.0 464845.47748048534
10370.0 470033.3643974952
10380.0 458705.1065360007
10390.0 458999.3282353314
10400.0 447060.5012915639
10410.0 458926.1289061547
10420.0 461263.5517387747
10430.0 458084.97979467385
10440.0 469669.0478933832
10450.0 468370.0702449563
10460.0 467877.3426395788
10470.0 456166.3152555049
10480.0 462695.7130908968
10490.0 465479.5411433422
10500.0 454634.73216240166
10510.0 459364.9711301608
10520.0 459544.1630570365
10530.0 472840.3851984309
10540.0 465284.0325503998
10550.0 464841.8555902537
10560.0 465577.34978395404
10570.0 459983.4846610469
10580.0 458415.08475360647
10590.0 462103.42505653464
10600.0 466356.09647296404
10610.0 460206.44771293603
10620.0 460929.8803057534
10630.0 468608.4593160697
10640.0 464457.7169464537
10650.0 461232.427310764
10660.0 449374.58162558486
10670.0 460576.240912718
10680.0 458246.8283650227
10690.0 462562.8925516675
10700.0 463222.53447963146
10710.0 467243.721386138
10720.0 465243.6820866551
10730.0 443145.3030565104
10740.0 468415.49348075845
10750.0 461098.3186845237
10760.0 463434.02035359544
10770.0 468522.68986760505
10780.0 466626.16000640776
10790.0 462116.5317116312
10800.0 457506.4218750623
10810.0 454585.74852736545
10820.0 463278.83726136904
10830.0 462852.4508636183
10840.0 464217.4741054248
10850.0 462375.92563021585
10860.0 457513.8888820725
10870.0 464848.6901520396
10880.0 464604.12306471646
10890.0 461819.93096444826
10900.0 464523.8966179864
10910.0 457557.630075721
10920.0 459198.2729814137
10930.0 461689.5094061706
10940.0 466015.7141370458
10950.0 461971.6766486639
10960.0 453951.2236374923
10970.0 455379.8179855816
10980.0 457442.8353229512
10990.0 460362.2127961967
11000.0 458188.7726302201
11010.0 456141.90822858055
11020.0 453054.25772085856
11030.0 448346.1295986206
11040.0 448324.80701870384
11050.0 440775.34228711
11060.0 446040.46312799415
11070.0 445734.89505733026
11080.0 442726.65277816914
11090.0 451372.8984009854
11100.0 451223.49836986064
11110.0 444813.9970478658
11120.0 439132.60996732215
11130.0 448328.5879792107
11140.0 450371.40459107514
11150.0 442180.03281699907
11160.0 445262.3271201839
11170.0 447944.7174739985
11180.0 450399.1983060575
11190.0 442689.8739883387
11200.0 438903.2161395061
11210.0 448778.660352776
11220.0 445603.64477200754
11230.0 451600.63820475823
11240.0 447638.6184181418
11250.0 421834.2797654212
11260.0 440688.23983742285
11270.0 450751.21372004406
11280.0 446636.0432937718
11290.0 444497.72099747276
11300.0 436828.55461102456
11310.0 445393.2094355783
11320.0 448486.91128704493
11330.0 441884.95204805565
11340.0 441047.8501995035
11350.0 445562.6724557529
11360.0 444933.1250814263
11370.0 435125.23638740164
11380.0 410423.8250688533
11390.0 434268.8875307343
11400.0 400062.3376167187
11410.0 431447.44110191194
11420.0 432843.9224081717
11430.0 443583.9190653471
11440.0 431920.949848309
11450.0 438935.0954144006
11460.0 443200.54607989645
11470.0 438095.1462335652
11480.0 435582.3465421102
11490.0 442445.54885082087
11500.0 444901.5286136927
11510.0 441311.60145091376
11520.0 442357.40019292064
11530.0 443129.9472674292
11540.0 436456.80416082824
11550.0 440584.4523067914
11560.0 441817.2330404667
11570.0 440064.9823882275
11580.0 442115.84111292666
11590.0 424611.4471789285
11600.0 438555.41217992816
11610.0 407628.99522107677
11620.0 439541.00195055606
11630.0 438889.26102704724
11640.0 420040.36321864947
11650.0 438516.89969154744
11660.0 436834.2889810084
11670.0 438225.466957997
11680.0 436590.3096193086
11690.0 409833.4632153345
11700.0 437439.03013461834
11710.0 435863.0108112364
11720.0 434908.5755379455
11730.0 435701.91329289164
11740.0 432352.79048448725
11750.0 432645.8321477242
11760.0 431626.3283948935
11770.0 403443.9750311594
11780.0 411967.26597178937
11790.0 431247.3138984183
11800.0 428722.35696227517
11810.0 428984.850090181
11820.0 428604.44102429325
11830.0 407543.1057048125
11840.0 430970.8312429055
11850.0 428936.40572556504
11860.0 430017.5103899693
11870.0 430451.88234366116
11880.0 390735.0648212857
11890.0 419193.2881172432
11900.0 429800.0003800502
11910.0 425728.316940808
11920.0 429366.98547422374
11930.0 429157.40623707377
11940.0 425834.7040949747
11950.0 412963.71809589554
11960.0 413174.7411189844
11970.0 383561.58340432466
11980.0 417478.53971333755
11990.0 422579.9654153905
12000.0 423896.763821448
12010.0 425695.64906908013
12020.0 421708.4975277496
12030.0 418753.6820967418
12040.0 425961.3882643138
12050.0 421235.9736653052
12060.0 425597.69162061275
12070.0 419854.0877374989
12080.0 414592.06768817734
12090.0 418855.1972887171
12100.0 422891.8493836411
12110.0 420387.27638535784
12120.0 421402.85966413206
12130.0 418732.6414725168
12140.0 423901.5098435085
12150.0 423708.024759465
12160.0 419466.6509913805
12170.0 421945.04648760817
12180.0 422023.9565968845
12190.0 420496.98830177914
12200.0 420629.6858532548
12210.0 419653.5346149659
12220.0 419659.2216097853
12230.0 420408.2660381175
12240.0 419575.38218146254
12250.0 420869.2172473212
12260.0 420672.02175051754
12270.0 418140.97272247425
12280.0 419917.21610685537
12290.0 418112.8202595359
12300.0 417967.099264413
12310.0 416997.11624892085
12320.0 414292.9754617373
12330.0 414659.70899276866
12340.0 416335.87933314603
12350.0 417015.21938791836
12360.0 415126.6071552647
12370.0 416399.1156623283
12380.0 417038.1487856164
12390.0 412065.0331878606
12400.0 414214.60170565743
12410.0 411035.5809757309
12420.0 403789.6861912478
12430.0 397982.0134098761
12440.0 407111.8617910641
12450.0 408830.14751900913
12460.0 410264.9399191667
12470.0 408614.48468665965
12480.0 408514.26675337896
12490.0 409978.5127962409
12500.0 408421.8954848655
12510.0 407190.88713227963
12520.0 394958.4203083995
12530.0 404713.355817851
12540.0 408649.33882640966
12550.0 407900.3089169866
12560.0 403832.2649517559
12570.0 404654.0511200104
12580.0 405914.6652111225
12590.0 402542.8619431049
12600.0 403428.348509552
12610.0 404562.3390201592
12620.0 404854.34292785625
12630.0 402307.7465713943
12640.0 401338.7063266559
12650.0 403998.9462246492
12660.0 404003.58285220165
12670.0 399342.9221761401
12680.0 395697.5267876333
12690.0 403993.58568445686
12700.0 401771.87110252224
12710.0 403044.685766538
12720.0 403389.3161280365
12730.0 403061.67319362087
12740.0 393584.5319057305
12750.0 400239.0751684981
12760.0 403073.84855619614
12770.0 399835.54821471707
12780.0 399346.0851888412
12790.0 401952.6128731232
12800.0 400433.00859035813
12810.0 396734.46956169215
12820.0 367075.01007676154
12830.0 385512.2984957694
12840.0 396394.18713869125
12850.0 389961.60257753707
12860.0 395426.98457536165
12870.0 396905.2540400849
12880.0 393867.8525111521
12890.0 395258.17560198536
12900.0 378008.00086081127
12910.0 387938.7332190195
12920.0 394175.57640139194
12930.0 395440.7853388983
12940.0 395645.27247039427
12950.0 394373.6567942809
12960.0 395605.639794028
12970.0 395156.6457385649
12980.0 390257.1013753227
12990.0 393618.0416048407
13000.0 394966.5589324272
13010.0 389892.2422375722
13020.0 394958.38891376834
13030.0 389363.83310559765
13040.0 394002.50405882037
13050.0 393261.5111783612
13060.0 392207.2372174372
13070.0 390844.25128463673
13080.0 385905.5059253711
13090.0 386697.8111680623
13100.0 390190.6043427317
13110.0 387900.0001692166
13120.0 343669.05842583795
13130.0 370835.2474291391
13140.0 381602.15107700863
13150.0 346220.4364146342
13160.0 386060.3458704087
13170.0 386838.1111965123
13180.0 386686.74202902
13190.0 388571.39235628047
13200.0 383562.73223136604
13210.0 384148.2310878527
13220.0 384260.6199510043
13230.0 385615.7360294849
13240.0 386142.69991190475
13250.0 379682.2843080315
13260.0 383370.03369059844
13270.0 377270.1203625874
13280.0 377274.853456803
13290.0 367503.001446484
13300.0 377836.9593267123
13310.0 370129.82396516274
13320.0 339483.04720620625
13330.0 371969.7279832334
13340.0 351281.11229176907
13350.0 337002.28020327364
13360.0 345735.1533396801
13370.0 343112.6235150714
13380.0 351471.58850317023
13390.0 352138.12154644635
13400.0 346625.81780215923
13410.0 347007.2738032568
13420.0 340319.07199745893
13430.0 343178.28932054935
13440.0 333653.1060159622
13450.0 354417.6291141026
13460.0 347225.8137892612
13470.0 342540.78400052723
13480.0 345199.6371941048
13490.0 352208.7533789829
13500.0 326187.81460734643
13510.0 349480.9473591599
13520.0 339244.6642899152
13530.0 344857.9433367624
13540.0 337536.17473951424
13550.0 336927.43458800146
13560.0 349900.5375700604
13570.0 341875.37419430376
13580.0 340817.25991729146
13590.0 337648.79903145257
13600.0 343819.73494852014
13610.0 339162.89684990613
13620.0 329131.2990300263
13630.0 331576.4308021256
13640.0 330361.26126201806
13650.0 342131.94504806557
13660.0 338489.2061611171
13670.0 343787.84575902636
13680.0 336431.72582931136
13690.0 339502.03772673936
13700.0 341966.1830882182
13710.0 329375.382017772
13720.0 344818.86585244123
13730.0 337647.8343623585
13740.0 341024.8366451785
13750.0 341009.16794765135
13760.0 339287.56414739473
13770.0 343235.7737049073
13780.0 337310.2968937104
13790.0 339009.46485754533
13800.0 341417.6819600505
13810.0 344423.28660965146
13820.0 332108.5343262344
13830.0 339387.9224503518
13840.0 341181.44771858765
13850.0 334096.0135434489
13860.0 323121.7553229766
13870.0 340907.3867413177
13880.0 331220.2431855499
13890.0 334277.1264748644
13900.0 323254.8592106825
13910.0 303163.3034927657
13920.0 308948.35943691456
13930.0 315888.5794656345
13940.0 325488.0179815254
13950.0 315353.16397163365
13960.0 329251.5899072762
13970.0 313490.6643150775
13980.0 312079.7528389294
13990.0 325034.4091515485
14000.0 304366.9870039139
14010.0 317636.8789797606
14020.0 324344.9463329177
14030.0 325895.7983929955
14040.0 316017.9673192555
14050.0 318376.45940112136
14060.0 320757.4343493749
14070.0 316301.74676674913
14080.0 311559.91116009926
14090.0 316148.5879143173
14100.0 311615.28223332576
14110.0 314650.51191104134
14120.0 309228.32451325207
14130.0 312787.40191134135
14140.0 302509.54955431307
14150.0 316225.6048326972
14160.0 310846.233786458
14170.0 299748.52981321706
14180.0 304994.5961680316
14190.0 298960.0183015115
14200.0 311163.65300154436
14210.0 310127.4957837217
14220.0 306617.8059542613
14230.0 305155.20634967403
14240.0 303509.5950758866
14250.0 296794.3808078764
14260.0 293918.5096584591
14270.0 292842.7121638492
14280.0 300395.64795548515
14290.0 299245.496444384
14300.0 312774.5291237334
14310.0 305023.5067884935
14320.0 305349.64465101983
14330.0 307451.1590418439
14340.0 295441.29939038603
14350.0 298478.196324434
14360.0 303574.8430402391
14370.0 307616.6888787648
14380.0 305259.3201198122
14390.0 296205.9970014556
14400.0 305988.3078086681
14410.0 296044.09433084563
14420.0 303379.0181161079
14430.0 311631.39251304505
14440.0 302544.8727843729
14450.0 297600.55090205895
14460.0 305603.94937750004
14470.0 295750.095154452
14480.0 304584.3661434888
14490.0 307859.29528888443
14500.0 297433.7251974222
14510.0 301199.14556854806
14520.0 306636.18083632743
14530.0 300570.23007884884
14540.0 301544.35970352794
14550.0 304791.60068782145
14560.0 289837.47217677324
14570.0 296456.03274674946
14580.0 306776.82038535114
14590.0 303189.3043135679
14600.0 293055.8096809526
14610.0 280791.3053650424
14620.0 292668.85060890706
14630.0 289306.0694773171
14640.0 294540.02660381404
14650.0 295494.22129507165
14660.0 293550.35063348233
14670.0 285217.3116713173
14680.0 286210.26224433753
14690.0 286688.9160829834
14700.0 286625.55191103177
14710.0 289771.1101220807
14720.0 297297.5445513608
14730.0 295575.4463241865
14740.0 282984.41462278663
14750.0 286881.94139180734
14760.0 294363.33479792724
14770.0 281565.102673341
14780.0 291967.5606951878
14790.0 291379.5802159118
14800.0 282275.2306919506
14810.0 285866.6630621547
14820.0 290319.79079348873
14830.0 292512.3945770623
14840.0 289912.00762809336
14850.0 288574.4511901392
14860.0 291138.94568581646
14870.0 289172.29055618757
14880.0 267671.9263522949
14890.0 291800.3172400707
14900.0 284283.77611186577
14910.0 293598.7301068402
14920.0 287676.84843377065
14930.0 293635.63671675103
14940.0 288412.45438371017
14950.0 289455.5571476725
14960.0 292991.269586089
14970.0 294782.623771934
14980.0 295710.2903331566
14990.0 292223.1815529762
15000.0 280245.4645690771
15010.0 289320.89402143116
15020.0 268224.63134568086
15030.0 282311.0622740598
15040.0 279380.41343821364
15050.0 277961.6578400404
15060.0 288984.29628937016
15070.0 288768.1312228014
15080.0 285205.59150735824
15090.0 295469.7042283728
15100.0 289135.2510319892
15110.0 289877.3721076906
15120.0 291065.4983545814
15130.0 277044.5027207839
15140.0 295956.2553882194
15150.0 283746.0584002906
15160.0 284417.47649005667
15170.0 275995.3993020954
15180.0 292745.3519829043
15190.0 288439.9305625908
15200.0 289942.81930909894
15210.0 298016.6177923459
15220.0 288724.6572184052
15230.0 297127.60156800976
15240.0 283759.0966371454
15250.0 288227.6346767718
15260.0 278258.79855182633
15270.0 287070.5548810017
15280.0 277039.14532524254
15290.0 290518.0934504633
15300.0 292518.9340011278
15310.0 290994.3781212042
15320.0 276375.64225017146
15330.0 279786.2972015999
15340.0 287279.52601927036
15350.0 287962.1355746462
15360.0 292368.00321536814
15370.0 280163.4868578292
15380.0 279360.36364629277
15390.0 281646.0560813489
15400.0 277609.439190204
15410.0 279111.8952722683
15420.0 274728.7692960121
15430.0 274324.5898572352
15440.0 286329.1220854888
15450.0 290882.58534827654
15460.0 284775.1428339876
15470.0 281655.24787248595
15480.0 286154.6129702663
15490.0 290742.4981280027
15500.0 278804.58218475187
15510.0 278701.6762126508
15520.0 291851.4991389184
15530.0 285060.231617402
15540.0 268659.89516756573
15550.0 287990.7382682377
15560.0 279400.2486832114
15570.0 272076.124644107
15580.0 282821.57829407323
15590.0 284831.3903894486
15600.0 283539.36945813405
15610.0 284437.7653136772
15620.0 285994.6627474477
15630.0 281874.7413177962
15640.0 289512.3732260166
15650.0 272159.18931137427
15660.0 284099.7073803632
15670.0 291868.62748571404
15680.0 289863.49240670586
15690.0 284983.18307540315
15700.0 281907.0086716305
15710.0 287953.5700414829
15720.0 272305.1034816158
15730.0 278053.567077079
15740.0 287590.96465821634
15750.0 281522.1889725921
15760.0 275263.6035328547
15770.0 278879.62773244735
15780.0 275975.51281829627
15790.0 290701.22754232393
15800.0 286041.12232085
15810.0 289193.8991339747
15820.0 287647.3941806509
15830.0 283879.5211354671
15840.0 280157.80839703657
15850.0 287623.04558700434
15860.0 289329.1028295806
15870.0 288961.1774621288
15880.0 286540.88320573414
15890.0 272472.9200441327
15900.0 282025.14614448807
15910.0 280052.470709526
15920.0 287625.1721199918
15930.0 286148.6471041403
15940.0 288572.9448422527
15950.0 291351.23298825236
15960.0 291308.88118635357
15970.0 285274.01786063146
15980.0 286855.1836491139
15990.0 286213.95422789844
16000.0 287560.89498998143
16010.0 289015.3502773979
16020.0 288632.29561575176
16030.0 287624.58100604126
16040.0 276645.28644657356
16050.0 285741.082133384
16060.0 276990.9440413252
16070.0 279322.7719687167
16080.0 285655.38693416654
16090.0 289169.12536704633
16100.0 287007.88385076186
16110.0 288896.49969016423
16120.0 282364.40096910845
16130.0 283428.23393834475
16140.0 272052.3482864553
16150.0 258317.85702040247
16160.0 259692.1904195772
16170.0 287186.7871800377
16180.0 285404.34729915025
16190.0 263739.2133396889
16200.0 246798.44649354147
16210.0 273429.6424195906
16220.0 278118.87638160936
16230.0 277789.5587070443
16240.0 283785.3625867713
16250.0 274954.79955261335
16260.0 279393.1263709746
16270.0 285924.8136097865
16280.0 287106.58161985653
16290.0 288213.8660797562
16300.0 283586.87107492023
16310.0 280259.60941953136
16320.0 285276.296066205
16330.0 289513.98296917893
16340.0 284098.11785690644
16350.0 273905.6841730361
16360.0 280298.5367983328
16370.0 284693.3608495875
16380.0 284329.3406328127
16390.0 284324.15794950444
16400.0 282385.375243446
16410.0 280655.2436401386
16420.0 286548.94610685867
16430.0 286274.5743097664
16440.0 276579.63442863885
16450.0 278218.0945937846
16460.0 281543.02291439637
16470.0 281810.50017818675
16480.0 287796.1391606299
16490.0 282426.0557109148
16500.0 284918.20876192773
16510.0 284449.4842139711
16520.0 282992.0570250164
16530.0 278038.2502109101
16540.0 280085.8483753284
16550.0 285927.62068666314
16560.0 288239.1501263783
16570.0 285560.82847087533
16580.0 278919.3235678895
16590.0 284574.8718729438
16600.0 283539.83465209877
16610.0 275466.67089340615
16620.0 282702.90977382945
16630.0 281517.72873457154
16640.0 281610.3081457849
16650.0 277787.3111536121
16660.0 274126.6705105417
16670.0 278485.11652337096
16680.0 283028.0781346739
16690.0 280859.53678285814
16700.0 274099.7140579498
16710.0 268492.39901490073
16720.0 252546.18078767546
16730.0 271959.417078475
16740.0 276870.65735953965
16750.0 243077.26608811392
16760.0 264987.6214540908
16770.0 275075.1397129416
16780.0 281025.2226372973
16790.0 281002.0069677418
16800.0 279198.11978154915
16810.0 279676.7886396431
16820.0 279189.7367788448
16830.0 279594.2909787505
16840.0 275006.7299501709
16850.0 276999.4762645593
16860.0 276464.67111978657
16870.0 267428.59827783407
16880.0 267024.15519236703
16890.0 268573.8811656024
16900.0 260538.2665193987
16910.0 269039.70316040574
16920.0 269729.6069250724
16930.0 276733.8850075724
16940.0 272229.8074885791
16950.0 270306.94071426423
16960.0 271637.32613698096
16970.0 266585.65338307375
16980.0 271606.6723612928
16990.0 268035.1841021946
17000.0 264589.63307469786
17010.0 268709.1504703166
17020.0 267359.6531370563
17030.0 267533.5273306292
17040.0 264846.84767032077
17050.0 256686.10203666537
17060.0 265290.1935121932
17070.0 253945.7166628534
17080.0 256545.699693867
17090.0 258925.84395184056
17100.0 243458.94524512545
17110.0 230232.84916581516
17120.0 252355.21546434652
17130.0 256698.4778056282
17140.0 252985.33722989794
17150.0 257142.96032169808
17160.0 252663.82345151113
17170.0 249173.5466198143
17180.0 247089.40478526842
17190.0 246668.68805664964
17200.0 253260.97635124717
17210.0 245914.9996702211
17220.0 251681.68243847712
17230.0 239135.14019891026
17240.0 243333.6604359856
17250.0 253755.2088158033
17260.0 240652.5979919509
17270.0 245135.09682525747
17280.0 247345.01569470493
17290.0 243920.15459954034
17300.0 252390.29751500205
17310.0 235232.97794118166
17320.0 234404.19541657832
17330.0 243849.28424136105
17340.0 233116.4678808404
17350.0 232438.9515566634
17360.0 242550.47324258435
17370.0 240288.59901648157
17380.0 233423.58321825243
17390.0 238890.73992635755
17400.0 233277.3568934546
17410.0 235816.93194419082
17420.0 230596.17876839597
17430.0 232880.639555679
17440.0 234586.9867919806
17450.0 234680.6074532762
17460.0 233823.00546363066
17470.0 232321.72241598103
17480.0 234958.57005344017
17490.0 229510.16495371007
17500.0 217609.16591965262
17510.0 230554.43691887436
17520.0 230696.82308164935
17530.0 226632.51902218806
17540.0 223231.57633740228
17550.0 219713.63848723826
17560.0 215787.8055902612
17570.0 226377.7259872183
17580.0 219498.7295760433
17590.0 218986.39319879227
17600.0 220465.4775079909
17610.0 223936.11054592795
17620.0 210990.54042372524
17630.0 222486.1970144019
17640.0 218277.79979354984
17650.0 222511.32944677118
17660.0 220324.10055578125
17670.0 212701.09353637684
17680.0 206145.60177061363
17690.0 225011.98164428555
17700.0 217786.1205348487
17710.0 211310.3456128233
17720.0 205319.61504851913
17730.0 214634.610613813
17740.0 214108.16827406458
17750.0 211852.92464261682
17760.0 201477.9492792616
17770.0 207509.00677043598
17780.0 206595.34890274605
17790.0 201255.6758994134
17800.0 217440.71690680837
17810.0 195096.10819238474
17820.0 198157.0304710604
17830.0 207169.06284169716
17840.0 211337.15141929185
17850.0 195295.16323985296
17860.0 199109.2318825796
17870.0 197841.54128948855
17880.0 200831.48262822095
17890.0 208091.8546019482
17900.0 201667.732690193
17910.0 194704.2209510641
17920.0 201083.59413621412
17930.0 198052.87027202346
17940.0 196940.90701687816
17950.0 204532.42373172299
17960.0 186170.3873954848
17970.0 205188.50742962596
17980.0 206670.37466530476
17990.0 187187.9111707207
18000.0 191840.08787650298
18010.0 189490.7132192011
18020.0 189961.10907307034
18030.0 187617.49594374566
18040.0 193705.06590776905
18050.0 185885.07790161335
18060.0 199517.48972153277
18070.0 187094.04629385602
18080.0 187683.03495823342
18090.0 197651.1018770782
18100.0 186806.3905217411
18110.0 186809.66599716333
18120.0 181232.38890015188
18130.0 192417.0402895975
18140.0 199662.29747925533
18150.0 190336.41979325132
18160.0 199048.0297856201
18170.0 182944.17280041546
18180.0 185387.12816891586
18190.0 181153.5178347304
18200.0 185042.53201906034
18210.0 181607.0414272869
18220.0 181990.33000965783
18230.0 198561.6043875824
18240.0 194394.93120325447
18250.0 188165.9224446088
18260.0 175351.00953571353
18270.0 175557.19631357922
18280.0 185574.5472668304
18290.0 189596.8937253436
18300.0 183443.1280650012
18310.0 186492.05297769865
18320.0 172664.28992009655
18330.0 186315.49385181617
18340.0 185280.1738881094
18350.0 182917.47091468392
18360.0 185617.7450586447
18370.0 174683.52830750617
18380.0 188309.4894746357
18390.0 172889.8092993041
18400.0 180033.65228556865
18410.0 188333.17365943853
18420.0 172229.11088078993
18430.0 172208.8919672365
18440.0 168881.6783629131
18450.0 177737.01354069647
18460.0 170889.0032802989
18470.0 164267.41722305925
18480.0 161422.25805088683
18490.0 175281.84191958277
18500.0 172275.7527402708
18510.0 177023.74279935012
18520.0 178248.88603810626
18530.0 166103.8887976715
18540.0 173829.79799152687
18550.0 175271.24612219958
18560.0 157850.98209998303
18570.0 162411.88545654912
18580.0 158290.81319190367
18590.0 160154.75736037793
18600.0 160046.13697053568
18610.0 160415.8997678744
18620.0 169400.3744320106
18630.0 170491.9522041437
18640.0 170009.50045138018
18650.0 159634.05940773748
18660.0 173649.91324467098
18670.0 166700.49185940824
18680.0 165719.95085137582
18690.0 172744.82685786512
18700.0 171065.09640408235
18710.0 163019.3280348835
18720.0 166551.95906122657
18730.0 152729.2370936992
18740.0 167213.15472065273
18750.0 168268.97662109716
18760.0 164074.2165582523
18770.0 161422.40886546497
18780.0 158838.52815804505
18790.0 161468.67933581158
18800.0 172353.73226453658
18810.0 166341.45814730547
18820.0 171725.84995996597
18830.0 175078.25664889207
18840.0 165574.43346245118
18850.0 158582.8587812085
18860.0 161526.44333495168
18870.0 172599.60503441538
18880.0 162491.95350923398
18890.0 168229.54885939756
18900.0 167628.61910335862
18910.0 159006.89857765657
18920.0 153484.84579189087
18930.0 161300.91303267385
18940.0 160821.22474666775
18950.0 170485.20732734477
18960.0 164056.70512226227
18970.0 165014.13925114935
18980.0 157218.3682008453
18990.0 166781.1486508051
19000.0 171417.12654172408
19010.0 162142.89453204302
19020.0 165510.49449100046
19030.0 162500.48125571595
19040.0 165588.928288445
19050.0 159634.0400089992
19060.0 158998.53662522274
19070.0 165361.9621171993
19080.0 166486.343556327
19090.0 163594.34490589428
19100.0 159884.7724671917
19110.0 152121.885585324
19120.0 165893.68567668903
19130.0 167047.4894362329
19140.0 166713.156250879
19150.0 163803.74452350184
19160.0 156526.97869230917
19170.0 161166.02571992786
19180.0 160727.11484775945
19190.0 162757.548655911
19200.0 160466.23117212803
19210.0 162944.98236887334
19220.0 156455.63359721922
19230.0 160201.3451909834
19240.0 158820.76409312553
19250.0 160919.73938041434
19260.0 152657.06868953217
19270.0 164083.9580207438
19280.0 159887.6160485723
19290.0 153798.62135426278
19300.0 143929.3322357566
19310.0 120742.8795695421
19320.0 149985.36501239944
19330.0 151855.9524769988
19340.0 159016.40396395253
19350.0 159761.11347213053
19360.0 161318.1710029049
19370.0 160194.0865556135
19380.0 150770.96643330506
19390.0 153482.9388138512
19400.0 154169.067342948
19410.0 156958.45785361703
19420.0 156994.41981191593
19430.0 145118.48690470305
19440.0 142487.073795448
19450.0 117915.32551146952
19460.0 137297.67828732778
19470.0 149892.6092164621
19480.0 145727.50135638
19490.0 150086.5949222949
19500.0 137074.86050931184
19510.0 127309.42181758813
19520.0 150260.77516004752
19530.0 153763.37770083934
19540.0 154060.77548633987
19550.0 148114.39874577423
19560.0 150364.9695436445
19570.0 161464.640691258
19580.0 159014.39185989866
19590.0 155195.2090492913
19600.0 149721.92070773535
19610.0 153370.9537630376
19620.0 154923.8615685473
19630.0 143817.92815470215
19640.0 154509.91778945705
19650.0 152755.9819303954
19660.0 157679.99809155538
19670.0 150177.72627374425
19680.0 153336.4974752616
19690.0 153610.70459474495
19700.0 157079.12814664913
19710.0 146888.71156871022
19720.0 154023.2853907898
19730.0 144886.96551911443
19740.0 150474.11977758168
19750.0 135307.66139748308
19760.0 135741.73701155008
19770.0 124679.06355773911
19780.0 109976.2685270283
19790.0 134167.9092608794
19800.0 136180.5520265542
19810.0 141620.1875010744
19820.0 140259.51138700492
19830.0 145063.59904974466
19840.0 142929.0867312229
19850.0 132353.9225337519
19860.0 117703.06815307499
19870.0 138675.6075622976
19880.0 143454.3876519841
19890.0 141179.11943020273
19900.0 139441.98890964026
19910.0 140608.23308435237
19920.0 135230.0869598724
19930.0 135827.4288547696
19940.0 138667.25276865656
19950.0 142138.768701092
19960.0 142183.912652837
19970.0 133475.96199339404
19980.0 148817.94406331776
19990.0 140577.81831655704
20010.0 144886.69348984733
20020.0 142511.120350955
20030.0 145303.3012308464
20040.0 141234.3701297172
20050.0 144194.91304689928
20060.0 142703.39198271534
20070.0 144254.72493658442
20080.0 140311.32390923495
20090.0 141212.4669003585
20100.0 136960.7893418971
20110.0 140921.36931224389
20120.0 140532.89473324153
20130.0 136460.15617214295
20140.0 146700.91562927119
20150.0 141036.2691043791
20160.0 137983.12659734266
20170.0 137432.93210817032
20180.0 139605.0456372222
20190.0 133063.77918338226
20200.0 136814.24937407955
20210.0 144199.54795510566
20220.0 138771.32118018577
20230.0 141519.14042311136
20240.0 140940.48568392912
20250.0 137805.40496219395
20260.0 134463.98025771487
20270.0 133925.55557158086
20280.0 141101.14090264108
20290.0 133946.92025158458
20300.0 136824.72324312295
20310.0 138977.9010004814
20320.0 142666.45840162234
20330.0 138853.50505429046
20340.0 137972.47525523455
20350.0 131652.4187079828
20360.0 138246.8601782006
20370.0 140136.47966564668
20380.0 137769.75516983142
20390.0 131660.35069128472
20400.0 136503.6262298884
20410.0 135083.6693541854
20420.0 140955.01696641804
20430.0 134786.8301646276
20440.0 129610.54537961756
20450.0 132437.07261122952
20460.0 137344.53785987676
20470.0 138560.96512544467
20480.0 132424.51540725955
20490.0 128384.76070579421
20500.0 137160.54902134507
20510.0 137897.09845454225
20520.0 136182.7693789274
20530.0 135354.87642064202
20540.0 127322.07547865719
20550.0 133031.36055368034
20560.0 136000.92764427292
20570.0 133932.43275087306
20580.0 138113.61787371009
20590.0 134571.49101315415
20600.0 132170.5501682234
20610.0 135123.68788891472
20620.0 132151.25641660148
20630.0 127381.68750993481
20640.0 127121.41861903365
20650.0 129411.98374436414
20660.0 135983.81088547964
20670.0 129769.79604278429
20680.0 134168.03921573254
20690.0 128839.80240487824
20700.0 139005.11563000717
20710.0 129547.59751755574
20720.0 131688.31689282492
20730.0 128019.854971209
20740.0 131054.0270657278
20750.0 132835.85317523248
20760.0 126974.12530073413
20770.0 132157.1034418189
20780.0 131816.93047069086
20790.0 131945.42377090754
20800.0 132372.92195861158
20810.0 126025.65816229567
20820.0 132431.08373504612
20830.0 130294.12109762216
20840.0 130058.20382912205
20850.0 127367.57057608283
20860.0 130882.03133849356
20870.0 128629.3121156694
20880.0 129842.30890841382
20890.0 124916.91371595884
20900.0 132851.4105388083
20910.0 130970.88137652664
20920.0 134569.85467258532
20930.0 127773.16988620367
20940.0 127219.5895577085
20950.0 129467.64724445752
20960.0 124540.05894589823
20970.0 126603.99266285961
20980.0 132286.44239389407
20990.0 125330.30214024665
21000.0 130355.86190104834
21010.0 128770.53767710758
21020.0 128238.61546717859
21030.0 129415.96368490277
21040.0 130163.43382182078
21050.0 126874.50638574382
21060.0 131028.21896442978
21070.0 128072.23075160384
21080.0 123772.16216537586
21090.0 126344.87678773662
21100.0 130952.76942427017
21110.0 125507.52407549742
21120.0 125398.08474165482
21130.0 129023.95386090125
21140.0 130844.07011586092
21150.0 126755.57282435258
21160.0 124994.06154756565
21170.0 121932.89474044422
21180.0 130455.16103637386
21190.0 127034.72380208076
21200.0 126813.57658192041
21210.0 128420.72337585609
21220.0 128542.5121838341
21230.0 126108.74500630934
21240.0 130232.64864557653
21250.0 126749.28069231294
21260.0 125894.64355657688
21270.0 123940.40643472529
21280.0 125394.61132669
21290.0 125945.03223265354
21300.0 126995.25715235656
21310.0 129791.94808593177
21320.0 126299.61103313584
21330.0 128914.99399401493
21340.0 125135.4869689535
21350.0 128661.91995722662
21360.0 125994.90295942721
21370.0 125446.76597498752
21380.0 124844.10100419723
21390.0 127190.75204725684
21400.0 123734.11710357016
21410.0 127490.89817315972
21420.0 123509.98725650882
21430.0 129753.39435348174
21440.0 128525.2336600501
21450.0 126557.75515265274
21460.0 128587.53372398687
21470.0 127045.24687416865
21480.0 124503.24003761866
21490.0 124804.93921427481
21500.0 123694.18640443831
21510.0 126693.62160749074
21520.0 124425.07282357612
21530.0 126334.24098956664
21540.0 126428.15929555871
21550.0 125621.13255130038
21560.0 124996.60776217464
21570.0 126792.63499087359
21580.0 127100.40417487071
21590.0 125139.63337145641
21600.0 124853.12258090999
21610.0 127774.27180289256
21620.0 125227.3270376238
21630.0 124545.29628458302
21640.0 126887.81954436708
21650.0 125150.8288168159
21660.0 125746.11810170439
21670.0 126198.30665081918
21680.0 127161.98021888165
21690.0 127283.97305134722
21700.0 122852.7258966663
21710.0 125546.29875424445
21720.0 124276.3316244798
21730.0 124857.26450731858
21740.0 125851.33740265599
21750.0 123309.97031033943
21760.0 123835.44323030053
21770.0 124535.97616279576
21780.0 119338.15139166715
21790.0 124141.3426667701
21800.0 123414.86938649484
21810.0 125264.70982195981
21820.0 122691.41341781839
21830.0 123329.49702599844
21840.0 123898.92064637133
21850.0 125316.39427917321
21860.0 124046.71792394093
21870.0 123675.81158085939
21880.0 124046.52525009005
21890.0 123332.03183823277
21900.0 119914.30119997113
21910.0 124296.5334806453
21920.0 123578.05577326714
21930.0 123484.65807757518
21940.0 123783.4103939282
21950.0 124429.78272200016
21960.0 124225.32506214184
21970.0 123126.45741410127
21980.0 124040.64977776223
21990.0 123047.45215294961
22000.0 122601.9308621384
22010.0 122714.93767521465
22020.0 122824.73082177501
22030.0 121626.6039803156
22040.0 122846.05715042715
22050.0 116749.93033213772
22060.0 110315.74152550395
22070.0 121039.28873029022
22080.0 113049.42394693216
22090.0 120111.58317486571
22100.0 122310.53641443535
22110.0 122197.98199568572
22120.0 123193.24296089113
22130.0 122432.77626771222
22140.0 123159.04958598978
22150.0 122083.97291570505
22160.0 122528.17625663271
22170.0 121720.57119598468
22180.0 123189.89297269791
22190.0 121466.94634786106
22200.0 121088.0397340188
22210.0 117352.73113121564
22220.0 122653.88541565942
22230.0 118594.36960346469
22240.0 124000.33470344382
22250.0 123370.58880171359
22260.0 120695.52291144458
22270.0 116870.19503238246
22280.0 117524.56316405327
22290.0 120692.56530694115
22300.0 120575.89946050527
22310.0 119583.17362577937
22320.0 121563.86780180372
22330.0 119479.66530601592
22340.0 119970.05361574158
22350.0 120665.34778546079
22360.0 120518.12070015902
22370.0 121207.31362531534
22380.0 119913.26656159517
22390.0 120764.835508587
22400.0 121521.05246632552
22410.0 120371.55943454074
22420.0 119740.45841395658
22430.0 120563.91140370275
22440.0 117755.52315572622
22450.0 121693.98616445996
22460.0 119867.30793529598
22470.0 120289.66971590939
22480.0 120636.50950647358
22490.0 119541.4593068636
22500.0 119526.45511715383
22510.0 120455.71693758914
22520.0 119355.53876747313
22530.0 120168.74060737743
22540.0 117223.84008594672
22550.0 119155.24106179982
22560.0 120601.97813944252
22570.0 117376.91197286213
22580.0 119491.82581652972
22590.0 118338.89967064103
22600.0 117766.81353510683
22610.0 115822.7774097285
22620.0 114818.22329460012
22630.0 114892.26918969529
22640.0 116263.51909498143
22650.0 114084.41301061118
22660.0 116719.97881444296
22670.0 118504.41907264764
22680.0 117744.27602947009
22690.0 118206.30059143963
22700.0 115782.10948543578
22710.0 117108.519745207
22720.0 117286.91633730824
22730.0 117404.49893938989
22740.0 116571.34155166215
22750.0 118324.80817363302
22760.0 117561.3185021365
22770.0 117076.00012151607
22780.0 116058.05926654272
22790.0 117018.49992645491
22800.0 113545.18343358165
22810.0 117327.6095333127
22820.0 113274.99916143747
22830.0 114599.47360976296
22840.0 114648.08421968503
22850.0 116501.01094071585
22860.0 116606.48967133062
22870.0 116623.44441184566
22880.0 116209.29916200959
22890.0 116235.62442636822
22900.0 116550.99268307292
22910.0 114056.99687424584
22920.0 114258.12636500319
22930.0 97302.64186497177
22940.0 99008.19737447692
22950.0 105765.524893852
22960.0 101999.17242242156
22970.0 105581.63196043792
22980.0 106643.38750800841
22990.0 108118.32306490722
23000.0 109291.50463140702
23010.0 106712.95592768141
23020.0 108859.26709089756
23030.0 107874.50398410307
23040.0 109343.33888656597
23050.0 107883.41579844758
23060.0 108793.05471949073
23070.0 108550.22565022347
23080.0 109734.9345899796
23090.0 107580.63753924424
23100.0 109085.01449757157
23110.0 107767.16746534326
23120.0 107333.2151301451
23130.0 107627.70050136681
23140.0 105179.89656949832
23150.0 110621.47064720336
23160.0 106512.56273367027
23170.0 106575.77082917091
23180.0 109338.49493388143
23190.0 109069.16504764925
23200.0 104233.56517021616
23210.0 107138.7193018871
23220.0 94092.79144279983
23230.0 92752.03359253691
23240.0 99513.56324155758
23250.0 97475.09072361038
23260.0 100595.80970515915
23270.0 101595.6497586808
23280.0 100209.04669524632
23290.0 104566.92570362499
23300.0 95988.01772110385
23310.0 101364.83074686883
23320.0 104976.90478185346
23330.0 103514.29182538288
23340.0 100276.33987811634
23350.0 96432.74620196175
23360.0 100311.62013146169
23370.0 100617.74933245995
23380.0 94413.19554223458
23390.0 102562.82276045378
23400.0 99978.16798739617
23410.0 100046.02322321289
23420.0 104123.07946762297
23430.0 99920.36472049364
23440.0 98538.81798220631
23450.0 101387.913252265
23460.0 101675.32253117026
23470.0 103876.35727859689
23480.0 102546.30111426166
23490.0 99705.78041886874
23500.0 101196.93373169385
23510.0 97339.21505302613
23520.0 85421.79538290577
23530.0 89818.5207214234
23540.0 91786.49306797926
23550.0 93771.97742313577
23560.0 94737.79578671342
23570.0 97130.68115859886
23580.0 94252.77553895945
23590.0 95329.97606196959
23600.0 97725.9673244325
23610.0 94788.25472973623
23620.0 94498.38014312746
23630.0 98304.98256484556
23640.0 97071.25944846345
23650.0 97623.02243351396
23660.0 98028.9158799009
23670.0 91579.75933444787
23680.0 96592.84279739334
23690.0 98270.67626857165
23700.0 98219.33774754588
23710.0 97755.47923495783
23720.0 95582.5107305991
23730.0 97864.23823401706
23740.0 96416.9637456129
23750.0 95906.40926533392
23760.0 92593.60079307464
23770.0 99202.76032877728
23780.0 94355.73587242208
23790.0 94286.55142421786
23800.0 94311.99098401927
23810.0 95017.04255172056
23820.0 86887.16212729285
23830.0 81976.83428348665
23840.0 89796.34130235166
23850.0 88186.01690167758
23860.0 86591.10050883531
23870.0 88541.81012399691
23880.0 90563.37374702567
23890.0 88937.24737772952
23900.0 90981.86901621231
23910.0 87654.5786626398
23920.0 85660.47231669312
23930.0 93821.7099787247
23940.0 90343.32164830412
23950.0 90688.08267237936
23960.0 87272.03901072603
23970.0 90070.75070360111
23980.0 90133.30240391755
23990.0 89416.27411213312
24000.0 86985.66182774476
24010.0 88792.8390775915
24020.0 85285.99328205959
24030.0 89994.4650207627
24040.0 85955.34676694796
24050.0 86072.34452061245
24060.0 88401.85728189093
24070.0 85212.93379814555
24080.0 82463.84436343948
24090.0 86887.52568349674
24100.0 83627.47001118796
24110.0 87195.18934664331
24120.0 82551.885993298
24130.0 85271.14788800599
24140.0 78027.79239810056
24150.0 85248.93476357176
24160.0 78657.61013655404
24170.0 80861.4405170759
24180.0 87995.96190509935
24190.0 78779.96054214517
24200.0 87940.22716651585
24210.0 80778.80403989741
24220.0 80807.65892054742
24230.0 82955.47580847127
24240.0 85832.34270352861
24250.0 79675.94560599483
24260.0 80269.61451577971
24270.0 80464.7584327455
24280.0 80194.1333567925
24290.0 84034.40728807003
24300.0 80196.751226609
24310.0 78988.10970961416
24320.0 85103.71316590183
24330.0 77299.21616653692
24340.0 79134.80517391211
24350.0 84471.161187846
24360.0 75195.2842088194
24370.0 74434.78959428617
24380.0 83117.09027101703
24390.0 82040.78531219588
24400.0 80825.62836013427
24410.0 78073.42741488587
24420.0 76503.47047625598
24430.0 78079.27700999926
24440.0 74397.51157984279
24450.0 81326.07162247185
24460.0 75421.77567182301
24470.0 74443.04972827033
24480.0 75821.74779150219
24490.0 76525.83786177554
24500.0 78135.7139390252
24510.0 74187.62602299683
24520.0 73930.00011390744
24530.0 73661.0282116809
24540.0 67220.02831616216
24550.0 77514.34265965008
24560.0 77161.11156250407
24570.0 78402.50470421572
24580.0 76031.28785291295
24590.0 73130.56700821195
24600.0 70598.3721702746
24610.0 68742.5593389147
24620.0 77433.04651409062
24630.0 75598.33369609318
24640.0 76855.89288475859
24650.0 72804.98608012783
24660.0 75288.62528212438
24670.0 69922.14049059253
24680.0 72332.94558446606
24690.0 73948.67391055064
24700.0 72581.02012201627
24710.0 72952.0083404546
24720.0 73440.50056518751
24730.0 68672.76279658751
24740.0 68520.990258923
24750.0 69525.91727928339
24760.0 76534.75853024192
24770.0 72778.2177878975
24780.0 69460.07405182395
24790.0 68400.06232218866
24800.0 68059.53087801576
24810.0 68349.27588297652
24820.0 68862.56817275746
24830.0 72763.68946910875
24840.0 69654.14277198377
24850.0 66016.60208088855
24860.0 63345.158396448984
24870.0 62416.812718406065
24880.0 62435.52704677891
24890.0 62439.07338150549
24900.0 60746.126722558176
24910.0 62720.9780697323
24920.0 65631.32019155502
24930.0 63637.894651463015
24940.0 63135.24288550516
24950.0 66362.71012588806
24960.0 64753.50537243126
24970.0 63034.72062530134
24980.0 61044.62388389174
24990.0 61325.52223361834
