#lam[Angstrom] flux[erg/cm2/s/A]
1010.0 739.1976898721498
1020.0 765.4058717747153
1030.0 2640.60818973839
1040.0 1040.8859748370473
1050.0 783.7857847593772
1060.0 790.8712708154426
1070.0 835.1354975624538
1080.0 2527.3682088333085
1090.0 2574.816483199414
1100.0 825.4171286235816
1110.0 832.0337233545868
1120.0 864.3814438120156
1130.0 840.7785231653395
1140.0 913.0880927415984
1150.0 856.8633312277244
1160.0 873.1559791103441
1170.0 874.7714649730694
1180.0 878.538768407709
1190.0 883.8858895209797
1200.0 1332.7690194191732
1210.0 1186.2392742543404
1220.0 7547.351371187892
1230.0 1091.7238119100798
1240.0 4450.3780906131615
1250.0 1550.0817487390777
1260.0 2157.0791639621625
1270.0 2216.136259598219
1280.0 2288.0456794665065
1290.0 2469.4242279880727
1300.0 2659.297202126335
1310.0 2924.494715466597
1320.0 3054.7315864474263
1330.0 3106.2989317488223
1340.0 3466.9093724345666
1350.0 3336.6110220538
1360.0 3416.1753254055157
1370.0 3466.7688881354406
1380.0 3540.27338559616
1390.0 8105.646727799249
1400.0 9014.101484852943
1410.0 6663.829060556862
1420.0 3759.0186798268955
1430.0 3691.244989761712
1440.0 3710.1797963122895
1450.0 3734.8652604900544
1460.0 3764.2574051486968
1470.0 3793.433979737544
1480.0 3811.2984141712623
1490.0 5981.819461189077
1500.0 3773.602993989076
1510.0 3767.3884288105014
1520.0 3771.5242949087515
1530.0 3940.9543694985914
1540.0 3745.03868036706
1550.0 53176.53383178308
1560.0 3746.5436720073067
1570.0 3730.4664990450738
1580.0 3908.7215664271357
1590.0 3726.9294778418353
1600.0 4086.313323878968
1610.0 3719.6710975281785
1620.0 3719.3757099315535
1630.0 3697.3625230788975
1640.0 33817.01501385339
1650.0 3666.401135188569
1660.0 4742.602850286713
1670.0 6458.26458501978
1680.0 3642.9117175450992
1690.0 3631.9073112699953
1700.0 3617.063838306455
1710.0 3598.7827161649343
1720.0 3863.381947790838
1730.0 3616.860534804738
1740.0 3685.334337061795
1750.0 5467.889904648966
1760.0 3584.6745915523957
1770.0 3583.5465614463565
1780.0 3594.3445165746166
1790.0 3844.0172843512505
1800.0 3570.256935520605
1810.0 4403.569521427825
1820.0 4479.211201459295
1830.0 3504.351263095602
1840.0 3481.9980404187413
1850.0 3759.359952644471
1860.0 3616.4377498379026
1870.0 3441.191549677953
1880.0 5642.003183568127
1890.0 7060.829805471413
1900.0 3406.9500493113837
1910.0 22890.7556860428
1920.0 3383.3878295739264
1930.0 3398.427109914744
1940.0 3336.7658151164947
1950.0 3334.9458274168837
1960.0 3301.0203646962486
1970.0 3281.5897679013133
1980.0 3264.0297835626716
1990.0 3249.703141884059
2000.0 3227.72319054311
2010.0 3199.5948184234226
2020.0 3067.046011382449
2030.0 2892.82195840824
2040.0 2807.8057744279354
2050.0 2680.0953066821294
2060.0 2635.4686250005807
2070.0 2655.3926348389277
2080.0 2597.0035453474898
2090.0 2677.7868957097544
2100.0 2620.0057424625084
2110.0 2620.4053523548832
2120.0 2696.0475725785745
2130.0 2692.3148305423438
2140.0 2831.738620470018
2150.0 2590.5222161008173
2160.0 2610.4735579743688
2170.0 2547.6269632321364
2180.0 2647.8980952363795
2190.0 2590.1283939302493
2200.0 2616.1305273778394
2210.0 2647.728699718914
2220.0 2778.060785815644
2230.0 2718.156399050486
2240.0 2762.0227069624693
2250.0 2933.5950044632004
2260.0 2862.4257247714318
2270.0 2919.499297174986
2280.0 2979.0133897472447
2290.0 3041.200834189474
2300.0 3180.4063419857853
2310.0 3346.0228376593386
2320.0 3512.419979839941
2330.0 6294.159171223385
2340.0 3990.3189663196076
2350.0 3558.2273805189698
2360.0 3473.5668432789666
2370.0 3541.5923098880426
2380.0 3608.774606867165
2390.0 3944.870910010007
2400.0 3745.1870221804174
2410.0 3822.9035984154652
2420.0 3875.74271836528
2430.0 8392.007644636085
2440.0 4004.039499985794
2450.0 4080.4462332261487
2460.0 4130.516870587719
2470.0 4193.911294256222
2480.0 4257.805047558508
2490.0 4323.00265446993
2500.0 4382.038061453086
2510.0 4890.52907866503
2520.0 4513.578661128923
2530.0 4574.381794370884
2540.0 4625.6647092735375
2550.0 4687.00647507634
2560.0 5428.992583326204
2570.0 4801.889932503877
2580.0 4863.276908171602
2590.0 5042.7332326191045
2600.0 4983.409455312945
2610.0 5034.618939311672
2620.0 5086.871341059072
2630.0 5144.257824650237
2640.0 5201.953784916411
2650.0 5247.321145722574
2660.0 5283.417478269779
2670.0 5930.622575330706
2680.0 5374.477890991679
2690.0 5427.532884610829
2700.0 5479.062760126637
2710.0 5521.043082248123
2720.0 5586.395567814401
2730.0 5988.92425712642
2740.0 6040.356568872726
2750.0 5728.632645918896
2760.0 5804.985562757099
2770.0 5841.893463333808
2780.0 5893.319453412104
2790.0 23486.339387522996
2800.0 14834.321786730885
2810.0 6062.087749135449
2820.0 6111.0921053333
2830.0 9514.486197812015
2840.0 6203.169109102572
2850.0 6614.1509578084815
2860.0 6426.998927420379
2870.0 6368.7350192699505
2880.0 6436.9523640173165
2890.0 6497.036383808561
2900.0 6554.9908897001205
2910.0 6608.05316456533
2920.0 6672.651082739409
2930.0 7750.725422414482
2940.0 6737.221937093881
2950.0 6936.280938174188
2960.0 6864.431512600243
2970.0 6868.205479348419
2980.0 6964.43666217404
2990.0 7004.56995241703
3000.0 7025.195053666855
3010.0 7100.162612123195
3020.0 7120.669538891738
3030.0 7223.148217946828
3040.0 7273.238254010803
3050.0 7303.5229251985265
3060.0 7379.952877395343
3070.0 7555.358645591299
3080.0 7492.179064624758
3090.0 7526.472532717814
3100.0 7631.33239321799
3110.0 7866.927667932318
3120.0 8130.589522481423
3130.0 8034.243651532056
3140.0 8322.928893781058
3150.0 8472.321774340122
3160.0 8432.721502834887
3170.0 8784.229420800155
3180.0 8569.206916403675
3190.0 8613.128387327222
3200.0 8638.084594626423
3210.0 10136.824883928486
3220.0 8806.170380358555
3230.0 8684.678879711702
3240.0 9051.396535132893
3250.0 9088.477397516861
3260.0 9975.357406726891
3270.0 9437.267045565497
3280.0 9709.224049157521
3290.0 10216.682655907834
3300.0 9950.352901087195
3310.0 10237.043462347476
3320.0 9891.625743991688
3330.0 10579.872946833913
3340.0 11052.270435143326
3350.0 10062.79786583155
3360.0 9964.024562522767
3370.0 9220.030258765159
3380.0 9987.657972479263
3390.0 9723.049109888876
3400.0 10531.013157009762
3410.0 9876.747135413225
3420.0 11093.791484260597
3430.0 11189.163096061191
3440.0 9204.636453567493
3450.0 9762.235938535872
3460.0 9678.934551637563
3470.0 9756.256822479021
3480.0 10355.861748967274
3490.0 9953.09282366268
3500.0 10453.357464640429
3510.0 10400.808528004145
3520.0 10014.348743127135
3530.0 10806.611993835892
3540.0 12894.516410784367
3550.0 11836.123144874518
3560.0 11408.499494657975
3570.0 10096.457068060303
3580.0 9972.443896121313
3590.0 9865.29605040067
3600.0 10285.920658177149
3610.0 10273.889128279105
3620.0 10967.661027249478
3630.0 11583.979592039079
3640.0 11833.452394739079
3650.0 11000.02268644958
3660.0 13697.547702508382
3670.0 13462.873658542925
3680.0 11498.820255274752
3690.0 12613.468969955758
3700.0 12877.719578558565
3710.0 10784.069460101364
3720.0 8815.598511743106
3730.0 14693.830834738068
3740.0 7801.102502778934
3750.0 8417.600985151183
3760.0 9318.005741905352
3770.0 11957.844355344043
3780.0 12297.932408864115
3790.0 11171.230510992045
3800.0 12049.454988240062
3810.0 11870.644055175164
3820.0 8901.764861264775
3830.0 9268.50284421703
3840.0 11575.424295763205
3850.0 10876.756305328703
3860.0 15595.81635236662
3870.0 11209.299393224868
3880.0 11283.355772093844
3890.0 10178.276987580328
3900.0 11310.77048234523
3910.0 12557.848775727694
3920.0 10636.207835637179
3930.0 9337.809810012403
3940.0 10288.840195433146
3950.0 10962.529807036723
3960.0 11033.488163550943
3970.0 11218.08227713926
3980.0 16327.538946402188
3990.0 15872.62405232536
4000.0 15816.843946493162
4010.0 17333.924326505406
4020.0 17895.276784019945
4030.0 11813.490276421424
4040.0 16846.91501799316
4050.0 16939.2263967139
4060.0 17286.84558488996
4070.0 17984.429984164333
4080.0 20289.9085651509
4090.0 21496.291617247127
4100.0 20760.135890700698
4110.0 17814.324662501378
4120.0 18884.635439918166
4130.0 17203.59787086591
4140.0 17298.230340266644
4150.0 18332.32953439369
4160.0 19008.18401267536
4170.0 16644.656010523133
4180.0 15736.786488190719
4190.0 14815.671117177402
4200.0 13421.624997827385
4210.0 11649.893293382582
4220.0 9025.36924282209
4230.0 8284.866008168128
4240.0 11030.097283527522
4250.0 11845.592199156106
4260.0 13605.552671580193
4270.0 13492.986440920282
4280.0 14337.802345671515
4290.0 13449.84852494314
4300.0 14793.228134916804
4310.0 15696.46165738285
4320.0 16882.306225096996
4330.0 22305.1754707475
4340.0 18778.00198310603
4350.0 19330.93701710874
4360.0 17756.805593605593
4370.0 19968.786208558864
4380.0 16684.092208026846
4390.0 19620.053965656338
4400.0 17596.653179443092
4410.0 18746.215971753518
4420.0 19123.965137985164
4430.0 15188.540490879717
4440.0 15933.009265954192
4450.0 17481.74347631137
4460.0 15857.336438027678
4470.0 16333.508383990516
4480.0 17728.656072211335
4490.0 19064.918632813402
4500.0 19264.820264901853
4510.0 16236.431071109271
4520.0 18306.608094225332
4530.0 17370.538122101356
4540.0 19299.244662138168
4550.0 16943.073022034376
4560.0 19594.396470834636
4570.0 21986.986182990666
4580.0 18996.09225301515
4590.0 13221.146653587102
4600.0 15272.888277437542
4610.0 17951.73787837837
4620.0 19381.731919482252
4630.0 14598.437887477077
4640.0 14882.04855539034
4650.0 17332.196871680797
4660.0 19563.439454096046
4670.0 16261.114935002974
4680.0 15361.337433120203
4690.0 21229.264451196424
4700.0 20596.509662509277
4710.0 21438.672512199653
4720.0 18044.85591342888
4730.0 20674.151627597952
4740.0 21605.346934750985
4750.0 23973.641700420067
4760.0 17406.468000725454
4770.0 12581.94694351203
4780.0 15131.062761122297
4790.0 16742.63299603002
4800.0 17258.113462012618
4810.0 10856.597360047763
4820.0 13925.539641386331
4830.0 15873.454423839947
4840.0 19406.08448146485
4850.0 15821.469197733873
4860.0 24907.27255884101
4870.0 19565.747553017773
4880.0 21412.781063375674
4890.0 26057.785999567495
4900.0 23222.31030560386
4910.0 25535.692230277036
4920.0 30806.319397494288
4930.0 34152.2736891489
4940.0 31932.8079845029
4950.0 35253.240560514314
4960.0 34801.16229883721
4970.0 16635.277953667173
4980.0 19411.251669228688
4990.0 21567.042470498243
5000.0 17175.45992635062
5010.0 79856.60034370287
5020.0 15721.399696911996
5030.0 20982.11517714109
5040.0 20199.496921494836
5050.0 19238.09955329146
5060.0 19536.884620704208
5070.0 21806.685325989616
5080.0 20910.590619784685
5090.0 22544.83381384056
5100.0 25553.700887016174
5110.0 22733.42827293911
5120.0 25381.11927135396
5130.0 26729.122922865885
5140.0 27317.991788570394
5150.0 27222.500448891715
5160.0 29884.36637666991
5170.0 13439.803502620289
5180.0 14413.860544867804
5190.0 16850.451082704625
5200.0 20567.349061080688
5210.0 18917.470822838703
5220.0 30704.077880969704
5230.0 30589.507358104718
5240.0 27150.87188402089
5250.0 26814.749909322083
5260.0 28522.14667016412
5270.0 23636.292919864296
5280.0 29207.23157185025
5290.0 32391.797470668025
5300.0 33732.02181325447
5310.0 30514.02932885698
5320.0 29715.78547931519
5330.0 27342.010983910488
5340.0 32039.07417893587
5350.0 33979.443434386965
5360.0 27579.231110704768
5370.0 27290.526239784165
5380.0 32348.22218891026
5390.0 32558.048614929023
5400.0 29860.790183662426
5410.0 29227.309319255415
5420.0 33207.20110236434
5430.0 30570.56650176976
5440.0 34970.47717666592
5450.0 20577.155885554508
5460.0 19376.262213562473
5470.0 22701.226979539664
5480.0 24410.05259235237
5490.0 26696.365085980193
5500.0 21226.685572150425
5510.0 22814.891388679884
5520.0 25504.650802335596
5530.0 26557.92835783602
5540.0 28476.65761013442
5550.0 28066.012393948156
5560.0 28694.65094801836
5570.0 27254.47469650839
5580.0 27600.562241173877
5590.0 27042.640082933816
5600.0 21429.773147731583
5610.0 20888.412789120455
5620.0 20487.078487023246
5630.0 20517.067239564538
5640.0 19427.63507217621
5650.0 23757.57731112006
5660.0 21615.08052877984
5670.0 21357.373827435593
5680.0 23619.43867360628
5690.0 26285.096675814144
5700.0 26399.39043593969
5710.0 26554.250360378977
5720.0 28557.274746338444
5730.0 29010.973131280673
5740.0 30854.697419309996
5750.0 31704.22766235419
5760.0 26910.024813592117
5770.0 27064.78778854246
5780.0 31241.400149653276
5790.0 33485.26845547143
5800.0 35977.46481734587
5810.0 32484.49588359661
5820.0 32972.66902513495
5830.0 35661.90844655386
5840.0 33677.518325658086
5850.0 26211.380245521246
5860.0 24987.93448547048
5870.0 22841.887561035495
5880.0 20342.50280539793
5890.0 14957.246079751567
5900.0 15957.882756213356
5910.0 17269.321489766447
5920.0 18125.81670022666
5930.0 19178.209139551494
5940.0 21528.172913298895
5950.0 19994.550152408363
5960.0 20019.9955746646
5970.0 21633.846964127868
5980.0 22969.03098675765
5990.0 25398.859788752397
6000.0 24730.36838333301
6010.0 26235.063215345373
6020.0 28137.33267968745
6030.0 30310.63762671968
6040.0 30679.690237553623
6050.0 32729.287729911495
6060.0 33744.30211200524
6070.0 36167.97029651391
6080.0 40675.92973887175
6090.0 39070.42111958168
6100.0 36498.21238840191
6110.0 38704.32119464295
6120.0 40465.86711103721
6130.0 44115.57466567168
6140.0 45289.63386521375
6150.0 38258.52325952558
6160.0 24841.983362189654
6170.0 22882.09234745226
6180.0 24139.683501838623
6190.0 18757.25183554522
6200.0 20554.60885040815
6210.0 21998.224743871662
6220.0 17592.895375165743
6230.0 16730.41064616203
6240.0 17611.25378378336
6250.0 20223.818723123397
6260.0 22058.802247609616
6270.0 23010.40058125965
6280.0 23271.35240560238
6290.0 25476.97463057464
6300.0 27267.663684804178
6310.0 29872.924930763777
6320.0 31153.84981812878
6330.0 31033.648227992588
6340.0 35602.999514878575
6350.0 30190.808792258773
6360.0 27744.546535466896
6370.0 31450.932549743284
6380.0 30762.002519273894
6390.0 30106.16039557476
6400.0 34959.53152060904
6410.0 39509.26320021643
6420.0 34301.99980879085
6430.0 36901.81524893577
6440.0 42053.17793033827
6450.0 40567.97321058141
6460.0 43594.40604089751
6470.0 48234.14615174991
6480.0 34436.487470033106
6490.0 33326.40045410247
6500.0 32016.07744422764
6510.0 33578.57586619439
6520.0 35353.946664302974
6530.0 41134.42296379582
6540.0 44598.25201316531
6550.0 40067.33912835787
6560.0 65333.74829149814
6570.0 42905.61620559098
6580.0 43215.63129006483
6590.0 48619.65335652937
6600.0 44965.37666509148
6610.0 44539.52943165215
6620.0 42297.71679904494
6630.0 41246.169828540944
6640.0 41485.641327446116
6650.0 35138.86757702915
6660.0 33191.853827476494
6670.0 37813.41095806122
6680.0 30290.40396138127
6690.0 30049.159358783727
6700.0 32995.04280488761
6710.0 32723.126519869722
6720.0 23125.23839268376
6730.0 29449.24372139267
6740.0 30349.925050487134
6750.0 27402.1932163474
6760.0 29799.480109572174
6770.0 35764.590516409306
6780.0 31317.736314807942
6790.0 27884.821908750364
6800.0 31961.22763231607
6810.0 34588.634346589126
6820.0 32422.976239949916
6830.0 38575.187031086825
6840.0 40498.81562875244
6850.0 35751.22099446313
6860.0 35356.757761131084
6870.0 37710.02748483018
6880.0 40948.261603547675
6890.0 40509.6120534651
6900.0 43246.42976833577
6910.0 49323.43570320651
6920.0 44552.44481071379
6930.0 47158.00354987468
6940.0 47560.30928980326
6950.0 53312.62219803578
6960.0 56505.541202348206
6970.0 62295.29587525024
6980.0 65739.66307653754
6990.0 67778.13263033803
7000.0 68289.79295160229
7010.0 73951.75080670782
7020.0 80001.74337652914
7030.0 84445.6331541964
7040.0 91800.26712746818
7050.0 93199.89981781568
7060.0 44669.658002210315
7070.0 58629.36765606348
7080.0 64914.385103173234
7090.0 39513.89730054939
7100.0 38091.79612387127
7110.0 48871.9557888857
7120.0 56098.31930626182
7130.0 25065.6702909757
7140.0 30837.94463906868
7150.0 36220.75277320046
7160.0 37547.561897292144
7170.0 40242.374234538845
7180.0 46303.78723899828
7190.0 55504.14035236131
7200.0 40680.196715531536
7210.0 40917.52346691476
7220.0 51501.78539533658
7230.0 53885.061706624525
7240.0 59269.13403654054
7250.0 72261.08371353969
7260.0 78586.8482451986
7270.0 73580.10600841013
7280.0 75249.08746678453
7290.0 85019.87817761008
7300.0 97009.08262454039
7310.0 102169.60202153375
7320.0 111542.45329403551
7330.0 115508.21610967959
7340.0 111190.62789762535
7350.0 108953.13022200337
7360.0 118320.60969080389
7370.0 130721.76995086444
7380.0 120306.79917598415
7390.0 122666.11597463528
7400.0 121221.27070049958
7410.0 119048.5427308757
7420.0 109860.94163957471
7430.0 121081.03775831562
7440.0 119242.20342902446
7450.0 102487.30660824005
7460.0 108553.75003317773
7470.0 113268.61522236135
7480.0 109709.28638540913
7490.0 116718.47478101461
7500.0 123818.57058508696
7510.0 112257.56246401
7520.0 120006.62167094434
7530.0 127869.02044789784
7540.0 129585.93160846796
7550.0 137420.04423268765
7560.0 147774.74117196337
7570.0 141272.28612077332
7580.0 144028.9730030514
7590.0 113941.92040695027
7600.0 117191.18785016974
7610.0 123566.13465448374
7620.0 138122.06839316798
7630.0 99318.53555452652
7640.0 107702.29783476744
7650.0 114715.74966359248
7660.0 109909.60612615162
7670.0 72472.31127510616
7680.0 79312.0894650081
7690.0 88548.42559397074
7700.0 86015.8291198008
7710.0 83000.44355291003
7720.0 92186.6553908085
7730.0 105062.51117437804
7740.0 107991.24173245374
7750.0 86031.49284374792
7760.0 85087.96514693357
7770.0 94956.68743104409
7780.0 93806.94141395294
7790.0 93921.65694523229
7800.0 104259.88066784907
7810.0 114082.75227892934
7820.0 113350.84425246046
7830.0 98240.24369365597
7840.0 95757.69531171687
7850.0 109606.22212308562
7860.0 112018.36593000682
7870.0 111983.21404699917
7880.0 123328.76571899111
7890.0 132880.7126975268
7900.0 125185.95980469251
7910.0 114892.58513687323
7920.0 114659.74441172156
7930.0 122641.50269345402
7940.0 126157.42431998522
7950.0 132774.70084135694
7960.0 140723.67773379848
7970.0 136627.78752246624
7980.0 137200.8855338355
7990.0 132838.76849015107
8000.0 139313.20987218036
8010.0 141098.0629165174
8020.0 147891.25232010827
8030.0 151836.83245434516
8040.0 157454.19200642678
8050.0 151370.72919009128
8060.0 163632.17662976487
8070.0 164604.47749392714
8080.0 170438.93643043985
8090.0 179926.52493804935
8100.0 186260.9729090849
8110.0 189385.02883404662
8120.0 192311.01294308278
8130.0 204306.41282166206
8140.0 210453.08880543796
8150.0 218136.70817464215
8160.0 219115.56912383105
8170.0 226718.29359334195
8180.0 211835.59465817673
8190.0 211684.00563866892
8200.0 184982.83744266504
8210.0 185843.9745873856
8220.0 194302.969943399
8230.0 205864.80193764446
8240.0 209022.26138119862
8250.0 208215.59174868578
8260.0 210094.04534683627
8270.0 193807.41783116266
8280.0 187990.96682348204
8290.0 185685.7492023891
8300.0 179042.3835889718
8310.0 181655.0801385367
8320.0 194818.88390057892
8330.0 190366.66846056306
8340.0 182728.88354070153
8350.0 178275.95932703416
8360.0 186217.2998759698
8370.0 187440.7912528438
8380.0 180907.31600846766
8390.0 174709.3068630247
8400.0 186370.45756490453
8410.0 194793.0703701957
8420.0 183697.3863457655
8430.0 162796.95072083172
8440.0 119917.774588508
8450.0 96918.24148620863
8460.0 95267.53494116873
8470.0 94543.18215812108
8480.0 107339.30165587575
8490.0 114504.00335791286
8500.0 113272.33834477619
8510.0 105004.60434533714
8520.0 102440.8672939645
8530.0 104454.90589527416
8540.0 111459.42759380487
8550.0 121750.00120990118
8560.0 126200.39345531825
8570.0 129458.0177625679
8580.0 128753.97535037735
8590.0 123804.61501823762
8600.0 123261.80620670655
8610.0 132766.20527642657
8620.0 144393.25966244139
8630.0 141263.58898027346
8640.0 145934.81943487056
8650.0 143459.48753525884
8660.0 141713.42899923743
8670.0 143345.93947926778
8680.0 141601.43139087711
8690.0 149793.09364301345
8700.0 153306.31260308294
8710.0 162069.34030110363
8720.0 163083.9582254157
8730.0 171037.50933090964
8740.0 171974.7437628937
8750.0 172829.04931669254
8760.0 185317.8598633027
8770.0 180851.89834970573
8780.0 191303.45907664788
8790.0 203389.21451062246
8800.0 210386.81117903648
8810.0 211896.64999335504
8820.0 204482.3819233709
8830.0 218844.23066478092
8840.0 226133.55109178697
8850.0 235791.19701610474
8860.0 174346.9796824667
8870.0 160497.62709732284
8880.0 167621.16782705774
8890.0 179003.99031870504
8900.0 191713.50587628997
8910.0 203147.5523864587
8920.0 207568.474035783
8930.0 212477.86077460434
8940.0 191526.91786899016
8950.0 185171.35615785336
8960.0 195827.58460203782
8970.0 205925.8925643483
8980.0 212737.99819740062
8990.0 222585.48455441502
9000.0 219520.25663483923
9010.0 222877.13730418665
9020.0 220447.22585176452
9030.0 218614.0939039107
9040.0 229454.69818090953
9050.0 233330.97101103427
9060.0 237296.56557865784
9070.0 241878.08489744327
9080.0 247626.8199551668
9090.0 245450.53618522553
9100.0 250259.50621472913
9110.0 252027.89680024044
9120.0 257249.79136590433
9130.0 261163.52003145116
9140.0 264218.1499350504
9150.0 267083.4810367322
9160.0 268989.96834383113
9170.0 271121.42916395015
9180.0 274438.3272077138
9190.0 275313.78157633415
9200.0 271188.0197793711
9210.0 239840.9699635347
9220.0 220869.08720565657
9230.0 203215.11279268208
9240.0 208021.32121951185
9250.0 200216.6700466505
9260.0 212516.53084693302
9270.0 220680.16935029844
9280.0 202640.73772048258
9290.0 188457.2415302352
9300.0 185178.58458824595
9310.0 191651.786038823
9320.0 186414.72679302384
9330.0 197822.74006808983
9340.0 209551.58671511398
9350.0 197787.8991707383
9360.0 197815.1647433266
9370.0 194858.1111210329
9380.0 198756.79306151732
9390.0 202447.16418917457
9400.0 206626.90267497287
9410.0 214232.57643255813
9420.0 213495.30406767552
9430.0 217685.8656028223
9440.0 211644.40018249018
9450.0 208969.3315776181
9460.0 214190.22060421467
9470.0 224027.85195351916
9480.0 231427.61207005958
9490.0 237407.02380463362
9500.0 235143.36886404597
9510.0 232544.2872826109
9520.0 235168.53248292988
9530.0 238728.19245599787
9540.0 241818.05451278682
9550.0 243332.7499917202
9560.0 250504.70731821697
9570.0 252913.29906494863
9580.0 256628.0321689383
9590.0 255963.67296252452
9600.0 246725.325001091
9610.0 256132.42639018936
9620.0 262445.27655188245
9630.0 266192.9301391331
9640.0 247641.70084200916
9650.0 256644.8416093989
9660.0 270968.98489464907
9670.0 263348.521580081
9680.0 261063.879357784
9690.0 266440.2790693905
9700.0 275959.39824186085
9710.0 269186.54719985044
9720.0 272362.04370154085
9730.0 242720.3586904534
9740.0 247994.29377186124
9750.0 254020.1140178955
9760.0 260822.52542222873
9770.0 257670.80839101342
9780.0 256926.52706191008
9790.0 261555.44615871494
9800.0 272845.6305669469
9810.0 257600.23172890217
9820.0 258814.42956580184
9830.0 250606.70737538315
9840.0 257699.60742696698
9850.0 263406.15958986536
9860.0 269506.22970098443
9870.0 270407.848415678
9880.0 275342.9947948097
9890.0 277473.35175623494
9900.0 249342.62324701974
9910.0 243144.24197602615
9920.0 244207.78828355827
9930.0 249349.90038046162
9940.0 265122.8122827034
9950.0 266876.4038542554
9960.0 271039.67658022686
9970.0 263739.9095637013
9980.0 265897.74220401386
9990.0 261759.64295116274
10010.0 262814.6623013509
10020.0 262778.8909259028
10030.0 258552.75840563042
10040.0 262414.4920314547
10050.0 258114.46463002232
10060.0 256571.10713964005
10070.0 265717.3498265527
10080.0 268214.3432966323
10090.0 266023.084628245
10100.0 275049.4968765567
10110.0 269910.153927331
10120.0 271356.7559576038
10130.0 272408.1282061122
10140.0 262958.0837580091
10150.0 265051.91460546706
10160.0 262932.5753193862
10170.0 266848.6258738543
10180.0 264616.05108923186
10190.0 267963.43880469236
10200.0 270291.6009727756
10210.0 268433.7702061533
10220.0 266959.19925756566
10230.0 267815.06775575876
10240.0 276488.2337322291
10250.0 264107.4636499383
10260.0 256641.90593503462
10270.0 261227.24767543998
10280.0 260233.61893731804
10290.0 267978.2404304307
10300.0 262457.6168132915
10310.0 269219.14813914907
10320.0 265375.3132955555
10330.0 269938.46219659364
10340.0 251867.3549501412
10350.0 268831.4802446949
10360.0 273843.8644276504
10370.0 278934.2179216006
10380.0 267922.9354204041
10390.0 269399.58465692215
10400.0 265724.8286549812
10410.0 271900.2682134557
10420.0 273795.15457623376
10430.0 272139.5100339097
10440.0 281045.2478924185
10450.0 281197.25508779305
10460.0 279442.90469674766
10470.0 271095.1032824367
10480.0 275514.8157469778
10490.0 279722.5019182473
10500.0 276122.63052639813
10510.0 276042.207679003
10520.0 276981.41179531894
10530.0 287445.38948178774
10540.0 281104.1054636107
10550.0 281370.59084283165
10560.0 281840.64726541814
10570.0 278822.9327897504
10580.0 280025.482940902
10590.0 283354.43937712995
10600.0 285972.68097061326
10610.0 282367.9956852297
10620.0 285429.9748968896
10630.0 290184.19558893115
10640.0 285235.4834154941
10650.0 284255.18172644486
10660.0 279468.7102732206
10670.0 285801.6577270878
10680.0 283575.44858459505
10690.0 286848.69362903695
10700.0 288907.6934787104
10710.0 290645.4770015086
10720.0 290819.3641003478
10730.0 281270.26020418963
10740.0 294337.7013744459
10750.0 291414.9457297131
10760.0 290570.81662136334
10770.0 296581.3804475773
10780.0 295516.32120344945
10790.0 291326.32758879365
10800.0 291192.5247079026
10810.0 286680.3896822329
10820.0 301879.89461683313
10830.0 292901.6118977466
10840.0 296257.51740567194
10850.0 294697.10095512494
10860.0 288895.6248736038
10870.0 293041.9759928373
10880.0 293968.1167097477
10890.0 290717.2480991574
10900.0 294024.9232144409
10910.0 288630.37320081337
10920.0 290357.83882662054
10930.0 289789.7384808752
10940.0 293198.5933832126
10950.0 290069.8218059143
10960.0 281967.8765524796
10970.0 284326.1115553257
10980.0 288105.10768418957
10990.0 287240.7141934674
11000.0 285166.8438375039
11010.0 283686.87228989723
11020.0 283878.87012030435
11030.0 267283.0740551418
11040.0 266252.1431645161
11050.0 261057.06216194775
11060.0 266323.99209865497
11070.0 268394.8765321986
11080.0 259757.65021431682
11090.0 274381.17265438073
11100.0 272477.4836842416
11110.0 264807.4131551116
11120.0 264795.5050644528
11130.0 274432.5010093303
11140.0 277170.50653818715
11150.0 265470.01099853136
11160.0 271463.2172279066
11170.0 272748.1376676862
11180.0 276920.7759320121
11190.0 267134.3781183158
11200.0 267609.68259016186
11210.0 278444.84590873343
11220.0 272451.3677788954
11230.0 279547.43792423414
11240.0 279234.31790435576
11250.0 265428.76037377585
11260.0 272403.82286416984
11270.0 282840.54831486027
11280.0 276876.1962583246
11290.0 276452.202677094
11300.0 271915.1733365069
11310.0 275990.43770925066
11320.0 278691.5219554515
11330.0 270981.517818402
11340.0 267389.17646733363
11350.0 275008.67623869167
11360.0 276679.60274550744
11370.0 270257.61359724146
11380.0 259920.88493536
11390.0 270013.7170333428
11400.0 251828.19303094168
11410.0 268471.8185628841
11420.0 270781.3744972919
11430.0 275585.9555073409
11440.0 267369.88638566085
11450.0 273298.27358362306
11460.0 275033.4444154388
11470.0 276548.198526201
11480.0 273805.28111166647
11490.0 277950.96130578505
11500.0 279939.2536000169
11510.0 274411.9575411621
11520.0 275311.1174717391
11530.0 277500.7231592594
11540.0 271373.79099049146
11550.0 279059.0771389594
11560.0 278917.45547227183
11570.0 276394.45468480285
11580.0 279530.6807932802
11590.0 268722.1789447815
11600.0 275839.6691567906
11610.0 264887.88214506244
11620.0 276059.6536167568
11630.0 276559.522029532
11640.0 270126.316591942
11650.0 275820.7266379845
11660.0 275394.25061416277
11670.0 278529.1937560522
11680.0 275871.38557016745
11690.0 262243.9261053428
11700.0 275873.7611152876
11710.0 275263.5651284086
11720.0 275239.13572015805
11730.0 273740.5066325642
11740.0 273877.38246711186
11750.0 270324.0798932335
11760.0 270105.08798139734
11770.0 255284.44610972193
11780.0 262284.7083107496
11790.0 274355.56803734746
11800.0 270223.9425664693
11810.0 269960.2334476585
11820.0 273252.8396586627
11830.0 265766.0430411649
11840.0 275319.246402341
11850.0 271661.96263296955
11860.0 271049.70923658233
11870.0 275245.2844175136
11880.0 252376.1688114204
11890.0 266828.04466849274
11900.0 273787.0808455801
11910.0 267870.63615098264
11920.0 273166.42289238266
11930.0 274670.06359659083
11940.0 269464.6177714546
11950.0 265278.49434321374
11960.0 266230.33317196043
11970.0 251863.90512092548
11980.0 269119.87815891556
11990.0 267940.741795494
12000.0 269619.69498798624
12010.0 273659.9924922053
12020.0 268434.9901588482
12030.0 264999.45845246135
12040.0 273711.9592491054
12050.0 270205.1116478263
12060.0 275757.63192914095
12070.0 268635.6236180514
12080.0 269962.1312110603
12090.0 267683.55227743305
12100.0 274752.0623155126
12110.0 270669.99391410936
12120.0 270660.7203316154
12130.0 268216.03990631393
12140.0 276597.0108985378
12150.0 275735.00134774926
12160.0 271296.9942153383
12170.0 273478.98855213035
12180.0 275269.74601830455
12190.0 273438.3969946059
12200.0 274814.87285977555
12210.0 272251.1115448548
12220.0 272003.6726518506
12230.0 274353.6340504288
12240.0 275640.6999513433
12250.0 274051.44699403073
12260.0 276017.97978231916
12270.0 273677.79210067546
12280.0 275571.37469635456
12290.0 274053.3929621527
12300.0 274243.9845730645
12310.0 274092.8001934782
12320.0 271353.7323044237
12330.0 273433.7443642555
12340.0 273072.2782803983
12350.0 274279.49991282145
12360.0 272524.57110160077
12370.0 274700.440374652
12380.0 275483.23125356814
12390.0 272245.2967765438
12400.0 273435.8462767077
12410.0 268468.1018292097
12420.0 257864.21749282032
12430.0 254974.35316387448
12440.0 261285.01970785894
12450.0 264316.2936840218
12460.0 267256.7298433387
12470.0 266232.30524624727
12480.0 265195.2889715471
12490.0 268671.2069239755
12500.0 267268.2169658685
12510.0 266552.65236513835
12520.0 258864.3966622119
12530.0 265379.72036596056
12540.0 267782.4696477029
12550.0 268728.1125475563
12560.0 260696.897588361
12570.0 263578.2833377192
12580.0 262064.837230846
12590.0 259946.92275197618
12600.0 264034.3672708581
12610.0 264006.3923643463
12620.0 263750.78938501916
12630.0 261516.92072821918
12640.0 261181.46670281564
12650.0 264618.4343551607
12660.0 265735.9884746785
12670.0 263035.8840816612
12680.0 263520.2405024589
12690.0 266786.7883462506
12700.0 263831.1680095153
12710.0 263828.5295178972
12720.0 264911.6599644091
12730.0 265786.86871318705
12740.0 259172.32802708563
12750.0 263144.8420094752
12760.0 267516.2186531097
12770.0 263728.134616818
12780.0 263058.1920698799
12790.0 266445.15473149304
12800.0 266662.26406603836
12810.0 264952.95548424835
12820.0 251162.6204593375
12830.0 258997.33644564523
12840.0 263930.7753300301
12850.0 259616.72606275865
12860.0 262187.77239078557
12870.0 263028.25492866285
12880.0 262308.21962608956
12890.0 263459.6558785436
12900.0 256255.18690217755
12910.0 259516.74882191658
12920.0 263320.56626165507
12930.0 264851.80636194703
12940.0 265267.34448894503
12950.0 264507.0967766519
12960.0 265712.8654242834
12970.0 264062.9476358563
12980.0 262403.03574480506
12990.0 264025.68625527044
13000.0 265755.7916066643
13010.0 260737.80179405215
13020.0 265547.6726305007
13030.0 262803.0702643734
13040.0 265114.7479030252
13050.0 264164.41818594054
13060.0 263929.1596674376
13070.0 261397.51513465776
13080.0 257801.434741496
13090.0 256914.21094699815
13100.0 261162.2560591762
13110.0 261903.54911390456
13120.0 240454.23773158406
13130.0 255007.3587689859
13140.0 256772.4248385287
13150.0 242040.11907699684
13160.0 260801.278345611
13170.0 259220.73433917054
13180.0 256137.31764296643
13190.0 259755.24071693202
13200.0 256935.1451681161
13210.0 255335.03534282485
13220.0 255610.85811263605
13230.0 254735.77735152942
13240.0 257279.35210499424
13250.0 246837.69728442052
13260.0 254379.54338137584
13270.0 247623.8929333199
13280.0 248442.25089882922
13290.0 240474.61499861776
13300.0 245973.29513506044
13310.0 236610.84007474675
13320.0 212569.3278431007
13330.0 236653.7621238233
13340.0 211535.00403977023
13350.0 194174.22352878388
13360.0 207511.32981556025
13370.0 200520.69614289622
13380.0 212890.23992075823
13390.0 214545.2851710541
13400.0 212118.5529065796
13410.0 204473.38030194724
13420.0 196795.39094870663
13430.0 199705.01226835712
13440.0 192716.17594371267
13450.0 210292.81262293915
13460.0 205324.29675830764
13470.0 199706.17537343968
13480.0 204649.1388374834
13490.0 212779.11692084873
13500.0 184617.6581949492
13510.0 207616.4487512173
13520.0 197404.48185010647
13530.0 200539.5577481257
13540.0 195677.2858761784
13550.0 194655.4654061825
13560.0 206836.3718926912
13570.0 199787.89598877906
13580.0 195130.67422768052
13590.0 192261.22343179805
13600.0 202022.62204489287
13610.0 196472.0377894976
13620.0 187846.44390702355
13630.0 193675.50418901714
13640.0 188665.37556313872
13650.0 197242.60821723196
13660.0 195077.64901202722
13670.0 198219.55589401632
13680.0 191552.13547356694
13690.0 195159.4234654652
13700.0 196495.1170150626
13710.0 180277.36425346896
13720.0 202170.52358267183
13730.0 189062.11388938912
13740.0 195085.26045961294
13750.0 195405.49414494444
13760.0 192637.41951197624
13770.0 200895.0774793971
13780.0 193852.31789081157
13790.0 195108.05458661824
13800.0 199765.86763112247
13810.0 203096.6524299867
13820.0 187239.14299791917
13830.0 198667.38976671337
13840.0 198911.4151626354
13850.0 196347.93098423336
13860.0 185689.0618324018
13870.0 199771.5879571047
13880.0 188186.51711415322
13890.0 195585.3469911077
13900.0 180133.39404008575
13910.0 173399.88376618663
13920.0 173663.2904073141
13930.0 179219.35696424326
13940.0 186363.02545634014
13950.0 178011.62960852947
13960.0 189985.92267130583
13970.0 178888.43344132436
13980.0 173733.83232521458
13990.0 184507.18127448933
14000.0 169968.02549570714
14010.0 176596.54909240146
14020.0 184175.69619101626
14030.0 186674.49556512252
14040.0 179780.54475877286
14050.0 178106.33753463443
14060.0 182367.15894748044
14070.0 175748.4889624683
14080.0 173273.10020460887
14090.0 174910.80632909725
14100.0 173294.35543669458
14110.0 175113.65889551258
14120.0 174153.5120445751
14130.0 176682.1477097275
14140.0 162423.2340563584
14150.0 173885.48824864294
14160.0 172939.58141853716
14170.0 162702.95061238285
14180.0 166657.02600361858
14190.0 159484.32693862333
14200.0 174840.4315824808
14210.0 170894.06443596084
14220.0 167099.22108847034
14230.0 167662.6209949114
14240.0 168625.2891464167
14250.0 164715.29558815772
14260.0 165144.73649169525
14270.0 164680.0685936399
14280.0 162074.48242269538
14290.0 161953.61162942954
14300.0 174778.83664247312
14310.0 167481.51655271725
14320.0 164927.9744189729
14330.0 169016.95198552424
14340.0 162239.50114942866
14350.0 163020.38463329978
14360.0 167009.47420618832
14370.0 170922.78139297658
14380.0 167174.45964864927
14390.0 161975.40969209102
14400.0 172255.68952937206
14410.0 159384.94098254887
14420.0 168369.10061459985
14430.0 177427.64375909395
14440.0 166046.98680342265
14450.0 164903.82845951532
14460.0 170331.9869240641
14470.0 162036.4152676316
14480.0 170829.8365082935
14490.0 173825.79996573678
14500.0 162635.45809189283
14510.0 169577.82204560188
14520.0 174206.95125543795
14530.0 165456.689019745
14540.0 168716.70299874706
14550.0 172915.14465327485
14560.0 159472.9935182663
14570.0 165503.16379874776
14580.0 175558.39823256808
14590.0 170425.59200243297
14600.0 164279.56757494845
14610.0 160776.4135036743
14620.0 163220.96057493638
14630.0 159557.38632751146
14640.0 166632.9530102495
14650.0 170344.4899124427
14660.0 162866.29951626516
14670.0 160052.89698945638
14680.0 156697.63603914232
14690.0 158795.61648197126
14700.0 159049.67844214215
14710.0 164315.2487036125
14720.0 165011.039541566
14730.0 165747.5922689866
14740.0 153309.78494340033
14750.0 158366.4245869198
14760.0 163809.95694594845
14770.0 156146.12226862964
14780.0 167496.9124783406
14790.0 161911.65150202773
14800.0 156921.1421694786
14810.0 158396.65315575557
14820.0 160447.76121548135
14830.0 165534.67495682384
14840.0 162299.81105612044
14850.0 161838.18983162462
14860.0 164489.49108490386
14870.0 161587.74810951584
14880.0 156153.6138306437
14890.0 164010.01042379803
14900.0 158780.94035478507
14910.0 166720.36554812675
14920.0 159672.02085931285
14930.0 165882.44209475533
14940.0 159954.64976540813
14950.0 162887.85681858906
14960.0 163053.79129230883
14970.0 168139.15991852884
14980.0 167747.37973079333
14990.0 165027.4189498138
15000.0 157558.63071583575
15010.0 162000.18909812346
15020.0 155901.57210582975
15030.0 165117.83325042904
15040.0 167643.96220278632
15050.0 160825.7798027004
15060.0 164891.23868696508
15070.0 162995.75916439563
15080.0 161625.87839544754
15090.0 171242.70118869434
15100.0 164088.41205206185
15110.0 164291.6161305916
15120.0 167785.7554954017
15130.0 155493.33598707922
15140.0 173231.0766898101
15150.0 164233.22865983972
15160.0 164383.20320797255
15170.0 155536.98582054718
15180.0 171444.32046672248
15190.0 165561.21431531265
15200.0 164623.13849108087
15210.0 174020.55831803515
15220.0 164777.726647357
15230.0 173564.35316394464
15240.0 160720.08359082448
15250.0 164329.0630113213
15260.0 156856.3780157742
15270.0 165213.61870148932
15280.0 159045.65606420513
15290.0 169743.43199431492
15300.0 169852.14820370005
15310.0 166978.7963211311
15320.0 155060.55267158392
15330.0 164414.9117182463
15340.0 168584.4016892176
15350.0 165147.40760714383
15360.0 167947.30059921063
15370.0 163705.45336683854
15380.0 161863.43306015592
15390.0 164310.37376896013
15400.0 160578.28453601102
15410.0 163774.3244793352
15420.0 158780.4797593092
15430.0 161050.21892938856
15440.0 164907.89098591873
15450.0 169543.07171603738
15460.0 167650.7251262943
15470.0 162326.1263998338
15480.0 165580.37255942443
15490.0 169937.46288674537
15500.0 160405.3823248273
15510.0 162660.4225864558
15520.0 171199.60191772153
15530.0 165362.77494697005
15540.0 160447.1117075683
15550.0 168539.91206072143
15560.0 166697.2078115131
15570.0 159765.89518139182
15580.0 162436.96686618513
15590.0 167011.7171672322
15600.0 165995.42451358368
15610.0 165651.98754122952
15620.0 169391.2568422478
15630.0 168383.96799450368
15640.0 170444.73264211693
15650.0 157743.3823410108
15660.0 165334.8758584051
15670.0 173476.9524893694
15680.0 172989.995460063
15690.0 167137.53942231328
15700.0 166196.52354340313
15710.0 170906.28978141828
15720.0 164862.88530895123
15730.0 165109.94901184508
15740.0 173970.35973536817
15750.0 169538.55615535792
15760.0 165475.70821866242
15770.0 171531.150871924
15780.0 163777.6637885308
15790.0 173246.5469684806
15800.0 168039.3817983903
15810.0 171796.58319765003
15820.0 173478.75131719862
15830.0 169999.40319152168
15840.0 166397.778452631
15850.0 170635.85718797398
15860.0 174001.5792483952
15870.0 173840.67179869214
15880.0 172492.90702078486
15890.0 167078.90255166253
15900.0 168097.0491667673
15910.0 168884.81116779297
15920.0 172510.72877399813
15930.0 170798.93066918093
15940.0 172132.05092265888
15950.0 175811.16000333583
15960.0 176037.61160896329
15970.0 171499.26578176886
15980.0 173273.80584407703
15990.0 170805.67752139247
16000.0 172678.81153120525
16010.0 175844.42005419816
16020.0 174462.62381961857
16030.0 175135.20681577837
16040.0 168113.1950131684
16050.0 173857.32062540637
16060.0 169284.40466325954
16070.0 172972.59499213344
16080.0 173710.8091218169
16090.0 175463.60639146055
16100.0 173652.9363667044
16110.0 175752.55603886652
16120.0 172527.07737170902
16130.0 173765.88280259827
16140.0 173023.5146013564
16150.0 170359.6567373337
16160.0 171993.15617937248
16170.0 179326.58202266073
16180.0 175806.6794922594
16190.0 165205.81512133495
16200.0 166261.13165453656
16210.0 171913.04363706263
16220.0 173672.02975664887
16230.0 173357.22343297608
16240.0 175652.68942734686
16250.0 170526.4112317402
16260.0 172827.33135275543
16270.0 177528.04466344463
16280.0 177285.52746899816
16290.0 177199.41173140774
16300.0 176302.94888725586
16310.0 174366.89241277604
16320.0 174532.29665082437
16330.0 181480.82189038643
16340.0 175912.79355010868
16350.0 172296.5757425899
16360.0 174188.7122736284
16370.0 179881.48732604572
16380.0 177534.9535227277
16390.0 178497.4250947949
16400.0 177779.08153984617
16410.0 174018.18487943977
16420.0 178599.63370868663
16430.0 178959.36712170058
16440.0 176080.23244168845
16450.0 177029.3057463296
16460.0 177649.52338558825
16470.0 179304.95146974584
16480.0 182558.08399006553
16490.0 177239.03481785554
16500.0 178874.64336166656
16510.0 177760.30105944155
16520.0 179509.09415129508
16530.0 177611.08378914604
16540.0 177296.20868776465
16550.0 180996.17569091762
16560.0 184223.50341112915
16570.0 181431.43441760476
16580.0 177992.30161379275
16590.0 180212.4148298386
16600.0 179059.07653971447
16610.0 175529.70960919265
16620.0 179555.2512388232
16630.0 181484.24512692928
16640.0 181835.40885720824
16650.0 180789.0503976828
16660.0 176518.79157737098
16670.0 176330.08144729657
16680.0 181625.97905161226
16690.0 181508.0696250502
16700.0 176135.84998387445
16710.0 176696.18141117177
16720.0 173233.42462401406
16730.0 179820.97463713124
16740.0 182010.08263856653
16750.0 170262.5327844553
16760.0 177840.10036837845
16770.0 179001.1509237244
16780.0 182779.16626647647
16790.0 183026.7000140786
16800.0 181852.73809983686
16810.0 181189.33713833944
16820.0 181271.14457494748
16830.0 181922.5138640244
16840.0 178441.56301493538
16850.0 179527.8495808314
16860.0 179307.26073882115
16870.0 175219.7645981652
16880.0 173055.83818054383
16890.0 173870.36964351125
16900.0 173167.20119432453
16910.0 177561.7186360138
16920.0 171527.2875374805
16930.0 181358.9864760635
16940.0 175445.77386352752
16950.0 175178.1428131721
16960.0 175753.05245505087
16970.0 168971.14736369328
16980.0 176409.96281613
16990.0 172791.4782963746
17000.0 169961.43620899753
17010.0 174310.6796719435
17020.0 172747.89715470164
17030.0 172367.13732406666
17040.0 169843.2243688042
17050.0 165010.16485975395
17060.0 171105.66269866467
17070.0 164080.04589198332
17080.0 160649.42033619148
17090.0 168169.73401734358
17100.0 160673.81830822662
17110.0 154735.7046255082
17120.0 163704.31002642072
17130.0 163404.5373023049
17140.0 157783.04755447185
17150.0 163515.1743655931
17160.0 159286.1436266542
17170.0 157299.316890207
17180.0 153275.69949156378
17190.0 153611.42452627778
17200.0 160129.34664730824
17210.0 155554.84354360643
17220.0 159349.7998509108
17230.0 147547.5534097844
17240.0 155818.25790652013
17250.0 162595.06781587098
17260.0 148154.8080525646
17270.0 153881.375940704
17280.0 157299.75124611653
17290.0 150768.72257197817
17300.0 163249.84486473267
17310.0 146833.13681305017
17320.0 146859.64581642483
17330.0 155331.15494313225
17340.0 143681.46091484398
17350.0 143378.22774237697
17360.0 152907.64255815564
17370.0 149567.3618345123
17380.0 146827.76604003477
17390.0 148703.2172297129
17400.0 145002.91835203805
17410.0 150084.6887812372
17420.0 145331.20971137783
17430.0 144987.11547953176
17440.0 146129.068705225
17450.0 145588.29672475564
17460.0 146394.22963585882
17470.0 144224.74078571945
17480.0 145677.03197591007
17490.0 142741.38170786822
17500.0 134097.2410267029
17510.0 142868.9644565897
17520.0 144381.42553643396
17530.0 142123.59993844325
17540.0 138371.62267354457
17550.0 134989.29038327606
17560.0 129511.69780476674
17570.0 140364.83518013035
17580.0 132753.33397545636
17590.0 136620.11018126493
17600.0 136697.17194521357
17610.0 138915.93762704037
17620.0 128312.17182854965
17630.0 136493.02051825036
17640.0 134691.74638385643
17650.0 138032.30591209757
17660.0 139468.91000676694
17670.0 128472.08979277883
17680.0 125393.87428200422
17690.0 140414.1871274888
17700.0 134572.43399350374
17710.0 128773.70454972479
17720.0 121955.20000544611
17730.0 130913.3766417999
17740.0 130044.50402955557
17750.0 127799.96391296905
17760.0 119517.56243992041
17770.0 126713.70236469546
17780.0 125793.4180402094
17790.0 119127.4816605945
17800.0 134272.27723491532
17810.0 116227.15376524975
17820.0 118995.61369692707
17830.0 127851.81027217646
17840.0 130538.79199137946
17850.0 118555.48082228753
17860.0 118500.11172748625
17870.0 117532.78816654666
17880.0 121722.3524053495
17890.0 125113.82861107365
17900.0 124955.85268574434
17910.0 115959.44775721477
17920.0 119850.33845056647
17930.0 116955.07806186653
17940.0 118883.761190717
17950.0 125200.12416243607
17960.0 108614.41285828625
17970.0 124587.81603474649
17980.0 127009.73041055092
17990.0 109665.9646856671
18000.0 111737.40654683136
18010.0 113417.3798865334
18020.0 113895.5479292842
18030.0 111455.0466363962
18040.0 120315.6881372034
18050.0 110354.98548325972
18060.0 121367.23995696496
18070.0 109781.18049308183
18080.0 111321.87023315777
18090.0 116107.04312969583
18100.0 110838.72663786741
18110.0 112918.94626483128
18120.0 104813.66053379205
18130.0 116643.31704300671
18140.0 122413.9218801872
18150.0 113513.75944878293
18160.0 120169.40696561658
18170.0 106733.40833903635
18180.0 110858.73257241254
18190.0 107846.7169028674
18200.0 111512.36872418769
18210.0 107132.6311968951
18220.0 107411.04003237771
18230.0 120131.03044721036
18240.0 117354.27861168572
18250.0 112288.1473452401
18260.0 103379.09283245333
18270.0 104243.35221781157
18280.0 112928.62456587811
18290.0 115587.40009446087
18300.0 109201.4323552837
18310.0 111901.87711105967
18320.0 100696.8624504709
18330.0 109920.62191098281
18340.0 109984.51815514547
18350.0 109630.1193719727
18360.0 112385.73090645084
18370.0 101038.27775021124
18380.0 112462.93863514297
18390.0 101207.1100771064
18400.0 107412.26495311597
18410.0 114493.7756875334
18420.0 100022.41602577454
18430.0 103401.90978941302
18440.0 97938.13077655918
18450.0 105774.83418315066
18460.0 104624.60481467987
18470.0 99811.76780227707
18480.0 93970.5959124924
18490.0 103686.11092250413
18500.0 100650.83115357404
18510.0 106353.39699216718
18520.0 108684.8927618542
18530.0 97721.85341897534
18540.0 101905.38093635745
18550.0 105095.4719613742
18560.0 91239.63893916193
18570.0 94172.7470655642
18580.0 91421.40102743561
18590.0 92278.7865261852
18600.0 92724.29106625947
18610.0 92271.96132650904
18620.0 99260.82857635633
18630.0 100412.99407106721
18640.0 100705.96890898436
18650.0 91538.31681020743
18660.0 104170.51670073802
18670.0 97280.15421529586
18680.0 96255.4775158577
18690.0 102686.53875291122
18700.0 102008.88543823689
18710.0 96762.95468499043
18720.0 99355.18821840176
18730.0 87908.18337200633
18740.0 101497.35870537015
18750.0 99865.81748120762
18760.0 97317.24319318563
18770.0 95547.53243317842
18780.0 91869.26649492874
18790.0 95254.26675209834
18800.0 104420.30254032658
18810.0 98512.62686922916
18820.0 103271.82520700395
18830.0 106593.3310395333
18840.0 100159.94906127064
18850.0 93423.03526714796
18860.0 99056.27857917937
18870.0 105652.03460389355
18880.0 96888.43546931961
18890.0 100945.80064078589
18900.0 101255.29650392788
18910.0 94404.26045625468
18920.0 89259.91087470569
18930.0 96150.45960843957
18940.0 95585.77518522395
18950.0 102614.60825236677
18960.0 98574.39127694843
18970.0 99773.00639778993
18980.0 91731.68057957235
18990.0 104167.44533381573
19000.0 104445.27067602058
19010.0 96773.56259770428
19020.0 100327.70788733281
19030.0 97083.44767606948
19040.0 101422.82381821406
19050.0 98304.00246923392
19060.0 94824.63445353312
19070.0 101315.2705835286
19080.0 101852.84181216988
19090.0 99651.77141083594
19100.0 96250.72182125076
19110.0 90004.82065862873
19120.0 100705.8179043823
19130.0 101496.27312355104
19140.0 102080.70511744422
19150.0 99758.41737598245
19160.0 92484.59951147217
19170.0 96346.23850045048
19180.0 96832.09275688445
19190.0 99032.69103772352
19200.0 95881.543133957
19210.0 99087.14247847589
19220.0 94305.91080419789
19230.0 96911.66310472153
19240.0 97512.55634661802
19250.0 98876.08309357484
19260.0 90020.20357860082
19270.0 99873.8134691685
19280.0 99444.51686901881
19290.0 94584.90941565257
19300.0 91183.19562618822
19310.0 82766.93516590851
19320.0 95404.98569788245
19330.0 94033.0564177303
19340.0 98605.56014800827
19350.0 97845.81521816179
19360.0 100119.74260234795
19370.0 98247.28359772933
19380.0 90532.10939515808
19390.0 92488.89341403238
19400.0 94071.42446689788
19410.0 97012.22549084452
19420.0 98516.5798851608
19430.0 89233.69305102613
19440.0 90682.36187983675
19450.0 83500.55683614688
19460.0 95466.27949318137
19470.0 97422.75519998427
19480.0 90568.17562801286
19490.0 95043.42144916287
19500.0 90792.47430341502
19510.0 86018.10449292764
19520.0 94479.58104887255
19530.0 96097.24395052205
19540.0 95155.70753315093
19550.0 88189.70613916588
19560.0 91280.42511449297
19570.0 100271.1874090544
19580.0 98265.08302277976
19590.0 95142.26764185645
19600.0 90447.12977749763
19610.0 94233.87980225103
19620.0 95838.8388164982
19630.0 86771.5110793398
19640.0 96025.28906730998
19650.0 92870.45912277482
19660.0 97890.02944769409
19670.0 91505.841093035
19680.0 94129.49997759446
19690.0 94169.58485319806
19700.0 98328.8943644303
19710.0 90110.76849158916
19720.0 97014.92198448305
19730.0 89428.6657336673
19740.0 95797.26422165085
19750.0 83445.798849105
19760.0 88461.1406306715
19770.0 87481.23544465646
19780.0 80456.17996774764
19790.0 89743.23315362686
19800.0 86077.0999462463
19810.0 89503.63467526202
19820.0 87450.67148075181
19830.0 91403.97683934134
19840.0 89097.00786242557
19850.0 87776.47413302146
19860.0 82032.98836788804
19870.0 91284.15824320175
19880.0 89511.41850189547
19890.0 87168.76037822916
19900.0 84860.02122934216
19910.0 86657.08781405684
19920.0 89529.06709830134
19930.0 89907.3716035658
19940.0 87236.25729989079
19950.0 88115.27618001966
19960.0 92543.25726894176
19970.0 80684.11075697509
19980.0 92349.7229657365
19990.0 86492.73904650734
20010.0 89226.09088427456
20020.0 86788.25144000819
20030.0 89508.461181266
20040.0 86132.4761171101
20050.0 88878.22420762366
20060.0 87297.12149292577
20070.0 89743.39390200567
20080.0 86403.67682222248
20090.0 86915.07227469097
20100.0 82813.65068649786
20110.0 86195.59859632293
20120.0 87010.32814615645
20130.0 83597.98084778205
20140.0 91779.8106827029
20150.0 86647.99966184348
20160.0 85046.7757702386
20170.0 83854.22900473453
20180.0 85861.41538164296
20190.0 81057.83085668014
20200.0 84233.9634252385
20210.0 90675.24791082414
20220.0 85500.86546978666
20230.0 87618.89614140849
20240.0 87871.3119531413
20250.0 85538.4868635052
20260.0 83039.24088073886
20270.0 82157.68803087984
20280.0 88060.4882824615
20290.0 82891.9576468083
20300.0 85173.76482067411
20310.0 86416.6516392585
20320.0 88992.0263092613
20330.0 85545.16399763663
20340.0 85640.32991160703
20350.0 81166.86885153929
20360.0 85828.39788963416
20370.0 87306.11301731832
20380.0 85781.3982013975
20390.0 80451.1834741084
20400.0 83698.021845942
20410.0 83618.04147894058
20420.0 87765.7040394011
20430.0 84078.56089573147
20440.0 79872.38681261019
20450.0 81883.59577643283
20460.0 86938.89381492249
20470.0 88040.72192120833
20480.0 81900.24406420204
20490.0 78774.11025854383
20500.0 85499.98452781097
20510.0 86970.14323182986
20520.0 85462.02140213618
20530.0 84528.31500162609
20540.0 78663.28162545236
20550.0 84017.47431889741
20560.0 85464.190001782
20570.0 84257.23570192768
20580.0 87632.66842687418
20590.0 84994.52318886435
20600.0 82947.70594419634
20610.0 85044.27623657155
20620.0 82074.82893211058
20630.0 79527.57215864709
20640.0 79279.77438369126
20650.0 81195.04062971464
20660.0 87231.72087710619
20670.0 81292.52414490528
20680.0 84364.6294050575
20690.0 80535.6576894588
20700.0 88606.62056235444
20710.0 81252.63039259636
20720.0 83080.86069102417
20730.0 80626.20615434427
20740.0 82704.33464492977
20750.0 84102.5340810984
20760.0 79132.92053195904
20770.0 84379.1199578615
20780.0 83326.4084769246
20790.0 83261.34978588349
20800.0 84266.71616489916
20810.0 78684.8935469698
20820.0 84816.8438063507
20830.0 82905.44730041958
20840.0 82715.95167144426
20850.0 81093.38101002104
20860.0 83538.11533164485
20870.0 81727.9465793959
20880.0 82567.62081354702
20890.0 79232.92398227878
20900.0 85151.06211536816
20910.0 83499.56520054217
20920.0 86744.52560504264
20930.0 80919.11005658102
20940.0 81486.21181966143
20950.0 83147.77854327516
20960.0 80334.1741960096
20970.0 82301.93682014733
20980.0 85632.02434446008
20990.0 80097.85683113858
21000.0 84038.37623608246
21010.0 82667.14059928452
21020.0 82372.80385371804
21030.0 83215.11449834594
21040.0 83574.50729288877
21050.0 81516.53543852769
21060.0 84854.06052017654
21070.0 82237.3787795821
21080.0 79173.84742724698
21090.0 82983.90026929053
21100.0 85189.09900771899
21110.0 81102.2326702198
21120.0 80615.37727394748
21130.0 83615.43276316246
21140.0 85585.98713647075
21150.0 82096.54542077088
21160.0 83902.54463748117
21170.0 78938.87313247586
21180.0 85126.54473760961
21190.0 82419.08763224172
21200.0 81910.69742557943
21210.0 83830.5361059294
21220.0 83763.0906716946
21230.0 81635.6721562546
21240.0 85253.3542486162
21250.0 82987.20371859668
21260.0 82203.17484240032
21270.0 80217.07584796668
21280.0 82100.74771848599
21290.0 81471.93148096805
21300.0 82720.86110631144
21310.0 85057.87460958466
21320.0 82550.71797330091
21330.0 84351.68420717276
21340.0 81526.73732271382
21350.0 84805.86428195905
21360.0 82584.83512500643
21370.0 82185.26980598073
21380.0 81772.63435708848
21390.0 83527.34777569272
21400.0 80788.16303694142
21410.0 84025.35013400414
21420.0 80705.86010027981
21430.0 85984.26293004792
21440.0 85143.84335968501
21450.0 84161.1134278817
21460.0 84939.25744410061
21470.0 83594.41063295885
21480.0 81739.97866015734
21490.0 82169.64552588429
21500.0 80938.7592426151
21510.0 83783.15777273844
21520.0 82164.56712986564
21530.0 83632.19572067563
21540.0 83970.1283540456
21550.0 82697.32821213138
21560.0 82489.9993230472
21570.0 84583.45864793297
21580.0 84433.01923494304
21590.0 82943.99861456528
21600.0 82909.35080633068
21610.0 85344.61379216096
21620.0 82585.51158340865
21630.0 82501.91014769406
21640.0 84776.56951823423
21650.0 82670.63169336578
21660.0 84077.80265058194
21670.0 83793.937186839
21680.0 85662.76471591674
21690.0 85470.11783156384
21700.0 81022.10775626618
21710.0 83676.76845960459
21720.0 82766.39596522179
21730.0 83673.78426196809
21740.0 84290.55334945259
21750.0 82263.44721642834
21760.0 82247.05386226553
21770.0 82988.11129813924
21780.0 81569.43079879139
21790.0 83634.89054413153
21800.0 82099.09676205849
21810.0 84947.85093609506
21820.0 81805.02828761603
21830.0 82667.48541501614
21840.0 83272.75531465032
21850.0 83990.50700043156
21860.0 83181.6554429676
21870.0 83270.30965342338
21880.0 83734.94663749
21890.0 83210.82232536479
21900.0 82280.06587283858
21910.0 83945.67712290394
21920.0 82782.10112900409
21930.0 82640.33487363813
21940.0 83342.10637619879
21950.0 84037.8666224132
21960.0 84366.52362808949
21970.0 82862.73138357047
21980.0 84040.64587688542
21990.0 83632.72009946793
22000.0 84121.90479527283
22010.0 83420.34531674016
22020.0 83467.84427748011
22030.0 81606.01699657229
22040.0 83636.20444526395
22050.0 82066.46662861874
22060.0 78794.09054620094
22070.0 83510.92318841381
22080.0 79502.38557671601
22090.0 83452.83068088377
22100.0 83326.84552028553
22110.0 83175.56731789818
22120.0 84202.61044950526
22130.0 83468.31553671385
22140.0 84336.50134935355
22150.0 83039.5668833432
22160.0 83576.60912682868
22170.0 82619.45117716743
22180.0 84557.35777295995
22190.0 82067.87117942309
22200.0 81977.7792794633
22210.0 81053.51607894695
22220.0 84359.6242777992
22230.0 82124.07571036833
22240.0 86121.34770973022
22250.0 85502.28480467353
22260.0 82833.17862428408
22270.0 81772.75515337633
22280.0 81096.83435857978
22290.0 82889.54027605374
22300.0 84202.78286351598
22310.0 83394.75419487234
22320.0 84276.5002021014
22330.0 81737.8941354507
22340.0 82167.74527418008
22350.0 82832.0634612054
22360.0 82510.68177050873
22370.0 83680.74674272169
22380.0 82468.62441674626
22390.0 84745.88676989583
22400.0 84772.03980067829
22410.0 83053.96949415636
22420.0 82157.59589256757
22430.0 83384.07694693103
22440.0 81135.43216468363
22450.0 85418.6521905589
22460.0 83005.93037277296
22470.0 83460.41317144378
22480.0 84567.44659483756
22490.0 82430.2606440669
22500.0 82736.94331643991
22510.0 83980.22663117429
22520.0 82762.00054177061
22530.0 83484.29308625081
22540.0 81014.46421955166
22550.0 82772.25008861926
22560.0 84498.9157260933
22570.0 80287.35108704682
22580.0 83847.19309580537
22590.0 82023.47876492488
22600.0 81769.16808802319
22610.0 81690.54105172976
22620.0 81653.24666574202
22630.0 80947.8989232221
22640.0 80883.5718256264
22650.0 82265.16637923854
22660.0 81993.63695386288
22670.0 83550.63938916901
22680.0 82260.26441646827
22690.0 83077.55836972217
22700.0 80052.23819148238
22710.0 81575.50348806819
22720.0 81895.76478385234
22730.0 81967.74371596842
22740.0 81315.64128825076
22750.0 83603.59347511498
22760.0 82562.23859411996
22770.0 82078.93034052449
22780.0 80680.14214087687
22790.0 82295.31496969826
22800.0 77826.07689220978
22810.0 83561.40063017768
22820.0 81991.62355715179
22830.0 79712.654084355
22840.0 79957.47847931295
22850.0 81827.82492293292
22860.0 82243.76097568995
22870.0 82366.79565110788
22880.0 81662.75493776264
22890.0 82412.29971283658
22900.0 82697.27904003227
22910.0 79751.16541712938
22920.0 79929.60612596727
22930.0 67265.67941952789
22940.0 68352.9993107993
22950.0 73856.50382672313
22960.0 71559.17293317679
22970.0 73770.0626276559
22980.0 74724.9569249043
22990.0 76711.58781435165
23000.0 76177.65530895899
23010.0 73641.36209889487
23020.0 76572.89411573879
23030.0 74879.93744031333
23040.0 76917.55935067583
23050.0 75049.97185282732
23060.0 76299.65093587179
23070.0 76472.96062967804
23080.0 77473.17689464652
23090.0 74730.60376438613
23100.0 75602.54120476947
23110.0 74859.18923952048
23120.0 75104.66154554616
23130.0 75433.63247568121
23140.0 72505.07566960965
23150.0 77340.50746336488
23160.0 74015.84981050243
23170.0 74235.90873410438
23180.0 76962.98023613059
23190.0 77336.38631160281
23200.0 72073.52494255747
23210.0 74515.47014827655
23220.0 65031.51794076308
23230.0 65311.91828243293
23240.0 70600.5127909211
23250.0 67426.56952963288
23260.0 70406.65843411449
23270.0 71582.0734945712
23280.0 69286.28295107692
23290.0 74219.89055277528
23300.0 65398.434726204
23310.0 70349.1124335841
23320.0 73976.55671507165
23330.0 72488.68153610651
23340.0 68699.96594061144
23350.0 68936.83366072837
23360.0 69352.85109402283
23370.0 70537.3988661145
23380.0 68851.10319062175
23390.0 70485.95305531054
23400.0 69624.06946782453
23410.0 69207.5664343546
23420.0 73601.98395288382
23430.0 69051.79400425403
23440.0 67670.61760835393
23450.0 70974.67174953174
23460.0 71368.26544369332
23470.0 72751.29534762766
23480.0 72018.63543126061
23490.0 68475.69074964282
23500.0 69425.08458546463
23510.0 66062.87296380902
23520.0 58726.59287966323
23530.0 62670.36833968242
23540.0 63181.22530610199
23550.0 65498.39382244989
23560.0 65959.39986735061
23570.0 67881.16443987451
23580.0 64878.809542772564
23590.0 66462.66866445274
23600.0 67581.3923202024
23610.0 65209.59999922214
23620.0 64836.75819629986
23630.0 68101.95391244767
23640.0 67286.373265562
23650.0 68562.13194218294
23660.0 68777.67622205622
23670.0 61411.50101727957
23680.0 67198.19633821711
23690.0 68990.32017838395
23700.0 68444.038519113
23710.0 67316.56738711061
23720.0 67387.20677835432
23730.0 68167.49465803764
23740.0 66150.28705483182
23750.0 66556.02396644319
23760.0 62512.389385933624
23770.0 69584.54930566001
23780.0 64642.285728362825
23790.0 64386.40666918514
23800.0 64988.560109020575
23810.0 65519.18205230203
23820.0 58909.402493699476
23830.0 56683.288380248116
23840.0 62946.894881980035
23850.0 60630.514824178135
23860.0 58968.77325660159
23870.0 60819.69020091118
23880.0 61894.911640027385
23890.0 61469.467562126854
23900.0 63193.717978458815
23910.0 58767.204897268166
23920.0 57444.208294711876
23930.0 65414.898196183516
23940.0 62080.694576970345
23950.0 62684.38856288521
23960.0 59404.9468074475
23970.0 61791.06865617499
23980.0 61972.97898156151
23990.0 61112.21780002593
24000.0 59406.95309183481
24010.0 60105.15340253331
24020.0 58289.329126725235
24030.0 61587.74587385064
24040.0 58037.414095928136
24050.0 58525.94579015918
24060.0 60032.14696274593
24070.0 56598.38741893908
24080.0 55069.633002284565
24090.0 58711.809854847765
24100.0 56343.99618905699
24110.0 58939.06901320277
24120.0 54620.701784598554
24130.0 58051.106924663196
24140.0 53429.936339470834
24150.0 58391.157054332056
24160.0 53019.45625479995
24170.0 54651.96792672223
24180.0 60633.37707033313
24190.0 52454.03229799893
24200.0 60741.618476828546
24210.0 54605.875734691464
24220.0 54681.21645358532
24230.0 56524.52063002642
24240.0 57931.338253966685
24250.0 53282.17535076364
24260.0 54138.71690789087
24270.0 53451.15491739233
24280.0 54406.42637487539
24290.0 56400.88829310508
24300.0 53183.7196640513
24310.0 52814.93859440077
24320.0 57649.4320489245
24330.0 51469.89504832866
24340.0 52897.558472036224
24350.0 57524.77631156377
24360.0 49126.56459422092
24370.0 49452.20658697002
24380.0 55780.64644241601
24390.0 55883.45400465067
24400.0 54938.57598946572
24410.0 52120.306413120576
24420.0 50315.673245051876
24430.0 52025.80831020598
24440.0 49887.72000642145
24450.0 55137.77396057495
24460.0 50863.67833628606
24470.0 50470.85515893831
24480.0 50585.0784143353
24490.0 51562.456111589934
24500.0 53081.48824858615
24510.0 48817.48081397472
24520.0 49155.8038165538
24530.0 48736.109251431364
24540.0 43703.13911213677
24550.0 52586.73555329339
24560.0 51931.780004594584
24570.0 52665.6770341793
24580.0 50626.66050023313
24590.0 48896.00038314852
24600.0 46586.15069828226
24610.0 44731.957422906744
24620.0 52452.152565845085
24630.0 50164.0981385385
24640.0 52117.57012939655
24650.0 48148.552546861254
24660.0 50869.47338423767
24670.0 46253.25662290103
24680.0 48304.78205594068
24690.0 49271.224494958326
24700.0 47513.12911588678
24710.0 48439.54417152115
24720.0 48200.51763106206
24730.0 44897.395511075716
24740.0 44992.299713406814
24750.0 45673.469524802276
24760.0 51987.21863843976
24770.0 47857.43617613433
24780.0 45882.827109858605
24790.0 45152.56745393065
24800.0 44671.05001257478
24810.0 45234.49840003895
24820.0 45211.40696977986
24830.0 48708.727951273744
24840.0 46875.153346026294
24850.0 45599.651120616974
24860.0 43221.773320970045
24870.0 41661.7409215381
24880.0 41734.749924867705
24890.0 41884.51133316405
24900.0 39951.665141341255
24910.0 42094.60633553116
24920.0 44895.81997168639
24930.0 42875.730423112465
24940.0 42638.911280569555
24950.0 45730.93654500446
24960.0 44014.29219472006
24970.0 42440.24024256266
24980.0 40267.189656769704
24990.0 40864.40672338167
