#lam[Angstrom] flux[erg/cm2/s/A]
1010.0 109.82714159870976
1020.0 113.72105217810518
1030.0 392.3313797304622
1040.0 154.65082333565138
1050.0 116.45186875612715
1060.0 117.50460294487951
1070.0 124.0812110232168
1080.0 375.5066201459881
1090.0 382.55630173836704
1100.0 122.63729325104049
1110.0 123.62036137527808
1120.0 128.42646091231532
1130.0 124.91963000155586
1140.0 135.6631069436539
1150.0 127.30944874268476
1160.0 129.73014752264427
1170.0 129.97017018103074
1180.0 130.52990159446767
1190.0 131.32435622507427
1200.0 198.01768027635438
1210.0 176.24685592025503
1220.0 1121.3563558106287
1230.0 162.20411308112904
1240.0 661.220011131399
1250.0 230.30516740087066
1260.0 320.49050210245343
1270.0 329.2649775826887
1280.0 339.94900182459537
1290.0 366.89752696797325
1300.0 395.1081211055954
1310.0 434.51014474325615
1320.0 453.8602366964091
1330.0 461.5219139606679
1340.0 515.1000223257203
1350.0 495.7407960004569
1360.0 507.5621533046484
1370.0 515.0791497104187
1380.0 526.0001644286285
1390.0 1204.3057264925937
1400.0 1339.2804302909976
1410.0 990.0860187346611
1420.0 558.5004965220438
1430.0 548.4309430623415
1440.0 551.2442035861048
1450.0 554.9118746392301
1460.0 559.2788461240472
1470.0 563.6137890393703
1480.0 566.2680178025471
1490.0 888.7556630426657
1500.0 560.6673776670393
1510.0 559.7440415430312
1520.0 560.3585325754435
1530.0 585.5317995485549
1540.0 556.4234021246142
1550.0 7900.764289295785
1560.0 556.6470079776104
1570.0 554.258323630207
1580.0 580.7427739934682
1590.0 553.7328066624859
1600.0 607.1286723257493
1610.0 552.6543845118098
1620.0 552.6104969620358
1630.0 549.3398625665953
1640.0 5024.401655008531
1650.0 544.7397389750832
1660.0 704.6376387821873
1670.0 959.5440418428298
1680.0 541.2497719026069
1690.0 539.6147796634126
1700.0 537.4093937031682
1710.0 534.6932550872069
1720.0 574.0063883355641
1730.0 537.3791876523914
1740.0 547.5527610813037
1750.0 812.3979918110044
1760.0 532.5971243480511
1770.0 532.4295259853361
1780.0 534.0338445085732
1790.0 571.1292613304316
1800.0 530.4550046224455
1810.0 654.2653744632277
1820.0 665.5039235226476
1830.0 520.6629940177761
1840.0 517.3418384100955
1850.0 558.5512015144733
1860.0 537.3163718893601
1870.0 511.2789674096339
1880.0 838.2670712130054
1890.0 1049.0708581211675
1900.0 506.1914973461787
1910.0 3401.020187767128
1920.0 502.6907136060132
1930.0 504.9251918555963
1940.0 495.7637945055154
1950.0 495.4933877473539
1960.0 490.45287333121905
1970.0 487.5659501924633
1980.0 484.95695542685036
1990.0 482.8283582552133
2000.0 479.56266185388154
2010.0 475.3834567926754
2020.0 455.68986629298524
2030.0 429.80432843894016
2040.0 417.1729517358042
2050.0 398.19822298662143
2060.0 391.5677627278733
2070.0 394.52798588827545
2080.0 385.85276355471086
2090.0 397.85522649241005
2100.0 389.27032390716795
2110.0 389.32969560652737
2120.0 400.56832452054107
2130.0 400.0137038010995
2140.0 420.7287579655691
2150.0 384.88977026399675
2160.0 387.85400564013185
2170.0 378.51649567008474
2180.0 393.4144475845095
2190.0 384.83115966679316
2200.0 388.6945004558272
2210.0 393.38908095135713
2220.0 412.75348789114526
2230.0 403.8529051959997
2240.0 410.37029402465635
2250.0 435.86147359757956
2260.0 425.28807394931505
2270.0 433.76739080398386
2280.0 442.60968957980907
2290.0 451.8494067106353
2300.0 472.531933692
2310.0 497.1385574354082
2320.0 521.8598321251293
2330.0 935.1593905630016
2340.0 592.8639990517767
2350.0 528.6673036545822
2360.0 516.087524863423
2370.0 526.195565562722
2380.0 536.1725515010176
2390.0 586.1098096402766
2400.0 556.4393012124232
2410.0 567.9827072187078
2420.0 575.8404126093483
2430.0 1246.8345136755252
2440.0 594.8903005785161
2450.0 606.2223093147315
2460.0 613.6842931649666
2470.0 623.1013914193524
2480.0 632.5959895121007
2490.0 642.2918731437139
2500.0 651.045217340897
2510.0 726.5994745622043
2520.0 670.6005715152642
2530.0 679.6019941328103
2540.0 687.1931811872979
2550.0 696.2581145702958
2560.0 806.5644899491423
2570.0 713.3454249784791
2580.0 722.4970005956169
2590.0 749.1695853249471
2600.0 740.1492161543324
2610.0 747.9249574909526
2620.0 755.5224985257887
2630.0 763.7674994599237
2640.0 772.3859959939432
2650.0 779.21127891858
2660.0 784.4967780582115
2670.0 880.7010266720317
2680.0 797.9143709960266
2690.0 805.9140131509363
2700.0 813.5182910096754
2710.0 819.4959460783805
2720.0 829.8370624684957
2730.0 889.3137419627169
2740.0 896.9817506646398
2750.0 850.4982655987926
2760.0 861.5867598530253
2770.0 866.4946461052054
2780.0 874.3648741480362
2790.0 3488.2095607478836
2800.0 2203.0653551857704
2810.0 899.1324870447745
2820.0 906.4810315224601
2830.0 1412.6513440944716
2840.0 921.046077659511
2850.0 982.6276860351302
2860.0 954.3901312291183
2870.0 944.7064970629398
2880.0 952.9889620283128
2890.0 960.0613509876889
2900.0 967.3199731144019
2910.0 973.9808090896125
2920.0 981.1181783157994
2930.0 1143.5404158733877
2940.0 995.5741559777663
2950.0 1024.5473320803796
2960.0 1010.3481423884424
2970.0 1017.9925652737938
2980.0 1028.442474881325
2990.0 1032.9513937942777
3000.0 1039.2045968940547
3010.0 1046.6320751480266
3020.0 1054.6081735674552
3030.0 1061.3358734165802
3040.0 1069.300899172567
3050.0 1075.7039690819029
3060.0 1082.5518252572513
3070.0 1089.5173771696318
3080.0 1095.944231521288
3090.0 1101.8389180495278
3100.0 1113.3781934336305
3110.0 1118.8599480158225
3120.0 1125.8546026887875
3130.0 1129.079176901265
3140.0 1134.9442254930225
3150.0 1141.1868106426846
3160.0 1147.0670546426038
3170.0 1152.2431648448169
3180.0 1159.4373951313105
3190.0 1203.0675036645152
3200.0 1173.83883866921
3210.0 1377.8168111342727
3220.0 1187.6104050905503
3230.0 1195.20957833452
3240.0 1204.4933278836863
3250.0 1206.9774399903629
3260.0 1216.5653594678188
3270.0 1217.5206381614757
3280.0 1222.7195619258582
3290.0 1229.1654591138347
3300.0 1232.9724523618004
3310.0 1238.3467391114234
3320.0 1243.5127543831327
3330.0 1249.125821656471
3340.0 1385.6003790089608
3350.0 1260.9892993954568
3360.0 1274.6718306035618
3370.0 1272.0735112132727
3380.0 1277.9948902180145
3390.0 1284.677973624814
3400.0 1289.4806921179334
3410.0 1294.3385603167037
3420.0 1467.1923372461822
3430.0 1472.2665006286913
3440.0 1311.396972535127
3450.0 1314.2525995474198
3460.0 1322.2785707934493
3470.0 1330.1702449527045
3480.0 1339.1160685365287
3490.0 1344.8773941827565
3500.0 1339.2319723131222
3510.0 1332.6249751624484
3520.0 1330.4800540306285
3530.0 1338.2896155070216
3540.0 1338.51539422805
3550.0 1345.470225655688
3560.0 1346.3777065539894
3570.0 1350.2444598553923
3580.0 1393.4202796465493
3590.0 1353.1330454976337
3600.0 1352.131366385728
3610.0 1353.1254638357393
3620.0 1363.3757385859335
3630.0 1369.1897444258504
3640.0 1363.9201489008526
3650.0 1367.4360435816905
3660.0 1385.875757064792
3670.0 1389.311277421774
3680.0 1377.7424205569716
3690.0 1384.8716796682652
3700.0 1384.4144709168877
3710.0 1374.796119704381
3720.0 1210.1943778036868
3730.0 2017.6177384341966
3740.0 1053.0200406565375
3750.0 1107.8839409969548
3760.0 1058.31847337175
3770.0 1177.4568286773838
3780.0 1063.4670838856139
3790.0 1065.9864538298425
3800.0 1150.0093868510016
3810.0 1070.917923816545
3820.0 1085.990293720332
3830.0 1075.7064865212335
3840.0 1187.5488992885528
3850.0 1085.620377029865
3860.0 2164.9472806951662
3870.0 1099.1921472948175
3880.0 1321.162467268416
3890.0 1103.5977276661135
3900.0 1306.154733764478
3910.0 1107.865656340469
3920.0 1107.6084340862935
3930.0 1093.2394772697612
3940.0 1087.3395047066488
3950.0 1078.3899263238757
3960.0 1415.389225579553
3970.0 1081.6305848407885
3980.0 1316.7405526588434
3990.0 1084.7937090381563
4000.0 1086.6714994570693
4010.0 1088.3122758400077
4020.0 1122.7736236343646
4030.0 1091.7056231108124
4040.0 1093.3560603407036
4050.0 1094.975897587847
4060.0 1097.311280566002
4070.0 1098.1256367174067
4080.0 1236.0015029117574
4090.0 1101.0662728542782
4100.0 1473.5631975285992
4110.0 1103.628395123151
4120.0 1108.1494937734806
4130.0 1106.1123887454696
4140.0 1110.9787387449815
4150.0 1107.8983024257454
4160.0 1108.3617817263357
4170.0 1107.946244361903
4180.0 1108.2447624372162
4190.0 1108.4329576945286
4200.0 1117.7420308504597
4210.0 1110.7879608222463
4220.0 1112.0877710056025
4230.0 1112.7366107543633
4240.0 1112.7667724616363
4250.0 1113.3937414329187
4260.0 1114.209916182834
4270.0 1116.8488740057142
4280.0 1116.219999992341
4290.0 1117.5496071941297
4300.0 1118.1518079726068
4310.0 1119.0857386544972
4320.0 1119.997309289406
4330.0 1771.335420775625
4340.0 1120.9438004651715
4350.0 1245.996061207002
4360.0 1121.2689095893063
4370.0 1122.132802900392
4380.0 1123.4551566933978
4390.0 1123.7248565048405
4400.0 1130.454216629217
4410.0 1124.5449123353517
4420.0 1124.8130417242226
4430.0 1125.0210565473942
4440.0 1126.7389626249146
4450.0 1126.0217924468886
4460.0 1177.4865905146737
4470.0 1127.1022731707742
4480.0 1127.0274604709607
4490.0 1127.7244100585838
4500.0 1127.7983776355265
4510.0 1128.6213274122988
4520.0 1128.9856235287975
4530.0 1143.4896468082873
4540.0 1130.0646578194523
4550.0 1130.4529783531457
4560.0 1131.0278000412131
4570.0 1131.5202339055074
4580.0 1133.9875949722962
4590.0 1132.2265804277336
4600.0 1138.1547371588324
4610.0 1132.9865388043647
4620.0 1134.5753419681928
4630.0 1136.8295664542802
4640.0 1141.6504613266673
4650.0 1223.711664576376
4660.0 1145.4789524156301
4670.0 1148.999095852079
4680.0 1146.274948139141
4690.0 1558.9253660603163
4700.0 1156.1874280701409
4710.0 1168.3207307149062
4720.0 1212.7662267058147
4730.0 1151.9563342709573
4740.0 1197.3405102403283
4750.0 1132.9827636913797
4760.0 1157.2448423775993
4770.0 1132.9723445705667
4780.0 1132.9950553687572
4790.0 1138.8516208375713
4800.0 1133.401816831112
4810.0 1133.457532088367
4820.0 1133.5217738093372
4830.0 1133.63377627064
4840.0 1133.6860902288518
4850.0 1133.750902589131
4860.0 2437.759275260403
4870.0 1133.8571776009737
4880.0 1158.4402337858694
4890.0 1158.4548873304707
4900.0 1133.8979399605084
4910.0 1133.9332383354408
4920.0 1133.9819497287272
4930.0 1161.3543549669114
4940.0 1133.2467299232753
4950.0 1131.8406957036218
4960.0 4393.920472630178
4970.0 1130.4342310010793
4980.0 1162.5025565199644
4990.0 1130.1566491599126
5000.0 1129.993760028738
5010.0 10955.752729491423
5020.0 1129.3070087624596
5030.0 1128.899582029952
5040.0 1128.3418167677808
5050.0 1127.8307621846566
5060.0 1129.634403835289
5070.0 1127.0511129343065
5080.0 1128.9448372665352
5090.0 1126.445428260657
5100.0 1126.1180637020896
5110.0 1125.8440757837943
5120.0 1125.4142995181767
5130.0 1125.0378276039341
5140.0 1124.3422779228922
5150.0 1123.3266922980736
5160.0 1144.0974430617696
5170.0 1121.7885757851395
5180.0 1121.3284141093368
5190.0 1153.2648476602646
5200.0 1120.0320151271594
5210.0 1123.3594076147474
5220.0 1118.6692328849163
5230.0 1118.126930187272
5240.0 1117.6085668651674
5250.0 1116.8365329378728
5260.0 1141.8679763404755
5270.0 1141.0614015316614
5280.0 1114.416844423781
5290.0 1113.6348938293895
5300.0 1112.7163208649906
5310.0 1111.9069556520792
5320.0 1131.8379565964378
5330.0 1110.4054094961737
5340.0 1109.7382764546994
5350.0 1108.8733410613193
5360.0 1107.8102503171572
5370.0 1106.8984774206956
5380.0 1105.8536391990656
5390.0 1104.9209795183447
5400.0 1104.110096990658
5410.0 1103.1710500019396
5420.0 1118.7679862263215
5430.0 1117.9090365986958
5440.0 1100.5945032439754
5450.0 1099.7345575103675
5460.0 1098.5329779824071
5470.0 1097.2298610142695
5480.0 1096.0631621900554
5490.0 1094.962380778355
5500.0 1093.9994003166123
5510.0 1096.8292690236212
5520.0 1092.03219933808
5530.0 1094.2430692998182
5540.0 1093.0556264652896
5550.0 1088.4693941765713
5560.0 1087.1873848855782
5570.0 1085.9268099295
5580.0 1084.8592624512644
5590.0 1085.3100904697126
5600.0 1082.4562062466687
5610.0 1081.0946546911916
5620.0 1081.3511967792988
5630.0 1078.6227001264067
5640.0 1077.4872559017244
5650.0 1076.4144098199058
5660.0 1075.185689281908
5670.0 1074.083368832551
5680.0 1071.9006457133132
5690.0 1068.6354400372122
5700.0 1066.025887190161
5710.0 1063.6064829173572
5720.0 1062.3887386955078
5730.0 1106.9218134843604
5740.0 1059.7390272738805
5750.0 1058.2597031070063
5760.0 1069.2505761716293
5770.0 1055.488741551085
5780.0 1054.2216675849602
5790.0 1053.008194948329
5800.0 1051.605025683509
5810.0 1050.255947477119
5820.0 1068.8016090047865
5830.0 1047.3082157126735
5840.0 1045.7305229943065
5850.0 1044.3067424420883
5860.0 1042.8764205705065
5870.0 1041.546926002284
5880.0 1172.6839231729662
5890.0 1038.8703226437815
5900.0 1037.523817237801
5910.0 1036.2501518630959
5920.0 1034.81521906386
5930.0 1033.4529106840362
5940.0 1031.920395752507
5950.0 1030.1420334850745
5960.0 1028.3560664451466
5970.0 1029.1012038874385
5980.0 1025.3410187326178
5990.0 1023.9496671589635
6000.0 1023.8753781896024
6010.0 1021.1542370047729
6020.0 1019.7506005797158
6030.0 1018.8238036925786
6040.0 1016.721099495139
6050.0 1015.1550262383577
6060.0 1013.6911608657814
6070.0 1012.2221681115789
6080.0 1010.7953047823181
6090.0 1081.1855714914288
6100.0 1007.4005413342248
6110.0 1005.5833974291777
6120.0 1004.5475412809425
6130.0 1002.4315486427287
6140.0 1000.9837969591865
6150.0 999.6008034118968
6160.0 997.833150951089
6170.0 996.1710684118657
6180.0 995.2836082241558
6190.0 993.0825243961899
6200.0 991.616592130507
6210.0 990.1698157191847
6220.0 988.4349733655908
6230.0 986.7420371843795
6240.0 985.8916419290556
6250.0 983.5659997149495
6260.0 982.0823809713506
6270.0 980.6654755760003
6280.0 979.1098041137258
6290.0 977.6191736165559
6300.0 1082.668459939077
6310.0 974.6301821379208
6320.0 973.1355235598912
6330.0 971.6357336474739
6340.0 969.9352860284192
6350.0 968.0322229946834
6360.0 966.1262749265373
6370.0 986.359872787069
6380.0 962.8282674325925
6390.0 961.316343586425
6400.0 960.9498904129506
6410.0 958.288027872699
6420.0 956.7706039751992
6430.0 964.7655218023575
6440.0 953.7325931003281
6450.0 952.2116327207368
6460.0 950.6873343006228
6470.0 949.164114766259
6480.0 947.6392447728704
6490.0 946.1137698218829
6500.0 944.3537756061743
6510.0 942.3560339558936
6520.0 940.3625187906745
6530.0 941.2371180675664
6540.0 936.7180696194804
6550.0 935.0109010767376
6560.0 4374.683980321484
6570.0 931.7672353357835
6580.0 930.2236471578696
6590.0 1386.608348489633
6600.0 927.1539069933816
6610.0 925.6144833745575
6620.0 924.0781496185484
6630.0 922.5225727443396
6640.0 920.7612770692291
6650.0 919.0506807532236
6660.0 917.4197892456392
6670.0 915.7995029119679
6680.0 914.2593784365591
6690.0 944.7665653538913
6700.0 911.0045285294317
6710.0 909.223483768219
6720.0 907.4406067980696
6730.0 1134.8038714925756
6740.0 904.1071892493114
6750.0 902.4903557304068
6760.0 900.9907042956229
6770.0 899.3291315383551
6780.0 897.7662460972708
6790.0 908.6430140699578
6800.0 894.687979779985
6810.0 893.1143959201999
6820.0 891.5285975592097
6830.0 889.910808274566
6840.0 887.9974297311722
6850.0 886.1175612725084
6860.0 884.3519481714233
6870.0 882.6130857212745
6880.0 881.0576013758721
6890.0 879.4933548935403
6900.0 881.2509786452325
6910.0 876.1491621473223
6920.0 874.3739403140512
6930.0 872.8690220416504
6940.0 871.0960614634752
6950.0 869.5649515842116
6960.0 868.007386640851
6970.0 866.4522623488599
6980.0 864.6533423184798
6990.0 862.8780226058984
7000.0 880.7989748359324
7010.0 859.6406310908831
7020.0 858.1031400568593
7030.0 856.5603741604502
7040.0 855.0957847504039
7050.0 853.4779330383283
7060.0 851.9495224137188
7070.0 940.6775629710755
7080.0 848.6525936834582
7090.0 846.8447411882113
7100.0 845.0781004204689
7110.0 843.4863317972467
7120.0 841.8682218248122
7130.0 840.3145979592152
7140.0 959.8889119141339
7150.0 837.2542537696756
7160.0 835.6935354978738
7170.0 834.1199380885957
7180.0 837.9333458600987
7190.0 831.0755049838275
7200.0 829.5213914155053
7210.0 828.0153363395841
7220.0 826.241188119858
7230.0 824.3148902679898
7240.0 822.3848688977702
7250.0 849.1887867674313
7260.0 818.8321248477521
7270.0 817.219381946937
7280.0 815.5977185651636
7290.0 847.6318235164582
7300.0 812.3631892892233
7310.0 810.7605309211557
7320.0 963.0094173520192
7330.0 807.5816530987668
7340.0 806.0789123266482
7350.0 804.5595010653726
7360.0 803.0831211507438
7370.0 801.3355751912096
7380.0 799.6376468279184
7390.0 797.9373803392505
7400.0 796.3632970870686
7410.0 794.7731928592546
7420.0 793.2709697707945
7430.0 791.846298185677
7440.0 790.2543269011812
7450.0 788.7515174000182
7460.0 787.2500523487006
7470.0 785.8969484425884
7480.0 784.2634069462741
7490.0 782.7501257458683
7500.0 781.2624066453335
7510.0 779.7829329492984
7520.0 778.2721621521646
7530.0 776.7820801994427
7540.0 775.3007896912343
7550.0 776.7520346951619
7560.0 772.3117303419493
7570.0 770.8310722476338
7580.0 774.4524081349821
7590.0 767.8670452606762
7600.0 766.3843723515843
7610.0 764.9047167570984
7620.0 773.1338526148495
7630.0 761.8523592306956
7640.0 760.2082765644191
7650.0 758.5379431842653
7660.0 758.5426511818827
7670.0 754.9467065061401
7680.0 752.9325865579558
7690.0 750.9176965994692
7700.0 754.8962126415068
7710.0 747.425786290117
7720.0 745.9104823584896
7730.0 744.4387432664178
7740.0 771.8878078685283
7750.0 741.5736479478174
7760.0 740.1636022365313
7770.0 738.7459824539998
7780.0 737.5469332138719
7790.0 735.7735270071912
7800.0 734.0449587799172
7810.0 732.8203325264615
7820.0 731.3995989374677
7830.0 729.9658699458433
7840.0 728.5561947023508
7850.0 727.1954308768505
7860.0 725.6376750336239
7870.0 724.0127858892896
7880.0 722.4098100280255
7890.0 720.9798706534075
7900.0 719.3676967811393
7910.0 718.0028698610523
7920.0 716.6282333441962
7930.0 715.3373784340934
7940.0 713.7085077715564
7950.0 711.8698903967146
7960.0 710.9260677832137
7970.0 743.1586939165126
7980.0 708.0982320816988
7990.0 706.6625063416518
8000.0 705.2303637816789
8010.0 703.8934334929346
8020.0 702.4607573608972
8030.0 701.1441149722474
8040.0 699.8446031609369
8050.0 704.4286954751185
8060.0 697.3233950961588
8070.0 696.0498649892543
8080.0 694.7943867751359
8090.0 693.52151803323
8100.0 692.2030194264186
8110.0 690.8843870374704
8120.0 689.7060350880789
8130.0 688.3149768762094
8140.0 681.6792312138948
8150.0 671.2125511292621
8160.0 660.8173210059874
8170.0 654.206507506411
8180.0 645.6012728830697
8190.0 644.5559954165261
8200.0 643.3846104348414
8210.0 644.3264293473621
8220.0 643.1556884588558
8230.0 639.4529450257087
8240.0 638.9233768218334
8250.0 638.2233837583548
8260.0 644.1370815890774
8270.0 636.1768542633156
8280.0 635.066344885461
8290.0 633.8442303913988
8300.0 632.9434505395102
8310.0 632.3119202158549
8320.0 631.3376538691188
8330.0 630.3550835406502
8340.0 638.6421873494896
8350.0 628.9200583633626
8360.0 628.152111663144
8370.0 627.4518484973838
8380.0 636.4358276553317
8390.0 626.2590861102076
8400.0 625.5755267092636
8410.0 624.8429225005044
8420.0 629.4444371796236
8430.0 629.7153277984431
8440.0 637.3470418700301
8450.0 644.5316334823513
8460.0 652.5256744144251
8470.0 656.8012439305955
8480.0 656.9833171796556
8490.0 656.57144424236
8500.0 655.9504236842029
8510.0 655.2383198840432
8520.0 640.940916898378
8530.0 653.4078676951269
8540.0 656.7968448646212
8550.0 660.5935122331836
8560.0 651.5129085145297
8570.0 645.4933932999234
8580.0 639.9203538085467
8590.0 645.9892768924354
8600.0 632.2182749952365
8610.0 632.6066014729623
8620.0 633.828124066183
8630.0 634.9146364154342
8640.0 699.8738800734017
8650.0 636.9506089746282
8660.0 639.1063960532053
8670.0 639.84363891758
8680.0 651.4457933200761
8690.0 643.1648497704166
8700.0 645.3897190196966
8710.0 646.8345230492132
8720.0 648.8009951854426
8730.0 650.6430253195099
8740.0 652.9606200099173
8750.0 655.4698055233985
8760.0 657.5367402000194
8770.0 670.7524532489336
8780.0 661.1272828810972
8790.0 663.8035381737966
8800.0 666.0901821206878
8810.0 665.1547712467163
8820.0 670.6000970806772
8830.0 674.605985072405
8840.0 678.9707413025872
8850.0 689.5296972103074
8860.0 692.1886691301821
8870.0 687.9237083924158
8880.0 689.8432766768606
8890.0 694.3000762560242
8900.0 711.5429133939305
8910.0 684.566590384818
8920.0 659.276606772247
8930.0 652.9199633639407
8940.0 603.5004842228738
8950.0 628.2917355719949
8960.0 685.6633064859515
8970.0 677.4555213535546
8980.0 710.7166667874017
8990.0 684.6552980951262
9000.0 716.4036748478292
9010.0 713.3037551452819
9020.0 731.2349664255007
9030.0 772.6505801791938
9040.0 755.2657402727313
9050.0 760.2577663455818
9060.0 762.5495438665297
9070.0 759.988780804132
9080.0 1092.1728885706418
9090.0 761.7279209332876
9100.0 781.1199149755787
9110.0 771.6630702635341
9120.0 791.5476511483487
9130.0 745.4807259255026
9140.0 774.2037453053422
9150.0 772.1300714085379
9160.0 775.2751377036266
9170.0 760.6606248717736
9180.0 789.09845476678
9190.0 810.4817976494521
9200.0 833.4218517494286
9210.0 826.2312519393167
9220.0 894.9142910815974
9230.0 850.7419923601024
9240.0 797.7742668091095
9250.0 817.413873616541
9260.0 755.5368912481629
9270.0 656.962432922063
9280.0 566.6931032564137
9290.0 579.7911741635736
9300.0 612.2412589070167
9310.0 653.722598544732
9320.0 584.1398610832384
9330.0 613.0077010288103
9340.0 598.2237440176716
9350.0 628.4632362522253
9360.0 663.7640515733887
9370.0 653.6087227996285
9380.0 657.2732152067831
9390.0 685.7964958796797
9400.0 720.5773639498486
9410.0 707.1080283877602
9420.0 719.0220964503185
9430.0 725.5168584217158
9440.0 706.1719265372956
9450.0 787.0673862640042
9460.0 733.1043558414568
9470.0 739.4275457548861
9480.0 744.9452717509691
9490.0 750.375865984799
9500.0 684.1381260045279
9510.0 764.7464472337441
9520.0 680.8654594315379
9530.0 814.401792386255
9540.0 1204.4340716267102
9550.0 1139.2207340126997
9560.0 734.8220638478692
9570.0 703.920830481902
9580.0 749.0118829557341
9590.0 682.6907223591568
9600.0 755.2902046796937
9610.0 731.0975107639003
9620.0 776.774067589502
9630.0 924.2336233317426
9640.0 700.8616665372093
9650.0 794.475365363144
9660.0 853.4555573282464
9670.0 894.6391243476837
9680.0 918.0882474707666
9690.0 789.8679133374785
9700.0 1021.3362478013341
9710.0 896.9741157094134
9720.0 845.7074332464981
9730.0 990.9459806012055
9740.0 913.0344573065483
9750.0 962.2099021288652
9760.0 877.9020694597775
9770.0 1092.5245482603746
9780.0 993.0135737081257
9790.0 983.519334844053
9800.0 1058.2910164970194
9810.0 1072.8586882501613
9820.0 1066.170628549786
9830.0 1108.3266825362316
9840.0 1073.6866891445802
9850.0 1102.8378536268804
9860.0 1217.0488145353338
9870.0 1197.5959653246532
9880.0 1294.176070383864
9890.0 1359.85401084129
9900.0 1380.9137458118412
9910.0 1295.2581565101887
9920.0 1416.9661158133056
9930.0 1324.2634606657089
9940.0 1454.936074042214
9950.0 1492.3533805934303
9960.0 1553.7431769303041
9970.0 1503.084524633787
9980.0 1583.7855124021312
9990.0 1423.6669371751111
10010.0 1576.176310894874
10020.0 1543.8936818443538
10030.0 1622.0711692925343
10040.0 1753.1105713523377
10050.0 1748.9110224852207
10060.0 1729.2667839145963
10070.0 1798.2931553776461
10080.0 1788.7014593158633
10090.0 1855.7652463432048
10100.0 2074.228070714901
10110.0 1956.6478843360842
10120.0 1985.545583568634
10130.0 2278.84575720132
10140.0 2031.0712519099743
10150.0 2264.4303624796307
10160.0 2373.5765618512046
10170.0 2233.1828362023602
10180.0 2290.83338878824
10190.0 2463.9298897488734
10200.0 2463.66083858496
10210.0 2563.206441224105
10220.0 2529.096865403012
10230.0 2548.212486107409
10240.0 2736.84723277436
10250.0 2791.259999606091
10260.0 2610.3036759747743
10270.0 2726.09095001125
10280.0 2946.402981649764
10290.0 2919.0161542302326
10300.0 2949.2251498847936
10310.0 2956.568043688006
10320.0 3034.849242313094
10330.0 3084.323383153259
10340.0 3286.3140719781277
10350.0 3159.639440879156
10360.0 3212.142363113496
10370.0 3548.5660116200374
10380.0 3211.340790932495
10390.0 3393.6964238576347
10400.0 3445.28759204411
10410.0 3531.0168374805785
10420.0 3456.048483921262
10430.0 3437.5398245372608
10440.0 3654.0419266595627
10450.0 3622.2094361980744
10460.0 3715.2616591528904
10470.0 3635.5571587110376
10480.0 3608.3312203488176
10490.0 3658.7394184699133
10500.0 3758.1077152131857
10510.0 3800.4275278667565
10520.0 3755.4576188350425
10530.0 3661.4897260380944
10540.0 3853.8832085906442
10550.0 3806.2637890333212
10560.0 3961.2228718413926
10570.0 3868.056958602408
10580.0 3696.0392699997715
10590.0 3896.0118052201087
10600.0 3910.4864564290797
10610.0 4004.48710647002
10620.0 3941.660210321551
10630.0 3918.601670040947
10640.0 4122.836304013375
10650.0 3905.215920818762
10660.0 4143.553255057249
10670.0 4098.924887801674
10680.0 4060.0068525892807
10690.0 4074.269267641638
10700.0 4128.855851748956
10710.0 4060.721203177282
10720.0 4019.2451054687313
10730.0 4451.063838140961
10740.0 4023.3057266754363
10750.0 4217.092938083012
10760.0 4425.585446455366
10770.0 3923.8144362799494
10780.0 4267.394871156874
10790.0 4315.905094323052
10800.0 4271.952909482161
10810.0 4296.814768660809
10820.0 5328.853048802145
10830.0 4308.49319018427
10840.0 4260.734124192103
10850.0 4264.248891268567
10860.0 3465.711583925039
10870.0 3659.5335079066786
10880.0 3646.5834361062734
10890.0 3070.5068526204623
10900.0 2610.812922170363
10910.0 2540.012989205971
10920.0 2340.7524034350317
10930.0 1718.7165192824477
10940.0 1607.5810343774049
10950.0 1532.596339690272
10960.0 1485.0646763193129
10970.0 1457.5322314940634
10980.0 1630.1406535509186
10990.0 1291.3725266641702
11000.0 1168.7146789741614
11010.0 1387.1747896648362
11020.0 1096.409446903929
11030.0 973.7657417802991
11040.0 1136.0430256034274
11050.0 983.2244284946529
11060.0 893.3833337630501
11070.0 1153.0725745777534
11080.0 943.0212633917356
11090.0 779.2088759135036
11100.0 634.9698785773061
11110.0 683.0306154064137
11120.0 582.9311328252671
11130.0 583.2494471525999
11140.0 606.2878171415364
11150.0 533.8151122773513
11160.0 602.165796973318
11170.0 434.9013910864893
11180.0 690.6750544102365
11190.0 397.3299892015864
11200.0 465.4850017526591
11210.0 490.160457433327
11220.0 368.4612789012706
11230.0 343.39667004330124
11240.0 408.5210200488864
11250.0 388.35790929154746
11260.0 395.9440956171326
11270.0 430.44836033746606
11280.0 380.11287096864646
11290.0 431.4648931260045
11300.0 413.6963076698339
11310.0 399.64378344225656
11320.0 463.6096639437553
11330.0 352.6758005692965
11340.0 338.39282876238065
11350.0 323.6059873358574
11360.0 333.08871251140545
11370.0 350.8975958500081
11380.0 433.04532705144317
11390.0 452.74743756470605
11400.0 493.785201025496
11410.0 471.6333655466759
11420.0 501.7919274600192
11430.0 390.19574277572235
11440.0 387.9793873520494
11450.0 407.0804474124195
11460.0 364.95556323675316
11470.0 366.1284090407608
11480.0 363.62313996102006
11490.0 352.9967384371639
11500.0 332.0364436267868
11510.0 324.075200624559
11520.0 314.3279279806478
11530.0 313.49045766386774
11540.0 314.87855865965776
11550.0 312.95811031036976
11560.0 311.66820208155053
11570.0 307.38626561396757
11580.0 355.257311766815
11590.0 334.518534170837
11600.0 318.07185845459514
11610.0 320.7413294735427
11620.0 302.47650608416535
11630.0 304.3048688975979
11640.0 301.13843082903117
11650.0 301.8062358378191
11660.0 323.41409781184836
11670.0 307.96088637794924
11680.0 326.357734141221
11690.0 324.3037906870511
11700.0 311.1559773548276
11710.0 340.8147501407602
11720.0 338.8356543400377
11730.0 331.786035080803
11740.0 356.0351044857763
11750.0 333.56575088472164
11760.0 360.81137748090885
11770.0 346.8245010135663
11780.0 357.05487789370864
11790.0 407.34965475648687
11800.0 398.18818193448595
11810.0 437.40296361847754
11820.0 435.8778717180696
11830.0 484.2720378909255
11840.0 546.2707475395408
11850.0 560.087326401781
11860.0 476.63931565980806
11870.0 451.7870647030821
11880.0 440.5087693472408
11890.0 511.4627820484913
11900.0 685.3115353048462
11910.0 557.8265776334135
11920.0 691.5966250769143
11930.0 988.1031296666945
11940.0 1078.2761867815157
11950.0 948.6168661265824
11960.0 1119.3000747982505
11970.0 1127.4976587989413
11980.0 1127.667916591228
11990.0 1354.1892448662666
12000.0 1244.8800344966435
12010.0 1410.5502031263584
12020.0 1452.8801808386982
12030.0 1148.5341043450346
12040.0 1783.2001714539288
12050.0 1896.8138949032943
12060.0 2344.8407990563182
12070.0 1687.5781754728107
12080.0 2194.248684594043
12090.0 2055.6568358095906
12100.0 2681.046859620586
12110.0 1979.273741111951
12120.0 2446.750349763576
12130.0 2329.1359418558177
12140.0 2578.929199547857
12150.0 2955.2792855252937
12160.0 2911.697893832042
12170.0 2729.9061970216385
12180.0 3232.4581476670737
12190.0 3242.6540696994516
12200.0 2898.304287918682
12210.0 3241.140554496344
12220.0 3169.23286648968
12230.0 3321.3855675525474
12240.0 3674.0755598441065
12250.0 2924.0464222462697
12260.0 4230.986645857083
12270.0 3353.877852906491
12280.0 4186.099247878716
12290.0 3425.211302541235
12300.0 3932.0705791425676
12310.0 3938.3415395846
12320.0 4012.0403867278815
12330.0 4101.6504237778945
12340.0 3755.171389250506
12350.0 4432.077128452665
12360.0 4360.69788270734
12370.0 4376.512158446069
12380.0 5013.437950996666
12390.0 4969.114993335252
12400.0 4522.862885170632
12410.0 4474.786419708649
12420.0 4800.7323753064475
12430.0 3208.3179047036233
12440.0 4175.856023119775
12450.0 5520.156481147371
12460.0 5268.33345641387
12470.0 5605.888056678852
12480.0 4986.343557744749
12490.0 5920.461069171674
12500.0 5884.476829855878
12510.0 4748.244318224721
12520.0 2966.6997834474496
12530.0 4358.879548449715
12540.0 4887.412987884906
12550.0 5992.781892718897
12560.0 6258.882970701047
12570.0 6100.202866468853
12580.0 5559.784650050953
12590.0 6012.998317140317
12600.0 5522.142014979325
12610.0 6432.985745083726
12620.0 5341.195605245691
12630.0 5953.661283864862
12640.0 5488.351847666746
12650.0 6191.036580420673
12660.0 5214.255327170475
12670.0 5609.001129754113
12680.0 5560.685718860481
12690.0 5556.3232893175855
12700.0 5718.133340122272
12710.0 5483.987042187613
12720.0 5366.196273798637
12730.0 4551.783041184772
12740.0 4771.423762463576
12750.0 6044.416672055056
12760.0 5610.856137244928
12770.0 5344.625850299491
12780.0 5112.265387587432
12790.0 4838.46591894051
12800.0 4001.455912989684
12810.0 5507.02150631162
12820.0 6350.783395681172
12830.0 3364.0888089986697
12840.0 5352.783071928507
12850.0 5314.355451572282
12860.0 3066.572353644322
12870.0 4874.755296879788
12880.0 3179.219840542443
12890.0 4031.4786437878115
12900.0 4430.797919390099
12910.0 4282.85753484531
12920.0 2256.84284275752
12930.0 5270.164216524097
12940.0 4278.45987589391
12950.0 3427.1664194538066
12960.0 3438.5937717197357
12970.0 3362.1695354710937
12980.0 5397.737474627148
12990.0 3320.8947036677814
13000.0 3864.172009177291
13010.0 2955.2354689094045
13020.0 3316.612660989748
13030.0 4039.314066571728
13040.0 3213.27960097672
13050.0 3447.566830573207
13060.0 2650.3808388574207
13070.0 2357.842880519538
13080.0 2416.4757995671007
13090.0 2043.1579201932554
13100.0 2177.4448883680802
13110.0 2058.461684063824
13120.0 1417.8250262446413
13130.0 2259.8973525995057
13140.0 1227.882790908616
13150.0 2027.2059864295588
13160.0 1745.4134441124443
13170.0 2153.703905199429
13180.0 1011.9649965721094
13190.0 2153.249960431003
13200.0 1873.7478073453499
13210.0 2434.7090409708107
13220.0 2322.4167436995613
13230.0 1431.3528655707216
13240.0 1379.412934496503
13250.0 993.7778292837387
13260.0 1731.567549597447
13270.0 1935.4003365343565
13280.0 854.4688045867687
13290.0 445.75507508521605
13300.0 287.70483872577586
13310.0 231.21626975754756
13320.0 264.4057481432245
13330.0 315.500209103721
13340.0 295.5568231081508
13350.0 275.656022221296
13360.0 283.8679246967549
13370.0 229.538715681752
13380.0 231.2623649682159
13390.0 290.10950498351997
13400.0 228.89351124176022
13410.0 233.41031865475549
13420.0 221.6388831431333
13430.0 221.3138655656527
13440.0 211.14221926518164
13450.0 217.57465546440105
13460.0 209.5412780940661
13470.0 208.33004670242028
13480.0 205.81129686793378
13490.0 217.78011514562465
13500.0 203.36254584708524
13510.0 206.18528001601481
13520.0 204.74703634622415
13530.0 208.2137296752853
13540.0 201.50711901291206
13550.0 204.66492925228425
13560.0 203.48100714990082
13570.0 199.431241288869
13580.0 201.949687919134
13590.0 200.17392754000778
13600.0 204.02465846384857
13610.0 200.48068977285033
13620.0 198.24747088265912
13630.0 206.66405370505237
13640.0 198.9541113582016
13650.0 200.47423728488428
13660.0 204.37144408651224
13670.0 202.33847437220356
13680.0 199.38432118179662
13690.0 206.7714388844928
13700.0 196.5459541277734
13710.0 195.39837767261525
13720.0 196.9209911372394
13730.0 197.40215861243442
13740.0 196.5492019007333
13750.0 220.05490991030743
13760.0 200.98814924201614
13770.0 197.4462810567235
13780.0 200.1496510691901
13790.0 200.01795782773047
13800.0 193.35842731878517
13810.0 200.09400804788095
13820.0 190.31776325197922
13830.0 193.11973983122806
13840.0 195.4540382489165
13850.0 191.5997929861322
13860.0 192.17075681081923
13870.0 196.5885225203138
13880.0 191.23754331699337
13890.0 202.0913494846893
13900.0 191.24432459270565
13910.0 191.13728732457787
13920.0 187.59875353066477
13930.0 200.7791551155118
13940.0 192.85951041278145
13950.0 187.4759721011154
13960.0 196.43367225111234
13970.0 194.54559701909483
13980.0 187.2577315606685
13990.0 193.86485256077805
14000.0 184.85056826221188
14010.0 184.6357887632096
14020.0 195.02633810703392
14030.0 190.86089650594963
14040.0 186.76261124581444
14050.0 186.71956702017047
14060.0 192.69061691722163
14070.0 183.4053712099146
14080.0 186.6807642388308
14090.0 180.96744934193262
14100.0 185.09682277503506
14110.0 186.65356735225984
14120.0 183.69518606344138
14130.0 193.5985078409801
14140.0 182.0459010666852
14150.0 186.17717435719146
14160.0 199.26455576830313
14170.0 183.52687809117975
14180.0 185.15683802816505
14190.0 180.16138534892733
14200.0 182.78745978817724
14210.0 195.95971443116798
14220.0 183.27128352195467
14230.0 180.90748540675918
14240.0 187.87043998016983
14250.0 181.25517026998142
14260.0 185.55842895298545
14270.0 185.77303220694037
14280.0 179.55146138350383
14290.0 187.9775955791258
14300.0 230.02014625232482
14310.0 187.20790733772242
14320.0 180.1282144635153
14330.0 191.27601560284413
14340.0 185.54315164397653
14350.0 204.14050021977755
14360.0 195.4199777069301
14370.0 196.88054928373023
14380.0 203.60625391867393
14390.0 179.99657531621818
14400.0 210.926522566065
14410.0 185.79894233406782
14420.0 191.95955277449218
14430.0 253.73402139516844
14440.0 185.43345561960268
14450.0 168.7065319945337
14460.0 190.79859846830428
14470.0 201.19296866599575
14480.0 222.53669541538505
14490.0 279.5226788954717
14500.0 180.85714859671327
14510.0 244.71895490444024
14520.0 265.10279252374545
14530.0 245.38166870540306
14540.0 232.6344728243884
14550.0 262.5261957662184
14560.0 209.24617712132624
14570.0 215.87030976972628
14580.0 349.9830918862955
14590.0 330.02477445597054
14600.0 244.31019945951647
14610.0 233.260276404102
14620.0 218.95836045323782
14630.0 208.04917445841627
14640.0 369.5183010351842
14650.0 316.6388543709911
14660.0 273.6478888026555
14670.0 271.8808676287005
14680.0 219.83603477296208
14690.0 220.15619661141815
14700.0 234.50905586563425
14710.0 227.1103009339307
14720.0 261.42794094276144
14730.0 290.4382400237521
14740.0 249.3249056840192
14750.0 257.05807962768927
14760.0 246.82143309528567
14770.0 292.42353974929085
14780.0 359.34737253977767
14790.0 231.5502094054369
14800.0 230.38886691357345
14810.0 341.36269947778567
14820.0 262.95277867338757
14830.0 305.25162615804453
14840.0 344.15894315386424
14850.0 254.9387460024417
14860.0 356.6299814522903
14870.0 337.4961643957769
14880.0 292.48036169966315
14890.0 288.17313413225685
14900.0 329.32771760519995
14910.0 449.89335624568486
14920.0 296.12752392894254
14930.0 384.64336063088876
14940.0 321.816491567192
14950.0 375.50872508504824
14960.0 316.76481912843036
14970.0 445.8047548569645
14980.0 389.8360122843077
14990.0 372.30216417917944
15000.0 438.5751559127066
15010.0 404.69845992010755
15020.0 434.94491844769516
15030.0 382.32892879518863
15040.0 444.1903546520873
15050.0 450.2112420620349
15060.0 483.35817860164195
15070.0 400.4623585760109
15080.0 436.3369133705065
15090.0 647.0899349108616
15100.0 480.87350353609116
15110.0 438.38576041053267
15120.0 555.3014769714674
15130.0 410.7846576848821
15140.0 764.6866311513282
15150.0 710.8957535813717
15160.0 590.3567175184205
15170.0 448.56440142802376
15180.0 517.126265697162
15190.0 565.4508144703176
15200.0 612.9838904158731
15210.0 579.4620149077913
15220.0 576.3241777077203
15230.0 1157.6925018780787
15240.0 578.9374764078595
15250.0 660.5281110598835
15260.0 671.6686387333295
15270.0 621.6570090324988
15280.0 884.2952599758202
15290.0 1148.5664786283646
15300.0 735.0551782787938
15310.0 789.7853573951882
15320.0 600.2216606599151
15330.0 1082.3090150013484
15340.0 1271.1010943642132
15350.0 913.8366898069968
15360.0 822.2076550567165
15370.0 801.419664673041
15380.0 1118.0766503492996
15390.0 984.5380853176575
15400.0 1208.364394213074
15410.0 1276.2292796157892
15420.0 1000.8733702231158
15430.0 1086.1482457710933
15440.0 925.6458367156655
15450.0 1472.9822378827619
15460.0 1552.593256550321
15470.0 1201.5731481440307
15480.0 1690.5527324264813
15490.0 1191.2172675129448
15500.0 1342.6430879376437
15510.0 1303.4582471489794
15520.0 1479.6699975870185
15530.0 1721.1433474532053
15540.0 1734.4535517178695
15550.0 1622.1511627475825
15560.0 1426.7617999141232
15570.0 1311.9562643967704
15580.0 1039.7010868953776
15590.0 1443.9602446281608
15600.0 1337.1111704979153
15610.0 1487.7014227172867
15620.0 1625.920011662775
15630.0 1621.0798898526702
15640.0 1284.6968148757528
15650.0 1364.3820258150965
15660.0 1709.5663192214306
15670.0 2258.1269076836693
15680.0 1729.4212456944754
15690.0 1557.1763031807225
15700.0 2045.004383078992
15710.0 1582.0588358461218
15720.0 1485.2316533505739
15730.0 1806.7440633825809
15740.0 2372.8221716970925
15750.0 1713.0979775799997
15760.0 1900.3451727384827
15770.0 1958.235962941587
15780.0 1298.4678008642613
15790.0 1369.8557508928322
15800.0 1509.3616587633549
15810.0 1554.0655279290695
15820.0 1612.8451603206436
15830.0 1253.2793603888015
15840.0 1441.105995657777
15850.0 1604.9583671137732
15860.0 1469.2976995980223
15870.0 1324.835338078853
15880.0 1605.831749635819
15890.0 1551.2304135036893
15900.0 1487.7932408286897
15910.0 1172.4744489789525
15920.0 1509.4110393148032
15930.0 1376.8320325853917
15940.0 1177.073741197853
15950.0 1528.725851881859
15960.0 1163.738700008566
15970.0 1118.5952459248545
15980.0 1712.0018610223667
15990.0 1117.3563683376442
16000.0 1235.9504135346215
16010.0 1345.1810203066334
16020.0 1029.4292100617056
16030.0 783.5204443496559
16040.0 1257.8393605053457
16050.0 1044.5514940599655
16060.0 745.9157745572307
16070.0 1124.360888723646
16080.0 762.356119983112
16090.0 916.2905887621376
16100.0 768.9300967583678
16110.0 816.7004779480706
16120.0 771.7015865011155
16130.0 706.4478290563449
16140.0 799.3336336129298
16150.0 468.1064196330386
16160.0 715.0046207010772
16170.0 461.1019305897155
16180.0 433.7941692899768
16190.0 408.97681817769467
16200.0 536.3151713450437
16210.0 465.66851406386417
16220.0 827.3501948559499
16230.0 920.0891356208493
16240.0 1017.8324977659524
16250.0 964.5104202946842
16260.0 746.4229793700645
16270.0 841.0220771244944
16280.0 795.8919032748678
16290.0 952.4642873115357
16300.0 555.7536414401252
16310.0 651.2884825054907
16320.0 551.6855677515231
16330.0 495.6987430302145
16340.0 609.7571276063975
16350.0 495.72447843056995
16360.0 499.1981676638561
16370.0 559.3441270778017
16380.0 500.1732648216059
16390.0 644.3266948190973
16400.0 564.9609109214224
16410.0 645.7091788549019
16420.0 405.68738309170783
16430.0 477.59934151414745
16440.0 637.431005714354
16450.0 384.6375873569133
16460.0 508.03548108021704
16470.0 426.5902499953046
16480.0 407.73846870596617
16490.0 454.6429141213659
16500.0 490.9645926159792
16510.0 739.045292793174
16520.0 601.7982340572621
16530.0 681.4777337093769
16540.0 665.3618049874538
16550.0 425.5914025148144
16560.0 302.097163256764
16570.0 379.7708975266368
16580.0 277.4451520781995
16590.0 384.71007221541635
16600.0 461.91627063502466
16610.0 505.2550208208342
16620.0 449.8411282145495
16630.0 400.87602510052176
16640.0 540.1234201612831
16650.0 295.4782374957889
16660.0 229.66335745593574
16670.0 218.14197242759184
16680.0 156.63668458834556
16690.0 243.70649101467922
16700.0 196.57548929368266
16710.0 174.0761543027478
16720.0 222.82684696878184
16730.0 272.47986019806876
16740.0 289.3262124723389
16750.0 431.32395257785566
16760.0 399.06512607686375
16770.0 435.00301212070497
16780.0 439.54265559638105
16790.0 469.82223742671727
16800.0 392.8794054498681
16810.0 325.76650089631323
16820.0 386.518635154362
16830.0 294.4270725503319
16840.0 196.22738565572678
16850.0 246.58653423732363
16860.0 216.22822830406625
16870.0 155.27351754293457
16880.0 197.66895932728045
16890.0 174.7321699379641
16900.0 164.7138069801029
16910.0 205.35506463750517
16920.0 189.78538811193215
16930.0 232.2525661532681
16940.0 165.37648652591645
16950.0 173.4164896983064
16960.0 149.1089122028116
16970.0 160.25956503696457
16980.0 176.16896901170617
16990.0 199.90779197353038
17000.0 173.71480859571628
17010.0 201.32918046584842
17020.0 230.97943903502872
17030.0 188.8148471779671
17040.0 161.22489506062243
17050.0 208.7286172258513
17060.0 261.7935416066008
17070.0 183.2600182403562
17080.0 216.73664566930887
17090.0 272.7145368119461
17100.0 207.1798207076343
17110.0 176.7598690327671
17120.0 246.93632403755868
17130.0 265.215228986026
17140.0 212.0719966660673
17150.0 262.0595919379023
17160.0 393.6324160895011
17170.0 317.4517031883554
17180.0 291.7524077676337
17190.0 308.28841635962567
17200.0 215.21791278564064
17210.0 221.77413684240494
17220.0 231.35783086517029
17230.0 208.6030817924608
17240.0 178.16603165152208
17250.0 237.46801189994574
17260.0 179.72204603011636
17270.0 206.29042158850564
17280.0 206.5693923513233
17290.0 265.9927296872013
17300.0 303.2492833795302
17310.0 221.52734715413706
17320.0 240.14819421296983
17330.0 279.4892707813244
17340.0 337.3168572131968
17350.0 234.93976272425118
17360.0 222.93873182662247
17370.0 232.7899428496031
17380.0 244.4870419454669
17390.0 271.9609456618776
17400.0 222.36231565165238
17410.0 219.8045403591695
17420.0 230.33878076078867
17430.0 231.70168971733125
17440.0 195.0667464474285
17450.0 218.30097174307343
17460.0 197.59423297057003
17470.0 207.0247838248425
17480.0 222.40070087997515
17490.0 234.8514213724342
17500.0 209.83945412706765
17510.0 216.70166386862826
17520.0 286.1220964552478
17530.0 231.7855074065115
17540.0 194.10088782227118
17550.0 212.4675810566652
17560.0 222.64921047196006
17570.0 258.3324310026983
17580.0 225.72082984607374
17590.0 327.3883721435952
17600.0 278.14673726694576
17610.0 303.64524515460664
17620.0 172.75827214794646
17630.0 294.7349030355565
17640.0 208.49816006264504
17650.0 280.6084644217642
17660.0 248.29563495676396
17670.0 191.9781803111344
17680.0 159.20855003745703
17690.0 203.40376764052854
17700.0 192.402615935334
17710.0 169.13441539956938
17720.0 173.99553225078225
17730.0 194.37844836190314
17740.0 166.80422066722718
17750.0 150.01811559270195
17760.0 156.45894942546903
17770.0 208.63631054065155
17780.0 206.25582811177975
17790.0 161.5987420285614
17800.0 235.4016670268802
17810.0 122.69942124407308
17820.0 209.0909264350601
17830.0 198.41439471442249
17840.0 133.96834262188193
17850.0 150.33370822971705
17860.0 156.88449167967548
17870.0 138.77033500460442
17880.0 193.58022069217967
17890.0 239.20586035007227
17900.0 161.4037234963049
17910.0 124.76792288185524
17920.0 130.8801602488016
17930.0 163.23159001251554
17940.0 173.63220187232793
17950.0 156.64298546278792
17960.0 133.80416157981878
17970.0 174.130930215607
17980.0 298.5420881553606
17990.0 163.3751941256379
18000.0 118.88793188704646
18010.0 137.89320259314104
18020.0 123.09851365499206
18030.0 149.6017423275324
18040.0 163.17154772700934
18050.0 140.91331562459803
18060.0 115.2634920495953
18070.0 127.85335044972149
18080.0 147.0044755485372
18090.0 186.73215186415388
18100.0 154.55618558046692
18110.0 148.6344020397205
18120.0 100.66424245511871
18130.0 225.90828443672606
18140.0 231.49477841993422
18150.0 123.13278315031789
18160.0 143.52068734473843
18170.0 166.91745069300532
18180.0 124.79783088585938
18190.0 180.3916314811655
18200.0 102.32918471138694
18210.0 115.17003315199904
18220.0 100.51914547525263
18230.0 333.7150248606911
18240.0 252.3535171900332
18250.0 161.4320208627223
18260.0 103.66206154725876
18270.0 149.10648492404977
18280.0 135.0373899470818
18290.0 209.58180235509732
18300.0 125.03360807568903
18310.0 130.0945491535965
18320.0 126.9463713181936
18330.0 172.4823604313608
18340.0 130.0672850938937
18350.0 129.96758442160655
18360.0 122.35887643575117
18370.0 108.07044535760237
18380.0 140.06446932110825
18390.0 129.92463956102299
18400.0 130.59366923517064
18410.0 149.23703125707272
18420.0 111.78763118994384
18430.0 162.57070936266388
18440.0 161.91832128403553
18450.0 201.56271058075112
18460.0 112.24904400199165
18470.0 113.39533177888688
18480.0 104.7814966089296
18490.0 141.42823316351735
18500.0 121.89432976095507
18510.0 207.75786889341555
18520.0 163.7457029398724
18530.0 110.89203974954015
18540.0 104.84529754589425
18550.0 194.59694891935283
18560.0 118.04545898773122
18570.0 104.02669928113079
18580.0 148.21282214748047
18590.0 106.45332833460529
18600.0 90.80624090498517
18610.0 127.12912442992453
18620.0 140.39560951146765
18630.0 120.54342675975751
18640.0 91.31547987411113
18650.0 121.16865262060338
18660.0 151.63302807593388
18670.0 94.94989516041093
18680.0 101.90034032218347
18690.0 121.49180986315893
18700.0 98.29320607731245
18710.0 96.67260998658489
18720.0 140.75844504738814
18730.0 89.50514642817416
18740.0 341.3291085750982
18750.0 128.31169682626665
18760.0 125.01007744255773
18770.0 139.31633896678937
18780.0 137.57841395014293
18790.0 207.45117624120502
18800.0 179.29946554670937
18810.0 119.46279579219865
18820.0 236.92417665208515
18830.0 231.88111127065713
18840.0 124.16305033905415
18850.0 125.255999729768
18860.0 205.47064676785382
18870.0 225.41563773566583
18880.0 179.39658308716037
18890.0 203.40826703360946
18900.0 146.49089163432433
18910.0 179.49528208170312
18920.0 129.65244226442786
18930.0 208.7470070824615
18940.0 201.63948011686614
18950.0 319.99274552460383
18960.0 241.8726590798587
18970.0 201.7143933832404
18980.0 149.71331025395688
18990.0 146.69571878850974
19000.0 159.39265660903217
19010.0 190.17744112578654
19020.0 209.11796965175648
19030.0 140.35159268062483
19040.0 217.42199089956205
19050.0 108.46419005942326
19060.0 112.21979957018354
19070.0 257.854343228129
19080.0 232.96488906243005
19090.0 235.2006659390315
19100.0 196.48127673317993
19110.0 102.16700622162429
19120.0 192.65975314268172
19130.0 117.61866081703877
19140.0 140.1855137168191
19150.0 248.9861631978663
19160.0 123.1182937801035
19170.0 217.1427464610295
19180.0 304.08226284892004
19190.0 159.02619873562818
19200.0 94.69130993662377
19210.0 139.0374593630585
19220.0 227.4646806764036
19230.0 171.68664002068732
19240.0 95.80805976188499
19250.0 242.94585130476074
19260.0 137.1434888867208
19270.0 141.29008916340464
19280.0 127.60911209875383
19290.0 195.6012573017804
19300.0 115.47988262229329
19310.0 105.4313082626966
19320.0 145.22090881632113
19330.0 150.221334402301
19340.0 133.8911440793729
19350.0 135.44996191466805
19360.0 110.71578038374057
19370.0 165.94072293326025
19380.0 134.25105227920608
19390.0 89.62646874591202
19400.0 107.72969374730422
19410.0 104.61709390624904
19420.0 200.45416701195145
19430.0 155.06308850013784
19440.0 112.41920308653508
19450.0 125.39701072241101
19460.0 199.25453597234002
19470.0 112.94472318135394
19480.0 110.21585893767539
19490.0 127.93250704661682
19500.0 175.14692883865735
19510.0 185.81758837440242
19520.0 164.79763065321885
19530.0 132.61378433506928
19540.0 124.50890543343802
19550.0 94.69990852321003
19560.0 128.3670231324868
19570.0 185.6870954366732
19580.0 140.46509715944438
19590.0 154.21169172185694
19600.0 154.05746901402938
19610.0 155.6986503911497
19620.0 137.232048427059
19630.0 121.3346331312805
19640.0 204.6743485905895
19650.0 161.92957065703592
19660.0 185.6487641680472
19670.0 152.82328698828212
19680.0 172.90589807117237
19690.0 205.22009228068444
19700.0 162.37368408754165
19710.0 126.10230845682706
19720.0 259.41559057278687
19730.0 143.59522187706722
19740.0 163.6710748185779
19750.0 124.19610009315092
19760.0 224.12299839501424
19770.0 202.62080015506376
19780.0 222.03910245423504
19790.0 192.04356434532582
19800.0 169.99238651508102
19810.0 182.0056021204248
19820.0 166.26781666624345
19830.0 216.11397141576475
19840.0 210.93699680874158
19850.0 233.06643154847387
19860.0 264.296225664374
19870.0 223.30648070870518
19880.0 193.78769520237444
19890.0 147.6723327395826
19900.0 140.61717072350294
19910.0 223.13397592523447
19920.0 273.62496013449504
19930.0 261.59188635502045
19940.0 226.73203761668123
19950.0 231.23514808743593
19960.0 278.80398553571376
19970.0 161.35913052008246
19980.0 226.9313733996799
19990.0 260.9141691523129
20010.0 253.2138659958635
20020.0 211.99097895757427
20030.0 303.5212859578572
20040.0 260.6682768342846
20050.0 213.64121376415082
20060.0 201.92808104644527
20070.0 274.65237935929343
20080.0 258.5548658860721
20090.0 188.2022933331889
20100.0 258.267207314304
20110.0 328.2320395692267
20120.0 278.2942632995745
20130.0 233.45337600166482
20140.0 318.22306234798384
20150.0 296.63160921966124
20160.0 205.3841056622983
20170.0 208.23612071744753
20180.0 279.49821669227043
20190.0 225.67498545331975
20200.0 233.04471891974072
20210.0 329.4307904946385
20220.0 325.63495879510435
20230.0 336.04789588300764
20240.0 353.40705308481165
20250.0 238.15817431041637
20260.0 298.47874922202243
20270.0 314.96022130121
20280.0 291.77167486301283
20290.0 272.08673711235303
20300.0 246.73228732812666
20310.0 387.6867328229003
20320.0 370.43336993515993
20330.0 263.52976418419394
20340.0 356.8580839044388
20350.0 335.8017528690835
20360.0 429.36856698133454
20370.0 345.67789798113915
20380.0 391.74052293869437
20390.0 323.2619792306973
20400.0 279.78174916182286
20410.0 341.2570230183409
20420.0 376.9528058218051
20430.0 386.39603304731787
20440.0 375.9344529422398
20450.0 324.73349748184825
20460.0 449.5080285925254
20470.0 482.07776534234387
20480.0 418.10936714648926
20490.0 341.3525413448548
20500.0 439.6695518522515
20510.0 402.2674851896568
20520.0 344.13961357283506
20530.0 355.92915898320484
20540.0 355.88636997593744
20550.0 435.10141287543826
20560.0 408.5501657992338
20570.0 450.398923873244
20580.0 468.29587820642445
20590.0 484.5812815935563
20600.0 416.32915957827544
20610.0 465.9127081344194
20620.0 385.77559776647183
20630.0 352.0998830530414
20640.0 463.3493897011681
20650.0 447.2125700346624
20660.0 446.3861271497514
20670.0 439.4178738742286
20680.0 391.28237884297687
20690.0 422.1724538940108
20700.0 418.89470730075243
20710.0 404.2466022971589
20720.0 467.4978438734253
20730.0 438.9906560544159
20740.0 464.4847108763244
20750.0 380.81890118866244
20760.0 384.1267112696212
20770.0 437.75703319689046
20780.0 447.3419601218784
20790.0 445.28911726986723
20800.0 438.744937977146
20810.0 409.8738866950623
20820.0 437.1261479074918
20830.0 437.4861279693013
20840.0 442.4136484870171
20850.0 428.5833097431049
20860.0 414.59774606795395
20870.0 417.9027129797767
20880.0 422.4409854572887
20890.0 459.0304487822778
20900.0 431.49609738707693
20910.0 436.56546147588756
20920.0 421.5784752814824
20930.0 425.38275342873317
20940.0 398.6476451847652
20950.0 440.61770864744824
20960.0 419.95622815523376
20970.0 432.61404697473444
20980.0 419.13249456011914
20990.0 416.31952011951597
21000.0 431.97757711935867
21010.0 405.67693348224213
21020.0 399.48040327379977
21030.0 397.43090318413846
21040.0 411.5214107195933
21050.0 413.5337545663739
21060.0 402.9335294900518
21070.0 407.46408847205856
21080.0 410.2918299778404
21090.0 390.3155850253531
21100.0 395.37326826601463
21110.0 387.64166378770994
21120.0 376.1502231503765
21130.0 411.74872374506674
21140.0 402.6156543729651
21150.0 385.4545570151513
21160.0 405.53946219958584
21170.0 335.254182099575
21180.0 351.4900267461748
21190.0 370.5630407899033
21200.0 390.10775936995213
21210.0 387.46361272949116
21220.0 382.86226663889965
21230.0 352.602505065463
21240.0 365.7197261757244
21250.0 382.52954920699113
21260.0 397.86840276164247
21270.0 343.6665093311573
21280.0 355.56050639379583
21290.0 344.7646269999711
21300.0 364.18819279369046
21310.0 376.7952540295209
21320.0 324.340718108887
21330.0 372.85662148402025
21340.0 358.99623883602067
21350.0 385.3032655482718
21360.0 338.68783958110765
21370.0 296.6908040953383
21380.0 356.0557299054066
21390.0 346.7754305908269
21400.0 348.1410494836862
21410.0 320.32225355245447
21420.0 269.35547876373835
21430.0 314.4764972774353
21440.0 318.9671835914553
21450.0 305.07286805592565
21460.0 294.1465153635797
21470.0 269.27162794932957
21480.0 324.00359709304166
21490.0 301.9049198328505
21500.0 312.70379750269603
21510.0 287.85540152411437
21520.0 263.72532992251695
21530.0 326.0408879269081
21540.0 298.1988536287794
21550.0 259.3773020992289
21560.0 300.905701261522
21570.0 275.69462833397967
21580.0 318.5518634737904
21590.0 287.66962637040757
21600.0 230.97443992788726
21610.0 263.75584547105024
21620.0 254.83423568165387
21630.0 300.14527674555194
21640.0 283.86873459124615
21650.0 260.2510249894812
21660.0 236.29596757815446
21670.0 238.12243848450345
21680.0 262.90020924751127
21690.0 259.4062954361184
21700.0 258.20188882703724
21710.0 271.0917559115747
21720.0 206.072798204844
21730.0 253.16120802565692
21740.0 239.93086433593885
21750.0 257.67953745466104
21760.0 258.4106903050234
21770.0 237.10221853021156
21780.0 219.4211213947998
21790.0 229.26668262708154
21800.0 230.88590371609868
21810.0 260.871088032556
21820.0 249.67470392272406
21830.0 185.69956508618918
21840.0 213.85443598814123
21850.0 223.9422896917477
21860.0 226.59862784115532
21870.0 220.57581807966366
21880.0 204.96039224759627
21890.0 173.111186821514
21900.0 198.90367610096325
21910.0 196.04350159545345
21920.0 176.51868642120814
21930.0 170.3044364802837
21940.0 160.13942813799775
21950.0 134.98985029321713
21960.0 139.51138227635354
21970.0 135.09512267395638
21980.0 99.44886269005322
21990.0 103.87216206390056
22000.0 98.42168363018845
22010.0 92.11926767660236
22020.0 88.12145777190892
22030.0 113.36416674256228
22040.0 91.3281080090589
22050.0 82.17767493565196
22060.0 91.01151444593313
22070.0 102.01469662618648
22080.0 95.34734614762203
22090.0 106.65405953997403
22100.0 112.46794316891699
22110.0 117.50458785038637
22120.0 112.31153192749113
22130.0 120.28701217506723
22140.0 125.99320220734052
22150.0 144.56027541279377
22160.0 125.52855403403771
22170.0 136.41459755442452
22180.0 123.34134207021273
22190.0 145.49514055842116
22200.0 128.31445359339384
22210.0 129.1430090539956
22220.0 119.19623518261979
22230.0 125.54763245217313
22240.0 132.65874056559528
22250.0 130.64004376732564
22260.0 120.47673713904035
22270.0 100.48583442643658
22280.0 123.29283666265019
22290.0 131.3778747346678
22300.0 115.26494283844758
22310.0 98.8604834777869
22320.0 111.38968452767034
22330.0 116.78880650596366
22340.0 122.518910283862
22350.0 119.05768021296079
22360.0 101.10183404914402
22370.0 102.88992188549092
22380.0 106.22981599121175
22390.0 111.63450500417511
22400.0 97.41807499501621
22410.0 94.68392584768843
22420.0 98.87905222838067
22430.0 96.45080857748354
22440.0 113.3247435534453
22450.0 87.70296182290826
22460.0 82.64762218764638
22470.0 95.23957773674572
22480.0 91.29102289288667
22490.0 98.63194164719995
22500.0 86.67560487939275
22510.0 95.53100025490994
22520.0 88.23843755827781
22530.0 85.58486394428459
22540.0 108.49000811135352
22550.0 86.01684685986368
22560.0 82.95274408897745
22570.0 88.39311502371498
22580.0 105.36150335426439
22590.0 88.54197965266064
22600.0 87.6161191140142
22610.0 82.62243595131073
22620.0 100.33991101641547
22630.0 98.96153987785564
22640.0 83.1271129647844
22650.0 96.57506849431329
22660.0 100.76549886553974
22670.0 89.78290984363899
22680.0 79.76438702683889
22690.0 91.28412551763908
22700.0 102.1989966311232
22710.0 87.48748061961913
22720.0 81.13332301429875
22730.0 99.57644947354689
22740.0 94.9766430323833
22750.0 85.53687240823825
22760.0 91.48714640861718
22770.0 91.98262057322438
22780.0 85.39964740646963
22790.0 97.98342119581139
22800.0 83.74466280520386
22810.0 94.96418641884468
22820.0 81.79614689293089
22830.0 82.02884299907203
22840.0 82.35647882215835
22850.0 85.11799179719023
22860.0 77.01529828677833
22870.0 86.10797227782382
22880.0 82.00640958912183
22890.0 76.40695640052894
22900.0 74.85596854933104
22910.0 78.92173479771093
22920.0 71.40797223849852
22930.0 74.64947656421242
22940.0 77.87536168514504
22950.0 71.82166361316563
22960.0 73.73617030483634
22970.0 78.651048839829
22980.0 73.00039143424567
22990.0 83.73248852150036
23000.0 74.30906201212778
23010.0 88.47023468269234
23020.0 76.99802279808048
23030.0 75.15777572740105
23040.0 79.62657949442688
23050.0 84.94742447794955
23060.0 86.77688757319648
23070.0 92.20318041227345
23080.0 97.84911331114756
23090.0 93.48730977523016
23100.0 110.69669872258982
23110.0 99.96763236854042
23120.0 97.80913209340514
23130.0 105.96987739128585
23140.0 101.65246485988413
23150.0 100.51245462947563
23160.0 64.71667382256238
23170.0 63.6771465777645
23180.0 70.16434896273871
23190.0 62.970772651353386
23200.0 67.00989066909928
23210.0 69.47723278169002
23220.0 70.45808578465929
23230.0 69.21286006170976
23240.0 67.6401698973127
23250.0 65.87003109496744
23260.0 68.60426096016928
23270.0 73.19726117960994
23280.0 66.03618206774749
23290.0 73.33640090539771
23300.0 68.90650927920775
23310.0 69.5203919110143
23320.0 80.3512367229016
23330.0 70.76342179501171
23340.0 67.16353456098224
23350.0 72.03117561594084
23360.0 75.66437495474088
23370.0 79.21678922129419
23380.0 73.42649065854167
23390.0 67.4519018706387
23400.0 78.637818365631
23410.0 70.99364796057397
23420.0 87.19389858792613
23430.0 70.797187382126
23440.0 75.81884428518167
23450.0 70.02454440462968
23460.0 77.60246737115483
23470.0 79.09193989568644
23480.0 71.25326421943568
23490.0 80.7161160072896
23500.0 70.33771146953256
23510.0 69.95869055050552
23520.0 78.28245218613205
23530.0 76.15101036969267
23540.0 76.85573618477139
23550.0 71.16261032657052
23560.0 83.19349638571597
23570.0 88.42221564752464
23580.0 67.52865619413063
23590.0 81.33085073131917
23600.0 90.47352911419529
23610.0 78.62688303724335
23620.0 89.35836484932494
23630.0 77.66178956500215
23640.0 93.23471392634336
23650.0 87.91733304405284
23660.0 88.06490170221153
23670.0 74.76835472905327
23680.0 95.01642725295852
23690.0 84.11921171869287
23700.0 58.25941927523361
23710.0 62.56211575811474
23720.0 65.84608139412423
23730.0 77.3917771870313
23740.0 75.67971001607307
23750.0 72.15433833740107
23760.0 78.13279661944367
23770.0 74.18287671593268
23780.0 69.8478156471204
23790.0 76.34253136733108
23800.0 67.07433731096276
23810.0 74.74806156571549
23820.0 72.07629432926183
23830.0 65.3700409292756
23840.0 74.81125502554372
23850.0 84.72762027062201
23860.0 74.54387614001149
23870.0 87.23400048145102
23880.0 87.42647363490914
23890.0 84.58509334291315
23900.0 86.52606838656749
23910.0 75.37330328848726
23920.0 87.89211829544647
23930.0 87.73792148990827
23940.0 82.57263390404438
23950.0 89.08389360211766
23960.0 85.54533237600482
23970.0 86.53912398103228
23980.0 96.49505882355508
23990.0 105.35143021071295
24000.0 83.31174903868371
24010.0 95.1329729528772
24020.0 107.9124515021001
24030.0 99.02974044876837
24040.0 106.02480516556929
24050.0 102.1554631320709
24060.0 105.58504386540447
24070.0 87.82694568961955
24080.0 97.16705926178537
24090.0 94.2632442851804
24100.0 94.16920747208346
24110.0 119.37439924510718
24120.0 110.88521588905928
24130.0 91.37744174933852
24140.0 101.5497783958312
24150.0 106.90708547358784
24160.0 94.77604712618344
24170.0 101.82573511395984
24180.0 90.75407117498753
24190.0 82.66126284552693
24200.0 117.36495143874203
24210.0 126.21607487715634
24220.0 87.68298682249187
24230.0 83.5340757397195
24240.0 95.43348413877303
24250.0 99.10072630226533
24260.0 100.98648885788037
24270.0 91.31144662129822
24280.0 96.60594094288939
24290.0 116.2143497332488
24300.0 109.46631326946202
24310.0 110.98022379249514
24320.0 120.22308347351971
24330.0 92.84622896351274
24340.0 107.71947549665623
24350.0 82.66335951199301
24360.0 82.07027535966435
24370.0 101.04049533155293
24380.0 130.22525987431743
24390.0 127.94078664464564
24400.0 109.41862219058045
24410.0 117.91735545751911
24420.0 104.92824836046137
24430.0 119.88706270719852
24440.0 112.53303975492852
24450.0 101.12519561449784
24460.0 111.36843469672681
24470.0 91.85216888446607
24480.0 111.16772037612742
24490.0 128.93809050908854
24500.0 116.09064347758775
24510.0 93.78086910046952
24520.0 112.46009617693805
24530.0 93.14991348090243
24540.0 99.8148430572151
24550.0 138.76517345567876
24560.0 112.74066846561757
24570.0 134.86490899193706
24580.0 124.27942935728288
24590.0 100.92461565768072
24600.0 135.04050668558907
24610.0 98.98075904053248
24620.0 120.79869505979661
24630.0 138.9059809245443
24640.0 144.20829691536133
24650.0 137.52508979323557
24660.0 139.76983356449495
24670.0 101.14355594036724
24680.0 94.0111776040162
24690.0 121.90906067492585
24700.0 124.77631566157854
24710.0 122.42208471953889
24720.0 99.71039360233023
24730.0 98.4569903550375
24740.0 107.81691425974486
24750.0 92.8585052241595
24760.0 160.6744140603138
24770.0 100.97865000140749
24780.0 90.87593858272749
24790.0 108.2142432439084
24800.0 132.3808179309163
24810.0 106.72248644126931
24820.0 96.6051412015044
24830.0 111.9972160326666
24840.0 128.13649076392616
24850.0 166.7218987283252
24860.0 122.73920976511377
24870.0 104.03164475339695
24880.0 87.77539657536983
24890.0 75.12097797484047
24900.0 70.51921518763584
24910.0 108.56161655053828
24920.0 136.81261476393172
24930.0 132.38343375730773
24940.0 111.6845514521025
24950.0 146.0732070299564
24960.0 85.96035714340348
24970.0 80.58743660269542
24980.0 105.07019990831908
24990.0 101.44773282424802
