#lam[Angstrom] flux[erg/cm2/s/A]
1010.0 2351.887558978524
1020.0 2435.273502691082
1030.0 8401.559737905513
1040.0 3311.761938756025
1050.0 2493.7524309621035
1060.0 2516.2961519899845
1070.0 2657.1305804809967
1080.0 8041.266806912385
1090.0 8192.23184333943
1100.0 2626.209879146678
1110.0 2647.261739895441
1120.0 2750.181706165149
1130.0 2675.0848597232407
1140.0 2905.150482773547
1150.0 2726.2615077158066
1160.0 2778.0994346752477
1170.0 2783.2393872868756
1180.0 2795.2257262843846
1190.0 2812.2385332862627
1200.0 4240.439220848387
1210.0 3774.229045143823
1220.0 24013.226822179593
1230.0 3473.5114671979995
1240.0 14159.661223900544
1250.0 4931.857922507158
1260.0 6863.127038782857
1270.0 7051.027584610525
1280.0 7279.820062771562
1290.0 7856.907842668214
1300.0 8461.02213502515
1310.0 9304.79470330904
1320.0 9719.166232378098
1330.0 9883.23682307217
1340.0 11030.582418319264
1350.0 10616.01529364516
1360.0 10869.16313745015
1370.0 11030.13546193732
1380.0 11264.002983194458
1390.0 25789.541890187393
1400.0 28679.95065295033
1410.0 21202.14532496066
1420.0 11959.979897897958
1430.0 11744.34607577194
1440.0 11804.590577583813
1450.0 11883.131856510696
1460.0 11976.648299824463
1470.0 12069.478761865972
1480.0 12126.317910143704
1490.0 19032.21290885604
1500.0 12006.3837978428
1510.0 11986.61146982547
1520.0 11999.770809817917
1530.0 12538.84347535963
1540.0 11915.50339794123
1550.0 169190.5053165431
1560.0 11920.293164380126
1570.0 11869.14373248366
1580.0 12436.294336357822
1590.0 11857.890809415412
1600.0 13001.33450227302
1610.0 11834.797488699433
1620.0 11833.858412915442
1630.0 11763.823761421454
1640.0 107594.802104169
1650.0 11665.31982390724
1660.0 15089.455590391526
1670.0 20548.127822407343
1680.0 11590.599935987013
1690.0 11555.584979760286
1700.0 11508.37412866945
1710.0 11450.238754736003
1720.0 12292.093775892894
1730.0 11507.767222065726
1740.0 11725.63528957398
1750.0 17397.156616919485
1760.0 11405.406337125927
1770.0 11401.832164086094
1780.0 11436.25291570709
1790.0 12230.648565126141
1800.0 11359.663950389138
1810.0 14010.982277797748
1820.0 14251.72988466466
1830.0 11149.993901201382
1840.0 11078.920793691876
1850.0 11961.476221649807
1860.0 11506.688634990687
1870.0 10949.30075314773
1880.0 17951.500355636294
1890.0 22466.0750159143
1900.0 10840.481150360507
1910.0 72832.01606447161
1920.0 10765.787238171992
1930.0 10814.00387238588
1940.0 10617.7278656368
1950.0 10612.107586723756
1960.0 10504.445430631735
1970.0 10443.012232614334
1980.0 10387.277324955932
1990.0 10341.923952405268
2000.0 10272.100172234113
2010.0 10182.851239840431
2020.0 9761.164871895673
2030.0 9207.37980583866
2040.0 8937.134889660669
2050.0 8531.189488471593
2060.0 8389.47498948279
2070.0 8455.163954195707
2080.0 8269.42027455532
2090.0 8530.516908838672
2100.0 8346.55139342312
2110.0 8347.97209586203
2120.0 8589.890099722592
2130.0 8578.397698629546
2140.0 9024.569069035319
2150.0 8254.33274750902
2160.0 8319.615107725773
2170.0 8122.621957226673
2180.0 8439.132013530789
2190.0 8263.442871563198
2200.0 8344.013367296382
2210.0 8449.391219872236
2220.0 8858.941800562132
2230.0 8677.594685887012
2240.0 8819.673072088543
2250.0 9385.129609233547
2260.0 9130.654042073433
2270.0 9329.050542115643
2280.0 9525.992373815892
2290.0 9727.653128289006
2300.0 10167.09147481662
2310.0 10696.540930946481
2320.0 11254.546175658616
2330.0 20114.21516235281
2340.0 12780.285140837435
2350.0 11376.604802937385
2360.0 11134.747719628454
2370.0 11342.692408222329
2380.0 11602.940637576936
2390.0 12657.438728294264
2400.0 12083.809028619931
2410.0 12339.920545504783
2420.0 12452.60591735232
2430.0 26911.066547388706
2440.0 12960.66099037982
2450.0 13266.740324744593
2460.0 13371.439463366487
2470.0 13591.831859016233
2480.0 13810.959497320693
2490.0 13913.38016894797
2500.0 14238.608854818125
2510.0 15833.155554004701
2520.0 14600.40462980761
2530.0 14961.097420073038
2540.0 15212.696829156452
2550.0 15541.817690100444
2560.0 17814.09770541641
2570.0 15886.794313760016
2580.0 16021.540891694098
2590.0 16533.49344108781
2600.0 16785.486251213148
2610.0 16773.21421348146
2620.0 17159.715633708453
2630.0 17661.834510833196
2640.0 18171.325996442287
2650.0 17934.90668729008
2660.0 18533.18991229455
2670.0 20197.530178925084
2680.0 18809.98747098225
2690.0 18992.716634427496
2700.0 19025.26966734456
2710.0 19546.928560040782
2720.0 18931.75987245258
2730.0 20721.76173226226
2740.0 20916.011126651072
2750.0 20309.453475425773
2760.0 20767.566085479037
2770.0 21569.182932556432
2780.0 21169.340007409126
2790.0 77476.99436370551
2800.0 49615.56410766532
2810.0 22547.889636551034
2820.0 23028.225271872572
2830.0 33195.93931454887
2840.0 22358.488650868545
2850.0 22512.8013957969
2860.0 23042.88352245767
2870.0 23874.788374041585
2880.0 24623.92234641586
2890.0 26048.682654425706
2900.0 27623.141080499998
2910.0 27561.25742668213
2920.0 30342.55935966086
2930.0 32058.604903093154
2940.0 27703.345084119388
2950.0 28449.641368643963
2960.0 29950.61955389944
2970.0 26505.25695986273
2980.0 29101.628060087878
2990.0 29696.540641017702
3000.0 28263.19957975586
3010.0 29727.849879836143
3020.0 28042.722800126903
3030.0 31901.434318424
3040.0 31562.76958771899
3050.0 32263.2293499098
3060.0 33727.064217678926
3070.0 40422.94002792587
3080.0 35528.17929326907
3090.0 35892.98793771133
3100.0 37327.758322879316
3110.0 49322.99148056294
3120.0 57870.664130610516
3130.0 54453.77853973195
3140.0 61260.856794347244
3150.0 69671.73078181894
3160.0 62460.49283654991
3170.0 74898.74340554213
3180.0 64096.86896026675
3190.0 56554.24859307684
3200.0 61754.759948023326
3210.0 65105.76445132796
3220.0 59531.76317142399
3230.0 53868.4322698867
3240.0 66631.51655050297
3250.0 68574.18749065191
3260.0 107624.5566085475
3270.0 92138.30708708547
3280.0 93741.5846087636
3290.0 103783.639354838
3300.0 124991.59199758589
3310.0 92056.66459510656
3320.0 90310.55972317593
3330.0 105185.09062255407
3340.0 88594.28614295411
3350.0 87143.48141299796
3360.0 79397.39282838495
3370.0 58895.09445901899
3380.0 80486.86972895393
3390.0 74441.08858856713
3400.0 98608.4147794914
3410.0 76059.49172550034
3420.0 85478.09475728618
3430.0 91250.9955362094
3440.0 56898.43717895073
3450.0 75066.89740317382
3460.0 72350.09338921036
3470.0 72420.35216489354
3480.0 90919.30844621983
3490.0 76451.10143149784
3500.0 96469.65035317041
3510.0 91871.45097826736
3520.0 78174.05978748068
3530.0 98748.88015636068
3540.0 145023.00728092378
3550.0 119437.77019464652
3560.0 102002.16493566422
3570.0 68684.46387497903
3580.0 62802.14809914166
3590.0 67566.40695875535
3600.0 87893.1191128791
3610.0 77112.20893305313
3620.0 87697.34081907014
3630.0 103177.41926340331
3640.0 108345.49999034964
3650.0 88962.72057708263
3660.0 165461.83941167072
3670.0 162407.90563538673
3680.0 116524.2020752918
3690.0 130259.42425486355
3700.0 152560.5459251139
3710.0 95781.90641825867
3720.0 69453.60494644479
3730.0 93546.37137731042
3740.0 63663.29730050431
3750.0 68441.48677905858
3760.0 88648.4948475921
3770.0 137092.39208749964
3780.0 171488.47437284508
3790.0 125759.1954028218
3800.0 137020.27020097335
3810.0 142057.5327528891
3820.0 77803.2173057374
3830.0 77493.98469092968
3840.0 105715.38557119883
3850.0 129912.938948138
3860.0 101663.27271200993
3870.0 133335.38969035016
3880.0 116204.15947931696
3890.0 119346.69530261992
3900.0 110998.28779335985
3910.0 173155.46259011095
3920.0 128454.04940391616
3930.0 84101.1966530634
3940.0 109519.47899747666
3950.0 151301.6660319213
3960.0 100721.65712461554
3970.0 112790.75404188331
3980.0 215537.28469424287
3990.0 251930.10472434916
4000.0 236388.98022289155
4010.0 275979.08325221087
4020.0 305205.8360184624
4030.0 169700.81690454402
4040.0 254175.76819628826
4050.0 262165.5199987005
4060.0 236875.5045719906
4070.0 234373.6107292517
4080.0 290318.33966664434
4090.0 446331.6106426421
4100.0 295114.90091733006
4110.0 301567.6688270439
4120.0 334916.5113756614
4130.0 274286.7968597489
4140.0 277364.15616933437
4150.0 312803.8889711194
4160.0 373970.7128644898
4170.0 298757.97772579954
4180.0 336814.5976419117
4190.0 303963.9566789938
4200.0 228910.77449009474
4210.0 249649.215291071
4220.0 143935.43718628873
4230.0 109797.02351222665
4240.0 221130.20140453798
4250.0 201461.19153686645
4260.0 262446.0381662493
4270.0 226687.08547024595
4280.0 256973.13310092431
4290.0 211586.40725297132
4300.0 243402.63639683134
4310.0 268918.8341550776
4320.0 349987.4299611917
4330.0 389771.49718879635
4340.0 417225.46810832684
4350.0 462624.27654359455
4360.0 542182.4486695299
4370.0 492713.90438544063
4380.0 287593.6608433249
4390.0 424827.21515805414
4400.0 444636.81604472175
4410.0 413471.18946956575
4420.0 452898.48340215115
4430.0 353778.3092855213
4440.0 427791.48177816253
4450.0 424122.86624604993
4460.0 342399.3326794398
4470.0 529687.7348936818
4480.0 544852.1678393449
4490.0 588145.5315600729
4500.0 575393.5349036931
4510.0 659390.3210642595
4520.0 596978.1639954764
4530.0 375443.82424004015
4540.0 532778.2672237941
4550.0 522120.6030110297
4560.0 661342.6570255588
4570.0 688483.4482013693
4580.0 496658.6654578083
4590.0 547142.5694630194
4600.0 611278.4496522245
4610.0 664486.601916799
4620.0 614464.0197499665
4630.0 659446.7010073111
4640.0 651570.5862918305
4650.0 519639.7427344005
4660.0 733412.4196662538
4670.0 669857.4046065689
4680.0 696559.0316290868
4690.0 695961.331845392
4700.0 712521.5557166479
4710.0 723527.1496986657
4720.0 738412.527683233
4730.0 705468.5550396232
4740.0 675285.4284901407
4750.0 736938.9343519008
4760.0 640948.9170858384
4770.0 664499.772360534
4780.0 678495.987706806
4790.0 622377.3768839244
4800.0 589649.7506399533
4810.0 459165.72328023077
4820.0 561753.4676178785
4830.0 612262.4498610761
4840.0 656711.4499256054
4850.0 665797.2557143491
4860.0 650235.5182747744
4870.0 606556.0680654993
4880.0 595171.5341967553
4890.0 657612.0246826718
4900.0 815611.8794157546
4910.0 810137.6176218987
4920.0 669823.5474281344
4930.0 818599.2838341971
4940.0 696040.1350651414
4950.0 837904.3674247646
4960.0 724968.0124051593
4970.0 726109.6756174976
4980.0 586265.1373179614
4990.0 540717.7504193139
5000.0 563453.1494056222
5010.0 622982.4377040344
5020.0 536063.7639004139
5030.0 679822.7926245203
5040.0 458949.8601945605
5050.0 542570.6087841755
5060.0 562967.2980302456
5070.0 533965.1633326724
5080.0 463474.76144041796
5090.0 513470.9278338247
5100.0 548824.0131024783
5110.0 441001.615020928
5120.0 494645.7059436823
5130.0 482822.56044378027
5140.0 480238.23233730765
5150.0 479396.5392443213
5160.0 520400.7399867563
5170.0 336353.8190031007
5180.0 423274.28883480065
5190.0 459528.8501469847
5200.0 579704.0154205046
5210.0 392076.1926158061
5220.0 735717.946763012
5230.0 648110.0924128157
5240.0 868214.1308107924
5250.0 774213.2371045442
5260.0 697964.0583856035
5270.0 448622.0220051373
5280.0 760480.9213997663
5290.0 926658.4518660555
5300.0 738808.4780225017
5310.0 934198.0192776495
5320.0 830744.7646917591
5330.0 589512.9231293183
5340.0 802457.9102231218
5350.0 762507.8036332943
5360.0 903546.9491448128
5370.0 632784.9002401741
5380.0 881940.4830382746
5390.0 830273.3694770993
5400.0 645710.1969535826
5410.0 633398.3945642004
5420.0 844601.5286683983
5430.0 605782.3615222353
5440.0 811465.7927452867
5450.0 656386.8455489771
5460.0 715831.7044371584
5470.0 852804.4129770752
5480.0 803526.6994617664
5490.0 845084.8325707149
5500.0 754201.7965378609
5510.0 736284.7215624454
5520.0 898486.1266591265
5530.0 855212.0557340828
5540.0 896120.6859483966
5550.0 927112.006864774
5560.0 930716.8936647107
5570.0 853579.6077024062
5580.0 854654.0689351835
5590.0 639977.7818579803
5600.0 713110.2478830596
5610.0 968812.0794829474
5620.0 865262.9994611241
5630.0 997281.2413842045
5640.0 994984.5629511259
5650.0 1047390.1464979833
5660.0 960136.7634296345
5670.0 1035054.4916555678
5680.0 1040758.0427555662
5690.0 1020671.0521292009
5700.0 990878.6267945865
5710.0 986381.702008429
5720.0 1056980.5316323356
5730.0 1051208.6682272267
5740.0 1059951.8143150515
5750.0 1067816.8568412927
5760.0 1064615.1865267355
5770.0 1098811.56435259
5780.0 1045358.4265077177
5790.0 1023455.7907616375
5800.0 1108211.9682826838
5810.0 1101752.2837034615
5820.0 1134777.7861895538
5830.0 1103676.1450018326
5840.0 1102821.5844252426
5850.0 1078763.2717450613
5860.0 966714.9755788306
5870.0 1001743.2659246406
5880.0 942955.4822519356
5890.0 502689.86586430145
5900.0 699000.6641389495
5910.0 1040636.1855321198
5920.0 1019865.0881870192
5930.0 1053783.0687351718
5940.0 1064224.6730330307
5950.0 1072696.78678703
5960.0 1079384.0630646234
5970.0 1091161.6910247696
5980.0 1045639.6765436953
5990.0 1104680.7099463737
6000.0 1096466.4394889376
6010.0 1094208.954102073
6020.0 1050518.9394788055
6030.0 1124987.73882679
6040.0 1122548.6064036035
6050.0 1126953.738459651
6060.0 1108309.3703496426
6070.0 1114553.0504522792
6080.0 1146150.6461550682
6090.0 1074393.7462961772
6100.0 1003537.8881954344
6110.0 1097449.8281839564
6120.0 909076.6882841357
6130.0 1099220.3345717706
6140.0 1027760.4956742984
6150.0 1103035.023278489
6160.0 823824.8986825052
6170.0 898233.1821752327
6180.0 1102465.6279351502
6190.0 998997.2844157771
6200.0 1061634.670843942
6210.0 1013962.555127381
6220.0 988390.482767749
6230.0 954826.3275323282
6240.0 952560.6035922454
6250.0 924450.7163416161
6260.0 906750.202080761
6270.0 968431.5082776657
6280.0 994707.1201878701
6290.0 1023736.1184848807
6300.0 986378.857016257
6310.0 1029139.8023379464
6320.0 1038340.689323413
6330.0 1079393.2314229165
6340.0 1051001.302603201
6350.0 1043563.8404596697
6360.0 990330.9735916788
6370.0 1030675.7935998817
6380.0 950525.0179810781
6390.0 921598.9755496845
6400.0 967444.0913888831
6410.0 1023450.3121906328
6420.0 1048334.5096389062
6430.0 1052141.9150566435
6440.0 915066.9198391644
6450.0 1068864.3906895563
6460.0 946552.5290239109
6470.0 1041828.5386089977
6480.0 1052324.9623316354
6490.0 948864.202122067
6500.0 905287.0196695651
6510.0 1034114.1966368908
6520.0 1047351.186534672
6530.0 1086982.441369676
6540.0 1098222.6923054217
6550.0 1067317.0753591727
6560.0 1176710.584865415
6570.0 1088544.1251168742
6580.0 1154817.1828598704
6590.0 1124943.1159698127
6600.0 1167723.463766463
6610.0 1154847.0120933063
6620.0 1184880.0354264735
6630.0 1169455.5322533702
6640.0 1179160.420070159
6650.0 1174308.5835985844
6660.0 1147979.038081967
6670.0 1186684.098382139
6680.0 1137116.4014128437
6690.0 1156182.4456040119
6700.0 1134013.7145718369
6710.0 1022621.2010734254
6720.0 1053093.7021225824
6730.0 1117036.1818035007
6740.0 1096173.1063928532
6750.0 1070852.1437786652
6760.0 1099810.8324162439
6770.0 1086939.40000486
6780.0 1062721.3109974854
6790.0 1061161.7330716145
6800.0 1062548.0668917678
6810.0 1061912.6093511425
6820.0 1031229.8882086371
6830.0 1046687.164146784
6840.0 1022605.2957990227
6850.0 989356.2055410829
6860.0 957142.2451585723
6870.0 969319.751267346
6880.0 980726.832109547
6890.0 970608.4631837662
6900.0 978425.4552630004
6910.0 1038109.7886481488
6920.0 1010999.3210377772
6930.0 1065106.4027269757
6940.0 1051065.3231248804
6950.0 1085275.256146213
6960.0 1101842.9548615862
6970.0 1088090.3833335205
6980.0 1051444.5588890244
6990.0 1092208.2087105296
7000.0 1106255.3482933089
7010.0 1118013.0369369874
7020.0 1121652.4582603923
7030.0 1148750.4511812478
7040.0 1201213.56225058
7050.0 1224927.7702452503
7060.0 1164549.12426047
7070.0 1178006.504136228
7080.0 1195681.5388298233
7090.0 1130126.038526391
7100.0 1156722.5561138885
7110.0 1135269.5906404555
7120.0 1195752.8529150195
7130.0 1078720.2234966473
7140.0 1088539.9497822823
7150.0 984811.3715462184
7160.0 1129854.5278938652
7170.0 1156631.5041365244
7180.0 1156649.4356125693
7190.0 1144580.724262706
7200.0 1105849.9095349065
7210.0 1106614.50762469
7220.0 1190630.8590394435
7230.0 1214719.0200577006
7240.0 1182147.9865213153
7250.0 1196321.3085883223
7260.0 1227928.971730029
7270.0 1216318.0421694843
7280.0 1204433.5403250179
7290.0 1238745.1790014785
7300.0 1242807.8929214722
7310.0 1239267.403180135
7320.0 1210835.557120722
7330.0 1146447.557858983
7340.0 1240659.8068717693
7350.0 1244678.073097933
7360.0 1159705.2332595792
7370.0 1263184.7697458516
7380.0 1257203.3845014942
7390.0 1217068.51443354
7400.0 1223493.325382389
7410.0 1224445.47209244
7420.0 1240741.1098511985
7430.0 1252562.3811666877
7440.0 1246959.2895779114
7450.0 1224202.1641682785
7460.0 1220939.6516922165
7470.0 1250073.4616378827
7480.0 1273894.3828590645
7490.0 1238418.7559071148
7500.0 1240072.6696916132
7510.0 1229698.7472968413
7520.0 1263931.5504955146
7530.0 1264816.0240369234
7540.0 1271532.2015651837
7550.0 1277950.0197035356
7560.0 1262985.5005937458
7570.0 1271340.9543141555
7580.0 1261068.3153602178
7590.0 1248244.3982409183
7600.0 1267064.2578383596
7610.0 1247458.5555628713
7620.0 1245486.8608522953
7630.0 1263402.243483613
7640.0 1257889.2089295003
7650.0 1255824.0593324504
7660.0 1161801.5241465638
7670.0 1190763.4863873182
7680.0 1246016.4659561636
7690.0 1238792.5506572807
7700.0 1171034.2035484994
7710.0 1213946.2726062601
7720.0 1223908.0449465048
7730.0 1235898.7149071968
7740.0 1247843.0859582012
7750.0 1195878.8057557377
7760.0 1237522.3791177275
7770.0 1239533.3619791423
7780.0 1220818.935044221
7790.0 1227045.4688766776
7800.0 1235671.0331341876
7810.0 1244172.2813085176
7820.0 1237751.6146068024
7830.0 1205875.965559024
7840.0 1209716.1135170066
7850.0 1230150.2194471748
7860.0 1240546.1788674137
7870.0 1242870.9717042434
7880.0 1239776.4736329133
7890.0 1243010.4521940337
7900.0 1239493.0221594288
7910.0 1215792.6901736213
7920.0 1237790.586777382
7930.0 1236796.9683432062
7940.0 1196791.3665283928
7950.0 1197831.6631007253
7960.0 1241059.4744742482
7970.0 1249184.7898542588
7980.0 1228557.6061581061
7990.0 1242692.6913706402
8000.0 1211217.2501942425
8010.0 1245248.46529823
8020.0 1236802.9129396705
8030.0 1231437.610094689
8040.0 1244053.0009320609
8050.0 1207218.0540901083
8060.0 1246032.7802568756
8070.0 1218764.2285832313
8080.0 1219773.6895198638
8090.0 1224984.6792566397
8100.0 1235475.364157934
8110.0 1240254.391302579
8120.0 1230895.8148130742
8130.0 1233563.9256298626
8140.0 1239934.9101129924
8150.0 1243175.3578047573
8160.0 1232221.2246911074
8170.0 1239590.7553016713
8180.0 1167011.84683643
8190.0 1161488.4356175542
8200.0 1163963.160239311
8210.0 1211664.6376556421
8220.0 1192349.9651960148
8230.0 1226949.7570659076
8240.0 1215993.2626913143
8250.0 1225000.9957800284
8260.0 1224681.2446129073
8270.0 1228688.1900166126
8280.0 1228712.3706454285
8290.0 1217167.7461300292
8300.0 1221629.1815028281
8310.0 1201935.4752244283
8320.0 1213134.9574389316
8330.0 1097478.4139104213
8340.0 1211458.5152720192
8350.0 1186724.9467198565
8360.0 1176817.329120446
8370.0 1204918.0315461003
8380.0 1129175.1545087928
8390.0 1089493.433080427
8400.0 1175508.8119023666
8410.0 1177163.0674313495
8420.0 1184718.6777483718
8430.0 1117364.8103897306
8440.0 1112346.607412738
8450.0 1181847.6177839413
8460.0 1185052.1347384213
8470.0 1119728.6729870767
8480.0 1190179.159100562
8490.0 1189987.031112995
8500.0 1116993.1012924563
8510.0 1139669.1792587496
8520.0 1143601.1368012165
8530.0 1177847.9207891987
8540.0 1002973.8853415688
8550.0 1154582.1139437417
8560.0 1186661.220238782
8570.0 1184156.4686823348
8580.0 1168777.022095081
8590.0 1188407.3095744906
8600.0 1182044.2149081086
8610.0 1150857.6998852077
8620.0 1163859.1270232217
8630.0 1183612.8942289199
8640.0 1181982.2716098274
8650.0 1176443.0082960913
8660.0 1003579.4163780205
8670.0 1128070.75086048
8680.0 1116198.7160064687
8690.0 1018015.8142835976
8700.0 1161485.5882611666
8710.0 1162226.054805769
8720.0 1164160.1931342878
8730.0 1160583.7691719187
8740.0 1161180.9975410225
8750.0 1170713.161197518
8760.0 1133406.7212200603
8770.0 1126713.8932774896
8780.0 1163758.7073610702
8790.0 1156404.1725725536
8800.0 1137280.1145401183
8810.0 1061385.9754630132
8820.0 1085617.7248019539
8830.0 1147927.9890983214
8840.0 1133752.5751054087
8850.0 1168707.9272384057
8860.0 1158420.4730711307
8870.0 1133254.9631050827
8880.0 1156282.1766472964
8890.0 1154120.2801282678
8900.0 1156864.5650744557
8910.0 1154208.298915585
8920.0 1144628.045302204
8930.0 1147723.0127803413
8940.0 1150209.6928580976
8950.0 1135034.7146288445
8960.0 1152777.3728818155
8970.0 1142284.0291856402
8980.0 1134996.7816519935
8990.0 1139202.6709027793
9000.0 1077245.4390917735
9010.0 1109923.6880362523
9020.0 1105446.650178562
9030.0 1130596.7659247566
9040.0 1139629.935598891
9050.0 1142458.6416968429
9060.0 1139675.2355923348
9070.0 1140385.8943873835
9080.0 1143435.7710846823
9090.0 1080524.047294955
9100.0 1115151.7036521193
9110.0 1119518.8141597074
9120.0 1124744.780833728
9130.0 1139222.260069387
9140.0 1133671.2004014868
9150.0 1129578.8832605318
9160.0 1132272.5870832512
9170.0 1121604.9732905203
9180.0 1130509.2219268412
9190.0 1131405.1014715633
9200.0 1127449.659065481
9210.0 1115335.364596272
9220.0 1121217.031382815
9230.0 1121767.6645657362
9240.0 1120864.7196668792
9250.0 1105700.8612659904
9260.0 1084055.2483085631
9270.0 1119968.565146451
9280.0 1112459.384969977
9290.0 1078789.7200136685
9300.0 1110613.9327077158
9310.0 1111921.9504982769
9320.0 1108797.907838435
9330.0 1109699.6849209417
9340.0 1109429.9197926742
9350.0 1102690.5069893058
9360.0 1091160.8252768416
9370.0 1103189.7796409188
9380.0 1101050.6579970568
9390.0 1100706.0156987172
9400.0 1096426.6996811482
9410.0 1079777.8593971988
9420.0 1088390.1401992901
9430.0 1096508.7426709635
9440.0 1087163.989272215
9450.0 1066992.4749990352
9460.0 1090988.512368692
9470.0 1095023.1513635255
9480.0 1094075.06678544
9490.0 1093268.1109716403
9500.0 1093524.7177872288
9510.0 1086310.4830801764
9520.0 1091751.490627859
9530.0 1082134.6721476968
9540.0 1090796.5048027753
9550.0 1058046.2447914192
9560.0 1081851.9115696112
9570.0 1055424.0810238277
9580.0 1084438.7165398498
9590.0 1084632.8799565611
9600.0 1037602.404930063
9610.0 1079852.1059498843
9620.0 1080965.3716224167
9630.0 1073169.356474011
9640.0 998564.6749744795
9650.0 1022993.1579650674
9660.0 1065085.9551051399
9670.0 1042390.3259913131
9680.0 1010457.2282780898
9690.0 1038992.3060724153
9700.0 1057891.5322845902
9710.0 1021832.3179815143
9720.0 1042134.389815485
9730.0 1009197.6288030638
9740.0 1021617.63363828
9750.0 1046163.0113666138
9760.0 1062150.173128725
9770.0 1028434.0769772204
9780.0 1016131.6351469578
9790.0 1019407.9303682549
9800.0 1056715.3020257598
9810.0 1054967.2623339174
9820.0 1055400.9312404683
9830.0 1039957.8132918786
9840.0 1053322.5207576705
9850.0 1054818.833112645
9860.0 1051448.3820351127
9870.0 1051479.112407769
9880.0 1051409.1789373176
9890.0 1047848.2355518531
9900.0 1025565.9286675318
9910.0 1003720.9713118409
9920.0 1009838.1222968712
9930.0 1008171.9520247245
9940.0 1029191.5942511193
9950.0 1026326.5597554005
9960.0 1026206.853692596
9970.0 1019110.3081901778
9980.0 1019002.1033553492
9990.0 1020382.3475385293
10010.0 1013398.8620317786
10020.0 1024601.7709312036
10030.0 1015512.0999306183
10040.0 1018315.1204479445
10050.0 1002918.0214409295
10060.0 987889.8098737022
10070.0 1012189.90659667
10080.0 1015349.1039162402
10090.0 1009666.7654892378
10100.0 1019143.2180839813
10110.0 1009005.4577748857
10120.0 1006659.9251257717
10130.0 1014043.0020179676
10140.0 1007664.0635050153
10150.0 994866.364778667
10160.0 1000601.5983526997
10170.0 1002941.9291449183
10180.0 1000642.036582725
10190.0 999965.3183027213
10200.0 994447.4078932627
10210.0 994642.0003828931
10220.0 982084.135017491
10230.0 998004.6756181575
10240.0 1007491.5436301001
10250.0 990033.8164873443
10260.0 985115.9464036756
10270.0 986397.9923111922
10280.0 982129.8094223059
10290.0 985271.5122839975
10300.0 983120.3821722956
10310.0 992894.816894632
10320.0 984373.3156202286
10330.0 979655.1180782121
10340.0 906394.8121499827
10350.0 971707.9368419837
10360.0 986534.6582621312
10370.0 981973.1202153423
10380.0 976489.4417276144
10390.0 975687.9437388885
10400.0 944530.7559563677
10410.0 977886.118108615
10420.0 971304.1041815416
10430.0 972150.8251002323
10440.0 981735.4554019384
10450.0 980064.7841571936
10460.0 975948.1773362787
10470.0 957149.9399848891
10480.0 970358.2017915484
10490.0 965490.827208667
10500.0 950199.2839885256
10510.0 961943.77806429
10520.0 963998.7769975553
10530.0 968065.134107046
10540.0 967050.6685176654
10550.0 962616.7914145194
10560.0 964984.945892405
10570.0 957628.1479157265
10580.0 942841.8282953541
10590.0 946996.6059433542
10600.0 949282.4805178045
10610.0 946202.7713326119
10620.0 950500.0296408271
10630.0 958641.8843602587
10640.0 956424.1854053938
10650.0 947884.3922310666
10660.0 924369.5544624702
10670.0 941516.8596354908
10680.0 944679.4059018511
10690.0 945512.6479835486
10700.0 946920.3654330776
10710.0 948638.8894518351
10720.0 945184.3132944253
10730.0 911366.7123825679
10740.0 948943.2295770046
10750.0 927233.3465506571
10760.0 941175.3040968393
10770.0 942929.6334985367
10780.0 933242.6065597069
10790.0 927653.9091204812
10800.0 921651.7063298434
10810.0 894524.7282615519
10820.0 950941.9430541241
10830.0 913053.1750405383
10840.0 932218.297260348
10850.0 929556.2855829373
10860.0 925175.4852403748
10870.0 913931.744112284
10880.0 927665.9343024665
10890.0 925612.7961553733
10900.0 925304.1288241267
10910.0 913176.4324710523
10920.0 923964.8965916103
10930.0 922489.9351076272
10940.0 927850.5279094564
10950.0 920462.8330533475
10960.0 903947.9315741075
10970.0 905998.5567621756
10980.0 910862.2332815494
10990.0 915636.2881968312
11000.0 915191.2947660063
11010.0 909189.4035442823
11020.0 900859.8177646642
11030.0 909445.1826713751
11040.0 910729.4886502677
11050.0 904573.7652660211
11060.0 907169.2282527593
11070.0 905588.4338123612
11080.0 908560.7165582719
11090.0 907448.6235666432
11100.0 905861.8356326075
11110.0 901912.5872341046
11120.0 889061.4372532793
11130.0 899648.0652034277
11140.0 901651.5706880685
11150.0 895122.7811848712
11160.0 890125.4414563174
11170.0 899719.3680763978
11180.0 898447.7728192396
11190.0 892582.0471862194
11200.0 881318.2750397958
11210.0 893818.0537693729
11220.0 893205.7306954812
11230.0 891639.7834550912
11240.0 883126.3010183511
11250.0 794926.9426584656
11260.0 865937.0123255852
11270.0 890025.8389975409
11280.0 886826.5845600946
11290.0 881632.4643666659
11300.0 863668.9127190686
11310.0 879461.7018040427
11320.0 886334.8597442668
11330.0 875321.6950515008
11340.0 871790.4471286704
11350.0 880004.3010159403
11360.0 880814.226964285
11370.0 861233.7609761623
11380.0 843073.480941165
11390.0 858762.7485833195
11400.0 826357.5733312852
11410.0 867748.9026883979
11420.0 851089.1767863445
11430.0 871792.2300395985
11440.0 837427.1843267352
11450.0 867792.304096766
11460.0 871490.7023525408
11470.0 857120.1993695941
11480.0 850654.2661584965
11490.0 865955.3240418859
11500.0 867901.1401912301
11510.0 866364.2912686863
11520.0 865617.3570311345
11530.0 864846.9056727195
11540.0 857752.2746049371
11550.0 859558.2236025146
11560.0 860089.7763075694
11570.0 860899.9386830168
11580.0 859751.8008772491
11590.0 821734.5220408106
11600.0 852781.2867843691
11610.0 772028.3453956394
11620.0 855159.2511919392
11630.0 851931.2796271885
11640.0 809454.6813979041
11650.0 851289.9042210114
11660.0 849467.8409194315
11670.0 848477.678626141
11680.0 846367.9362011204
11690.0 798956.1162995897
11700.0 847394.731303294
11710.0 843087.3446139508
11720.0 843058.9459146399
11730.0 844595.40508359
11740.0 839704.9831471456
11750.0 841650.777705057
11760.0 840848.3672621959
11770.0 813111.6004232363
11780.0 790178.3959456881
11790.0 832462.3606110897
11800.0 829194.7822274015
11810.0 829085.2550045167
11820.0 818066.9017352874
11830.0 731729.9705626407
11840.0 824616.9906915519
11850.0 828593.2005279129
11860.0 829191.4576523644
11870.0 828025.3706600902
11880.0 731495.616313275
11890.0 805154.9410113042
11900.0 826533.4202019918
11910.0 822902.4102996552
11920.0 825499.2121896282
11930.0 823750.3157880107
11940.0 821895.7724536959
11950.0 800399.7126279926
11960.0 794124.8014093621
11970.0 724408.6189486906
11980.0 785225.6294661814
11990.0 798257.4857915997
12000.0 814106.0253237308
12010.0 814584.5370545639
12020.0 810842.5071312746
12030.0 783892.9775046399
12040.0 808834.9142371274
12050.0 808140.8633554657
12060.0 809863.8252506999
12070.0 801919.2265405407
12080.0 741534.5474108516
12090.0 789225.4559340683
12100.0 795838.6469868434
12110.0 802869.5948696028
12120.0 803960.4471412904
12130.0 802390.9292348381
12140.0 804024.1877823183
12150.0 803189.8096276496
12160.0 800480.1294867693
12170.0 798184.7451411001
12180.0 800401.815345233
12190.0 796156.8574284468
12200.0 796359.6037547931
12210.0 795641.7749522087
12220.0 796512.5891790474
12230.0 794468.0314500738
12240.0 793087.9342193959
12250.0 794035.1607906965
12260.0 792340.9224111004
12270.0 782450.1251039067
12280.0 790100.6983951179
12290.0 790198.7006186232
12300.0 788879.6051918456
12310.0 787166.0644010408
12320.0 784667.7487808078
12330.0 783530.9334992968
12340.0 782509.9387855884
12350.0 784441.3257522119
12360.0 780007.5780473999
12370.0 781762.8643567361
12380.0 782603.608295245
12390.0 776598.6663537786
12400.0 777629.3744696717
12410.0 776685.8739055871
12420.0 767512.9929699068
12430.0 761528.2088324924
12440.0 773659.8421535661
12450.0 774032.4891844945
12460.0 773518.3599668767
12470.0 771193.1346891285
12480.0 771273.0491800854
12490.0 771207.8316668094
12500.0 769466.9881944755
12510.0 766592.245122059
12520.0 747429.4870398764
12530.0 759852.7272887025
12540.0 767058.4330585302
12550.0 765523.3157479757
12560.0 760657.1696019808
12570.0 765364.2588970782
12580.0 763725.1435147364
12590.0 761170.0444891874
12600.0 757583.0592691915
12610.0 759719.7084302988
12620.0 759055.57225858
12630.0 758288.8133843086
12640.0 749251.0992265692
12650.0 754688.7363540578
12660.0 756391.1827086296
12670.0 748643.5349183497
12680.0 742063.9762124496
12690.0 754504.336177221
12700.0 752500.2667279135
12710.0 752548.9394629227
12720.0 752912.9379968069
12730.0 750926.1227951425
12740.0 734878.2431136558
12750.0 747321.7626329025
12760.0 748637.780973368
12770.0 746692.8503215032
12780.0 746026.4402064611
12790.0 746263.2653816501
12800.0 744536.1719800407
12810.0 736905.5246176563
12820.0 692255.0264049805
12830.0 719789.9038778291
12840.0 736369.4410521083
12850.0 726805.6484965059
12860.0 737343.7928520574
12870.0 737582.2644479064
12880.0 729129.1407349298
12890.0 733263.5999580118
12900.0 687918.2035600126
12910.0 717664.764002258
12920.0 728256.5314511542
12930.0 730818.304680646
12940.0 727516.0880330167
12950.0 728405.8266609478
12960.0 730437.3617414266
12970.0 728843.1522117768
12980.0 713471.5858104891
12990.0 727484.4064701414
13000.0 726795.9494320621
13010.0 719680.2648176188
13020.0 726178.3484687133
13030.0 716022.2882968031
13040.0 723501.4864307817
13050.0 724040.8144490345
13060.0 720778.2079953417
13070.0 721278.0941125093
13080.0 714213.9917060256
13090.0 717380.3535192388
13100.0 716432.7350928697
13110.0 710830.81993718
13120.0 608568.3774327887
13130.0 670008.1369965478
13140.0 700497.8227254028
13150.0 614339.3931852954
13160.0 705735.792480091
13170.0 711921.8037137317
13180.0 711687.8229614766
13190.0 713456.4939013757
13200.0 704259.9327890038
13210.0 708959.3113874614
13220.0 707060.4729759623
13230.0 710787.1739075845
13240.0 709613.264032334
13250.0 706549.7398804829
13260.0 705767.3499413764
13270.0 702186.4614167142
13280.0 694347.3541956965
13290.0 674560.552445754
13300.0 701384.067879358
13310.0 696537.5324213655
13320.0 643359.5070869896
13330.0 698397.4254310941
13340.0 697824.0744020472
13350.0 695005.7243983732
13360.0 697185.8653845245
13370.0 696445.0596851538
13380.0 693909.9929393993
13390.0 687840.4376513333
13400.0 685728.9879096107
13410.0 691829.6695672586
13420.0 685746.3825703535
13430.0 692153.9229329241
13440.0 691468.5082656546
13450.0 692290.2453513471
13460.0 690374.9032355971
13470.0 688717.290189727
13480.0 689886.4596768322
13490.0 688476.5744084351
13500.0 677239.4032421708
13510.0 688004.6166763789
13520.0 684421.3209222611
13530.0 687326.7816515091
13540.0 685367.5830173903
13550.0 676835.6584294732
13560.0 680685.700311346
13570.0 678373.6882788541
13580.0 682371.8271661095
13590.0 676027.6610384121
13600.0 668072.0964213687
13610.0 680727.9438748332
13620.0 677648.1143775689
13630.0 654784.4419293281
13640.0 658743.2259387276
13650.0 677015.8389809871
13660.0 677666.0459114991
13670.0 673561.9652901437
13680.0 670033.4138263803
13690.0 675845.577448201
13700.0 675251.8202006416
13710.0 674620.3527204219
13720.0 672630.2627600757
13730.0 669891.147081062
13740.0 672560.6173990762
13750.0 672700.4966035672
13760.0 666966.9836728832
13770.0 670054.0018823527
13780.0 668588.3194586872
13790.0 666688.7513886496
13800.0 670729.7171120406
13810.0 669104.136301962
13820.0 665478.1724616633
13830.0 666759.3505475048
13840.0 666850.4850429343
13850.0 646999.1468433436
13860.0 642002.7563249044
13870.0 662879.4220318174
13880.0 661921.1221990554
13890.0 661593.4959462497
13900.0 654950.5689979596
13910.0 629379.9989153671
13920.0 641197.1293353513
13930.0 645271.4965548927
13940.0 655744.0559434711
13950.0 645475.7654834681
13960.0 656989.2394017143
13970.0 644664.4687012954
13980.0 648499.4815706731
13990.0 654669.5895630659
14000.0 626338.639495949
14010.0 639404.1579097846
14020.0 654870.2990572089
14030.0 651003.987762864
14040.0 642052.8312177751
14050.0 651126.7556122486
14060.0 645982.0990160996
14070.0 648791.923141718
14080.0 638528.062894428
14090.0 649361.5931325902
14100.0 642029.669230999
14110.0 646797.978363281
14120.0 638652.8895749458
14130.0 633101.6096007624
14140.0 643664.7147535258
14150.0 645784.2237685894
14160.0 638181.0258276458
14170.0 641831.5947013489
14180.0 635509.4352145989
14190.0 639146.513950563
14200.0 639193.1804809913
14210.0 638172.0473494704
14220.0 635228.1741765075
14230.0 635408.1291470478
14240.0 618985.0700232958
14250.0 607739.041157753
14260.0 596584.6717020456
14270.0 590877.0819715236
14280.0 626523.6084693745
14290.0 611055.4467096715
14300.0 634641.0494513969
14310.0 623314.4648683443
14320.0 633194.8734911096
14330.0 635996.4532536897
14340.0 624768.4320882164
14350.0 623849.71560416
14360.0 631314.7292360736
14370.0 627353.5119636712
14380.0 632980.4811642794
14390.0 627711.0124583666
14400.0 592113.248560995
14410.0 627313.9500765129
14420.0 624306.9002447
14430.0 627636.8109172294
14440.0 614017.5413550445
14450.0 626141.0403574258
14460.0 623503.6118083334
14470.0 624461.4063022465
14480.0 621708.2326984158
14490.0 624110.490382275
14500.0 617497.7275498667
14510.0 591509.5959626643
14520.0 618007.4561590116
14530.0 622424.9680639356
14540.0 619894.4335257949
14550.0 608613.4423359795
14560.0 604223.5408114182
14570.0 611046.3873459646
14580.0 620840.3017865906
14590.0 617803.933392823
14600.0 604566.872176665
14610.0 586152.1393832979
14620.0 610245.8852598759
14630.0 605249.610753464
14640.0 611448.6353512664
14650.0 591999.1890720855
14660.0 606834.7913567722
14670.0 601377.3584954388
14680.0 609171.8950485777
14690.0 602501.6574871312
14700.0 596774.7046610503
14710.0 601610.7817763723
14720.0 603616.0384517928
14730.0 611673.4717657971
14740.0 603529.942029456
14750.0 592154.3269908051
14760.0 609701.6926616571
14770.0 594238.1513274347
14780.0 599834.5350363696
14790.0 611223.2145287347
14800.0 596198.1765347796
14810.0 603647.6191381712
14820.0 604893.9523265463
14830.0 582069.8261705355
14840.0 603858.6391095567
14850.0 596978.7901121229
14860.0 592468.5594712866
14870.0 564107.6363446296
14880.0 481517.40005264536
14890.0 586585.2943746347
14900.0 590278.537124044
14910.0 593847.7115630651
14920.0 602768.4520566913
14930.0 600260.281978127
14940.0 603464.8920386344
14950.0 600511.1128725023
14960.0 592085.1741088318
14970.0 598668.9286115543
14980.0 596926.2298006892
14990.0 596091.9906115199
15000.0 580336.0066656317
15010.0 580594.9528403465
15020.0 503327.53058941703
15030.0 504124.3311912396
15040.0 482067.03209014906
15050.0 504302.07149536285
15060.0 581056.2593328313
15070.0 593191.7350361311
15080.0 580934.8239011597
15090.0 593847.8865198629
15100.0 592989.8927976341
15110.0 595812.990370632
15120.0 583668.5548777779
15130.0 582717.4275189864
15140.0 590019.4803581204
15150.0 582719.5646652019
15160.0 574710.4328954144
15170.0 588115.1369085958
15180.0 590382.1585513861
15190.0 591342.9581857261
15200.0 592889.0131598612
15210.0 576990.7173130258
15220.0 573557.843638087
15230.0 593943.6323281414
15240.0 586078.4973754159
15250.0 590691.537720361
15260.0 578165.7001771517
15270.0 586872.9325398862
15280.0 573166.2680691921
15290.0 560346.3051673126
15300.0 576330.9385171618
15310.0 591584.0606168979
15320.0 586622.4896100371
15330.0 566682.8512608178
15340.0 573403.5048369912
15350.0 591021.4812200579
15360.0 591075.030912648
15370.0 574747.2272376176
15380.0 572691.4427528501
15390.0 568263.2290493437
15400.0 568777.9365738125
15410.0 573417.8906557185
15420.0 572745.7741218043
15430.0 563662.3440638867
15440.0 589145.0559696696
15450.0 590084.8856206379
15460.0 579970.9398314174
15470.0 583839.9241998218
15480.0 586649.8480908904
15490.0 585449.2836411883
15500.0 580443.4921690499
15510.0 570278.816788495
15520.0 587143.387840931
15530.0 576527.2329668308
15540.0 544390.0438110272
15550.0 583360.6623009528
15560.0 563881.7653312254
15570.0 559183.4757024368
15580.0 579504.0962989441
15590.0 567509.7596533044
15600.0 576511.8677960999
15610.0 580504.9241839149
15620.0 548891.2125674553
15630.0 547965.2823399734
15640.0 578045.5345023096
15650.0 562035.6524379299
15660.0 564846.3978750027
15670.0 574957.7357784775
15680.0 568022.0252892108
15690.0 567093.9384154244
15700.0 569559.0758690084
15710.0 574200.6778023929
15720.0 530504.7290535232
15730.0 553588.0339251953
15740.0 515297.6270939445
15750.0 495715.9417047678
15760.0 510733.9957571822
15770.0 475785.5363202003
15780.0 547173.3402986064
15790.0 568384.4480431414
15800.0 571296.4284992286
15810.0 571429.340959057
15820.0 527062.4705942214
15830.0 562902.263127415
15840.0 563958.5221325357
15850.0 573419.0607991454
15860.0 564845.8525767499
15870.0 552642.3508678644
15880.0 546133.4113837212
15890.0 496477.18632007035
15900.0 552882.5585711296
15910.0 539003.6048534318
15920.0 566528.3502517161
15930.0 567753.0435210235
15940.0 567000.3341162425
15950.0 564034.8782863598
15960.0 541404.6249629483
15970.0 561017.5353560103
15980.0 554762.1004065016
15990.0 567985.1875305247
16000.0 566038.6356694495
16010.0 551437.8675555842
16020.0 566389.4396774351
16030.0 564655.7422395557
16040.0 535569.2649064432
16050.0 560009.7374376283
16060.0 540805.4696346784
16070.0 545592.6954493525
16080.0 560444.209692606
16090.0 556010.8839260928
16100.0 539792.8735688091
16110.0 563698.9068792991
16120.0 554367.9076235446
16130.0 553362.1478667633
16140.0 522886.0768782367
16150.0 481487.7116341327
16160.0 479414.8064129884
16170.0 552470.3972224337
16180.0 551588.1554808139
16190.0 518475.7342573585
16200.0 450157.2847224682
16210.0 528611.5640280795
16220.0 541365.6424649425
16230.0 536100.4111759786
16240.0 543353.0348608838
16250.0 539550.8827902252
16260.0 547262.1671387077
16270.0 553153.7917453971
16280.0 555817.1599737711
16290.0 552070.4970252663
16300.0 547814.1822620739
16310.0 541891.5276025998
16320.0 540232.2264977439
16330.0 545391.6033297048
16340.0 549553.6717963804
16350.0 532194.9832720968
16360.0 534807.6737692552
16370.0 536623.9708545906
16380.0 523520.24158027035
16390.0 534635.1707944418
16400.0 523674.56171620847
16410.0 536622.375266307
16420.0 547920.2410214624
16430.0 543557.8685034222
16440.0 509266.7223181175
16450.0 517528.7145416242
16460.0 539934.1832236678
16470.0 528677.7063297601
16480.0 533128.2936513724
16490.0 507474.4428488477
16500.0 538439.3671193977
16510.0 537050.4921552562
16520.0 528142.1048682068
16530.0 522746.590254517
16540.0 523488.19811614725
16550.0 532360.2755565064
16560.0 523828.17511174886
16570.0 532885.648383526
16580.0 521854.1648343063
16590.0 528217.2466332848
16600.0 531585.3517345387
16610.0 517361.74499483727
16620.0 522349.0013795553
16630.0 516790.977998871
16640.0 515585.18723078497
16650.0 504560.1780791519
16660.0 509234.69897461665
16670.0 516139.16095712624
16680.0 513059.03352258
16690.0 518192.40101751994
16700.0 510665.36234813574
16710.0 489340.3889704679
16720.0 428908.5266349269
16730.0 497892.66446271556
16740.0 500201.60078857763
16750.0 401364.14185973315
16760.0 463366.5307124897
16770.0 503793.3709600646
16780.0 512112.7629744373
16790.0 512645.41433557944
16800.0 511014.6977902659
16810.0 510105.5446797605
16820.0 502316.5414165905
16830.0 507503.6167541101
16840.0 502946.3506254594
16850.0 506545.3372723322
16860.0 499470.5582371383
16870.0 490111.1368263786
16880.0 492961.8403964858
16890.0 497597.62364879303
16900.0 474870.8073201092
16910.0 488584.3509990784
16920.0 500604.43957086274
16930.0 499705.80557558336
16940.0 500432.2271281285
16950.0 496369.52837680525
16960.0 496155.1125056289
16970.0 489824.96002826636
16980.0 493816.3648045161
16990.0 489094.27268536796
17000.0 480045.121847312
17010.0 479389.3870637767
17020.0 486889.3113572255
17030.0 488706.7763255981
17040.0 489532.4195136394
17050.0 478978.91372608516
17060.0 484597.76055873075
17070.0 468748.01250077813
17080.0 480536.6656280722
17090.0 469832.46637178573
17100.0 427741.95976445475
17110.0 370340.4126408539
17120.0 451219.68600899016
17130.0 472738.3773594584
17140.0 477041.3014177992
17150.0 478336.92302290467
17160.0 471474.5115023368
17170.0 471459.4434181106
17180.0 472969.3383133366
17190.0 474178.1590687826
17200.0 472375.1768831182
17210.0 467010.45630392036
17220.0 468498.0042625983
17230.0 455993.28423277347
17240.0 457523.6602714124
17250.0 470191.2701739107
17260.0 468232.5887468394
17270.0 463765.3722174233
17280.0 461578.08421125554
17290.0 463437.3661245922
17300.0 458665.3097494206
17310.0 455141.70201356773
17320.0 449758.2515246891
17330.0 442033.7387888437
17340.0 452611.2897315762
17350.0 454064.7479892555
17360.0 459154.39942589216
17370.0 460293.96623571875
17380.0 450321.92137362907
17390.0 454183.78864812
17400.0 451854.0277517656
17410.0 439779.55628373165
17420.0 442593.7934947299
17430.0 450278.72446481365
17440.0 454604.0959873456
17450.0 452304.71971247887
17460.0 450312.27885196527
17470.0 441387.74303187296
17480.0 451849.2394775562
17490.0 447144.3726419746
17500.0 436199.39040357625
17510.0 447481.0862750573
17520.0 445815.5335523435
17530.0 440601.8376941815
17540.0 437052.151706094
17550.0 439762.2178298837
17560.0 442233.6359303944
17570.0 443845.15287625254
17580.0 441103.09578439454
17590.0 432420.1333644948
17600.0 435467.9426204956
17610.0 430625.0089713312
17620.0 425364.4969163566
17630.0 437728.9289982101
17640.0 433536.7072425068
17650.0 435543.2058705369
17660.0 424513.1829921867
17670.0 432242.59196440276
17680.0 421324.8853897514
17690.0 432203.9170831316
17700.0 428125.1717290224
17710.0 423211.90184898686
17720.0 418977.4732847343
17730.0 427826.8841992029
17740.0 426354.96226821304
17750.0 425756.90119595267
17760.0 422734.2247837228
17770.0 408697.6959353954
17780.0 420376.0455625527
17790.0 424171.3824708099
17800.0 425698.65585765685
17810.0 418363.0350618883
17820.0 415094.45721646433
17830.0 412564.71031034883
17840.0 418891.15617150126
17850.0 406287.64537790907
17860.0 413566.2797640797
17870.0 416504.97850810084
17880.0 417325.3262073733
17890.0 419131.20413087663
17900.0 411377.14093622274
17910.0 413940.8741942748
17920.0 414892.3573396371
17930.0 405419.90141722123
17940.0 406622.1040966248
17950.0 413876.9975406845
17960.0 410030.28446378687
17970.0 411723.43565944815
17980.0 410693.0351574755
17990.0 406258.77755209303
18000.0 405781.2954921513
18010.0 399890.2634813008
18020.0 398350.59960685985
18030.0 391597.2880506318
18040.0 393584.8962867915
18050.0 393744.078464777
18060.0 403229.70713769866
18070.0 402516.08715570543
18080.0 397748.2315310792
18090.0 402169.0578579448
18100.0 397891.2039484834
18110.0 393662.71927911905
18120.0 393338.7875720575
18130.0 396458.13516665914
18140.0 396242.92896735464
18150.0 394120.92238226946
18160.0 395674.4056945014
18170.0 394859.66074999754
18180.0 391490.89262638305
18190.0 393813.56837245467
18200.0 391643.87782879244
18210.0 389755.69183059287
18220.0 386546.6448523043
18230.0 393145.6740699618
18240.0 392018.44432199147
18250.0 388898.0572107268
18260.0 384958.7506111013
18270.0 381368.3935561247
18280.0 376384.30197909614
18290.0 381649.93657998956
18300.0 381668.63107564714
18310.0 385113.9435160131
18320.0 382907.8588952293
18330.0 386931.16546493204
18340.0 381984.80153506045
18350.0 379000.0719791533
18360.0 379272.20643192396
18370.0 372535.8471425056
18380.0 376974.1810396428
18390.0 375177.8869936058
18400.0 370639.3310924935
18410.0 367925.9370093981
18420.0 363721.6435110743
18430.0 371916.5510238032
18440.0 373691.1502284882
18450.0 373730.8498008261
18460.0 350537.3531980616
18470.0 337415.7436516276
18480.0 369180.7818728855
18490.0 372028.2845899783
18500.0 372686.52658197936
18510.0 368663.51903955726
18520.0 363060.1500162764
18530.0 367475.1633735675
18540.0 370539.2160274389
18550.0 364807.9561322077
18560.0 358512.33515817043
18570.0 365119.5122212476
18580.0 350913.4012778228
18590.0 362162.68082386843
18600.0 364035.68532530736
18610.0 362322.2341849572
18620.0 363826.11880546197
18630.0 360395.2027707174
18640.0 362361.68397850887
18650.0 361311.1280483752
18660.0 349946.7493989597
18670.0 361901.25661864027
18680.0 360700.62761789863
18690.0 362494.986063335
18700.0 358693.73413118464
18710.0 350555.08026047435
18720.0 349065.59255901625
18730.0 351393.8251388117
18740.0 359262.7410524448
18750.0 353265.871274269
18760.0 354618.47588615725
18770.0 344214.4343277421
18780.0 350732.74005235144
18790.0 353844.0130326002
18800.0 355747.01143045194
18810.0 354496.38440974074
18820.0 353352.16765477567
18830.0 354064.125695611
18840.0 347240.2450561272
18850.0 338863.32013143395
18860.0 317777.6208094496
18870.0 349531.7242526672
18880.0 343459.5962803716
18890.0 341262.4444660237
18900.0 322944.91170063964
18910.0 339618.6063910423
18920.0 327817.92917995114
18930.0 337059.9701804075
18940.0 342962.70053413475
18950.0 346064.9332373858
18960.0 343078.5095840132
18970.0 332908.5901608818
18980.0 338780.0399950671
18990.0 320485.5674917477
19000.0 343162.9525950646
19010.0 341410.239581248
19020.0 340591.04854325263
19030.0 338478.3143072103
19040.0 333398.8535553996
19050.0 322474.0608530072
19060.0 337682.877495257
19070.0 338579.4335159522
19080.0 334082.6047836776
19090.0 334363.4610669355
19100.0 334213.7925811575
19110.0 316922.5892658944
19120.0 330690.88563427795
19130.0 336411.74964551267
19140.0 334066.4434345282
19150.0 332539.897360721
19160.0 331630.77127826796
19170.0 332664.4410818259
19180.0 331753.95513070317
19190.0 325507.2948720533
19200.0 325779.65781226824
19210.0 329467.59595831315
19220.0 329215.1201749737
19230.0 330542.1375337993
19240.0 329104.2118330935
19250.0 325965.3927472856
19260.0 323982.37447477813
19270.0 327134.16967707704
19280.0 322124.5351142513
19290.0 320359.88017766847
19300.0 303153.0622813998
19310.0 228886.63545716804
19320.0 307294.733092124
19330.0 316486.19508404325
19340.0 313276.02159322874
19350.0 320563.15236516896
19360.0 323508.34768066555
19370.0 323099.60739727505
19380.0 320204.51135707623
19390.0 315234.4597269838
19400.0 317595.0603624217
19410.0 318369.83941699873
19420.0 315586.243092827
19430.0 304293.4299093192
19440.0 297275.6327850548
19450.0 213889.15703404343
19460.0 262496.41536391614
19470.0 300991.02292061015
19480.0 306225.59920586186
19490.0 304459.3574314852
19500.0 272709.47991094616
19510.0 248995.6582257142
19520.0 306941.8794839768
19530.0 310427.3005320246
19540.0 309605.3995139735
19550.0 311210.05637712794
19560.0 311743.59529703815
19570.0 313207.70217640314
19580.0 311116.0758563365
19590.0 308958.96279172896
19600.0 309072.9866734472
19610.0 305334.19335824734
19620.0 306138.17401464307
19630.0 301471.87247477303
19640.0 303916.8077177879
19650.0 308854.9857103687
19660.0 308817.08774161525
19670.0 306794.72397350625
19680.0 306746.6685794924
19690.0 305716.57844436
19700.0 305929.07774571923
19710.0 301870.810829309
19720.0 295974.49027474184
19730.0 295019.63322737115
19740.0 297779.7568722686
19750.0 290306.6368610843
19760.0 280564.9864783541
19770.0 233522.28573962027
19780.0 195874.51060677908
19790.0 265978.4982220076
19800.0 286867.6755230425
19810.0 288497.7639548406
19820.0 290439.95689521916
19830.0 294792.279975638
19840.0 290816.60534331796
19850.0 243610.8328819506
19860.0 215489.97839659394
19870.0 274203.90075147746
19880.0 291323.3369311079
19890.0 291474.3319908326
19900.0 290766.55885945493
19910.0 289987.4917421662
19920.0 265376.7363740364
19930.0 254444.37489077088
19940.0 277629.4971966458
19950.0 287164.86326944345
19960.0 264782.85318781954
19970.0 285007.67749068775
19980.0 291312.83321960137
19990.0 289548.1979975157
20010.0 289978.03967851034
20020.0 286038.62243800255
20030.0 287783.66896942555
20040.0 288508.5993014148
20050.0 287825.8933071307
20060.0 287529.51111497235
20070.0 287545.0524975907
20080.0 286377.9176815421
20090.0 284305.5665727877
20100.0 285244.4470417487
20110.0 286173.2286814985
20120.0 284297.34188917855
20130.0 283265.7587623547
20140.0 284776.47924059414
20150.0 284081.34335980983
20160.0 282075.6510717608
20170.0 279999.46236655675
20180.0 281059.5972959111
20190.0 278776.8557197175
20200.0 278035.9857808427
20210.0 277198.91015585104
20220.0 279796.06610431377
20230.0 279333.96559236554
20240.0 275916.5687083143
20250.0 278585.4553196087
20260.0 277155.04545320594
20270.0 276511.399190255
20280.0 275358.3964324126
20290.0 272695.87721417483
20300.0 273193.7682851936
20310.0 276237.3891638908
20320.0 276892.5404636312
20330.0 276231.2044127579
20340.0 273717.0434435791
20350.0 271221.2751475513
20360.0 274063.27034523926
20370.0 274327.639009669
20380.0 271796.9610352762
20390.0 271684.4365243386
20400.0 272427.9055111511
20410.0 270458.2660255875
20420.0 272727.90491791087
20430.0 271274.3854490944
20440.0 269897.9393545108
20450.0 269951.54659083905
20460.0 270085.547246469
20470.0 266117.021299247
20480.0 269126.1986509854
20490.0 267461.12934754527
20500.0 269381.92346422165
20510.0 268064.5012359194
20520.0 266471.1446041782
20530.0 266159.2116102109
20540.0 263032.8818751828
20550.0 264021.2355430936
20560.0 264820.6623594008
20570.0 264268.80241249234
20580.0 264031.0957261114
20590.0 262865.46233877883
20600.0 261305.97211213488
20610.0 262443.9614911178
20620.0 258959.1913422145
20630.0 231453.1407793234
20640.0 252124.82339352235
20650.0 259298.64925598918
20660.0 260823.6083044938
20670.0 260102.3705996615
20680.0 260485.54605223317
20690.0 258872.14476372598
20700.0 257937.023446751
20710.0 257914.01393472598
20720.0 257252.73590674938
20730.0 257229.6633610224
20740.0 256866.51408397438
20750.0 258310.40781544804
20760.0 256112.34477552277
20770.0 257036.02483749646
20780.0 257263.02505599434
20790.0 256385.8744311877
20800.0 254673.38388932214
20810.0 254739.5765384617
20820.0 254639.40649434077
20830.0 253243.96590703953
20840.0 250619.142625606
20850.0 252080.14242227742
20860.0 251945.3653469094
20870.0 251711.03121792583
20880.0 251235.18022757096
20890.0 250910.63221053916
20900.0 252416.42726178304
20910.0 250872.54534277978
20920.0 248171.7175989494
20930.0 249637.00913233386
20940.0 247704.2348170989
20950.0 248912.08355786657
20960.0 239064.955254792
20970.0 240921.8500420923
20980.0 248191.26769389125
20990.0 247058.8284074263
21000.0 248862.41204271564
21010.0 246488.65872665826
21020.0 246957.06824647615
21030.0 247176.5458040887
21040.0 247016.82296620883
21050.0 246089.60804176304
21060.0 245846.9760955699
21070.0 242940.91124435767
21080.0 242339.15093261193
21090.0 224337.1777689699
21100.0 240361.95745760232
21110.0 242274.50008604777
21120.0 242593.62570911428
21130.0 243291.26082585368
21140.0 242492.34540314582
21150.0 240456.10955513598
21160.0 216761.19667392696
21170.0 230511.09834267068
21180.0 239480.9393954473
21190.0 239957.12503420442
21200.0 239372.11353253113
21210.0 239454.3148528533
21220.0 239149.68899024976
21230.0 239288.68605108277
21240.0 238431.74731113107
21250.0 238784.6384234867
21260.0 236204.46388155967
21270.0 237476.04214515103
21280.0 237217.05316043698
21290.0 237914.6370140319
21300.0 237608.54361271157
21310.0 236750.64300472595
21320.0 236350.58513445404
21330.0 236644.05003295117
21340.0 235403.62773625713
21350.0 231989.23812409624
21360.0 233915.87132407495
21370.0 234186.587189792
21380.0 234420.3158242516
21390.0 234387.5372185402
21400.0 233560.35129406492
21410.0 233698.41802876783
21420.0 232674.72752897756
21430.0 232641.90977670462
21440.0 233015.3918833461
21450.0 229332.50044454253
21460.0 231528.33250673453
21470.0 231984.13544182017
21480.0 231229.32104424987
21490.0 230481.24931482272
21500.0 230392.5602928297
21510.0 230434.4538588155
21520.0 228826.21005612123
21530.0 228463.0957251429
21540.0 228220.03043641092
21550.0 228878.9345907422
21560.0 227721.55253449845
21570.0 227307.92431703594
21580.0 228070.6099184247
21590.0 226551.69804154
21600.0 227088.58874852542
21610.0 227453.82198211885
21620.0 226889.89777832382
21630.0 226172.87603403706
21640.0 226407.45685482162
21650.0 225209.94023575736
21660.0 224967.56610484526
21670.0 224628.07369933138
21680.0 224494.25101889798
21690.0 224611.09008759528
21700.0 223519.15173036497
21710.0 223631.63585063824
21720.0 223271.46252369293
21730.0 222290.67171355357
21740.0 222411.46341938147
21750.0 221850.61760517067
21760.0 221200.81426930192
21770.0 220781.09344693917
21780.0 206489.87084806417
21790.0 219178.740259934
21800.0 220475.81481680137
21810.0 219292.91798605732
21820.0 217872.20052569767
21830.0 219318.6755338661
21840.0 219227.8429990916
21850.0 218868.15296555142
21860.0 218402.09533999924
21870.0 216855.93015757098
21880.0 214865.17743630934
21890.0 216117.23585049706
21900.0 208124.2128568504
21910.0 217406.48099454044
21920.0 217250.37153774875
21930.0 216688.56443083193
21940.0 215700.90973517555
21950.0 215737.73740573376
21960.0 215800.37749245728
21970.0 215095.40996505698
21980.0 214701.23478506986
21990.0 214256.5419255096
22000.0 210021.05827777676
22010.0 213258.24138328875
22020.0 213360.61359262475
22030.0 213228.84821484418
22040.0 212583.4951582991
22050.0 203025.25443933014
22060.0 188653.64605639735
22070.0 207593.17997907157
22080.0 196105.85627541872
22090.0 207571.5348496195
22100.0 210891.5557630454
22110.0 209963.97743140298
22120.0 210619.40111315646
22130.0 210525.74554165395
22140.0 210364.79227829046
22150.0 209968.19130999234
22160.0 209880.23259910155
22170.0 209386.19171519973
22180.0 209089.92204695827
22190.0 208858.97021797148
22200.0 208398.50059567843
22210.0 201649.9131988956
22220.0 207912.90281209582
22230.0 201853.77544110033
22240.0 207231.28855325165
22250.0 206755.82209010993
22260.0 201320.25793266244
22270.0 197577.176032645
22280.0 199502.6762836497
22290.0 204545.93880108255
22300.0 201682.12344993823
22310.0 200485.25046584712
22320.0 204461.43963201
22330.0 204067.15582407304
22340.0 203740.21992572938
22350.0 203762.0556364346
22360.0 203722.31122954012
22370.0 203236.04893196482
22380.0 198129.36886726946
22390.0 199249.03096341863
22400.0 202138.09521556867
22410.0 202115.94157620613
22420.0 201125.89017954704
22430.0 201566.46087010505
22440.0 198629.80480090747
22450.0 200833.56687192837
22460.0 200507.66216108375
22470.0 197340.11941147718
22480.0 199283.97864929104
22490.0 199281.8398785983
22500.0 199612.6030904083
22510.0 199316.9283460885
22520.0 198975.11549754505
22530.0 198525.02466586925
22540.0 194612.95348644725
22550.0 197894.21530353095
22560.0 198033.9470831531
22570.0 197390.18737797448
22580.0 197334.14973384782
22590.0 196894.15419086098
22600.0 195850.00072855913
22610.0 190345.49930440425
22620.0 184281.16994946194
22630.0 189953.212641694
22640.0 194038.58738596647
22650.0 184619.56420191017
22660.0 192907.79134295715
22670.0 194388.50998167077
22680.0 193884.43038206804
22690.0 193673.84423509237
22700.0 193339.8889420019
22710.0 193154.72666537392
22720.0 193394.95947303664
22730.0 192823.74430574264
22740.0 191381.02117495748
22750.0 192125.08999966763
22760.0 191606.0302713391
22770.0 191541.38807984043
22780.0 190914.0221437662
22790.0 190225.48459095022
22800.0 187189.61429443993
22810.0 181905.73290424215
22820.0 181324.87960662218
22830.0 188153.78656763525
22840.0 189381.7795347717
22850.0 189376.25826634216
22860.0 189297.21893623003
22870.0 189118.60158699017
22880.0 188835.85618260605
22890.0 188397.98414576516
22900.0 188501.5575503607
22910.0 187879.64969047517
22920.0 187687.38109515258
22930.0 162146.11436037053
22940.0 166612.92952722483
22950.0 175559.4666814244
22960.0 170146.86571486035
22970.0 175122.9066188739
22980.0 176502.3294408095
22990.0 177445.49414700453
23000.0 180454.94077840343
23010.0 178188.515152237
23020.0 179263.32072188854
23030.0 179856.17407318225
23040.0 178627.96928836813
23050.0 178686.66638625987
23060.0 179231.2053324621
23070.0 178906.26622192143
23080.0 179411.86892859192
23090.0 178730.05355955512
23100.0 181625.1400062525
23110.0 178042.88834377582
23120.0 177584.62924868424
23130.0 178036.96419368393
23140.0 176629.97168236843
23150.0 180251.18107917122
23160.0 176276.51223673788
23170.0 177057.58522862726
23180.0 178139.50006072392
23190.0 178237.43671737774
23200.0 175854.27514132546
23210.0 176551.63539398348
23220.0 156584.4175137885
23230.0 153832.1213805555
23240.0 164060.56813292
23250.0 163960.33635583564
23260.0 166842.13946055816
23270.0 166555.79312153423
23280.0 168876.8511044425
23290.0 171371.9116092058
23300.0 164378.80193298525
23310.0 168533.09395585832
23320.0 171530.30180521775
23330.0 169669.10737111958
23340.0 171161.20479347536
23350.0 159570.12975428093
23360.0 169450.9093692677
23370.0 167653.8805962666
23380.0 156019.17558086183
23390.0 171659.65228435892
23400.0 168332.3787306887
23410.0 168113.23493955427
23420.0 169942.8969048799
23430.0 169139.8965656205
23440.0 168029.78198473612
23450.0 167518.60111295065
23460.0 168475.3320003922
23470.0 171077.8495463135
23480.0 168100.18886360404
23490.0 167202.91491879118
23500.0 170826.9726201977
23510.0 166438.83204796823
23520.0 142494.96118582957
23530.0 149786.57605503796
23540.0 155952.3805352599
23550.0 155381.46676557165
23560.0 158606.2046772607
23570.0 161910.69426796574
23580.0 160187.59554580954
23590.0 160060.963518757
23600.0 163029.75110227184
23610.0 161436.2833949154
23620.0 159642.36533609472
23630.0 163063.4089285416
23640.0 161354.03118217512
23650.0 161565.38119604287
23660.0 161481.67776385444
23670.0 160894.69197136932
23680.0 161667.01185138244
23690.0 162565.31338331834
23700.0 162731.58050819894
23710.0 162998.85531048168
23720.0 156125.98777778828
23730.0 161985.56579884284
23740.0 163567.50146534567
23750.0 160011.24876987358
23760.0 161173.681690319
23770.0 162169.8442021554
23780.0 160286.78831444346
23790.0 160644.35407536625
23800.0 158979.87542366618
23810.0 161300.2503739563
23820.0 149776.7209090773
23830.0 137660.70024340565
23840.0 148258.64276920242
23850.0 148129.7220793013
23860.0 148656.32294899577
23870.0 150051.99944770295
23880.0 156714.21352063926
23890.0 151382.1991301938
23900.0 151939.84031225706
23910.0 155047.48909311864
23920.0 149563.95139663768
23930.0 157106.18130391376
23940.0 152106.16873618573
23950.0 154191.58841503432
23960.0 154336.57427450575
23970.0 151765.39237716305
23980.0 154836.75799666735
23990.0 157516.8011847868
24000.0 149262.33787916278
24010.0 155701.19877199503
24020.0 151947.9078850706
24030.0 155132.08920967576
24040.0 152960.31604547452
24050.0 151399.8723834601
24060.0 154763.24424340896
24070.0 153855.89494155408
24080.0 150366.9484222916
24090.0 153728.0566955469
24100.0 150728.57650128225
24110.0 153025.06786572534
24120.0 153039.2256249252
24130.0 146211.26869203235
24140.0 133603.74103936678
24150.0 143132.36241930645
24160.0 141380.8593446356
24170.0 146342.9397698473
24180.0 146261.4556956214
24190.0 142024.17436179347
24200.0 149757.80204068954
24210.0 145852.42244369016
24220.0 146551.63431370837
24230.0 144898.24563926918
24240.0 150140.7083885907
24250.0 143788.00464250788
24260.0 146331.03836110662
24270.0 147133.4255188649
24280.0 140616.89010190094
24290.0 150132.68815115746
24300.0 146484.33764047865
24310.0 144333.1702068431
24320.0 148972.57390962305
24330.0 142595.7366428052
24340.0 146321.07472614993
24350.0 147410.8841324135
24360.0 143790.2229484869
24370.0 141004.32747293386
24380.0 146867.4926626322
24390.0 146595.8835499889
24400.0 142766.74978182104
24410.0 143977.43741016206
24420.0 144515.70233705657
24430.0 147689.34828705096
24440.0 138013.11562072998
24450.0 143169.75205595017
24460.0 133198.81783219485
24470.0 130709.48703057479
24480.0 140006.03360595155
24490.0 139282.70358699252
24500.0 137414.40896725625
24510.0 138360.46771049147
24520.0 139129.46184470324
24530.0 139085.25935437717
24540.0 133975.15021897005
24550.0 139526.5054016058
24560.0 135254.96040987465
24570.0 136706.61972952553
24580.0 141812.58243780714
24590.0 136252.39647236647
24600.0 138194.655882242
24610.0 136551.47859475206
24620.0 139135.67663848517
24630.0 140716.32204940473
24640.0 137980.09279075614
24650.0 137639.59088944737
24660.0 140002.0283243195
24670.0 136401.86303558102
24680.0 134905.39618939452
24690.0 139813.820160349
24700.0 138182.99253383547
24710.0 137114.89629013822
24720.0 137727.77933170978
24730.0 133804.7077110943
24740.0 135204.35732562933
24750.0 134069.97845858944
24760.0 137359.24676296263
24770.0 138731.50441644457
24780.0 129282.55732994796
24790.0 127599.54154940443
24800.0 127403.46216683804
24810.0 128851.37599006169
24820.0 123209.76010894608
24830.0 129979.24553787243
24840.0 128574.05628161592
24850.0 120164.80223386166
24860.0 111431.05554100862
24870.0 119671.36412128914
24880.0 119261.60798292916
24890.0 119329.50313316073
24900.0 120368.78155572855
24910.0 120257.31920645277
24920.0 121571.37085111966
24930.0 123024.00483349459
24940.0 120087.67669535773
24950.0 122569.83985236884
24960.0 121511.88223508644
24970.0 121885.00188434662
24980.0 120235.2126995814
24990.0 121037.80518857487
