#lam[Angstrom] flux[erg/cm2/s/A]
1010.0 434692.82574167015
1020.0 450104.81742518366
1030.0 1552836.881663555
1040.0 612103.7333802965
1050.0 460913.3148294943
1060.0 465080.00798572553
1070.0 491110.0430732385
1080.0 1486244.942915886
1090.0 1514147.3900467046
1100.0 485395.0559822055
1110.0 489286.01275873935
1120.0 508308.4234141015
1130.0 494428.48248365516
1140.0 536950.8706866305
1150.0 503887.31976693164
1160.0 513468.3793996293
1170.0 514418.3825235513
1180.0 516633.78416642087
1190.0 519778.2138889899
1200.0 783748.5682937795
1210.0 697580.240309392
1220.0 4438297.818519658
1230.0 641999.4478543492
1240.0 2617090.738199147
1250.0 911541.5602188685
1260.0 1268492.6509244072
1270.0 1303221.7851538507
1280.0 1345508.8612201111
1290.0 1452170.3874824485
1300.0 1563827.1483550759
1310.0 1719779.2814010978
1320.0 1796366.4166944572
1330.0 1826691.1260230644
1340.0 2038751.815143394
1350.0 1962128.5263991067
1360.0 2008917.1357074033
1370.0 2038669.2021901296
1380.0 2081894.2802768475
1390.0 4766609.162533438
1400.0 5300835.3526618155
1410.0 3918733.4127978575
1420.0 2210529.708167727
1430.0 2170674.6912084287
1440.0 2181809.500019219
1450.0 2196326.0425391276
1460.0 2213610.3972243736
1470.0 2230767.98337833
1480.0 2241273.3497328116
1490.0 3517670.639819503
1500.0 2219106.171372488
1510.0 2215451.634288538
1520.0 2217883.778157034
1530.0 2317518.950557376
1540.0 2202308.719952051
1550.0 31271009.278282624
1560.0 2203193.798843465
1570.0 2193739.6144764354
1580.0 2298564.4532476724
1590.0 2191659.7686691503
1600.0 2402999.262810798
1610.0 2187391.5605183775
1620.0 2187218.066582946
1630.0 2174273.2865183284
1640.0 19886446.247041382
1650.0 2156066.825480123
1660.0 2788938.9254062073
1670.0 3797851.124626696
1680.0 2142256.4916294464
1690.0 2135787.4504075595
1700.0 2127058.1824193904
1710.0 2116314.6433086083
1720.0 2271913.093457926
1730.0 2126945.393592044
1740.0 2167213.104571844
1750.0 3215467.6251839767
1760.0 2108026.620490689
1770.0 2107361.429692848
1780.0 2113719.4662992856
1790.0 2260552.7483277284
1800.0 2099572.844986989
1810.0 2589605.8757741284
1820.0 2634092.9384895754
1830.0 2060808.0267239886
1840.0 2047662.9289475696
1850.0 2210770.926096969
1860.0 2126735.906050772
1870.0 2023695.2977361835
1880.0 3317908.3396360264
1890.0 4152280.5640073474
1900.0 2003568.6871676883
1910.0 13461242.369543934
1920.0 1989735.4220149892
1930.0 1998607.5194592383
1940.0 1962333.7912936881
1950.0 1961290.946392783
1960.0 1941358.510199998
1970.0 1929967.248239443
1980.0 1919632.9131226824
1990.0 1911222.8666767764
2000.0 1898319.8117517882
2010.0 1881768.7771027114
2020.0 1803827.6740836196
2030.0 1701396.7681235932
2040.0 1651450.5280077574
2050.0 1576375.0485556321
2060.0 1550155.4498158735
2070.0 1562267.7168516438
2080.0 1527862.6713513313
2090.0 1575564.7808570906
2100.0 1541655.4341024142
2110.0 1541992.1252981578
2120.0 1586843.4467203042
2130.0 1584562.1444557314
2140.0 1666741.239053632
2150.0 1524497.3169814066
2160.0 1536264.6859531216
2170.0 1499326.3026580948
2180.0 1558484.6572212311
2190.0 1524989.948019801
2200.0 1540097.3078864831
2210.0 1558761.3281549134
2220.0 1635537.8532962815
2230.0 1601341.6156240047
2240.0 1628030.5843096722
2250.0 1728716.547635649
2260.0 1685264.8770518566
2270.0 1719342.4965892197
2280.0 1754914.8231655736
2290.0 1791334.404261298
2300.0 1873095.7286781357
2310.0 1971054.8573190852
2320.0 2069696.8553045227
2330.0 3706116.5638846466
2340.0 2351648.5372791397
2350.0 2096416.0906134732
2360.0 2047183.1809602755
2370.0 2086525.835899688
2380.0 2127343.2684427314
2390.0 2324839.081714297
2400.0 2208496.4887324893
2410.0 2253623.0282836775
2420.0 2286544.401107551
2430.0 4945084.979951748
2440.0 2362505.071444887
2450.0 2409034.229190045
2460.0 2437490.5891016126
2470.0 2473489.966934966
2480.0 2510148.0043143006
2490.0 2546349.364766262
2500.0 2584688.4170671855
2510.0 2882456.8695072196
2520.0 2658423.961599608
2530.0 2697597.694752742
2540.0 2729736.234857209
2550.0 2769876.0943772155
2560.0 3209660.3766134502
2570.0 2846222.72452006
2580.0 2877736.623445871
2590.0 2985160.0133870733
2600.0 2951613.296810973
2610.0 2980991.9623288424
2620.0 3020796.894942862
2630.0 3050679.5896142432
2640.0 3130691.211822343
2650.0 3142534.862461662
2660.0 3173458.6051992364
2670.0 3537150.123708144
2680.0 3253858.5834845174
2690.0 3284175.721507109
2700.0 3295192.4828952425
2710.0 3299370.7401619484
2720.0 3306273.293494398
2730.0 3557119.7649276573
2740.0 3576745.13861489
2750.0 3408863.2086360543
2760.0 3469305.265938793
2770.0 3497689.028478476
2780.0 3504079.9423716054
2790.0 13845268.651238365
2800.0 8736798.141908929
2810.0 3614020.5292588593
2820.0 3679647.863471908
2830.0 5660323.15230058
2840.0 3690052.162607453
2850.0 3906475.496881212
2860.0 3815210.5929113515
2870.0 3808686.6079030503
2880.0 3844195.0888568554
2890.0 3950457.207161199
2900.0 4220986.590886383
2910.0 4128940.116568536
2920.0 4238350.718486171
2930.0 4834506.630109783
2940.0 4072420.849758595
2950.0 4232758.390328429
2960.0 4273348.848854043
2970.0 4103821.5038252124
2980.0 4279885.521334917
2990.0 4272607.853489899
3000.0 4216818.949242399
3010.0 4289894.493282634
3020.0 4244462.978695497
3030.0 4424855.228347127
3040.0 4385009.628090735
3050.0 4412271.049085618
3060.0 4515511.01021526
3070.0 4787421.542393372
3080.0 4651161.764741361
3090.0 4778712.559651202
3100.0 4636612.0921541415
3110.0 5209305.425821256
3120.0 5198019.241492702
3130.0 5143378.713971216
3140.0 5180435.170887992
3150.0 5430985.008418262
3160.0 5053842.287858515
3170.0 5436656.627641177
3180.0 5170262.856648367
3190.0 5471339.950602271
3200.0 5278364.602021058
3210.0 5902710.0323948795
3220.0 5194385.172471667
3230.0 4996219.783670783
3240.0 5315170.872912012
3250.0 5405650.337082811
3260.0 5992062.017663188
3270.0 5794264.20788385
3280.0 5758811.432544141
3290.0 5926799.595163461
3300.0 6300169.580765372
3310.0 5689762.338758748
3320.0 5656664.820628036
3330.0 6008647.996751639
3340.0 6254271.3753496
3350.0 5698859.96793051
3360.0 5694322.563113352
3370.0 5366370.046665126
3380.0 5653472.496021999
3390.0 5629847.897302598
3400.0 5873756.473694508
3410.0 5605393.13165734
3420.0 6276794.984327474
3430.0 6536261.357299579
3440.0 5508715.757153187
3450.0 5725821.907091992
3460.0 5774345.620501754
3470.0 5783604.7346447315
3480.0 6000288.129772651
3490.0 5931717.252544865
3500.0 6188600.2214068
3510.0 5961598.481189778
3520.0 5746044.679648736
3530.0 6020020.044098075
3540.0 6455052.449727486
3550.0 6211621.673319844
3560.0 6059749.366120875
3570.0 5648483.349479518
3580.0 5813331.189340795
3590.0 5781759.13776292
3600.0 6238646.269258956
3610.0 5758533.650946703
3620.0 5885156.096688051
3630.0 6127659.814175477
3640.0 6249967.459603808
3650.0 6107720.954705406
3660.0 6898161.6157700475
3670.0 6734521.757705118
3680.0 6290874.096167549
3690.0 6421172.553477785
3700.0 6707661.669425534
3710.0 6172613.184607359
3720.0 5167153.324409815
3730.0 8436230.202194488
3740.0 4490793.913904725
3750.0 4748775.410533602
3760.0 4682406.881033982
3770.0 5754879.069662528
3780.0 5750833.836512894
3790.0 5110070.388482189
3800.0 5616731.030179402
3810.0 5259845.52535998
3820.0 4661428.098687778
3830.0 4577056.288732508
3840.0 5241482.343357231
3850.0 5294043.29224446
3860.0 8976379.298489738
3870.0 5208153.076528186
3880.0 6086414.866125165
3890.0 5140516.1862201225
3900.0 5863862.594793475
3910.0 5707745.722415522
3920.0 5260017.11162067
3930.0 4715377.363538328
3940.0 4994946.33667622
3950.0 5679600.019633794
3960.0 6528304.679440357
3970.0 4814153.854841138
3980.0 6918739.937173052
3990.0 6463263.572168207
4000.0 6281126.222126902
4010.0 6410944.61277684
4020.0 6762298.910075075
4030.0 5798317.339913717
4040.0 6302198.254717318
4050.0 6168024.3781798
4060.0 5993068.32242092
4070.0 5819526.123206804
4080.0 6987631.683376649
4090.0 7328097.717200598
4100.0 8161549.129501106
4110.0 6885559.902281
4120.0 6981593.675333113
4130.0 6320071.693772838
4140.0 6507258.925733595
4150.0 6577897.050503157
4160.0 7010470.487163387
4170.0 6696425.177014846
4180.0 6671483.172312904
4190.0 6590447.982520439
4200.0 5991891.505433438
4210.0 6994197.971156395
4220.0 6387680.557820731
4230.0 5887366.952774069
4240.0 6453167.527523507
4250.0 5980668.915097294
4260.0 6446022.242537992
4270.0 5837444.988653295
4280.0 6323773.309184245
4290.0 6023637.155960984
4300.0 5798686.77976359
4310.0 5603435.239582937
4320.0 6830727.833176231
4330.0 9179648.530446107
4340.0 6881912.692778027
4350.0 7311830.843293266
4360.0 7277346.001656041
4370.0 7123926.240971051
4380.0 6247937.549955986
4390.0 6733107.551002992
4400.0 6724117.120724263
4410.0 6919923.352634009
4420.0 7116053.299163195
4430.0 7060754.599530196
4440.0 7135729.674691696
4450.0 7216494.753497068
4460.0 6964119.121388921
4470.0 7399394.488727784
4480.0 7489663.825052043
4490.0 7660124.736250076
4500.0 7792492.668463452
4510.0 8265244.536434819
4520.0 7887029.202396778
4530.0 7193178.418961909
4540.0 7700562.777098346
4550.0 7812653.207498271
4560.0 8113921.511903622
4570.0 8077101.675559269
4580.0 7738306.90795799
4590.0 7749256.839980768
4600.0 7740846.495706646
4610.0 7990697.700507473
4620.0 7944598.926264405
4630.0 8085842.842110751
4640.0 8118546.200395064
4650.0 8117211.175033121
4660.0 8305340.572620707
4670.0 8044636.698005693
4680.0 8101559.331667306
4690.0 9765215.017433424
4700.0 8029527.5697852
4710.0 8118178.978977982
4720.0 8558509.459572688
4730.0 7996372.279985619
4740.0 8233307.317101458
4750.0 8282253.384930627
4760.0 8169412.16996916
4770.0 8075906.494411701
4780.0 8345712.765529232
4790.0 8018262.563866405
4800.0 8121948.66830132
4810.0 7921979.806526309
4820.0 8114446.173695268
4830.0 8134397.170052141
4840.0 7863538.1059274385
4850.0 8196789.236576468
4860.0 12794492.78391939
4870.0 7627570.978362942
4880.0 8012919.194129227
4890.0 7638433.302079357
4900.0 8181296.500054522
4910.0 8055228.480843047
4920.0 7471937.726661607
4930.0 8342885.693893326
4940.0 7777139.281572133
4950.0 8278252.854059387
4960.0 20786422.72107792
4970.0 8108562.907771094
4980.0 7757220.233282741
4990.0 7668861.816362986
5000.0 7737912.308329901
5010.0 45903986.62549705
5020.0 7563508.924075836
5030.0 8109513.438777156
5040.0 7359264.245604108
5050.0 7508096.614199322
5060.0 7998932.665870076
5070.0 7559921.949545123
5080.0 7164592.535414867
5090.0 7704386.721410107
5100.0 7624950.459417017
5110.0 7216643.425478068
5120.0 7367386.089433838
5130.0 7169229.462664494
5140.0 7104262.522805249
5150.0 7163311.701756958
5160.0 7378468.612204721
5170.0 6045733.149597522
5180.0 6643069.86589023
5190.0 7019985.524960553
5200.0 7467670.395044118
5210.0 7024615.6326488145
5220.0 7691920.900110234
5230.0 7227395.613356901
5240.0 8070540.982923979
5250.0 7974201.591909511
5260.0 7750676.515347773
5270.0 6549717.449045901
5280.0 7651230.610846386
5290.0 8265890.466004195
5300.0 7797104.037524164
5310.0 8299850.814354119
5320.0 7969670.583962852
5330.0 7020237.262778935
5340.0 7789282.34944454
5350.0 7989765.417823142
5360.0 8268265.868161101
5370.0 7207347.720005039
5380.0 8018921.31014558
5390.0 7924457.116411654
5400.0 7265207.663712113
5410.0 7291129.757571846
5420.0 7923135.634056253
5430.0 7303325.217645762
5440.0 8034254.539565692
5450.0 7522211.591377809
5460.0 7694379.179490536
5470.0 8133881.669225813
5480.0 7817801.952507135
5490.0 7896723.397370576
5500.0 7866889.828063408
5510.0 7727120.8413166
5520.0 8181426.98873887
5530.0 7877154.778889911
5540.0 8239027.6505800225
5550.0 8113297.277750611
5560.0 8037870.599005442
5570.0 7752134.32362161
5580.0 7977614.452369908
5590.0 7389709.636392495
5600.0 7731058.478062665
5610.0 8213674.215826203
5620.0 7713624.120162681
5630.0 8176256.472582659
5640.0 8044093.627987955
5650.0 8053424.138036329
5660.0 7810320.2464787755
5670.0 8140860.814876972
5680.0 8092757.981288515
5690.0 8075862.533675956
5700.0 7973526.892843943
5710.0 7701326.891427503
5720.0 8116169.458393237
5730.0 8308981.878981996
5740.0 8107281.861528326
5750.0 7864249.7645863285
5760.0 8049624.318638259
5770.0 8138274.874947705
5780.0 7922980.228502985
5790.0 7886972.327622116
5800.0 8067334.59916836
5810.0 8010527.836479429
5820.0 8171923.808514791
5830.0 8073352.886057946
5840.0 8067960.409320459
5850.0 7964393.471837638
5860.0 7747761.999069556
5870.0 7970504.339731209
5880.0 8477164.231162952
5890.0 7502447.272934312
5900.0 7667484.149639681
5910.0 7944028.248265322
5920.0 7869203.392646798
5930.0 7825635.141468351
5940.0 7895722.172065459
5950.0 7873523.776469887
5960.0 7939817.269187463
5970.0 7975944.071988193
5980.0 7710890.11979386
5990.0 7870188.9077135045
6000.0 7829270.70114539
6010.0 7727857.658199081
6020.0 7624073.051124938
6030.0 7798644.60003193
6040.0 7901948.320229183
6050.0 7880396.158058706
6060.0 7731702.881159337
6070.0 7791761.848751763
6080.0 7752636.570136193
6090.0 7948913.600305595
6100.0 7557047.074100437
6110.0 7713563.201815022
6120.0 7513893.4566672
6130.0 7639698.355644159
6140.0 7357214.889314605
6150.0 7639103.445657824
6160.0 7204253.82944335
6170.0 7397371.497564118
6180.0 7669084.93817722
6190.0 7457949.961497892
6200.0 7634979.418421276
6210.0 7575025.207317231
6220.0 7446621.974890547
6230.0 7423120.875565819
6240.0 7434460.6178705115
6250.0 7252246.264367722
6260.0 7404180.983116327
6270.0 7426170.407745667
6280.0 7346082.843928987
6290.0 7421576.93649439
6300.0 7755431.880316388
6310.0 7472721.874786557
6320.0 7300512.841281699
6330.0 7517194.645585772
6340.0 7315080.2018233305
6350.0 7515647.5313827135
6360.0 7288534.618556185
6370.0 7566463.304481512
6380.0 7431323.723008394
6390.0 7346216.347833971
6400.0 7270223.838432365
6410.0 7288698.303783128
6420.0 7269922.796703704
6430.0 7390648.118075093
6440.0 7181650.870546476
6450.0 7336044.977600578
6460.0 7127548.4385304935
6470.0 7292671.820500478
6480.0 7282895.257794946
6490.0 7129614.760002505
6500.0 7021830.4155464135
6510.0 7336163.371210204
6520.0 7308973.556455007
6530.0 7301014.9681297615
6540.0 7283260.247011997
6550.0 7135292.743526634
6560.0 20536236.31561947
6570.0 7143293.318807387
6580.0 7234981.152134934
6590.0 8919024.762383912
6600.0 7223703.755202228
6610.0 7152809.12260887
6620.0 7228548.756863011
6630.0 7067107.705401753
6640.0 7139481.46988834
6650.0 7186873.701243335
6660.0 7116495.288557382
6670.0 7139216.676793318
6680.0 7094028.250630535
6690.0 7278904.912707632
6700.0 7037078.594714366
6710.0 6927662.6417972995
6720.0 7007938.397641192
6730.0 7960746.203315815
6740.0 7061912.524783537
6750.0 6996023.806358198
6760.0 7087986.865009673
6770.0 6949217.23093161
6780.0 7014174.553832773
6790.0 7031260.704021323
6800.0 6957903.936481449
6810.0 6923510.046187461
6820.0 6977716.088248899
6830.0 6963156.214543803
6840.0 6840496.438794628
6850.0 6934559.231329802
6860.0 6836244.042142356
6870.0 6913882.5701625105
6880.0 6866242.621674346
6890.0 6891164.038918169
6900.0 6922091.931625983
6910.0 6826567.186354231
6920.0 6821081.621655336
6930.0 6782773.107060397
6940.0 6809378.600453168
6950.0 6741008.250387118
6960.0 6798145.414848547
6970.0 6752117.946897663
6980.0 6618767.262954937
6990.0 6742575.019369865
7000.0 6757863.71134237
7010.0 6668955.385321602
7020.0 6580081.312211631
7030.0 6641438.214135419
7040.0 6670953.876013858
7050.0 6684500.627660386
7060.0 6671387.502860822
7070.0 6959570.063022681
7080.0 6627037.291586527
7090.0 6584286.040138536
7100.0 6627465.852871362
7110.0 6511584.792439626
7120.0 6562531.459666987
7130.0 6468876.718961678
7140.0 7023786.758084414
7150.0 6380697.843795264
7160.0 6445703.076907678
7170.0 6536821.2427715715
7180.0 6447633.122276867
7190.0 6284844.85148287
7200.0 6461521.977951739
7210.0 6341053.079927335
7220.0 6433979.882617569
7230.0 6504622.32091046
7240.0 6427457.110499663
7250.0 6527173.835555837
7260.0 6386569.029913248
7270.0 6428770.309268719
7280.0 6327430.819377627
7290.0 6383498.208231388
7300.0 6341891.5036831265
7310.0 6298734.306237093
7320.0 6937102.629606496
7330.0 6219486.515343644
7340.0 6349203.7634666
7350.0 6322855.034930071
7360.0 6185985.994822891
7370.0 6325878.547730028
7380.0 6309292.70016729
7390.0 6112346.548095702
7400.0 6232176.073668774
7410.0 6117143.100023193
7420.0 6100672.641081162
7430.0 6260033.633934768
7440.0 6187231.668118533
7450.0 6119115.843922054
7460.0 6175885.35754716
7470.0 6198251.216314984
7480.0 6185098.364950046
7490.0 6130335.27698723
7500.0 6114272.933018951
7510.0 6031581.4215226425
7520.0 6157606.849530492
7530.0 6128507.293278019
7540.0 6163823.76922562
7550.0 6138954.523197735
7560.0 6074502.284009315
7570.0 6081387.1991549
7580.0 6097176.965581093
7590.0 6043991.095011002
7600.0 6055431.525225533
7610.0 6064072.359345356
7620.0 5983326.493313879
7630.0 6086660.456763355
7640.0 6071975.559329273
7650.0 6025926.123667916
7660.0 5769945.358485844
7670.0 6001502.925428655
7680.0 6007314.809734192
7690.0 5940957.588663435
7700.0 5984840.415874414
7710.0 5891482.593918882
7720.0 5908239.4214042025
7730.0 5923467.689547293
7740.0 6046474.515827889
7750.0 5793227.879790902
7760.0 5925059.790377382
7770.0 5923676.614817373
7780.0 5847425.662582945
7790.0 5870076.985510932
7800.0 5844778.74622693
7810.0 5824065.674277095
7820.0 5865852.617150629
7830.0 5756025.65809956
7840.0 5770002.449638423
7850.0 5789962.075761329
7860.0 5807188.881917208
7870.0 5791408.920370735
7880.0 5743735.513303073
7890.0 5738676.681798931
7900.0 5690527.759255333
7910.0 5641884.78913461
7920.0 5635922.405362376
7930.0 5599902.387658717
7940.0 5511516.890105382
7950.0 5543118.673324479
7960.0 5637491.250581806
7970.0 5768161.525868152
7980.0 5630016.8770810515
7990.0 5623942.0001016
8000.0 5518231.382778676
8010.0 5621893.74326927
8020.0 5597936.254919119
8030.0 5525237.168610252
8040.0 5578581.034476928
8050.0 5472706.3336945195
8060.0 5574647.311332795
8070.0 5494355.522054996
8080.0 5460727.345041678
8090.0 5416769.488703012
8100.0 5436544.072375482
8110.0 5452148.898077371
8120.0 5465203.4646806745
8130.0 5460057.912212935
8140.0 5418784.3441365715
8150.0 5372056.872415567
8160.0 5325513.939424189
8170.0 5304559.700240935
8180.0 5220181.122257652
8190.0 5204780.377780864
8200.0 5177908.768277955
8210.0 5121797.161509815
8220.0 5149667.629802373
8230.0 5177419.487625549
8240.0 5206461.38566295
8250.0 5190431.815870538
8260.0 5234334.796135852
8270.0 5184269.349280499
8280.0 5193673.619859541
8290.0 5139804.1260425225
8300.0 5140717.42079647
8310.0 5057652.5247848965
8320.0 5120506.725681964
8330.0 4908114.371763205
8340.0 5112458.050595598
8350.0 5021701.679831646
8360.0 5060189.534972435
8370.0 5064942.690947737
8380.0 5051502.182032572
8390.0 4890552.963469943
8400.0 5018168.6883407105
8410.0 5045090.911555465
8420.0 5014133.421582109
8430.0 4996644.565964259
8440.0 5000029.0493942285
8450.0 5106399.786108501
8460.0 5122874.747858921
8470.0 5016399.579999182
8480.0 5120954.621098271
8490.0 5135053.07859256
8500.0 4908185.544843232
8510.0 5034199.542144508
8520.0 5037991.389262121
8530.0 5043652.753329942
8540.0 4604921.30803347
8550.0 5014639.183531534
8560.0 5010593.364377329
8570.0 4990744.272898927
8580.0 4922663.843053333
8590.0 4974811.286294559
8600.0 4868863.395122994
8610.0 4834059.436605355
8620.0 4857359.365592503
8630.0 4871005.901065196
8640.0 5098905.164634291
8650.0 4837663.3359334245
8660.0 4439389.884669485
8670.0 4726004.962402236
8680.0 4795172.981349447
8690.0 4563245.540046596
8700.0 4758666.28161593
8710.0 4750343.889217481
8720.0 4775603.888687452
8730.0 4780835.811166366
8740.0 4687745.459249444
8750.0 4740525.312288464
8760.0 4694482.887185105
8770.0 4744485.595584501
8780.0 4744439.685446348
8790.0 4671927.464370688
8800.0 4682218.050139757
8810.0 4477041.290677613
8820.0 4562097.054950688
8830.0 4693409.804567605
8840.0 4611995.145543229
8850.0 4709323.181685876
8860.0 4678685.125872496
8870.0 4612794.0495539075
8880.0 4631483.962206561
8890.0 4646495.605170795
8900.0 4733023.222108107
8910.0 4627307.455985021
8920.0 4577589.018687527
8930.0 4568490.919113593
8940.0 4610099.766268849
8950.0 4543782.287112866
8960.0 4582749.63322129
8970.0 4555703.701648066
8980.0 4520383.056034305
8990.0 4539176.12896935
9000.0 4427762.152312053
9010.0 4412082.606448177
9020.0 4430294.605705146
9030.0 4627243.306514626
9040.0 4496331.009588229
9050.0 4487483.885281834
9060.0 4453650.442380682
9070.0 4468459.036408103
9080.0 5694126.644027589
9090.0 4333103.4999507675
9100.0 4389458.402714067
9110.0 4374944.656510852
9120.0 4382556.018190039
9130.0 4430221.19054614
9140.0 4358577.88742438
9150.0 4332975.88422982
9160.0 4332766.0658681
9170.0 4256951.561368556
9180.0 4292161.766355483
9190.0 4289318.565705245
9200.0 4254944.279531319
9210.0 4200816.405358915
9220.0 4375940.710818318
9230.0 4227344.913341346
9240.0 4215921.831750201
9250.0 4206157.314317092
9260.0 4110987.6090737665
9270.0 4239327.121120909
9280.0 4225971.023144267
9290.0 4163907.223739473
9300.0 4208612.711222282
9310.0 4207817.892431622
9320.0 4187451.404546351
9330.0 4190257.4751729756
9340.0 4213288.885577306
9350.0 4177532.242906183
9360.0 4155719.368601999
9370.0 4162749.9647853468
9380.0 4139520.1477519507
9390.0 4139225.275473543
9400.0 4107649.09013254
9410.0 3983725.79759332
9420.0 4046594.921689377
9430.0 4060623.5580844237
9440.0 4033789.6598404916
9450.0 4054699.1624447973
9460.0 4064090.3116930323
9470.0 4090180.7531525427
9480.0 4076471.5437669256
9490.0 4040963.0466968296
9500.0 4074053.462404386
9510.0 4033518.998010381
9520.0 4055352.9414207703
9530.0 4017451.7075622156
9540.0 5582176.660149621
9550.0 5533034.975145093
9560.0 3985923.514942902
9570.0 3958521.8499832917
9580.0 3996641.0081261476
9590.0 4001699.046673264
9600.0 3935416.652434016
9610.0 3970534.9982682653
9620.0 3955442.1500994926
9630.0 3935028.0289522065
9640.0 3912019.1792190364
9650.0 3894684.792432842
9660.0 3901832.0181858297
9670.0 3927137.1352495006
9680.0 3893415.280618434
9690.0 3880712.9612393137
9700.0 3914572.338505963
9710.0 3887933.6353288367
9720.0 3887078.3848318383
9730.0 3855926.408756051
9740.0 3828841.5648139007
9750.0 3843097.563960161
9760.0 3849452.002501387
9770.0 3853718.881977274
9780.0 3824217.657646245
9790.0 3823030.7130225124
9800.0 3836518.3406577213
9810.0 3835776.086261361
9820.0 3824713.2022169465
9830.0 3806657.665165305
9840.0 3825435.4834220544
9850.0 3806462.9046404343
9860.0 3804986.8001120463
9870.0 3803759.371107823
9880.0 3795187.0065195574
9890.0 3764583.0993108624
9900.0 3754983.218203498
9910.0 3762090.5838397094
9920.0 3765685.5929620657
9930.0 3747824.6600815197
9940.0 3729355.123798457
9950.0 3733894.071015048
9960.0 3743161.420085987
9970.0 3721783.0585553925
9980.0 3727903.638730987
9990.0 3704968.182648871
10010.0 3688846.393858432
10020.0 3712624.5194829153
10030.0 3882288.3865108322
10040.0 3684970.7597678443
10050.0 3618341.843991167
10060.0 3633864.946297455
10070.0 3652036.793960627
10080.0 3641333.564739564
10090.0 3642212.8152552443
10100.0 3624549.1075237934
10110.0 3625847.254359482
10120.0 3629063.0601082686
10130.0 3900568.4282843233
10140.0 3619374.86813812
10150.0 3565807.165786202
10160.0 3570522.355808925
10170.0 3590176.8230826408
10180.0 3569635.311748922
10190.0 3554132.1760156057
10200.0 3554131.7300057886
10210.0 3550493.25402372
10220.0 3509114.381682356
10230.0 3554979.9252170036
10240.0 3553241.0041609863
10250.0 3551671.256561102
10260.0 3543807.8893433334
10270.0 3526496.3725383524
10280.0 3528594.845463819
10290.0 3500172.867579552
10300.0 3504470.840988622
10310.0 3506740.6942150136
10320.0 3504118.2303744154
10330.0 3454715.919562506
10340.0 3635493.6378934276
10350.0 3466340.05151827
10360.0 3472965.705457858
10370.0 3414706.4151234757
10380.0 3447810.2305559535
10390.0 3460910.9462728566
10400.0 3399410.5325715654
10410.0 3437420.854808812
10420.0 3413442.9548571566
10430.0 3421312.293600713
10440.0 3432004.833933043
10450.0 3419959.5310087325
10460.0 3382223.0872340463
10470.0 3361952.8925915114
10480.0 3391080.0496150265
10490.0 3386999.546983905
10500.0 3364914.9184324844
10510.0 3370400.308240082
10520.0 3371213.743872487
10530.0 3341897.8197000762
10540.0 3364230.9439104265
10550.0 3351511.3755027563
10560.0 3353411.4068400175
10570.0 3323624.561649194
10580.0 3276561.809923191
10590.0 3241663.9705308788
10600.0 3277247.2647783086
10610.0 3305772.236269191
10620.0 3289045.3980086087
10630.0 3257825.91744906
10640.0 3302346.8124692705
10650.0 3294768.6777749527
10660.0 3227644.308263031
10670.0 3270962.938071766
10680.0 3249815.65916987
10690.0 3183837.9294664552
10700.0 3228393.3656008057
10710.0 3227183.6901764963
10720.0 3224996.0008607395
10730.0 3151737.9007507516
10740.0 3237125.228194101
10750.0 3152505.117509486
10760.0 3227338.8787237327
10770.0 3204795.7769187875
10780.0 3172408.6580671696
10790.0 3149380.756338504
10800.0 3183318.2881796164
10810.0 3055761.3250235072
10820.0 7697076.836679876
10830.0 3068681.4701882247
10840.0 3136407.8638596656
10850.0 3165996.328829034
10860.0 3152220.428319474
10870.0 3008832.179435715
10880.0 3106230.8878036286
10890.0 3111074.970721338
10900.0 3129668.768880798
10910.0 3123036.5488252677
10920.0 3424989.9586788095
10930.0 3036726.1199396816
10940.0 3039439.3372814106
10950.0 3040560.5907409126
10960.0 2994361.678043051
10970.0 2972533.2062910497
10980.0 2958408.347617388
10990.0 3020087.102338095
11000.0 2994235.2001449848
11010.0 2957660.678203217
11020.0 2948416.311369838
11030.0 2986485.4468479333
11040.0 2999332.1034083525
11050.0 2992002.7213486964
11060.0 2957092.146850519
11070.0 2982085.680501643
11080.0 2990552.8803738346
11090.0 2978136.6063397275
11100.0 2969480.3431954533
11110.0 2962637.640217675
11120.0 2944777.1687034937
11130.0 2926061.7096764604
11140.0 2979320.1330908043
11150.0 2959655.4486080958
11160.0 2940671.311650634
11170.0 2947628.895482811
11180.0 2928469.9831768777
11190.0 2901231.3790480876
11200.0 2891155.285755992
11210.0 2912191.589249704
11220.0 2935353.7598847877
11230.0 2910082.15012177
11240.0 2906347.3416553577
11250.0 2777649.693043087
11260.0 2870490.2023577318
11270.0 2920319.9001826392
11280.0 2876775.0981602278
11290.0 2856330.0830609426
11300.0 2854060.360541615
11310.0 2846055.1431250805
11320.0 2888460.786776592
11330.0 2829401.0352781066
11340.0 2871496.8159241993
11350.0 2837690.732094654
11360.0 2870522.562269396
11370.0 2805036.1329025635
11380.0 2840940.204978496
11390.0 2804813.5836313097
11400.0 2795076.5680347346
11410.0 2809053.6640895875
11420.0 2798278.0439203377
11430.0 2808673.7222711947
11440.0 2763105.7195815775
11450.0 2815963.8631415805
11460.0 2802914.1910271114
11470.0 2804904.6025572084
11480.0 2777974.9078142997
11490.0 2797007.7960242005
11500.0 2789327.7972354684
11510.0 2805932.684714311
11520.0 2778669.9698862685
11530.0 2768448.2798109436
11540.0 2777121.605249855
11550.0 2769017.8008347964
11560.0 2770532.006119279
11570.0 2772109.39702584
11580.0 2763927.879314917
11590.0 2677538.6451893696
11600.0 2750573.3919015154
11610.0 2606383.1963460073
11620.0 2750894.7166137276
11630.0 2729248.16955603
11640.0 2659862.922488181
11650.0 2728767.3124586004
11660.0 2777950.714777302
11670.0 2704550.636749359
11680.0 2702604.4648509026
11690.0 2638524.941359205
11700.0 2705632.415365768
11710.0 2694250.6373655573
11720.0 2691663.7248368487
11730.0 2697887.3134474447
11740.0 2682009.951975989
11750.0 2658194.133915305
11760.0 2685226.370405657
11770.0 2650604.791521062
11780.0 2581648.6573414737
11790.0 2663821.7259797575
11800.0 2653735.8345465334
11810.0 2624029.9459854467
11820.0 2631049.504348865
11830.0 2461749.070169268
11840.0 2616655.5395075865
11850.0 2635154.5107648
11860.0 2624507.7971916897
11870.0 2620033.0347303785
11880.0 2466434.880466352
11890.0 2584668.8440966327
11900.0 2607986.6555926614
11910.0 2614269.033257345
11920.0 2604941.41856763
11930.0 2612121.5150926257
11940.0 2594763.1713067833
11950.0 2578377.1930069416
11960.0 2564382.47715751
11970.0 2431758.3645595536
11980.0 2497563.286591455
11990.0 2487255.5364726074
12000.0 2562103.146503645
12010.0 2554415.4992092815
12020.0 2559038.1540503614
12030.0 2438081.2354948483
12040.0 2515290.5230964147
12050.0 2543088.9984960696
12060.0 2538648.089635223
12070.0 2527901.9870845494
12080.0 2353076.2274285294
12090.0 2493129.8590382617
12100.0 2467906.2567007802
12110.0 2507361.962442209
12120.0 2514094.967929648
12130.0 2509488.038438287
12140.0 2515563.3080561934
12150.0 2507330.418333411
12160.0 2511567.5915313456
12170.0 2489376.718610676
12180.0 2493977.2102324907
12190.0 2476511.944397406
12200.0 2461526.1355251567
12210.0 2462366.3665063144
12220.0 2477933.974098584
12230.0 2462558.828755384
12240.0 2464969.935067024
12250.0 2463445.167927049
12260.0 2454753.702026078
12270.0 2409519.721100462
12280.0 2449544.8296503075
12290.0 2453997.1095655607
12300.0 2445020.6621875353
12310.0 2440747.170603944
12320.0 2433757.7533438606
12330.0 2427304.232690633
12340.0 2389986.8756004917
12350.0 2418836.4919021428
12360.0 2368689.922309084
12370.0 2404806.0466359407
12380.0 2417245.533864542
12390.0 2401930.9440178033
12400.0 2376682.1084107277
12410.0 2388965.9212781936
12420.0 2361807.576529881
12430.0 2351465.153101365
12440.0 2392282.909320242
12450.0 2386705.0770532424
12460.0 2379280.5015752753
12470.0 2364843.0518734604
12480.0 2372391.2102404777
12490.0 2368186.655928991
12500.0 2393024.714475617
12510.0 2323446.9438080317
12520.0 2277515.6191490255
12530.0 2321453.666136002
12540.0 2349312.8366143415
12550.0 2347200.6219935874
12560.0 2311488.711638631
12570.0 3083957.6410654644
12580.0 2316562.1839376297
12590.0 2330724.214460722
12600.0 2328432.4601013707
12610.0 2307790.759757324
12620.0 2311986.3378618667
12630.0 2317437.4629816245
12640.0 2269316.4558422435
12650.0 2286442.317786646
12660.0 2303813.0406651027
12670.0 2296040.0797584415
12680.0 2280643.2630904736
12690.0 2318228.302082876
12700.0 2287968.2191151176
12710.0 2269826.4829450347
12720.0 2288216.683383797
12730.0 2280617.747200645
12740.0 2254510.657607751
12750.0 2277996.574428017
12760.0 2273383.7264843476
12770.0 2268863.8498860337
12780.0 2263943.337900703
12790.0 2254227.272515268
12800.0 2249581.393152237
12810.0 2220225.5166979623
12820.0 2661538.946338745
12830.0 2212831.7872372908
12840.0 2233945.3246345324
12850.0 2226449.0714625632
12860.0 2236710.2976850616
12870.0 2228236.013477538
12880.0 2210191.528914032
12890.0 2225922.8477209145
12900.0 2161686.9558904087
12910.0 2195745.2389993435
12920.0 2199518.249744431
12930.0 2197196.0220121467
12940.0 2199119.1274575572
12950.0 2283108.109397637
12960.0 2190595.3933839533
12970.0 2173230.8860550644
12980.0 2165976.6996776396
12990.0 2185080.967688903
13000.0 2180191.6329737213
13010.0 2192953.464069984
13020.0 2179075.586934747
13030.0 2150607.9965307782
13040.0 2157257.9713304127
13050.0 2166000.104134811
13060.0 2147394.8555937745
13070.0 2162485.2750655534
13080.0 2158159.7259318084
13090.0 2152405.5134382453
13100.0 2131247.377715545
13110.0 2149294.1782681956
13120.0 2022143.4138226118
13130.0 2117730.7801704598
13140.0 2126979.5142474277
13150.0 2016789.7260279062
13160.0 2125623.875053548
13170.0 2130732.140436656
13180.0 2089701.6534502932
13190.0 2121500.120093884
13200.0 2103614.119027119
13210.0 2287663.1580486093
13220.0 2107612.254619312
13230.0 2114684.5887674754
13240.0 2112628.836510193
13250.0 2098514.25809215
13260.0 2090208.898269734
13270.0 2089229.6599010774
13280.0 2125664.7598223216
13290.0 2035436.3749812082
13300.0 2080516.0865118713
13310.0 2079519.979517165
13320.0 2015972.070679937
13330.0 2069630.7359596733
13340.0 2073004.9296552371
13350.0 2050277.0987267396
13360.0 2072684.029797811
13370.0 2061877.820502072
13380.0 2055780.254155751
13390.0 2018140.3928268668
13400.0 2043533.4811518611
13410.0 2053016.7606286597
13420.0 2037642.5603511352
13430.0 2043573.2479278804
13440.0 2047452.7885897402
13450.0 2035864.4415290223
13460.0 2030002.266764775
13470.0 2035171.0704877176
13480.0 2032038.8083391152
13490.0 2022242.1225486996
13500.0 2000178.4650767893
13510.0 2028124.3246650677
13520.0 2017272.3386638716
13530.0 2020929.5062309755
13540.0 2019657.0270165203
13550.0 1985485.2882701552
13560.0 1991986.0574305404
13570.0 1984225.1308097914
13580.0 2006029.8475981895
13590.0 1991071.1304162564
13600.0 1976019.871905694
13610.0 1999579.885427808
13620.0 1992421.7685424061
13630.0 1961676.3259685654
13640.0 1962664.918977246
13650.0 1978821.815204504
13660.0 1979894.5984075186
13670.0 1958989.3052680856
13680.0 1945323.2430915905
13690.0 1964007.569088128
13700.0 1958302.5686109008
13710.0 1957573.0551812998
13720.0 1940928.6717630448
13730.0 1924699.9755562835
13740.0 1950723.0943079048
13750.0 2037740.8953566307
13760.0 1917725.264757445
13770.0 1946699.3219591149
13780.0 1943836.2208932918
13790.0 1941772.942751682
13800.0 1941571.7618399598
13810.0 1936137.2969012642
13820.0 1911947.2355779766
13830.0 1927444.381414277
13840.0 1931888.9964662064
13850.0 1894577.702100599
13860.0 1895810.914430713
13870.0 1914725.5228577824
13880.0 1916631.4479074883
13890.0 1913192.5663072667
13900.0 1879093.0940355412
13910.0 1907553.2898532217
13920.0 1904554.9102128942
13930.0 1904385.5638402887
13940.0 1896054.1401870637
13950.0 1879941.1499697384
13960.0 1893195.008202395
13970.0 1888159.1659284313
13980.0 1883461.241025115
13990.0 1876850.5334739466
14000.0 1834750.139373093
14010.0 1854971.9776505963
14020.0 1882294.8075852925
14030.0 1859813.9397687018
14040.0 1866005.7264101182
14050.0 1875616.7346540866
14060.0 1848567.3778930095
14070.0 1839529.929375345
14080.0 1834799.3598736704
14090.0 1847156.5328892483
14100.0 1835650.3377611372
14110.0 1823542.4751119989
14120.0 1791641.061430858
14130.0 1783620.2984424073
14140.0 1825799.462297244
14150.0 1826981.023985756
14160.0 1798624.0703481361
14170.0 1818976.3471332986
14180.0 1793997.0980597641
14190.0 1804979.0017895987
14200.0 1792369.9469273076
14210.0 1781947.9840750955
14220.0 1781192.8376758578
14230.0 1796964.0241362192
14240.0 1736031.160828202
14250.0 1754158.3893086554
14260.0 1744521.0725977172
14270.0 1746210.2514913674
14280.0 1775742.3902438108
14290.0 1697721.973438912
14300.0 1778934.009852671
14310.0 1747692.8850509892
14320.0 1769836.8842614328
14330.0 1790582.2277371862
14340.0 1770772.6975525073
14350.0 1765759.8424722697
14360.0 1779485.9039833327
14370.0 1764076.287948355
14380.0 1778389.3424028568
14390.0 1763967.264231172
14400.0 1662769.910163729
14410.0 1753144.8428020999
14420.0 1722208.219122896
14430.0 1732418.7977006566
14440.0 1685488.2308349255
14450.0 1751227.8031469637
14460.0 1692854.0574709065
14470.0 1735879.8047163375
14480.0 1689819.5543240223
14490.0 1712225.5430530463
14500.0 1680488.9562736615
14510.0 1643988.363301491
14520.0 1703125.9056087146
14530.0 1699310.9628546098
14540.0 1672465.8983422648
14550.0 1669300.0790395604
14560.0 1679168.1410582534
14570.0 1667229.3391974845
14580.0 1699915.587180128
14590.0 1675105.7783677715
14600.0 1654662.38721205
14610.0 1690948.044928919
14620.0 1670026.3895231974
14630.0 1670120.1260302868
14640.0 1680344.3527030244
14650.0 1576028.676730941
14660.0 1672928.8391510532
14670.0 1678491.2942564436
14680.0 1657133.9388862322
14690.0 1663519.610870469
14700.0 1619421.453113746
14710.0 1644564.6814702558
14720.0 1617069.6220993823
14730.0 1664856.4202229967
14740.0 1663776.9971349244
14750.0 1589673.0716956514
14760.0 1661015.6176276575
14770.0 1634441.483739295
14780.0 1635991.3900018095
14790.0 1660387.2872339492
14800.0 1644435.9466390298
14810.0 1623094.4506474822
14820.0 1643568.4886684595
14830.0 1585650.0218078392
14840.0 1627153.9882908424
14850.0 1633414.7532860527
14860.0 1607962.700292813
14870.0 1557737.847617765
14880.0 1382410.6066716984
14890.0 1627462.5482744286
14900.0 1593937.3714420386
14910.0 1595792.8877706286
14920.0 1630890.0035544704
14930.0 1624512.4556419272
14940.0 1621485.6554582254
14950.0 1616750.7001709943
14960.0 1573282.7528533023
14970.0 1599179.187391407
14980.0 1584063.1372173708
14990.0 1602929.2204980408
15000.0 1604227.857743006
15010.0 1574584.9535510777
15020.0 1440243.973445506
15030.0 1465214.1268119575
15040.0 1408153.532270385
15050.0 1439331.1301952521
15060.0 1587071.7362363543
15070.0 1610541.2440174434
15080.0 1575049.408065726
15090.0 1604431.7317268015
15100.0 1572655.1246560337
15110.0 1613330.8959936146
15120.0 1571866.0657082838
15130.0 1607697.604148706
15140.0 1567249.6752572577
15150.0 1614790.992970177
15160.0 1556695.2820950435
15170.0 1605054.3182996572
15180.0 1579401.6617584885
15190.0 1593275.9193650167
15200.0 1569293.5535256513
15210.0 1545429.115041412
15220.0 1516995.3519223966
15230.0 1561136.0665001567
15240.0 1549099.2880223927
15250.0 1564323.2652388196
15260.0 1537915.3259473261
15270.0 1570136.460263682
15280.0 1551493.5051772362
15290.0 1473982.9738839022
15300.0 1526440.3535293587
15310.0 1553452.556645549
15320.0 1532008.0784825888
15330.0 1534941.8157363716
15340.0 1505147.473168549
15350.0 1642911.2410809821
15360.0 1537469.6797989854
15370.0 1549566.1398719912
15380.0 1500176.9019491242
15390.0 1499366.6635309334
15400.0 1493210.6774693232
15410.0 1537030.338680933
15420.0 1512889.367158466
15430.0 1524057.8334952397
15440.0 1532443.1352207311
15450.0 1526770.409535956
15460.0 1518385.6863500094
15470.0 1517013.5688840868
15480.0 1506126.952241195
15490.0 1501459.8031025713
15500.0 1491230.2385015325
15510.0 1501639.4409266198
15520.0 1509375.2392138536
15530.0 1474652.1513713282
15540.0 1465490.649969655
15550.0 1498730.91511874
15560.0 1461126.0312883505
15570.0 1480763.6669629412
15580.0 1500700.720075793
15590.0 1424012.7397809506
15600.0 1490864.2144232327
15610.0 1491586.061583131
15620.0 1433860.5327263805
15630.0 1446885.4022050537
15640.0 1473662.3993438436
15650.0 1466212.1021334794
15660.0 1438203.0430903637
15670.0 1447249.0674657607
15680.0 1448557.673963837
15690.0 1416519.3153054484
15700.0 1465508.8734370288
15710.0 1468824.9637875615
15720.0 1427223.2942034563
15730.0 1467384.6491491625
15740.0 1362134.1991126619
15750.0 1334830.916515781
15760.0 1404787.9809086341
15770.0 1243474.9560151373
15780.0 1450556.5253426956
15790.0 1436334.7407680373
15800.0 1440074.8437714423
15810.0 1451588.4562679555
15820.0 1341531.1670954549
15830.0 1423971.5018398499
15840.0 1423751.9082303972
15850.0 1435794.617683947
15860.0 1416379.0207173135
15870.0 1395266.5312243754
15880.0 1366402.4578502683
15890.0 1288381.1069369894
15900.0 1365314.2071600673
15910.0 1351093.5075737059
15920.0 1413960.8119919626
15930.0 1411350.856845541
15940.0 1406194.7465702482
15950.0 1395128.8292103747
15960.0 1319866.939561743
15970.0 1470356.0851991638
15980.0 1375606.239152457
15990.0 1413339.44832953
16000.0 1404730.4586105966
16010.0 1347484.5759670278
16020.0 1402281.7451605732
16030.0 1411178.1739977011
16040.0 1348378.3604756538
16050.0 1399190.5459216419
16060.0 1353807.7217362174
16070.0 1374855.8793442857
16080.0 1394148.805230821
16090.0 1349489.5693588243
16100.0 1321184.8854638184
16110.0 1378053.147757569
16120.0 1367405.3785510128
16130.0 1377655.0422315202
16140.0 1357561.6832975694
16150.0 1325619.321839221
16160.0 1290589.5113451483
16170.0 1367405.2959155864
16180.0 1349978.1122828596
16190.0 1338998.3784626503
16200.0 1267617.4778725246
16210.0 1338393.1258712653
16220.0 1356154.9817480063
16230.0 1331681.8355581316
16240.0 1327669.84294723
16250.0 1358693.5221176695
16260.0 1360002.5912496638
16270.0 1362745.4105940536
16280.0 1359390.2151249277
16290.0 1342858.2017863088
16300.0 1346641.094855904
16310.0 1339912.7133334598
16320.0 1304150.447130461
16330.0 1331143.5935779987
16340.0 1349207.5231834361
16350.0 1336364.1895529637
16360.0 1303169.910702751
16370.0 1312154.6781527686
16380.0 1262418.8107011823
16390.0 1293496.7046562184
16400.0 1260705.1481673317
16410.0 1277131.8389190868
16420.0 1312036.1403704393
16430.0 1312506.604684152
16440.0 1262169.3218892564
16450.0 1297549.3419132289
16460.0 1897185.1234148813
16470.0 1288801.6565649654
16480.0 1306452.3036285131
16490.0 1244862.7830252666
16500.0 1311932.9634217932
16510.0 1298068.0996740283
16520.0 1276745.9786003458
16530.0 1297595.4597102646
16540.0 1264056.405910557
16550.0 1278007.1138014088
16560.0 1258946.300397674
16570.0 1287189.6057721153
16580.0 1278620.6707296772
16590.0 1267608.4414608555
16600.0 1285724.9917748487
16610.0 1267817.83045232
16620.0 1292288.14263182
16630.0 1245405.7584873312
16640.0 1256633.4195227867
16650.0 1216191.7086804057
16660.0 1259148.236283073
16670.0 1229944.963250686
16680.0 1230208.2030202528
16690.0 1258237.9927858459
16700.0 1261699.8411867828
16710.0 1239832.178640843
16720.0 1182360.7836932302
16730.0 1247268.8472416592
16740.0 1244056.624727843
16750.0 1154484.934452188
16760.0 1206272.0428620463
16770.0 1243190.302052651
16780.0 1230524.8136627919
16790.0 1303073.8281342075
16800.0 1205554.8186124063
16810.0 1194119.2276413485
16820.0 1171996.6032223282
16830.0 1210396.9445790618
16840.0 1211937.517700449
16850.0 1223037.3467031904
16860.0 1192387.8290819784
16870.0 1199646.26325503
16880.0 1208058.7424865495
16890.0 1190982.4288610145
16900.0 1176753.9041048172
16910.0 1206074.4771128383
16920.0 1209867.1006154888
16930.0 1198274.9912973656
16940.0 1207120.4693637998
16950.0 1199505.668937341
16960.0 1197563.324770678
16970.0 1174245.9850939591
16980.0 1183672.1466667901
16990.0 1173398.6628619127
17000.0 1150345.0178430413
17010.0 1129969.1768098301
17020.0 1170697.0417576127
17030.0 1171581.215314801
17040.0 1181605.90961615
17050.0 1179346.9879670483
17060.0 1164036.4435382024
17070.0 1153995.2009215285
17080.0 1167433.0294417185
17090.0 1156262.3181075822
17100.0 1144629.2039815618
17110.0 1016387.5067395483
17120.0 1149265.4525376568
17130.0 1171666.5911709364
17140.0 1156845.18383737
17150.0 1154297.0837518242
17160.0 1131555.4105022373
17170.0 1151201.035899469
17180.0 1146171.9723116586
17190.0 1143788.113901298
17200.0 1129906.0148305811
17210.0 1135048.945095531
17220.0 1129238.4409847325
17230.0 1077997.8052401864
17240.0 1132573.6285599049
17250.0 1124588.4183129468
17260.0 1129211.8966610904
17270.0 1115312.7526982846
17280.0 1109231.3609957276
17290.0 1117915.0925408578
17300.0 1097453.4905171902
17310.0 1112301.21480738
17320.0 1100561.9466786494
17330.0 1034980.6545685079
17340.0 1077091.887297079
17350.0 1089671.448139842
17360.0 1058751.159799078
17370.0 1077534.0979257675
17380.0 1087120.1784610315
17390.0 1102761.3263565442
17400.0 1088913.5881453864
17410.0 1047662.8955808869
17420.0 1080504.713697419
17430.0 1085043.9405575488
17440.0 1092958.412183972
17450.0 1077986.4083707018
17460.0 1075177.559410356
17470.0 1031514.7084885136
17480.0 1096122.2659664745
17490.0 1082221.854071906
17500.0 1065670.6349414382
17510.0 1065017.0773763086
17520.0 1073834.8995412271
17530.0 1071722.9493528523
17540.0 1067414.1338117905
17550.0 1058471.6387554924
17560.0 1061265.486025251
17570.0 1066571.060039549
17580.0 1055417.1500046835
17590.0 1062071.9211945278
17600.0 1049773.3383890132
17610.0 1041143.6033443562
17620.0 1007093.7779158617
17630.0 1053729.0156121734
17640.0 1018398.6926800858
17650.0 1051795.6001409618
17660.0 1027663.092200289
17670.0 1038358.5473094395
17680.0 1003625.6044949052
17690.0 1038204.9395692499
17700.0 1027919.396327239
17710.0 1016342.9468543128
17720.0 992722.1989465664
17730.0 1026510.9901765995
17740.0 1021769.6227852553
17750.0 1016371.8561687768
17760.0 1006952.0017916604
17770.0 997543.253546119
17780.0 1015926.988906502
17790.0 1016558.0794695481
17800.0 1017214.8731716464
17810.0 1013667.6257306418
17820.0 1008202.7265221431
17830.0 1012005.0271992648
17840.0 996347.3829811362
17850.0 993482.428247653
17860.0 993810.1418582433
17870.0 1001670.5793036359
17880.0 1007122.6666303684
17890.0 1005646.0811803214
17900.0 1004199.8159141466
17910.0 999089.6619073236
17920.0 994171.1682334285
17930.0 970135.0356808719
17940.0 969494.4836209086
17950.0 995712.6062009828
17960.0 991776.8663638625
17970.0 984728.2253409127
17980.0 980646.6919204644
17990.0 983918.2108553784
18000.0 975906.0566613832
18010.0 1045124.0564183639
18020.0 971497.1011881486
18030.0 953121.1146836877
18040.0 971218.8703964032
18050.0 962014.6136241509
18060.0 968694.6910234608
18070.0 965705.0763596824
18080.0 949523.055308501
18090.0 961216.8419631097
18100.0 1052750.7877010074
18110.0 950411.3962305892
18120.0 955023.0120078418
18130.0 958685.6823341559
18140.0 952162.3118340787
18150.0 939036.7242209979
18160.0 922141.9604515135
18170.0 904051.2745573666
18180.0 914018.3150353294
18190.0 964097.3307619744
18200.0 943425.373371803
18210.0 945409.2937763177
18220.0 921875.0122187235
18230.0 934995.9110284906
18240.0 940521.075883749
18250.0 938459.910700832
18260.0 938502.565872726
18270.0 935253.8346324365
18280.0 915616.6957668331
18290.0 929491.8519428512
18300.0 920261.6958949103
18310.0 929437.2749964849
18320.0 918907.7447308283
18330.0 930013.5311715889
18340.0 918065.1667223694
18350.0 916113.4996074692
18360.0 913917.0882691441
18370.0 879269.3951376418
18380.0 907070.4816508805
18390.0 907985.8567006243
18400.0 903000.6044583598
18410.0 884668.2172174536
18420.0 864169.4369562408
18430.0 895726.3593522623
18440.0 900743.167666998
18450.0 897348.9363628863
18460.0 899973.8548311144
18470.0 871680.4822633095
18480.0 900318.7678087808
18490.0 897522.6770343856
18500.0 896388.7240109392
18510.0 895864.419321557
18520.0 876544.1868034927
18530.0 882083.7708330431
18540.0 891215.2341055728
18550.0 860938.485790205
18560.0 877507.2327706886
18570.0 888012.334137059
18580.0 853391.5780029692
18590.0 881499.8538782054
18600.0 881262.6163177676
18610.0 873024.9150983704
18620.0 871840.8455741019
18630.0 868787.5797030245
18640.0 869568.0961610998
18650.0 944057.8411297868
18660.0 848360.9032809259
18670.0 870219.8817148018
18680.0 859159.1415051171
18690.0 864310.8528555483
18700.0 863257.0168217947
18710.0 855223.4396335823
18720.0 827596.1465771869
18730.0 852428.1394834393
18740.0 1526069.332442919
18750.0 770658.077065767
18760.0 826004.1406910998
18770.0 822432.2854098434
18780.0 847836.2465121486
18790.0 843811.311989754
18800.0 850457.3481967838
18810.0 850638.480607342
18820.0 840768.1934296764
18830.0 846642.6883986036
18840.0 840260.0201313857
18850.0 836111.6217963482
18860.0 800530.3630229549
18870.0 835496.3949045937
18880.0 814593.4925727622
18890.0 819178.5700919295
18900.0 790222.1714471872
18910.0 807526.6460529005
18920.0 802834.9958023395
18930.0 808038.1702134487
18940.0 814424.3490465552
18950.0 821200.7269903118
18960.0 809563.1478596255
18970.0 805551.709129195
18980.0 821980.1504738732
18990.0 796717.5776680777
19000.0 815348.9472757328
19010.0 817426.624834442
19020.0 817732.4993440981
19030.0 799405.8301966281
19040.0 811092.576080868
19050.0 799334.830813068
19060.0 811886.2946803314
19070.0 813153.1025287912
19080.0 798022.1391309935
19090.0 809035.0335381588
19100.0 804985.9739926269
19110.0 782634.0152870099
19120.0 791337.7944832614
19130.0 802826.1666159069
19140.0 794185.3034226801
19150.0 798323.3628959527
19160.0 793659.70877644
19170.0 794977.6508706139
19180.0 795045.004405245
19190.0 767705.6894854307
19200.0 779429.741905197
19210.0 781303.0588669003
19220.0 786649.1204039865
19230.0 789881.8483758761
19240.0 788246.7910637127
19250.0 779933.842610331
19260.0 773496.9137116538
19270.0 774256.0420470652
19280.0 770131.0171432556
19290.0 779981.6671714269
19300.0 776096.8809564342
19310.0 738229.265956517
19320.0 775494.4751381865
19330.0 774226.7495982219
19340.0 748441.4189770068
19350.0 772577.2962429204
19360.0 773955.689975684
19370.0 772955.9837352585
19380.0 768491.1784616794
19390.0 745310.3882962058
19400.0 758516.7553590967
19410.0 799700.4081666755
19420.0 757995.9359819758
19430.0 712484.5096327285
19440.0 728340.7880521836
19450.0 676711.448392676
19460.0 740599.8498406225
19470.0 741159.6566132687
19480.0 739840.7225130887
19490.0 726537.4156401359
19500.0 744426.3749910219
19510.0 698651.5830667245
19520.0 750971.6950480929
19530.0 742598.257177762
19540.0 736108.3037005584
19550.0 747882.9890255496
19560.0 746811.8970220933
19570.0 743824.2672882227
19580.0 734339.6248931186
19590.0 733423.1122691436
19600.0 731614.8387357239
19610.0 728004.0716520636
19620.0 730703.8120293391
19630.0 715284.5515091021
19640.0 723477.9241587813
19650.0 736009.595250146
19660.0 733580.3197160262
19670.0 732238.7567299013
19680.0 730258.6295760727
19690.0 728980.1138450578
19700.0 728790.7837259962
19710.0 725034.9272134536
19720.0 689159.5522246908
19730.0 707291.779757563
19740.0 717088.1677421422
19750.0 718978.2378930978
19760.0 718225.8448361702
19770.0 710986.5965126328
19780.0 652143.1260240655
19790.0 700050.6997421982
19800.0 714159.2441314965
19810.0 711569.1514677859
19820.0 709624.5182109835
19830.0 712729.6674210759
19840.0 711880.6857041467
19850.0 665842.9175843471
19860.0 667348.5653683571
19870.0 703021.4303066912
19880.0 702807.1363794194
19890.0 705622.9374893142
19900.0 703160.2965518031
19910.0 700591.1782252348
19920.0 688024.516811697
19930.0 663335.5234191767
19940.0 696293.7903542783
19950.0 692940.8635337455
19960.0 680254.5274751756
19970.0 674704.6500023765
19980.0 690919.5831422538
19990.0 692799.781613466
20010.0 689053.2259807435
20020.0 677267.4539385092
20030.0 681754.3390481267
20040.0 683198.3066023678
20050.0 670833.1131612787
20060.0 681868.8624673059
20070.0 677781.3324796547
20080.0 679791.785087936
20090.0 672766.6029011942
20100.0 679891.992209746
20110.0 678509.1734269328
20120.0 678474.2043247888
20130.0 674584.4127150784
20140.0 668882.4474070907
20150.0 673529.5150545868
20160.0 673386.7667355319
20170.0 669448.580634908
20180.0 671106.3062801843
20190.0 664657.9178115749
20200.0 661951.1103899889
20210.0 647461.8964116441
20220.0 663352.9716846705
20230.0 655539.0411612627
20240.0 654763.5811739664
20250.0 661476.4072238931
20260.0 654144.1043017436
20270.0 655184.7273788226
20280.0 652311.5383080384
20290.0 654962.6834407053
20300.0 628247.0150237827
20310.0 656926.0133688867
20320.0 654470.7025116319
20330.0 652142.6625263954
20340.0 637163.4894011654
20350.0 643984.4815335107
20360.0 647839.7394006937
20370.0 645648.8880124689
20380.0 624798.9878605772
20390.0 648085.5678481837
20400.0 641135.164326912
20410.0 632844.1141358417
20420.0 642908.1642446958
20430.0 643915.9882505549
20440.0 642342.7859122771
20450.0 639117.2592149862
20460.0 640767.4444911004
20470.0 634793.5676574386
20480.0 639286.1905669553
20490.0 638318.6616882614
20500.0 636693.8849341804
20510.0 633746.6802744342
20520.0 622318.9081244904
20530.0 631501.7248931255
20540.0 626083.6339948395
20550.0 630013.1520453558
20560.0 628551.6420134924
20570.0 626502.6902316177
20580.0 625891.1010852754
20590.0 616215.8916820737
20600.0 599430.9264647989
20610.0 656197.2971854669
20620.0 619735.4801258049
20630.0 560816.5653745901
20640.0 615999.9478339045
20650.0 619408.1206603209
20660.0 617399.6123606927
20670.0 604253.5641257961
20680.0 609544.3094719072
20690.0 612322.5171511539
20700.0 593595.4892189421
20710.0 607091.7114438347
20720.0 604281.0148027206
20730.0 610198.0090072425
20740.0 603357.7073595993
20750.0 608727.2417698378
20760.0 599418.732917673
20770.0 596463.9973635883
20780.0 605492.6809927283
20790.0 604391.7965444522
20800.0 597614.1576692831
20810.0 603542.1885754184
20820.0 600502.0641973241
20830.0 587186.4545213371
20840.0 584678.889409842
20850.0 596542.7332104642
20860.0 598527.5751481005
20870.0 594897.3616504339
20880.0 592951.7882556382
20890.0 592962.8844160218
20900.0 594009.8476739511
20910.0 591045.2709215397
20920.0 565433.7311834238
20930.0 588392.3195372247
20940.0 589702.5805197104
20950.0 588807.9463312003
20960.0 580568.738522178
20970.0 582180.4018936692
20980.0 585570.7547073662
20990.0 582778.2134087313
21000.0 587702.8521379211
21010.0 578848.0343352258
21020.0 579313.0806817124
21030.0 584588.5696963731
21040.0 582494.9872933229
21050.0 582558.0845721245
21060.0 577617.5523134635
21070.0 572575.1577645005
21080.0 575583.5512262151
21090.0 560788.13222714
21100.0 575373.560401959
21110.0 572811.9419316725
21120.0 572034.0369485391
21130.0 575910.6599700962
21140.0 569835.508390398
21150.0 571562.8997868667
21160.0 547370.7795287669
21170.0 566327.9292650706
21180.0 565052.5170746549
21190.0 553451.8415327079
21200.0 561499.0845255405
21210.0 561342.2590967256
21220.0 559974.5743389708
21230.0 549391.439911663
21240.0 555935.0639679157
21250.0 562213.8160198089
21260.0 556979.5936247834
21270.0 559297.9197835055
21280.0 558117.8845153985
21290.0 558920.5338500866
21300.0 558376.1305480052
21310.0 558511.5435313915
21320.0 553660.3625168909
21330.0 556311.2432511428
21340.0 553709.6723880422
21350.0 536977.1476973579
21360.0 551275.0427704398
21370.0 553820.3805377453
21380.0 552146.6100537463
21390.0 550370.3596549539
21400.0 550485.4548237651
21410.0 550329.0914770002
21420.0 550236.2492740067
21430.0 543952.484887884
21440.0 545040.4271717657
21450.0 542394.0606800327
21460.0 540795.9765339791
21470.0 545059.9574615841
21480.0 543590.3913859365
21490.0 540262.4184582164
21500.0 542687.2259372277
21510.0 541749.751744017
21520.0 537931.4638935814
21530.0 536915.4369641255
21540.0 535907.7841582923
21550.0 537206.6069804896
21560.0 537329.9782052567
21570.0 536024.5163240354
21580.0 535508.8482894447
21590.0 530538.7263333431
21600.0 533036.2219489124
21610.0 528754.3845502641
21620.0 529297.1207914168
21630.0 527256.9916178745
21640.0 521039.3565377471
21650.0 503291.0946437481
21660.0 503020.652627959
21670.0 564655.5994782329
21680.0 520641.56290786364
21690.0 520302.0195890985
21700.0 520296.03202729503
21710.0 520213.0423777553
21720.0 521237.78455325373
21730.0 521292.1518999017
21740.0 516097.7842664382
21750.0 516875.3749988802
21760.0 509358.26379489264
21770.0 515965.0371570423
21780.0 488097.9663113542
21790.0 512605.1263604022
21800.0 516725.2116130697
21810.0 515186.8118719272
21820.0 496323.27416165004
21830.0 513088.9127000992
21840.0 513128.025370212
21850.0 511556.3003381574
21860.0 510683.0903641631
21870.0 504849.4019509268
21880.0 486956.5084254347
21890.0 510145.1852257664
21900.0 500777.2392701169
21910.0 507160.14288408984
21920.0 507481.93110246037
21930.0 505774.0136418526
21940.0 500136.861844253
21950.0 503736.5873921007
21960.0 503870.2395103192
21970.0 502239.0226035149
21980.0 501838.5995640272
21990.0 500040.86540141096
22000.0 497153.9943484488
22010.0 498263.6579908704
22020.0 498221.7647810191
22030.0 495553.5875366552
22040.0 493537.03932036157
22050.0 492997.2331566866
22060.0 459635.6987432725
22070.0 487648.4404845331
22080.0 484287.9209324873
22090.0 492277.0623935305
22100.0 491031.7462096417
22110.0 488930.7483475029
22120.0 491359.46330488106
22130.0 490512.8650717479
22140.0 489901.0734470977
22150.0 488708.2860113471
22160.0 485059.2058080484
22170.0 485263.39871228207
22180.0 486162.16509482486
22190.0 486398.2868532477
22200.0 485359.43646816706
22210.0 482140.35741773655
22220.0 485235.3891472495
22230.0 480755.96645010164
22240.0 482039.4780851259
22250.0 482080.5074074421
22260.0 469131.96288466704
22270.0 476651.27559425496
22280.0 473949.5658769731
22290.0 478898.91505563934
22300.0 474547.47817800153
22310.0 475203.6587971444
22320.0 476552.29683818156
22330.0 476688.8285366167
22340.0 474596.67946798634
22350.0 474124.87294665957
22360.0 474324.5837878084
22370.0 472974.6244895506
22380.0 461783.71788700577
22390.0 465141.0706722676
22400.0 471414.8819379479
22410.0 469500.76291301823
22420.0 464137.8783985502
22430.0 468283.49966146564
22440.0 465875.36388714926
22450.0 466403.9667126072
22460.0 465640.94841763086
22470.0 453492.3126113456
22480.0 461957.10413300246
22490.0 461231.92373867845
22500.0 461493.309764914
22510.0 458122.81355363457
22520.0 457330.4677329684
22530.0 455766.83468434797
22540.0 440807.59490476723
22550.0 453236.611589781
22560.0 453555.24705498986
22570.0 452527.215800287
22580.0 453103.71548385464
22590.0 452814.73351571197
22600.0 452071.39611524064
22610.0 445128.3854186821
22620.0 435259.0871726278
22630.0 445709.89729402796
22640.0 448579.216690151
22650.0 440058.4389904381
22660.0 447689.4511185221
22670.0 446356.9810050184
22680.0 446423.63217661285
22690.0 444901.9112238393
22700.0 444674.551759721
22710.0 439935.9002411363
22720.0 443806.0975092649
22730.0 442976.0190617118
22740.0 436005.817015635
22750.0 440197.10639961285
22760.0 439172.87463042344
22770.0 440716.40809047536
22780.0 439092.750145387
22790.0 437021.51524288754
22800.0 433853.53977764223
22810.0 405361.4546602621
22820.0 430062.2777356801
22830.0 433545.0331160684
22840.0 435929.9161289858
22850.0 433712.5948410909
22860.0 431793.16180757375
22870.0 433226.0148921381
22880.0 433022.9074408402
22890.0 432440.2851238605
22900.0 432878.3993720265
22910.0 429495.7116429648
22920.0 430865.28761438886
22930.0 389569.02747358585
22940.0 399086.39878218324
22950.0 412006.59741857986
22960.0 404608.5034207309
22970.0 409210.7551258098
22980.0 412806.5613046627
22990.0 415761.4357568517
23000.0 417734.36604371126
23010.0 415335.8285823995
23020.0 416693.39645763
23030.0 416879.28384335863
23040.0 415359.1157219552
23050.0 414820.2955715723
23060.0 415637.49704067025
23070.0 414846.9576715022
23080.0 415948.4741752328
23090.0 413702.34636222554
23100.0 418387.5941199678
23110.0 412832.4913608683
23120.0 412743.952528483
23130.0 412930.2044471002
23140.0 405978.15590690286
23150.0 413739.74002590496
23160.0 406170.52958311606
23170.0 409245.25818886736
23180.0 408234.3469019891
23190.0 410389.972848985
23200.0 408770.16544402624
23210.0 408036.15602922253
23220.0 375931.1917121259
23230.0 373793.4902626591
23240.0 389767.9011613566
23250.0 387027.9982560086
23260.0 393384.9069432701
23270.0 391502.5559862448
23280.0 395956.3287605709
23290.0 399070.2155391312
23300.0 388035.1084933224
23310.0 392840.43554330186
23320.0 398479.7701301234
23330.0 393201.15198897605
23340.0 399145.5269795066
23350.0 387976.46241484414
23360.0 395696.38205916586
23370.0 392200.64575848466
23380.0 385807.82429140655
23390.0 397362.74054986023
23400.0 393012.9289197695
23410.0 391858.1430306833
23420.0 393552.40182335465
23430.0 393313.53395644895
23440.0 394969.35107428243
23450.0 389598.56410296005
23460.0 391070.4622676817
23470.0 395394.2918000263
23480.0 387776.94907138066
23490.0 389398.63237934175
23500.0 392363.1199539825
23510.0 386916.8066153779
23520.0 347089.7893392034
23530.0 360568.6520571987
23540.0 370960.1925390553
23550.0 369609.9064933057
23560.0 374561.8912168178
23570.0 372574.1762562407
23580.0 375578.29312358086
23590.0 376515.9636372322
23600.0 379369.3111513981
23610.0 376945.55488288775
23620.0 374604.6833344612
23630.0 380123.9169603192
23640.0 376288.1562961851
23650.0 376926.58362768195
23660.0 375644.2868585034
23670.0 376781.31314621784
23680.0 375030.08854000445
23690.0 375299.2892590377
23700.0 377706.5044148868
23710.0 376698.8695841292
23720.0 368192.4824982194
23730.0 368460.6425904089
23740.0 362185.98679814284
23750.0 370640.5937602633
23760.0 372757.2393936039
23770.0 374989.21916149283
23780.0 373079.39472749754
23790.0 373158.0750137428
23800.0 370663.8286785085
23810.0 374729.05844369426
23820.0 355151.26113350806
23830.0 335692.6367937001
23840.0 344917.9517902894
23850.0 350234.67703486653
23860.0 344524.41051631863
23870.0 355598.065088713
23880.0 366245.57061991957
23890.0 356300.5401535142
23900.0 357349.92034332035
23910.0 363171.0360287278
23920.0 352076.99314570625
23930.0 365312.68666575674
23940.0 357018.6620707419
23950.0 361922.7602650444
23960.0 361125.156684001
23970.0 355881.57528702135
23980.0 360585.85426290566
23990.0 367080.7431391891
24000.0 350169.91042244463
24010.0 361711.4574787724
24020.0 356921.65835717967
24030.0 361490.43142826855
24040.0 358152.7638137279
24050.0 354667.60384999675
24060.0 360966.52516680607
24070.0 361595.7853805062
24080.0 353555.8938575763
24090.0 358931.3327631354
24100.0 355625.17491494806
24110.0 356297.41515231197
24120.0 359201.67335977906
24130.0 346915.9309880042
24140.0 321133.95417020406
24150.0 330455.72622109426
24160.0 332268.3239375353
24170.0 345955.09885144007
24180.0 343957.801113684
24190.0 340414.4264587682
24200.0 350507.2942953122
24210.0 346264.50219025475
24220.0 347320.4912333777
24230.0 342715.4793073814
24240.0 347290.2905147689
24250.0 342973.9198266532
24260.0 344720.9998331818
24270.0 346545.38584607304
24280.0 340036.235294627
24290.0 349205.2857401462
24300.0 346290.40234340116
24310.0 343364.7087633917
24320.0 348941.96528922976
24330.0 337400.06301194103
24340.0 344923.2902576531
24350.0 339443.2220355501
24360.0 341930.774375983
24370.0 333237.89505930006
24380.0 342342.3635231918
24390.0 343141.4683639185
24400.0 336306.8416692275
24410.0 339480.3331170331
24420.0 339677.7245605084
24430.0 345200.9015152238
24440.0 329165.7194748073
24450.0 333118.41746306774
24460.0 313438.1633106819
24470.0 313275.4319891871
24480.0 330207.45518104476
24490.0 326029.8981790759
24500.0 321171.35977377393
24510.0 322615.0733106083
24520.0 325891.24393168784
24530.0 329696.40876377944
24540.0 324371.6240260353
24550.0 323228.51193914516
24560.0 316717.7234058527
24570.0 312967.1063133618
24580.0 332928.38585166394
24590.0 324381.37052718457
24600.0 331037.7894134811
24610.0 329115.0490515813
24620.0 326301.7947344534
24630.0 329160.87311582617
24640.0 324488.7173907118
24650.0 323770.2125494023
24660.0 329614.0546602682
24670.0 327383.1726835787
24680.0 321408.5571148179
24690.0 319670.1088077527
24700.0 318699.93949856394
24710.0 322860.6257614191
24720.0 323604.14960005425
24730.0 316723.0806932511
24740.0 325223.0116363609
24750.0 319239.9001063199
24760.0 317917.1466307075
24770.0 324749.0525265107
24780.0 307045.3913103378
24790.0 304806.041451066
24800.0 302302.3305711779
24810.0 311139.9413784733
24820.0 297567.78226194554
24830.0 308778.33525839954
24840.0 316237.4612749886
24850.0 312000.78065229504
24860.0 286153.24045982084
24870.0 308831.0455749711
24880.0 308668.76751008397
24890.0 314294.50762595783
24900.0 313645.362898344
24910.0 311685.83516099997
24920.0 311266.29364395
24930.0 316466.1585860442
24940.0 309402.0485769632
24950.0 310844.5679585128
24960.0 310186.49387664493
24970.0 312428.52389249054
24980.0 310441.86940552195
24990.0 310321.0081465758
