#lam[Angstrom] flux[erg/cm2/s/A]
1010.0 2.7648000114824303
1020.0 2.8628257259032197
1030.0 9.876591409011347
1040.0 3.893196089333655
1050.0 2.9315715899490296
1060.0 2.958073231450288
1070.0 3.123633455318874
1080.0 9.453043143706036
1090.0 9.630512570679642
1100.0 3.0872841214434574
1110.0 3.11203198366557
1120.0 3.2330212419565925
1130.0 3.1447399224272683
1140.0 3.4151973388888286
1150.0 3.2049014725183413
1160.0 3.2658403962364346
1170.0 3.271882748470021
1180.0 3.2859735005648925
1190.0 3.3059731987547365
1200.0 4.98491814987281
1210.0 4.436856978960259
1220.0 28.229142944752518
1230.0 4.083344148378287
1240.0 16.645623406518492
1250.0 5.797728313186861
1260.0 8.068063490203931
1270.0 8.288953469641738
1280.0 8.557915176639728
1290.0 9.236321388634574
1300.0 9.946500178167017
1310.0 10.938411643066186
1320.0 11.425533124932732
1330.0 11.61841087866233
1340.0 12.967194945031505
1350.0 12.479849173426159
1360.0 12.777444443295142
1370.0 12.966679340865031
1380.0 13.241616917456453
1390.0 30.317374270571896
1400.0 33.71526750971151
1410.0 24.924636778493966
1420.0 14.05989440733871
1430.0 13.806445142738102
1440.0 13.877305080890924
1450.0 13.969687236983912
1460.0 14.07969824002746
1470.0 14.18886019600943
1480.0 14.255803499256803
1490.0 22.374248621940787
1500.0 14.115018869207098
1510.0 14.0919620047489
1520.0 14.107653750722097
1530.0 14.742263258966284
1540.0 14.009602728016661
1550.0 198.89651603038502
1560.0 14.016158672375335
1570.0 13.958044569226217
1580.0 14.625103823619478
1590.0 13.945385869310718
1600.0 15.290050509476167
1610.0 13.91852531159712
1620.0 13.918211555341783
1630.0 13.838841967812092
1640.0 126.4960978045144
1650.0 13.727945210313646
1660.0 17.75956430212256
1670.0 24.171120458321393
1680.0 13.651062037030867
1690.0 13.607905045832206
1700.0 13.561697249478858
1710.0 13.519856106202653
1720.0 14.499559478445208
1730.0 13.59672136821382
1740.0 13.85712839907164
1750.0 20.530431211096456
1760.0 13.506481913798929
1770.0 13.517046987131897
1780.0 13.601083235829075
1790.0 14.550860459698656
1800.0 13.565389708734516
1810.0 16.666268260807286
1820.0 17.012454638608205
1830.0 13.319401075727457
1840.0 13.2836670458978
1850.0 14.362611410597312
1860.0 13.802542796937187
1870.0 13.333958294147084
1880.0 21.499069936857218
1890.0 27.045233371645924
1900.0 13.260675663739617
1910.0 86.46603582027625
1920.0 13.388477322412392
1930.0 13.77598391727825
1940.0 13.463248647274552
1950.0 13.572206099085644
1960.0 13.65849942147041
1970.0 13.993059260149806
1980.0 13.96675579488574
1990.0 14.084797512511276
2000.0 14.115549311543715
2010.0 14.257599008058603
2020.0 13.6763607004028
2030.0 13.510813618824983
2040.0 13.360239051909636
2050.0 13.27599767374189
2060.0 13.215444048963512
2070.0 15.721366680314876
2080.0 15.387136388354415
2090.0 19.209675445103002
2100.0 18.480552523116575
2110.0 18.869450921798787
2120.0 19.949040926184225
2130.0 20.94302760098458
2140.0 23.30247540607709
2150.0 20.018368318575924
2160.0 22.463010355980416
2170.0 23.90951914131154
2180.0 21.758020020085986
2190.0 29.833161406719945
2200.0 27.078087043286448
2210.0 32.386216560874516
2220.0 28.70270746528024
2230.0 38.2229228453403
2240.0 39.326164953901426
2250.0 57.247777905062726
2260.0 31.34335413209727
2270.0 45.63079131811812
2280.0 54.899239690268196
2290.0 59.92588596794426
2300.0 55.60632931548726
2310.0 64.56341077577694
2320.0 90.75666375483416
2330.0 102.74695725779827
2340.0 86.59083833032285
2350.0 63.767753298617585
2360.0 88.83587482547729
2370.0 72.47178699491776
2380.0 120.24881000690027
2390.0 101.15165091761511
2400.0 176.81030052807748
2410.0 186.6229651423406
2420.0 125.68956968017818
2430.0 241.28240714264442
2440.0 228.019187859119
2450.0 296.13875756588783
2460.0 233.37041407151105
2470.0 241.2461928320596
2480.0 274.982094813158
2490.0 158.54599905895503
2500.0 297.6483915318853
2510.0 280.7478846861806
2520.0 231.8427017839507
2530.0 411.85112113422633
2540.0 515.6757399839121
2550.0 677.1571702776914
2560.0 528.9934154174406
2570.0 613.8689632735992
2580.0 567.7550807625165
2590.0 500.8607989702707
2600.0 963.2065184349315
2610.0 743.5681084608331
2620.0 978.1584706093438
2630.0 1324.9242909824131
2640.0 1884.4517687934535
2650.0 1424.31408902929
2660.0 1767.3175004001573
2670.0 1405.5352450751325
2680.0 1817.899776179611
2690.0 1864.6979517877976
2700.0 1756.2992786948603
2710.0 2106.133096428519
2720.0 1243.939573695823
2730.0 1831.303828365124
2740.0 1787.1903844921014
2750.0 2240.488191881412
2760.0 2405.451390367733
2770.0 3170.821700920542
2780.0 2581.2001601232632
2790.0 3005.5644174272375
2800.0 2544.1294560722745
2810.0 3585.835677606998
2820.0 3865.8872203765072
2830.0 3166.7844249658447
2840.0 2893.4568855782954
2850.0 1505.009178956818
2860.0 2824.4876950385237
2870.0 3988.7236792480417
2880.0 4579.012822806933
2890.0 6329.621441782797
2900.0 7629.070151911444
2910.0 8176.857035776438
2920.0 10959.548862367725
2930.0 8559.525980682607
2940.0 6803.300496581411
2950.0 7385.356763169368
2960.0 9402.430227313438
2970.0 5370.938764240494
2980.0 7478.851653456305
2990.0 8280.453822980364
3000.0 6690.663797061851
3010.0 8380.494711951205
3020.0 6010.145999292008
3030.0 10545.444972745318
3040.0 10273.459616438433
3050.0 10745.033418445286
3060.0 12265.7070138763
3070.0 21421.572532437254
3080.0 14153.463898373459
3090.0 15827.532408510371
3100.0 16337.81828546347
3110.0 33353.20230401769
3120.0 46872.12743193078
3130.0 42711.33255510934
3140.0 53406.750647593995
3150.0 71421.2662745831
3160.0 51678.55598664696
3170.0 72675.99771935688
3180.0 56003.04750119806
3190.0 44588.03058078023
3200.0 52241.880485124515
3210.0 46398.668978850445
3220.0 43297.304754754325
3230.0 32711.41082754654
3240.0 51199.289223776505
3250.0 57962.53913318407
3260.0 130762.33132170344
3270.0 104637.77139504995
3280.0 99307.1539556559
3290.0 123490.14226743615
3300.0 170155.08259631819
3310.0 100081.91349303108
3320.0 91779.03120039961
3330.0 125432.94076478793
3340.0 81953.20209948886
3350.0 84161.28753759846
3360.0 74431.19441586218
3370.0 38211.93511358391
3380.0 69290.42849607179
3390.0 56043.98194612688
3400.0 96544.87236775736
3410.0 60685.81881416941
3420.0 64145.86680109239
3430.0 77107.47051012282
3440.0 34217.716945168424
3450.0 57542.36745009563
3460.0 53014.719127857585
3470.0 53495.13753851497
3480.0 79926.24324675946
3490.0 60873.99654877007
3500.0 94002.77624726795
3510.0 82943.71686495778
3520.0 60292.84948949342
3530.0 93355.17065326235
3540.0 163326.69853684746
3550.0 119708.36852874927
3560.0 90264.12985611048
3570.0 45546.61625187185
3580.0 38891.269418809985
3590.0 45112.90369980301
3600.0 76063.80231610418
3610.0 57203.87993606736
3620.0 69371.23671706203
3630.0 92120.28529529956
3640.0 102573.01152634084
3650.0 74803.94566100299
3660.0 202980.15373994154
3670.0 189891.03596866468
3680.0 114277.65262897847
3690.0 132003.40493872628
3700.0 172154.7891315064
3710.0 80631.92907722393
3720.0 49417.85680092507
3730.0 59456.449492513384
3740.0 47554.533929546145
3750.0 51526.753841166195
3760.0 76458.95709675916
3770.0 148829.87743013684
3780.0 208316.91607156853
3790.0 127961.93864319516
3800.0 145585.48381382375
3810.0 151118.39440772767
3820.0 62549.01463008046
3830.0 61443.317217957934
3840.0 93287.77503256651
3850.0 128481.86009898385
3860.0 62832.891273826615
3870.0 133827.52534647565
3880.0 106080.46723080969
3890.0 116477.7150682461
3900.0 98867.75777731232
3910.0 206339.43394178624
3920.0 130615.92661877583
3930.0 67170.42936715482
3940.0 100782.74713498
3950.0 177003.92224706348
3960.0 86836.27726985519
3970.0 103770.7426276085
3980.0 266379.82074883714
3990.0 352472.3390324324
4000.0 319421.0691797027
4010.0 384770.2759834722
4020.0 448935.8090257833
4030.0 196664.56603199054
4040.0 327050.67339902103
4050.0 337974.35196986067
4060.0 291663.14116084727
4070.0 268736.91230807576
4080.0 386503.79296291457
4090.0 688908.9078837163
4100.0 398548.23857381823
4110.0 431893.163332819
4120.0 480516.71405043924
4130.0 343117.67900926893
4140.0 368525.6430596827
4150.0 415755.97637368046
4160.0 525838.2751153251
4170.0 393180.8164335181
4180.0 464028.6682885867
4190.0 418155.5982517261
4200.0 268279.50851610134
4210.0 377234.73993293283
4220.0 173965.00264251875
4230.0 113920.19174253839
4240.0 319023.06696456164
4250.0 244540.81164680395
4260.0 330454.90980418934
4270.0 266608.1894163541
4280.0 318450.3496356982
4290.0 246111.80645554332
4300.0 296273.9362878888
4310.0 317145.9052415534
4320.0 484333.02839172375
4330.0 498494.2989769918
4340.0 604134.0296440773
4350.0 631153.3062871218
4360.0 805652.893748
4370.0 709299.9715032224
4380.0 354908.9865449388
4390.0 573526.6139207426
4400.0 592094.4460545192
4410.0 559837.8342209454
4420.0 637978.1949600474
4430.0 503143.3612111383
4440.0 633589.746260504
4450.0 594796.7497379958
4460.0 463088.81085062836
4470.0 752563.7324453351
4480.0 791114.8811378961
4490.0 851470.1325379985
4500.0 850952.0268183463
4510.0 1029095.6282334137
4520.0 916741.2914051887
4530.0 514639.9584614886
4540.0 795134.9342909721
4550.0 789190.259554335
4560.0 1003932.3418046185
4570.0 1044992.8045697684
4580.0 759836.9686389032
4590.0 830561.3442175252
4600.0 887259.4516242761
4610.0 990649.1389605978
4620.0 921204.987882853
4630.0 1005340.407021518
4640.0 988773.8671722537
4650.0 757140.3703783874
4660.0 1123232.6583251785
4670.0 1007813.0736386867
4680.0 1055288.5342975492
4690.0 1033519.0775284001
4700.0 1023369.5633050927
4710.0 1053485.1709450444
4720.0 1117396.5889382546
4730.0 1019689.6531906044
4740.0 982718.2455171823
4750.0 1092781.7839861633
4760.0 941508.956828096
4770.0 992663.6549530725
4780.0 1027343.8505723923
4790.0 909717.659431169
4800.0 862695.9335486662
4810.0 655736.3083926017
4820.0 827784.9882551868
4830.0 891047.6565018246
4840.0 940819.8445426687
4850.0 985570.454538164
4860.0 874567.082400874
4870.0 844978.0228246545
4880.0 875741.9391228794
4890.0 880390.5734188844
4900.0 1171991.9463620118
4910.0 1139853.0731219267
4920.0 895519.8921167903
4930.0 1173567.8768205787
4940.0 966804.8440106476
4950.0 1197772.142581829
4960.0 939993.1836562073
4970.0 1036131.7680926195
4980.0 820629.0235533463
4990.0 741721.7804730125
5000.0 788066.6383641926
5010.0 518749.1581102654
5020.0 738160.5033923278
5030.0 977473.7706611297
5040.0 617337.2056175171
5050.0 731111.9244926437
5060.0 789346.6042696021
5070.0 711375.9132124755
5080.0 593151.0342796348
5090.0 700258.0415620871
5100.0 748177.6984653241
5110.0 560590.0080018834
5120.0 652632.8994204834
5130.0 608293.5331050804
5140.0 613591.7067534734
5150.0 633003.790875401
5160.0 680934.1902907949
5170.0 370623.3192323579
5180.0 505557.6370365904
5190.0 556464.1518946827
5200.0 763742.7456686709
5210.0 497780.9689154007
5220.0 983269.8345148518
5230.0 824694.0028848959
5240.0 1191820.085238999
5250.0 1068583.0178734092
5260.0 953187.6095609505
5270.0 518981.7960223772
5280.0 1012822.3719629797
5290.0 1289047.7202318658
5300.0 1001801.086517047
5310.0 1315026.9484304602
5320.0 1120664.3008600734
5330.0 733185.2682974183
5340.0 1074707.3779324442
5350.0 1049540.1766463148
5360.0 1254618.6452797055
5370.0 796522.8724267086
5380.0 1190578.3932710304
5390.0 1097683.2907187452
5400.0 807340.399968512
5410.0 808286.7843512803
5420.0 1133726.706540806
5430.0 762171.197899153
5440.0 1091502.7199442135
5450.0 846591.8095540388
5460.0 950896.9087676092
5470.0 1177725.2248563077
5480.0 1070058.0164677694
5490.0 1139712.4050947428
5500.0 1017753.9261323516
5510.0 985303.180709776
5520.0 1241934.6625131166
5530.0 1142567.8882491607
5540.0 1229929.1172363772
5550.0 1266735.0418482
5560.0 1247016.5660553614
5570.0 1121392.260793303
5580.0 1174234.8674611552
5590.0 847605.2984317477
5600.0 1000998.6974641524
5610.0 1352932.394474204
5620.0 1140761.7259640272
5630.0 1376280.3306700196
5640.0 1359083.1306427207
5650.0 1419674.0026904938
5660.0 1276749.631610948
5670.0 1420387.7956193606
5680.0 1420194.0391223587
5690.0 1395337.3339716778
5700.0 1341412.1528254414
5710.0 1299587.10836758
5720.0 1432132.890206202
5730.0 1425618.3337618627
5740.0 1434323.5966056818
5750.0 1409901.365027997
5760.0 1427239.5227438894
5770.0 1496861.8636187182
5780.0 1383680.254331122
5790.0 1360202.6836141148
5800.0 1491487.1259761746
5810.0 1476699.6445954407
5820.0 1533915.740621904
5830.0 1489435.2118255
5840.0 1491673.7169898425
5850.0 1459333.8992785788
5860.0 1311081.4755923832
5870.0 1387500.7025964602
5880.0 1357819.9019484064
5890.0 727886.0267519259
5900.0 1023199.9301302423
5910.0 1453279.7540632815
5920.0 1382570.3001427099
5930.0 1411923.2754559743
5940.0 1445076.9254831253
5950.0 1448764.6850830284
5960.0 1456586.1521833343
5970.0 1483847.958639588
5980.0 1378429.1131029858
5990.0 1471348.1247495564
6000.0 1457564.1152825758
6010.0 1440088.7147394458
6020.0 1368113.0513361758
6030.0 1481866.3424934752
6040.0 1496774.3646522753
6050.0 1498815.454147917
6060.0 1447515.8151300699
6070.0 1469354.9497072538
6080.0 1499771.023565954
6090.0 1404094.561073898
6100.0 1326270.798362064
6110.0 1447211.9009079577
6120.0 1220944.310717921
6130.0 1447828.4151382244
6140.0 1311926.128376412
6150.0 1446443.990776852
6160.0 1073395.5888295905
6170.0 1198627.900990589
6180.0 1458687.1581519973
6190.0 1315218.273940606
6200.0 1418066.745400329
6210.0 1354780.1490522907
6220.0 1310000.2199992305
6230.0 1254473.6057914242
6240.0 1247354.3984268464
6250.0 1186939.4973715886
6260.0 1184653.4038470245
6270.0 1260770.9631835404
6280.0 1292819.7883761786
6290.0 1343182.2120961675
6300.0 1272191.2214924525
6310.0 1354816.3699574007
6320.0 1339451.7645701016
6330.0 1420189.5900311451
6340.0 1352651.2435363187
6350.0 1345026.3511526377
6360.0 1273080.317141764
6370.0 1361589.9434582617
6380.0 1272534.3296164777
6390.0 1227048.393403325
6400.0 1268962.5119450907
6410.0 1322302.0690084235
6420.0 1345385.4058665668
6430.0 1366983.907392497
6440.0 1206324.2103553175
6450.0 1386838.5754596533
6460.0 1242174.814148045
6470.0 1352498.2295950202
6480.0 1330355.3871969192
6490.0 1210153.3053639524
6500.0 1123436.421649487
6510.0 1302512.9321805607
6520.0 1311054.7482148174
6530.0 1365769.5887823016
6540.0 1381069.2219010082
6550.0 1338381.1271702538
6560.0 1374228.0379840229
6570.0 1381694.3129010333
6580.0 1459677.8052406781
6590.0 1399190.0761971981
6600.0 1480688.903847805
6610.0 1456147.0791779289
6620.0 1505770.4056036016
6630.0 1465050.4369405766
6640.0 1492764.4048042777
6650.0 1498076.048716107
6660.0 1462606.615767848
6670.0 1508725.1133082367
6680.0 1452171.67387698
6690.0 1489040.0446875705
6700.0 1451058.9824057713
6710.0 1344569.4674537003
6720.0 1381441.197414192
6730.0 1448111.1868861187
6740.0 1433487.809964426
6750.0 1394268.3093573905
6760.0 1444681.4322414633
6770.0 1410955.121059584
6780.0 1391270.1928771152
6790.0 1390003.546712506
6800.0 1398441.230217241
6810.0 1387278.5192272807
6820.0 1372110.089068386
6830.0 1393976.7931510177
6840.0 1352305.4000763386
6850.0 1332041.8827599117
6860.0 1283270.3823166352
6870.0 1300263.1065458301
6880.0 1298173.809987526
6890.0 1298403.7477836504
6900.0 1295842.7909014036
6910.0 1349447.9463754413
6920.0 1327326.1882118667
6930.0 1357336.5389875136
6940.0 1350021.1151140851
6950.0 1377091.6156936851
6960.0 1415550.7615729324
6970.0 1392014.8853616635
6980.0 1329209.2619395636
6990.0 1403033.8387324372
7000.0 1403455.9310879353
7010.0 1414331.6095766677
7020.0 1408226.219190239
7030.0 1441914.845734349
7040.0 1487754.6361247213
7050.0 1515662.8557181982
7060.0 1459254.8635863017
7070.0 1457062.7102626837
7080.0 1483685.4801237315
7090.0 1419203.5462335194
7100.0 1459065.3071036052
7110.0 1410686.2772134703
7120.0 1490285.857828875
7130.0 1362109.519551854
7140.0 1384190.18601578
7150.0 1256918.6161245692
7160.0 1412521.0695520276
7170.0 1457157.1768915046
7180.0 1432006.1700198075
7190.0 1401648.3140845716
7200.0 1392454.2395663986
7210.0 1370556.218406636
7220.0 1472893.9845830163
7230.0 1510379.1273867183
7240.0 1468824.471683339
7250.0 1478947.3970083967
7260.0 1500672.3978789872
7270.0 1493531.924040388
7280.0 1471806.934372951
7290.0 1493571.8532003453
7300.0 1516650.1669301013
7310.0 1499915.4866520462
7320.0 1475689.4856533764
7330.0 1407447.7079611786
7340.0 1515015.7988606172
7350.0 1514835.8639530507
7360.0 1398184.0636264023
7370.0 1538015.3593869852
7380.0 1529350.1924979717
7390.0 1448678.3365311204
7400.0 1481225.299178214
7410.0 1464924.773975595
7420.0 1480943.0995944827
7430.0 1518738.8971295913
7440.0 1501281.2988022373
7450.0 1467839.317768009
7460.0 1474215.7319683707
7470.0 1509149.860102399
7480.0 1541840.3562238563
7490.0 1487526.2231093592
7500.0 1490184.972965807
7510.0 1467543.7735343918
7520.0 1524702.5761071236
7530.0 1519637.3038732575
7540.0 1536982.2414393837
7550.0 1539547.6234223763
7560.0 1512588.5086256026
7570.0 1524009.3748916478
7580.0 1515066.6745065886
7590.0 1494258.8240606522
7600.0 1524422.2683638847
7610.0 1502940.2873998121
7620.0 1474456.6568458583
7630.0 1530747.9414846487
7640.0 1519890.1120476422
7650.0 1517566.8546369341
7660.0 1368722.5799211287
7670.0 1461461.8406954485
7680.0 1511210.5058406626
7690.0 1490809.9979211239
7700.0 1438315.516807549
7710.0 1461162.0542097557
7720.0 1474618.3278907975
7730.0 1487704.4860143464
7740.0 1504536.1352089797
7750.0 1423443.2078646102
7760.0 1498110.9531778577
7770.0 1498364.086387143
7780.0 1465902.3153203335
7790.0 1476957.275728296
7800.0 1485062.0013021794
7810.0 1490735.7580202643
7820.0 1492195.9280211388
7830.0 1438026.1509523897
7840.0 1441810.4451137553
7850.0 1472428.5831014635
7860.0 1490238.593732783
7870.0 1490961.948682715
7880.0 1482636.1433193113
7890.0 1485757.628061037
7900.0 1475001.6888314623
7910.0 1446819.1919966566
7920.0 1470001.4436992772
7930.0 1463160.010324211
7940.0 1400563.9332419136
7950.0 1413923.7406155723
7960.0 1472959.6803911652
7970.0 1484114.0531899421
7980.0 1460417.8801774217
7990.0 1475650.7399169065
8000.0 1423924.7200173151
8010.0 1480048.5089044992
8020.0 1469450.4611365115
8030.0 1451290.7509007317
8040.0 1474721.1158852342
8050.0 1417335.976510982
8060.0 1475940.1189409895
8070.0 1435871.6338050135
8080.0 1436618.4430652678
8090.0 1429620.9328617468
8100.0 1445612.5579720372
8110.0 1459203.8632467526
8120.0 1453220.1515915147
8130.0 1451008.3983456965
8140.0 1459945.72661184
8150.0 1463895.5810398343
8160.0 1451573.693265888
8170.0 1461505.711547639
8180.0 1391043.7885969612
8190.0 1383855.3342804546
8200.0 1379249.763312316
8210.0 1404208.7633650678
8220.0 1394050.21077612
8230.0 1436950.3183418722
8240.0 1428894.5115239446
8250.0 1437718.6124602284
8260.0 1441415.0735945448
8270.0 1446325.0669832262
8280.0 1448853.5393310646
8290.0 1428135.4652002933
8300.0 1435631.9106728092
8310.0 1398462.795863398
8320.0 1425670.0550255496
8330.0 1264226.099292228
8340.0 1418252.1782936037
8350.0 1378944.8432204488
8360.0 1381952.360934582
8370.0 1413130.6857191927
8380.0 1332829.5052887937
8390.0 1259682.317462513
8400.0 1379933.8790637
8410.0 1387212.9366890686
8420.0 1383685.3646810327
8430.0 1329203.2986716582
8440.0 1305425.722736823
8450.0 1391855.4379991647
8460.0 1395520.8899488163
8470.0 1306992.5710959225
8480.0 1400701.3036918147
8490.0 1402459.8842517445
8500.0 1291098.049175406
8510.0 1337257.2603621408
8520.0 1340763.6966602018
8530.0 1380174.0927329138
8540.0 1136236.9920381142
8550.0 1348850.3953406415
8560.0 1392151.461261722
8570.0 1389583.8394445737
8580.0 1366446.8657293897
8590.0 1395886.4614553498
8600.0 1382471.8528809436
8610.0 1342838.3970060858
8620.0 1359425.6031309846
8630.0 1386344.8061509319
8640.0 1379590.6920430672
8650.0 1376719.340742204
8660.0 1143604.7103135565
8670.0 1314171.6929356137
8680.0 1301660.7205366371
8690.0 1164416.5026301597
8700.0 1348771.962781135
8710.0 1348531.0006536387
8720.0 1357342.5035309624
8730.0 1356307.0384475533
8740.0 1339375.220712958
8750.0 1366644.4151182862
8760.0 1317522.9319376436
8770.0 1306946.6617174116
8780.0 1359339.0333631558
8790.0 1337528.6494287692
8800.0 1320142.9086396256
8810.0 1207176.4320864659
8820.0 1255083.819398428
8830.0 1339506.0622212735
8840.0 1310525.4412703996
8850.0 1363280.0717238158
8860.0 1353980.1757502556
8870.0 1315617.9920283647
8880.0 1348901.6634328794
8890.0 1351517.1395064977
8900.0 1353322.671704847
8910.0 1347564.4673285172
8920.0 1326397.0799375677
8930.0 1331639.6312496893
8940.0 1344388.24089479
8950.0 1314382.1917705338
8960.0 1344944.1799419534
8970.0 1329097.3824546004
8980.0 1316509.5894495854
8990.0 1324719.727626148
9000.0 1242529.4131191662
9010.0 1277183.0548523194
9020.0 1276200.7972815665
9030.0 1318767.6298493734
9040.0 1325634.5655761154
9050.0 1330826.729676559
9060.0 1326118.9005938855
9070.0 1328307.5422517722
9080.0 1318728.988547362
9090.0 1243449.2050015277
9100.0 1294350.5655370622
9110.0 1295051.4807693728
9120.0 1298382.1095621972
9130.0 1325577.3810448197
9140.0 1311272.3053212948
9150.0 1303010.3700505558
9160.0 1307117.5320221095
9170.0 1284627.7663484658
9180.0 1303002.7332386367
9190.0 1304007.0242105557
9200.0 1295938.4625397115
9210.0 1275159.6300674255
9220.0 1286938.1885590183
9230.0 1293554.951807807
9240.0 1288952.7794036372
9250.0 1267199.8093201877
9260.0 1215569.110071746
9270.0 1292464.3248999252
9280.0 1281789.3214169026
9290.0 1236779.0502631369
9300.0 1282098.2148813617
9310.0 1282532.1954503835
9320.0 1278043.4269674453
9330.0 1281065.6071974323
9340.0 1282389.9015522895
9350.0 1269191.7899139663
9360.0 1248360.4209623334
9370.0 1271612.823526048
9380.0 1268023.773950992
9390.0 1267972.708327415
9400.0 1257877.9926797114
9410.0 1218087.7805705722
9420.0 1241265.6636221127
9430.0 1254372.810777148
9440.0 1238177.3549685841
9450.0 1226171.1625756335
9460.0 1252449.338154374
9470.0 1261397.6744124002
9480.0 1258792.5128469062
9490.0 1255049.4904501338
9500.0 1258967.5582237514
9510.0 1247215.6380922857
9520.0 1258341.6572448057
9530.0 1241324.138034696
9540.0 1246349.0156769336
9550.0 1203004.426966676
9560.0 1242342.920685218
9570.0 1206751.5916171414
9580.0 1248833.0532957518
9590.0 1249541.2743614628
9600.0 1193382.290049077
9610.0 1242877.066697598
9620.0 1242579.488953372
9630.0 1229338.1166795746
9640.0 1161490.9614511332
9650.0 1175175.3602197326
9660.0 1219775.711562673
9670.0 1203031.6563629932
9680.0 1166282.2478183268
9690.0 1194370.2586362157
9700.0 1217191.9487718104
9710.0 1180153.783463436
9720.0 1200002.864970461
9730.0 1161355.8203080925
9740.0 1168658.6339390478
9750.0 1197897.058673241
9760.0 1217343.872963687
9770.0 1183575.0157417413
9780.0 1165763.255284962
9790.0 1174871.778435411
9800.0 1213273.2993033505
9810.0 1212481.7511863925
9820.0 1211277.0676562923
9830.0 1194312.0726039158
9840.0 1212196.612869176
9850.0 1213363.68499476
9860.0 1208306.7168855995
9870.0 1210370.0107663926
9880.0 1208270.3599647887
9890.0 1200708.460305505
9900.0 1179658.7667362345
9910.0 1158550.042778446
9920.0 1163489.5357634258
9930.0 1160672.9701538908
9940.0 1179749.8458126711
9950.0 1178405.1503562245
9960.0 1180562.6245559882
9970.0 1175431.8780309877
9980.0 1172923.7145147568
9990.0 1171616.2803185333
10010.0 1163734.3485500785
10020.0 1181363.5021572097
10030.0 1165559.1364582665
10040.0 1172834.771948698
10050.0 1150657.4281324872
10060.0 1133241.724372686
10070.0 1161052.1106694741
10080.0 1163755.123988749
10090.0 1159717.0784105062
10100.0 1170044.1198548288
10110.0 1157512.8563550373
10120.0 1159918.5829108923
10130.0 1166296.6120526637
10140.0 1159640.1371030633
10150.0 1136979.8747394725
10160.0 1147152.1524316438
10170.0 1151951.520179021
10180.0 1150223.167981003
10190.0 1145208.366746608
10200.0 1138070.813752095
10210.0 1140538.8317190604
10220.0 1118775.0497415646
10230.0 1147277.4278175817
10240.0 1158760.9164084715
10250.0 1142418.0641348003
10260.0 1136303.972374989
10270.0 1134258.8506694871
10280.0 1131396.379017853
10290.0 1129650.9869557628
10300.0 1130289.1321629083
10310.0 1141776.816958314
10320.0 1134100.891805894
10330.0 1121157.94670431
10340.0 1045102.6296417064
10350.0 1121603.0995507755
10360.0 1134802.4474988538
10370.0 1119165.565500615
10380.0 1119984.3635544835
10390.0 1121449.8863192974
10400.0 1083326.049775387
10410.0 1124675.4379420483
10420.0 1111136.2261599726
10430.0 1117626.0844306685
10440.0 1128924.2505244524
10450.0 1127000.1919974736
10460.0 1118545.6012934223
10470.0 1093890.6706419745
10480.0 1114918.020042121
10490.0 1108046.9794939028
10500.0 1093312.3796465246
10510.0 1103729.9469510834
10520.0 1108638.5249551823
10530.0 1106618.3430097227
10540.0 1112059.3011139948
10550.0 1104028.1605625367
10560.0 1109109.5079206165
10570.0 1097963.4666219393
10580.0 1077076.0153739906
10590.0 1076766.0141757617
10600.0 1080861.3455693186
10610.0 1092886.8285227
10620.0 1092344.6045878879
10630.0 1093403.815810406
10640.0 1100459.3221067556
10650.0 1090741.4411622563
10660.0 1052120.539636209
10670.0 1078081.900022537
10680.0 1080749.9517439776
10690.0 1074689.7368504372
10700.0 1084867.989992159
10710.0 1085784.5950268726
10720.0 1083231.5937832193
10730.0 1030254.8424701736
10740.0 1089403.73537046
10750.0 1050675.4622978258
10760.0 1081005.723950573
10770.0 1077230.6386499668
10780.0 1062699.1714876988
10790.0 1055886.1793472914
10800.0 1053765.974611286
10810.0 1002872.08781025
10820.0 1057375.534857854
10830.0 1026621.645167252
10840.0 1062604.5111890885
10850.0 1067598.641595981
10860.0 1059581.0903466544
10870.0 1019592.8339706835
10880.0 1055705.0788000661
10890.0 1057356.701473946
10900.0 1060843.1249455363
10910.0 1046279.1658361742
10920.0 1057636.2711146777
10930.0 1046632.7103161309
10940.0 1060220.3975358438
10950.0 1045472.319987191
10960.0 1014654.5867305998
10970.0 1018356.9370693042
10980.0 1025451.4209490914
10990.0 1041395.437547896
11000.0 1038534.639113884
11010.0 1026840.520989395
11020.0 1013539.8312243383
11030.0 1031971.1482759449
11040.0 1036585.1095890946
11050.0 1030594.7217394426
11060.0 1030674.5886550456
11070.0 1032147.8959520195
11080.0 1037283.3514907198
11090.0 1034196.4401669229
11100.0 1030167.3831668547
11110.0 1029424.2065563245
11120.0 1007538.7377972003
11130.0 1023284.1293142493
11140.0 1032246.6656340761
11150.0 1022991.582773609
11160.0 1014316.5483362476
11170.0 1027550.2858521787
11180.0 1023016.9304307436
11190.0 1012910.1571596
11200.0 1001772.7910540068
11210.0 1018466.903887173
11220.0 1022953.3227108846
11230.0 1016651.1659227
11240.0 1007877.442950105
11250.0 898850.5748339648
11260.0 987710.95785398
11270.0 1020969.3357870668
11280.0 1009000.9474961264
11290.0 1006107.2455559374
11300.0 984803.955085348
11310.0 999411.722782314
11320.0 1015405.0327626626
11330.0 998115.7900797677
11340.0 999228.9307321574
11350.0 1002558.5400983252
11360.0 1009758.5064730508
11370.0 979038.7803655938
11380.0 975379.774375041
11390.0 977156.1979982614
11400.0 947905.4592537305
11410.0 992566.7777386812
11420.0 968140.68343826
11430.0 996541.3878881119
11440.0 955739.317604893
11450.0 995062.8562834527
11460.0 996835.891597727
11470.0 979051.7143229437
11480.0 971310.1349053218
11490.0 992112.6800643305
11500.0 993736.2957547657
11510.0 996103.9472615396
11520.0 990944.1628369702
11530.0 990510.0783756797
11540.0 985180.2099373309
11550.0 987145.5541106311
11560.0 986760.74965346
11570.0 988719.7472294718
11580.0 987291.252783464
11590.0 935417.5498596025
11600.0 979117.4318351644
11610.0 866548.470856908
11620.0 983047.3780505483
11630.0 977683.4490279085
11640.0 917275.4370293472
11650.0 978455.6407961065
11660.0 976977.2355101438
11670.0 973600.6902266586
11680.0 972316.3157117497
11690.0 905506.8000618762
11700.0 973839.2548354024
11710.0 967024.3475323201
11720.0 967713.4740559488
11730.0 971334.2317870754
11740.0 965467.9788839684
11750.0 966807.3254943908
11760.0 968016.1198581568
11770.0 937131.6381161766
11780.0 895388.2495037692
11790.0 957171.98992039
11800.0 952385.8523802425
11810.0 947144.343593571
11820.0 935212.8507635217
11830.0 816001.3224852972
11840.0 944525.3199882748
11850.0 953225.1653561515
11860.0 953002.0117760897
11870.0 951808.9778103849
11880.0 830608.1085680447
11890.0 922122.0717954258
11900.0 949457.5670199868
11910.0 948157.361283174
11920.0 949733.9893580656
11930.0 950044.3123480282
11940.0 945855.7704264566
11950.0 928410.0296827706
11960.0 912939.1511935658
11970.0 814782.3581485114
11980.0 891664.7594546758
11990.0 900737.0892933868
12000.0 935928.2842313878
12010.0 935504.6105571273
12020.0 932715.2292365199
12030.0 880399.8103435935
12040.0 922770.4205725748
12050.0 929611.1884724603
12060.0 932424.9107991178
12070.0 921027.3594685389
12080.0 821448.5121418379
12090.0 900176.299423448
12100.0 905226.2701721431
12110.0 923825.0921460841
12120.0 925776.3998183538
12130.0 925324.3208486035
12140.0 927957.430904179
12150.0 926370.0841865023
12160.0 925522.9510792354
12170.0 918080.3629153551
12180.0 923838.319062818
12190.0 917148.545898132
12200.0 916134.6365358073
12210.0 915790.1171877712
12220.0 919454.6694168883
12230.0 914969.1292844687
12240.0 915050.39504571
12250.0 915916.3343728398
12260.0 913667.470602467
12270.0 893536.0090439714
12280.0 913441.8526117918
12290.0 913207.9674178516
12300.0 910710.6595074002
12310.0 909634.8930449642
12320.0 906068.2987439
12330.0 904622.6925936467
12340.0 898154.4997548537
12350.0 906023.7707246961
12360.0 893315.3408694809
12370.0 901867.1441820895
12380.0 905474.5552521661
12390.0 897041.0859167689
12400.0 894693.4655517098
12410.0 896960.0812781242
12420.0 881391.4466785854
12430.0 875041.5527258758
12440.0 895711.2601468583
12450.0 896123.0483684194
12460.0 895584.1852050273
12470.0 891370.820637954
12480.0 892647.8869771382
12490.0 893335.2797477205
12500.0 890955.98622979
12510.0 882569.9616606917
12520.0 854248.4970137262
12530.0 874192.8237888465
12540.0 889062.7670406072
12550.0 886647.0964971764
12560.0 876092.2181473335
12570.0 879240.8870638919
12580.0 882537.660790368
12590.0 882870.2200048908
12600.0 878171.4788772084
12610.0 879820.7983558926
12620.0 878385.3854790964
12630.0 879558.3126244037
12640.0 860349.2307708156
12650.0 870276.439219957
12660.0 877865.2891905864
12670.0 867015.9258456038
12680.0 861243.3711999158
12690.0 875882.1552395357
12700.0 873993.4285433774
12710.0 871937.9916653964
12720.0 875791.3961018191
12730.0 873004.2404854388
12740.0 849527.6838377288
12750.0 869512.1133753624
12760.0 871241.6317589937
12770.0 868937.2193325204
12780.0 868060.3310674268
12790.0 867628.2944249979
12800.0 866117.5980830139
12810.0 853625.7536603052
12820.0 796842.4678430851
12830.0 835816.3906192952
12840.0 856442.0096104974
12850.0 844346.8504102324
12860.0 859811.3013024412
12870.0 859221.0617975463
12880.0 846463.2037508294
12890.0 855150.7830161972
12900.0 794275.0665558632
12910.0 832024.8893736752
12920.0 846120.7234134215
12930.0 849940.8727206356
12940.0 847695.7968232527
12950.0 847029.9678347432
12960.0 850309.8321848976
12970.0 847210.1377704096
12980.0 827487.5849413982
12990.0 848982.9150564545
13000.0 847484.2040777324
13010.0 835637.5280104212
13020.0 847686.3142897603
13030.0 831953.855071607
13040.0 842489.4088556175
13050.0 845469.8648268195
13060.0 838402.4710225245
13070.0 843525.090398469
13080.0 834402.0794460708
13090.0 838721.8238539112
13100.0 834599.8185209922
13110.0 833973.1928352723
13120.0 706043.7166092977
13130.0 785994.2225985635
13140.0 822012.3582042801
13150.0 715243.3685188995
13160.0 828937.3132487669
13170.0 835050.7612792383
13180.0 825884.6619380844
13190.0 835434.8836331998
13200.0 821850.9474359413
13210.0 825585.7369005117
13220.0 826790.4972205232
13230.0 834729.6631162061
13240.0 832604.3748424724
13250.0 827623.606583157
13260.0 825110.9790717268
13270.0 822045.109118715
13280.0 810572.2765965676
13290.0 779500.1569004001
13300.0 823528.5688985421
13310.0 818294.1877706518
13320.0 748959.4132126211
13330.0 819159.0021191001
13340.0 821562.027268622
13350.0 813593.1180322755
13360.0 822597.4343268595
13370.0 819721.4401201631
13380.0 815875.5965023057
13390.0 799405.8010428773
13400.0 803081.4864683409
13410.0 814842.8722088946
13420.0 805483.7195082422
13430.0 817473.868054845
13440.0 817364.2367773949
13450.0 816157.5939351325
13460.0 813866.8010465894
13470.0 813202.2220233836
13480.0 815345.6067442964
13490.0 811010.4411747565
13500.0 795575.4004930228
13510.0 813580.3320268781
13520.0 808079.7895152819
13530.0 812840.9858449507
13540.0 811453.3006354559
13550.0 793570.2429872428
13560.0 798992.1955735758
13570.0 796349.3213483957
13580.0 808173.089747498
13590.0 797440.6894231521
13600.0 783719.7982462305
13610.0 807429.7070222263
13620.0 804328.9191667329
13630.0 768876.541449264
13640.0 781305.2301870638
13650.0 800982.8779154221
13660.0 804080.4879783596
13670.0 794461.1944263695
13680.0 791583.4156284521
13690.0 800973.3456541889
13700.0 799928.0257588109
13710.0 799759.8615852185
13720.0 793380.7088081026
13730.0 786555.2056013712
13740.0 797781.1733081631
13750.0 797441.4763739065
13760.0 784525.9352032333
13770.0 796000.8524993722
13780.0 794313.3156439617
13790.0 792288.9328538899
13800.0 797977.6044230777
13810.0 795276.7167985112
13820.0 785927.0252574428
13830.0 793472.4979208614
13840.0 794735.5332337583
13850.0 767486.785687737
13860.0 757433.4082354234
13870.0 789072.5663909253
13880.0 789324.8713321734
13890.0 787893.3032788635
13900.0 774018.9379996356
13910.0 751650.6335395402
13920.0 764769.1801940324
13930.0 770955.6344461546
13940.0 782825.549911693
13950.0 765990.5117416219
13960.0 784488.2567637996
13970.0 769091.8980676711
13980.0 773677.357986028
13990.0 780804.6691877027
14000.0 740729.3704925479
14010.0 753316.4954444264
14020.0 784206.6727756651
14030.0 774891.2845249175
14040.0 766552.6117400605
14050.0 781146.4376773378
14060.0 768782.4278275088
14070.0 772015.0299718657
14080.0 757880.3531227763
14090.0 776080.2376318852
14100.0 766892.5011201499
14110.0 767601.4357222876
14120.0 750804.4822553429
14130.0 739119.4736365813
14140.0 769193.0381149164
14150.0 771233.959169075
14160.0 756365.9012682305
14170.0 768446.2214460687
14180.0 756961.2062138056
14190.0 764306.5495723737
14200.0 759528.4655895075
14210.0 756535.0619060725
14220.0 753324.8719295163
14230.0 758228.4810732299
14240.0 722757.7307018299
14250.0 719596.3524599081
14260.0 708008.3893498213
14270.0 701468.4033928503
14280.0 747057.0883125595
14290.0 706194.6977551779
14300.0 758269.554306292
14310.0 741852.0314093385
14320.0 756502.7343873361
14330.0 766358.0334347968
14340.0 749012.955137682
14350.0 745571.7179306791
14360.0 759657.8367274718
14370.0 752483.5392015734
14380.0 762838.2043991736
14390.0 754791.2882493038
14400.0 687382.8032692577
14410.0 754584.5083765698
14420.0 748735.0504657236
14430.0 753774.7245649858
14440.0 721258.8798369021
14450.0 757891.8243376594
14460.0 742304.9587295097
14470.0 754349.3905851496
14480.0 737336.6213809473
14490.0 749601.6463137096
14500.0 730848.3461317022
14510.0 694002.910166467
14520.0 740989.2207558873
14530.0 746272.7154019084
14540.0 738109.7135371907
14550.0 721450.364692681
14560.0 724097.4995584993
14570.0 725740.9651972034
14580.0 749779.7628539836
14590.0 740175.0498334104
14600.0 719165.6243443165
14610.0 709131.0548889237
14620.0 732269.5155177417
14630.0 729923.532040476
14640.0 740659.9620116742
14650.0 682842.7620005414
14660.0 733153.7862117173
14670.0 728759.7656278297
14680.0 734525.5279747188
14690.0 725005.9824611228
14700.0 704635.9516239023
14710.0 722585.3030946822
14720.0 713678.493718102
14730.0 741717.8628395667
14740.0 729983.573217619
14750.0 694681.982038082
14760.0 739897.3778446189
14770.0 716271.4952022242
14780.0 726688.9330014187
14790.0 745312.6499568693
14800.0 721301.8901934298
14810.0 725468.2606396214
14820.0 734258.4747895999
14830.0 687453.8881018802
14840.0 731928.6747713581
14850.0 724318.5579984566
14860.0 715219.0820579359
14870.0 662558.31053262
14880.0 532030.0961148483
14890.0 710342.4063141964
14900.0 710864.4020598124
14910.0 713285.8685851193
14920.0 737033.5275128224
14930.0 732081.5767971047
14940.0 736324.5633749516
14950.0 732366.1573056692
14960.0 708804.3904713856
14970.0 722644.749986581
14980.0 719197.5108207439
14990.0 723072.9649866486
15000.0 709402.4970787388
15010.0 701028.0186277422
15020.0 577630.5946426559
15030.0 581274.0769360724
15040.0 541325.3813532671
15050.0 572092.235618343
15060.0 707694.7831012054
15070.0 727931.5428177516
15080.0 702719.2008709348
15090.0 725338.4273882095
15100.0 717345.2222646627
15110.0 732704.14282462
15120.0 700441.439976332
15130.0 715280.3148045465
15140.0 710573.605399923
15150.0 717852.203264905
15160.0 695388.4452278522
15170.0 727182.7223070456
15180.0 719230.9916857434
15190.0 724968.165405518
15200.0 722221.7101996237
15210.0 694408.8992485355
15220.0 681341.6677104243
15230.0 724811.704935433
15240.0 713175.2501685768
15250.0 723968.9853880529
15260.0 701938.7829143413
15270.0 726120.836873985
15280.0 706073.375765927
15290.0 670262.0840985558
15300.0 703504.0358992148
15310.0 729091.241260204
15320.0 719380.6929941578
15330.0 699677.7476544869
15340.0 695097.6919234616
15350.0 728279.6263058076
15360.0 728061.1867144163
15370.0 712304.2324400692
15380.0 693734.8337644178
15390.0 689627.7053864828
15400.0 690359.2418806609
15410.0 710304.3269638056
15420.0 704149.3128332811
15430.0 697983.8943897217
15440.0 731808.0302290855
15450.0 731363.1923643224
15460.0 718242.9696541412
15470.0 722986.4548942326
15480.0 723956.2755913099
15490.0 720763.0076949381
15500.0 712821.015324119
15510.0 704457.9384637927
15520.0 726379.1120653693
15530.0 700399.5231492226
15540.0 667918.9901964234
15550.0 723457.0142189389
15560.0 690125.8872549831
15570.0 689093.3402801148
15580.0 718558.6932484303
15590.0 677482.524901935
15600.0 714091.8825113069
15610.0 719760.0919950687
15620.0 660888.4211131303
15630.0 665558.4260559526
15640.0 712602.8116673824
15650.0 690728.4541168049
15660.0 682133.4014979854
15670.0 701256.4185636541
15680.0 695669.2650925859
15690.0 682354.3500635877
15700.0 706788.6976788641
15710.0 716307.1404851261
15720.0 647418.13492618
15730.0 688148.2260680024
15740.0 606836.549254457
15750.0 579035.4973173388
15760.0 617776.4513050934
15770.0 539310.8917665945
15780.0 679757.4870120436
15790.0 698335.7079615593
15800.0 704666.1273855834
15810.0 710414.4219057992
15820.0 614796.8446161409
15830.0 691184.6705921743
15840.0 693894.6651884821
15850.0 710450.7597977709
15860.0 694459.1944194806
15870.0 670822.9940270002
15880.0 654919.1996320394
15890.0 573390.3510092719
15900.0 666816.1275678475
15910.0 641140.1740815259
15920.0 698324.6556310413
15930.0 699375.784552582
15940.0 696884.5705389776
15950.0 689167.323010895
15960.0 631658.4454951087
15970.0 691581.1092541693
15980.0 671303.9252979808
15990.0 705061.5923938681
16000.0 700672.9203976087
16010.0 660851.7745572253
16020.0 702781.5787289095
16030.0 703499.462153404
16040.0 644295.1371087272
16050.0 695098.3837261114
16060.0 653867.510100155
16070.0 671099.6010628771
16080.0 697555.6972199638
16090.0 675675.6008571461
16100.0 644672.3057721724
16110.0 704024.816225341
16120.0 686076.6397405025
16130.0 686236.277238994
16140.0 654912.6455507001
16150.0 601553.0959679177
16160.0 584932.1955108028
16170.0 684661.3813592822
16180.0 678448.3063421827
16190.0 646152.2289999055
16200.0 550739.7229125284
16210.0 651675.5838556401
16220.0 670299.7665597429
16230.0 656863.9598496478
16240.0 660930.954484356
16250.0 670433.5191304162
16260.0 682284.9280843823
16270.0 689990.9156067912
16280.0 691410.0450351731
16290.0 681525.1864763376
16300.0 679905.9073441589
16310.0 669988.7776878977
16320.0 649977.6323504964
16330.0 670620.3612435202
16340.0 686355.8353803324
16350.0 663730.419311838
16360.0 651408.2164652365
16370.0 658409.3449010907
16380.0 618420.9281271386
16390.0 652971.8794665904
16400.0 626584.0030034722
16410.0 656528.3416896778
16420.0 680116.9544100647
16430.0 674347.148553491
16440.0 612999.9398009629
16450.0 637722.3710628692
16460.0 671085.0922610682
16470.0 648999.0611343167
16480.0 661368.7033938952
16490.0 607207.2924203215
16500.0 671158.9550965892
16510.0 663585.4100090922
16520.0 646049.5469055668
16530.0 649160.1339488645
16540.0 637420.2705332363
16550.0 653606.9436808863
16560.0 635347.8580141377
16570.0 660285.6093197996
16580.0 645473.046711541
16590.0 648883.4512026346
16600.0 660741.4754505357
16610.0 638133.6698357908
16620.0 640498.1295083971
16630.0 628617.4374751442
16640.0 633205.0770291436
16650.0 604478.2189656991
16660.0 630098.5297540457
16670.0 626709.9441424389
16680.0 620934.7587802999
16690.0 642609.0911113787
16700.0 636496.5842592794
16710.0 608802.5360937591
16720.0 531023.4738334632
16730.0 624177.9983765858
16740.0 629022.7616084365
16750.0 493065.3354245716
16760.0 577188.3867368383
16770.0 632446.637233878
16780.0 633735.2345735957
16790.0 631341.4936508975
16800.0 630513.1160354951
16810.0 627744.6599960192
16820.0 600468.1862092973
16830.0 623079.3178104657
16840.0 618436.7976267659
16850.0 626782.3733499814
16860.0 605574.9122766389
16870.0 601792.3281501755
16880.0 606986.4952370378
16890.0 608874.0561011072
16900.0 574005.0469205868
16910.0 602830.5315971795
16920.0 619581.1512016848
16930.0 614608.5747593287
16940.0 619747.1007964525
16950.0 612941.325462671
16960.0 611856.9029412912
16970.0 596848.3596075088
16980.0 606331.3517509289
16990.0 598583.0513113637
17000.0 578516.2612618558
17010.0 570015.7626911517
17020.0 596997.4250136663
17030.0 599807.6948319252
17040.0 604859.0446593635
17050.0 592279.0324142837
17060.0 593933.8249570845
17070.0 573343.5716658075
17080.0 593966.2995872343
17090.0 582377.7285212124
17100.0 527686.5323233026
17110.0 424012.3169388093
17120.0 560440.0619306598
17130.0 583602.0796670693
17140.0 590111.170275387
17150.0 590358.9462794607
17160.0 572036.2797609144
17170.0 583351.5783146139
17180.0 583413.6729944064
17190.0 583878.4924064969
17200.0 577445.3082067842
17210.0 574054.0624923671
17220.0 570498.6784200314
17230.0 541276.7420337712
17240.0 564467.1219111189
17250.0 575651.5034737838
17260.0 576767.1966905139
17270.0 567505.8734603741
17280.0 563870.208466573
17290.0 568285.7434810707
17300.0 554274.6317145746
17310.0 559406.3869077468
17320.0 549442.9094495733
17330.0 512669.9752078241
17340.0 550198.9829867425
17350.0 557208.1391289652
17360.0 559202.8251494402
17370.0 563613.737008159
17380.0 552336.2800933137
17390.0 552776.9581351595
17400.0 551547.1558229587
17410.0 520527.0803689692
17420.0 539567.2357642318
17430.0 551861.811758491
17440.0 559052.383963623
17450.0 552854.9188810266
17460.0 549283.6638417257
17470.0 520395.24379318056
17480.0 555243.5652235775
17490.0 550048.8455755048
17500.0 533317.2910771144
17510.0 547732.7065866862
17520.0 547132.8721046124
17530.0 541482.7921873366
17540.0 536827.2272049313
17550.0 538401.0368885001
17560.0 541656.930192653
17570.0 545265.950370113
17580.0 539216.4368713448
17590.0 531987.7226212197
17600.0 532357.5526854359
17610.0 524845.8974358287
17620.0 504722.1110576357
17630.0 537018.1239279301
17640.0 521855.02338851255
17650.0 535148.0004646422
17660.0 513868.6494178082
17670.0 528755.2604739552
17680.0 501489.4388012531
17690.0 528615.2236304503
17700.0 520458.0770051265
17710.0 512053.87221276254
17720.0 494989.98837665195
17730.0 522175.26575192844
17740.0 518955.63005094987
17750.0 517840.27084266744
17760.0 511890.597329919
17770.0 490662.08857450687
17780.0 514380.8628095608
17790.0 519786.3246410977
17800.0 519492.67561636737
17810.0 513905.585474059
17820.0 506863.81874113827
17830.0 505262.8003475797
17840.0 507228.7319126382
17850.0 492809.8037862315
17860.0 502196.8665091088
17870.0 508714.39901476447
17880.0 512270.34421719704
17890.0 513626.47207446606
17900.0 505409.9486177968
17910.0 507727.3134196291
17920.0 506705.1229543679
17930.0 485540.5233958162
17940.0 489062.17612764955
17950.0 507326.4956410893
17960.0 503615.164956636
17970.0 502479.063418219
17980.0 500018.3784227176
17990.0 497780.0007320765
18000.0 493779.8579821529
18010.0 489689.74669126543
18020.0 486507.59707613307
18030.0 472016.94115906116
18040.0 479613.2399545736
18050.0 478859.36953370966
18060.0 492077.7606343685
18070.0 491245.97769841057
18080.0 478684.8510698751
18090.0 489359.05818114907
18100.0 478289.78411054757
18110.0 478523.9523628467
18120.0 481111.4242889006
18130.0 485937.21268840326
18140.0 483434.76823228115
18150.0 476361.3180520912
18160.0 474386.3700415274
18170.0 477668.3520304899
18180.0 475100.4605231838
18190.0 480403.0927926412
18200.0 478363.78715019295
18210.0 478285.2560700602
18220.0 467973.2754094025
18230.0 476547.6621359054
18240.0 478042.1238810766
18250.0 475360.1036024985
18260.0 472688.95204448263
18270.0 467658.6232142252
18280.0 454099.5376785538
18290.0 464339.5468391546
18300.0 461930.8904241712
18310.0 469815.2281005366
18320.0 467332.4542453822
18330.0 473040.8011658931
18340.0 463077.6558147217
18350.0 460714.0750271322
18360.0 460592.1510152618
18370.0 438146.35461162566
18380.0 452455.96256114345
18390.0 455910.4928288976
18400.0 448288.4839901799
18410.0 437300.5367693878
18420.0 424908.2437493032
18430.0 450035.9071551166
18440.0 454828.6192575813
18450.0 453383.66097831255
18460.0 436567.35543981707
18470.0 416085.836288562
18480.0 453163.2435159592
18490.0 453347.9394164858
18500.0 454404.50190470106
18510.0 449724.9412360454
18520.0 436288.9171550343
18530.0 445604.17561243864
18540.0 451604.90733270714
18550.0 433462.6049504477
18560.0 434166.3168374099
18570.0 447132.77903503476
18580.0 418810.38772722194
18590.0 443967.31147125794
18600.0 445445.126233539
18610.0 440983.307539342
18620.0 441297.43812554516
18630.0 436439.7619404572
18640.0 438543.69589056366
18650.0 439708.158584523
18660.0 417081.32941577066
18670.0 440543.57056603365
18680.0 436311.4390128377
18690.0 439944.52634355874
18700.0 435503.67761810136
18710.0 424601.089322798
18720.0 413148.331297436
18730.0 428200.82478213526
18740.0 428495.36229541805
18750.0 405922.5316368921
18760.0 425744.7215304972
18770.0 408950.5885180883
18780.0 426072.15865954873
18790.0 428149.7514076629
18800.0 432266.32928164635
18810.0 431763.60258980043
18820.0 426386.07751721743
18830.0 429744.36858189915
18840.0 422268.87468586996
18850.0 412581.31767831685
18860.0 376505.4941025782
18870.0 422452.0438239806
18880.0 409925.6411573596
18890.0 409188.05488293595
18900.0 374620.5575166044
18910.0 403913.254863259
18920.0 386285.22206768795
18930.0 404197.74534354504
18940.0 412238.515641332
18950.0 417040.6630043012
18960.0 412755.24986675096
18970.0 398097.8123977455
18980.0 412445.72797674255
18990.0 382979.1312473738
19000.0 413511.6448413117
19010.0 413292.66790651676
19020.0 412247.91267873393
19030.0 403053.05703033984
19040.0 404566.1778011855
19050.0 386714.1350592807
19060.0 409919.105951102
19070.0 410843.09878879937
19080.0 400189.34541746846
19090.0 404898.8717900251
19100.0 404844.19142622745
19110.0 378762.9396456085
19120.0 393769.8110098241
19130.0 406846.67362001806
19140.0 401093.39904976764
19150.0 401989.7108237539
19160.0 400320.03586322936
19170.0 401335.6332884993
19180.0 400883.59844058525
19190.0 380222.0202753908
19200.0 385132.1642040407
19210.0 394095.36304328253
19220.0 397062.18422248255
19230.0 399370.3243833244
19240.0 398109.1054155504
19250.0 391825.7154478662
19260.0 388178.2403571866
19270.0 392014.49783581507
19280.0 385202.5638912276
19290.0 390105.0929625489
19300.0 379664.7703034803
19310.0 285746.6478032686
19320.0 380735.38530828373
19330.0 384792.451679243
19340.0 368194.9603339623
19350.0 387380.2178543302
19360.0 391439.25538014673
19370.0 390728.39291113353
19380.0 386957.5504471296
19390.0 372729.36976044497
19400.0 381027.985534592
19410.0 384070.8638770561
19420.0 380858.93373925646
19430.0 353887.2187829832
19440.0 367417.61989627965
19450.0 261297.79836434394
19460.0 334183.9764187994
19470.0 366471.3024847505
19480.0 368850.9390687199
19490.0 359889.5538853225
19500.0 341807.4707322564
19510.0 304169.05430287943
19520.0 374852.1462604206
19530.0 373169.0820047279
19540.0 368758.59927842655
19550.0 376687.40637021296
19560.0 376970.07595248695
19570.0 376628.39338772703
19580.0 371378.1108279385
19590.0 369017.6882730744
19600.0 369495.1682739667
19610.0 361384.5491647508
19620.0 365383.60083315714
19630.0 357312.60094875086
19640.0 361395.9561587783
19650.0 372134.64382878906
19660.0 371320.3915035853
19670.0 369736.75918327784
19680.0 368688.4506650562
19690.0 367775.0545567791
19700.0 367949.11442664766
19710.0 363491.84715836786
19720.0 342725.4847644267
19730.0 349203.9188182347
19740.0 357592.06152969046
19750.0 355365.4359677676
19760.0 350622.2777123923
19770.0 298173.94860318943
19780.0 235305.88544037295
19790.0 330011.1854549221
19800.0 352945.407217637
19810.0 350726.3495698839
19820.0 351752.82068811293
19830.0 357611.7182450491
19840.0 354817.07416092005
19850.0 290322.1433725642
19860.0 265204.65094320505
19870.0 341555.72254947276
19880.0 352393.72609816346
19890.0 352803.7336824837
19900.0 351272.68185665284
19910.0 350583.52887411
19920.0 324333.39648135705
19930.0 303152.24409319926
19940.0 340688.86170956213
19950.0 345532.3793302954
19960.0 319959.286955508
19970.0 338997.4058194944
19980.0 348001.66384245025
19990.0 348079.5647946818
20010.0 347257.8053368295
20020.0 337491.20317701803
20030.0 342743.62102167204
20040.0 344979.1788707853
20050.0 340077.59672421217
20060.0 343311.29458206735
20070.0 342034.5324442006
20080.0 342457.93031073845
20090.0 337454.4081816565
20100.0 342230.7463953598
20110.0 342360.6435524182
20120.0 340859.361052211
20130.0 339139.9385563151
20140.0 338351.29606471595
20150.0 339579.0935773226
20160.0 338187.59109425195
20170.0 334056.36861524853
20180.0 336125.9861406733
20190.0 333068.4036701149
20200.0 330255.66182450904
20210.0 325380.43912588974
20220.0 333617.3970521371
20230.0 329965.31498252944
20240.0 326325.87291724473
20250.0 332662.11085596733
20260.0 329570.78879884124
20270.0 328753.82674602687
20280.0 325825.84469726984
20290.0 325657.4826526837
20300.0 316287.5809964322
20310.0 329941.5785758014
20320.0 329703.0165436119
20330.0 328736.7930041736
20340.0 321832.36249142763
20350.0 321327.6104714375
20360.0 325558.05845556274
20370.0 325271.276443749
20380.0 317048.3544359415
20390.0 324840.98243218247
20400.0 322610.73043251893
20410.0 318764.38400685997
20420.0 323636.8163526175
20430.0 323868.9342725049
20440.0 322435.8021963224
20450.0 321396.8101240578
20460.0 322237.1980558713
20470.0 315415.68599163095
20480.0 321391.80393125105
20490.0 319959.86187480984
20500.0 320543.81982241914
20510.0 318066.2077978217
20520.0 314713.165180305
20530.0 315981.7525905224
20540.0 312326.8100045927
20550.0 314664.1874226931
20560.0 314968.80484445253
20570.0 313812.8722700076
20580.0 313267.6696993809
20590.0 308684.10713268316
20600.0 302236.2245696822
20610.0 310414.17476430396
20620.0 307713.9999017634
20630.0 256295.05779684155
20640.0 299445.24569567083
20650.0 308843.8535983191
20660.0 309166.51150466345
20670.0 307108.29941487894
20680.0 306554.13732874894
20690.0 306683.3952464949
20700.0 297845.81367172697
20710.0 304407.9322008133
20720.0 302058.08921719017
20730.0 305686.5673450436
20740.0 302344.56547676324
20750.0 306207.1836119724
20760.0 301571.54175091354
20770.0 302790.3998937181
20780.0 304589.6557324495
20790.0 303612.8961901933
20800.0 299627.5143439062
20810.0 302264.05250136135
20820.0 300844.91145507665
20830.0 296076.0884684628
20840.0 289929.2662780149
20850.0 298062.0840912061
20860.0 298554.38190808106
20870.0 297658.5197284529
20880.0 296639.8375525037
20890.0 297364.8153800349
20900.0 298581.713211208
20910.0 295389.6710458702
20920.0 281957.9494615032
20930.0 295214.50691233226
20940.0 293422.0249440624
20950.0 295058.5029793747
20960.0 281268.34101818077
20970.0 284635.99906061793
20980.0 293983.57710642787
20990.0 292083.1151558673
21000.0 295481.6532086565
21010.0 290377.67126509134
21020.0 291985.42932483315
21030.0 293267.7879582816
21040.0 292485.6856273274
21050.0 292278.34386995086
21060.0 290140.3421160595
21070.0 285425.5040935783
21080.0 287162.77861860476
21090.0 262530.13687500765
21100.0 286052.41513480013
21110.0 286285.07339806046
21120.0 286589.70166484005
21130.0 287600.8256365631
21140.0 285988.938208283
21150.0 285150.2064850853
21160.0 253122.36476538822
21170.0 275020.621783092
21180.0 281694.191335913
21190.0 281081.0796262709
21200.0 280903.7979199083
21210.0 281264.17621689185
21220.0 279764.41451716266
21230.0 278988.0028209017
21240.0 277454.49131766934
21250.0 281425.12943805265
21260.0 278298.7777517287
21270.0 280079.97606851277
21280.0 279315.8943886921
21290.0 280587.72271214856
21300.0 280455.59103885054
21310.0 279025.0093688414
21320.0 277884.89770203416
21330.0 278832.4360384861
21340.0 277125.11437822273
21350.0 266554.852721138
21360.0 274115.6710673564
21370.0 276588.49941673456
21380.0 276579.90776931157
21390.0 276100.6061251428
21400.0 275699.1144841483
21410.0 275598.14284630003
21420.0 275017.4712116699
21430.0 272624.2595802741
21440.0 273833.7401685748
21450.0 268918.2797691196
21460.0 270525.8747048868
21470.0 273255.1930860404
21480.0 272403.7914703575
21490.0 270554.669857797
21500.0 271614.02824842144
21510.0 271275.68664208014
21520.0 269064.68503882905
21530.0 267752.30774249637
21540.0 267612.6018417423
21550.0 268918.2202478432
21560.0 267297.9838426982
21570.0 267160.9760978068
21580.0 268188.3935416235
21590.0 265528.99098844937
21600.0 267104.308438301
21610.0 266667.86589111673
21620.0 266089.7433469414
21630.0 265530.2408056831
21640.0 265026.55826741335
21650.0 260604.27573217903
21660.0 260797.39319984947
21670.0 261078.59663061268
21680.0 262435.38897358533
21690.0 262736.1072796826
21700.0 261876.6055888027
21710.0 261888.86390083018
21720.0 261708.2222158463
21730.0 260773.32053384988
21740.0 259378.85885479642
21750.0 259500.13717864052
21760.0 256751.89550542456
21770.0 257346.09383514288
21780.0 233976.35648892957
21790.0 255886.39064562003
21800.0 258750.8035846965
21810.0 256720.90760999479
21820.0 248773.87609649217
21830.0 256747.33458588336
21840.0 257061.4630781879
21850.0 256046.94157342493
21860.0 255705.4800715069
21870.0 252161.07857242864
21880.0 242578.0870762567
21890.0 251898.77462967255
21900.0 242994.11375578668
21910.0 254640.3319314628
21920.0 254598.28010996958
21930.0 253545.0082912331
21940.0 250994.64647537135
21950.0 252048.04466223513
21960.0 252592.01285196585
21970.0 251640.71104451854
21980.0 251230.5292398011
21990.0 250678.33743781623
22000.0 244682.94618750675
22010.0 249385.54401629456
22020.0 249435.88239659142
22030.0 248851.630779761
22040.0 247639.49916563637
22050.0 239439.42755422284
22060.0 214079.95594566397
22070.0 240586.04433967688
22080.0 231083.41273660405
22090.0 244067.80113617596
22100.0 246135.37953846256
22110.0 244380.6784941639
22120.0 246186.19635896786
22130.0 245931.8747771658
22140.0 245687.7031980636
22150.0 245279.12162167244
22160.0 244848.94004791675
22170.0 244323.63840133327
22180.0 243731.42690850768
22190.0 244021.965342849
22200.0 243208.60377980277
22210.0 235474.36221936598
22220.0 242900.46512254656
22230.0 235937.8000211083
22240.0 241751.4978642939
22250.0 241394.57646952354
22260.0 229872.13507749015
22270.0 230401.3136881019
22280.0 231057.5723012044
22290.0 239161.55091698188
22300.0 233985.56953527103
22310.0 233085.5881563402
22320.0 238491.86677997318
22330.0 238183.545717476
22340.0 237309.9908151306
22350.0 237419.9420494986
22360.0 237632.72037501127
22370.0 236719.01870300484
22380.0 226692.7170336349
22390.0 229554.19536675184
22400.0 235759.75370247348
22410.0 235241.55204064352
22420.0 232289.01038147448
22430.0 234588.16872472485
22440.0 230509.9072481716
22450.0 233674.98275991625
22460.0 233372.53845178752
22470.0 224582.39414598094
22480.0 231319.5098425183
22490.0 231336.90554139714
22500.0 232320.94124259183
22510.0 231531.03694619687
22520.0 231189.59265203145
22530.0 230203.50836024032
22540.0 220768.4300501014
22550.0 229623.62374101483
22560.0 230067.59832374338
22570.0 229277.4168663854
22580.0 229503.5754114573
22590.0 229143.15395899114
22600.0 228299.4625089705
22610.0 219775.59106134408
22620.0 209136.07961612486
22630.0 220119.13817337548
22640.0 226265.84673301966
22650.0 212693.775295063
22660.0 224681.25903002024
22670.0 225862.13877202707
22680.0 225337.1012819142
22690.0 224807.03240180694
22700.0 224496.76249903726
22710.0 223531.1174334393
22720.0 224488.6161553603
22730.0 223755.31487968916
22740.0 219621.7736063954
22750.0 222562.67233540028
22760.0 221798.5551174769
22770.0 222423.82157438618
22780.0 221275.43978936342
22790.0 220129.79436375597
22800.0 214822.1060159009
22810.0 196845.151341355
22820.0 208342.89818802822
22830.0 217558.05010040491
22840.0 219879.4810023878
22850.0 218909.5897547954
22860.0 218799.17850948928
22870.0 218964.31726651688
22880.0 218746.6360258077
22890.0 218098.33490661986
22900.0 218583.69838305766
22910.0 217468.471703832
22920.0 217505.11016549802
22930.0 179044.74862928846
22940.0 186300.98709550156
22950.0 199815.5255639487
22960.0 192233.00403434612
22970.0 198665.9425071824
22980.0 201353.34098235844
22990.0 203032.01945967955
23000.0 207258.53793920926
23010.0 204590.1968276656
23020.0 206299.27321186362
23030.0 207088.59400491675
23040.0 204869.21280022443
23050.0 205037.4015977418
23060.0 206346.8903974605
23070.0 205723.2511994743
23080.0 206952.1680036212
23090.0 205610.06680983386
23100.0 210064.16561842288
23110.0 204633.38442914764
23120.0 204277.8862405568
23130.0 205148.98183796654
23140.0 201412.2184360556
23150.0 207263.49903650375
23160.0 201125.59963899164
23170.0 203542.69624351364
23180.0 204437.13485032428
23190.0 205345.95345921244
23200.0 202610.25207014204
23210.0 203171.6506832667
23220.0 173960.301298632
23230.0 170782.32391616155
23240.0 185234.05634093846
23250.0 184811.2993473224
23260.0 189959.9421613654
23270.0 189005.00252410208
23280.0 192773.2737957647
23290.0 196508.67061604088
23300.0 186128.5154386669
23310.0 191453.70226280976
23320.0 196707.34708951495
23330.0 193128.32191816272
23340.0 197477.6467489353
23350.0 183405.15788019373
23360.0 194251.97644549975
23370.0 191560.39331128515
23380.0 180755.36417932322
23390.0 197258.53904913834
23400.0 192685.63592110388
23410.0 192278.81079535442
23420.0 194779.3276713256
23430.0 194078.34854942941
23440.0 193410.99342970765
23450.0 190995.03631178572
23460.0 193127.61119607865
23470.0 196225.45988062953
23480.0 191684.53497054568
23490.0 191090.63186091432
23500.0 196256.14675317047
23510.0 190076.86764740758
23520.0 154747.71254377457
23530.0 165561.6914421755
23540.0 175570.98234240402
23550.0 174374.33324466355
23560.0 179345.12014885753
23570.0 181477.9470551432
23580.0 181656.35296337085
23590.0 181778.3519052681
23600.0 185533.93178565986
23610.0 183597.9926998704
23620.0 180634.9956158113
23630.0 185781.96853391427
23640.0 183267.65470329818
23650.0 183867.234375957
23660.0 183297.81529967673
23670.0 183901.78422539425
23680.0 183621.65315322365
23690.0 184818.14408294126
23700.0 185134.14501441532
23710.0 185818.64394796902
23720.0 175207.59488347836
23730.0 182048.40982074724
23740.0 183167.9907600512
23750.0 180585.94970124518
23760.0 183431.1286442977
23770.0 184986.30758920524
23780.0 182175.4265360632
23790.0 183490.62948479227
23800.0 181165.45043547792
23810.0 184347.02338800812
23820.0 167851.66834232636
23830.0 148097.04114124196
23840.0 162746.00425679138
23850.0 163519.47521666164
23860.0 162025.66017850372
23870.0 168203.7651422509
23880.0 178824.55010787936
23890.0 170182.5070753204
23900.0 170920.16404451343
23910.0 176548.58301559676
23920.0 167164.74398848147
23930.0 179141.50696338696
23940.0 171446.94393985037
23950.0 174817.661998556
23960.0 175600.15989864478
23970.0 171218.24488072775
23980.0 176047.84986448588
23990.0 181336.08485025252
24000.0 167356.70183772888
24010.0 178062.67728541789
24020.0 172982.47781812208
24030.0 177042.32881106142
24040.0 174232.49980574113
24050.0 171959.72680213396
24060.0 177264.6258004845
24070.0 175781.1864479931
24080.0 170818.56840167425
24090.0 175662.87800464744
24100.0 171957.14760943543
24110.0 173999.71521608433
24120.0 175762.752545933
24130.0 163993.62810541756
24140.0 143511.58004658035
24150.0 155987.28766042122
24160.0 156062.3832757795
24170.0 164362.91889310098
24180.0 163393.41851210143
24190.0 158721.2044438986
24200.0 169856.17315584482
24210.0 165330.8961806142
24220.0 166801.1252071052
24230.0 163039.1202352161
24240.0 170417.88126515143
24250.0 162488.57229674287
24260.0 166055.9713301947
24270.0 167248.45836524913
24280.0 158802.70540195992
24290.0 171439.82244038704
24300.0 167113.4414805349
24310.0 163919.49066709282
24320.0 169996.26792119758
24330.0 160931.50132165625
24340.0 167635.62872386968
24350.0 166174.38612744617
24360.0 164509.20953279923
24370.0 158928.17441067414
24380.0 166870.60034825737
24390.0 167607.74175824528
24400.0 161462.5251700501
24410.0 164597.9105832935
24420.0 165459.0019981201
24430.0 170421.19637822875
24440.0 155843.1824777069
24450.0 161788.38154238695
24460.0 145128.5866086153
24470.0 142910.4896766476
24480.0 158773.6047463072
24490.0 155709.54381757102
24500.0 152517.9748906409
24510.0 155025.23196507493
24520.0 156760.53104118377
24530.0 158411.0581190245
24540.0 151886.92319841735
24550.0 155342.54022489893
24560.0 148086.8471297102
24570.0 148429.61998143297
24580.0 162046.7088349936
24590.0 154244.96769006754
24600.0 159198.33254665052
24610.0 157718.0994048256
24620.0 157530.31826462454
24630.0 160571.13512594526
24640.0 156134.6319889008
24650.0 155843.44285335674
24660.0 160587.3457194972
24670.0 157087.52658707154
24680.0 152261.2108808412
24690.0 157715.74255934046
24700.0 155378.06566400002
24710.0 155335.7367703928
24720.0 156707.43587809944
24730.0 150739.8349874524
24740.0 156223.6298364627
24750.0 152289.37921084068
24760.0 155063.6083249312
24770.0 158982.76544042453
24780.0 144033.05655739913
24790.0 140818.94167610368
24800.0 139071.77309851232
24810.0 144937.94391799852
24820.0 133555.9990410566
24830.0 144792.0201658226
24840.0 145545.94729208894
24850.0 134506.30241977036
24860.0 117979.11954902082
24870.0 134328.78867976184
24880.0 134211.59981208865
24890.0 136155.96294581308
24900.0 137197.67608110487
24910.0 136060.40121789268
24920.0 136602.53880919563
24930.0 140786.78122835426
24940.0 135618.10210203784
24950.0 138724.28897717685
24960.0 137529.1078537969
24970.0 139171.36473184446
24980.0 137363.35761134222
24990.0 137954.28948742786
