#lam[Angstrom] flux[erg/cm2/s/A]
1010.0 401209.1925429376
1020.0 415434.0252814779
1030.0 1433224.5543278763
1040.0 564954.4461724043
1050.0 425409.9629076661
1060.0 429255.70292860747
1070.0 453280.6896338263
1080.0 1371762.0769351772
1090.0 1397515.2470367723
1100.0 448005.91806971596
1110.0 451597.1612050594
1120.0 469154.30861386954
1130.0 456343.51542004786
1140.0 495590.4779313048
1150.0 465073.75489906786
1160.0 473916.8021527748
1170.0 474793.62818649167
1180.0 476838.3812881351
1190.0 479740.60105112003
1200.0 723377.7776282892
1210.0 643846.8462593792
1220.0 4096423.4479628513
1230.0 592547.3456670444
1240.0 2415500.7851221566
1250.0 841327.0973506086
1260.0 1170782.8656438729
1270.0 1202836.874982616
1280.0 1241866.651018772
1290.0 1340312.225179553
1300.0 1443368.2596945774
1310.0 1587307.6708292456
1320.0 1657995.4321163145
1330.0 1685984.281722682
1340.0 1881710.3042930067
1350.0 1810989.1742632296
1360.0 1854173.7382063912
1370.0 1881634.054614768
1380.0 1921529.5798358275
1390.0 4399445.53843225
1400.0 4892521.212966372
1410.0 3616880.184162712
1420.0 2040256.4429135723
1430.0 2003471.3882217922
1440.0 2013748.5015907534
1450.0 2027146.8594407057
1460.0 2043099.8295521725
1470.0 2058935.7961765502
1480.0 2068631.9511486555
1490.0 3246710.5742920716
1500.0 2048172.2700267113
1510.0 2044799.2337745498
1520.0 2047044.0293822861
1530.0 2139004.420204208
1540.0 2032668.6238135118
1550.0 28862257.68585772
1560.0 2033485.4833778262
1570.0 2024759.4080395207
1580.0 2121509.68466412
1590.0 2022839.6588916206
1600.0 2217899.9442054266
1610.0 2018900.0942698098
1620.0 2018739.8013396014
1630.0 2006791.9011595475
1640.0 18354626.432563428
1650.0 1989987.2929201745
1660.0 2574109.9146651337
1670.0 3505307.6390871187
1680.0 1977238.5629150844
1690.0 1971266.1225998546
1700.0 1963209.5255166637
1710.0 1953288.4634455577
1720.0 2096902.727600578
1730.0 1963100.4694998679
1740.0 2000265.6269445904
1750.0 2967771.7357135788
1760.0 1945632.6783878054
1770.0 1945019.7963686127
1780.0 1950882.3905104424
1790.0 2086398.117813005
1800.0 1937812.6153315264
1810.0 2390102.62569979
1820.0 2431159.285444516
1830.0 1902039.0672132748
1840.0 1889907.1279852556
1850.0 2040449.1518436722
1860.0 1962879.1183990825
1870.0 1867765.660917045
1880.0 3062284.4161049686
1890.0 3832376.5781544414
1900.0 1849182.3261364857
1910.0 12424277.020302093
1920.0 1836399.7312623623
1930.0 1844569.0647510153
1940.0 1811098.0880386531
1950.0 1810117.5977021933
1960.0 1791709.9822457645
1970.0 1781171.4865075871
1980.0 1771639.3242901044
1990.0 1763866.63279813
2000.0 1751943.07494384
2010.0 1736673.2254714414
2020.0 1664733.3418500903
2030.0 1570175.4807660186
2040.0 1524046.2860995722
2050.0 1454736.7062812482
2060.0 1430520.3751991978
2070.0 1441498.3550699383
2080.0 1409771.3029957993
2090.0 1453666.5986170324
2100.0 1422314.7744132588
2110.0 1422559.211738558
2120.0 1463736.846192939
2130.0 1461681.1243871446
2140.0 1537392.7064426302
2150.0 1406324.4018956819
2160.0 1417200.7038996406
2170.0 1383094.191415861
2180.0 1437559.222204576
2190.0 1406409.073027409
2200.0 1420428.423074515
2210.0 1437613.319689583
2220.0 1508365.8677873327
2230.0 1476183.9729054521
2240.0 1500160.417716121
2250.0 1593478.0218145757
2260.0 1554182.5716172128
2270.0 1585470.0526964678
2280.0 1617927.8938034133
2290.0 1651591.7611828856
2300.0 1727117.0236974673
2310.0 1817165.2217349305
2320.0 1907909.4473822564
2330.0 3417923.063389451
2340.0 2167540.066528229
2350.0 1932359.39901147
2360.0 1886705.9481718335
2370.0 1923435.8755009382
2380.0 1960370.2823660967
2390.0 2142741.679002974
2400.0 2034812.9505559483
2410.0 2076830.4943005068
2420.0 2106124.6483398383
2430.0 4558494.025647951
2440.0 2176439.3321116026
2450.0 2218697.586425493
2460.0 2245403.955789603
2470.0 2279154.9167609117
2480.0 2313232.067805343
2490.0 2347649.991265152
2500.0 2381514.5155130434
2510.0 2656736.348009357
2520.0 2451153.3930334835
2530.0 2486016.647775354
2540.0 2514708.280529347
2550.0 2551184.1362997284
2560.0 2954991.662775331
2570.0 2618691.4785902444
2580.0 2648016.9841908365
2590.0 2745790.0426411186
2600.0 2713987.733292915
2610.0 2741242.751581789
2620.0 2774879.7920799567
2630.0 2803303.581118888
2640.0 2864659.7930432544
2650.0 2886265.115607071
2660.0 2911777.2689976073
2670.0 3253635.380274635
2680.0 2973994.2114224597
2690.0 2995028.2911021593
2700.0 3020099.037199572
2710.0 3031344.0289806067
2720.0 3042238.170581317
2730.0 3271772.1337747145
2740.0 3290524.5528511633
2750.0 3131315.4664587732
2760.0 3181868.232605029
2770.0 3207586.0087481956
2780.0 3220165.459968799
2790.0 12759845.205501135
2800.0 8053878.462289338
2810.0 3310881.76174097
2820.0 3366801.395518559
2830.0 5207398.869045393
2840.0 3390414.0515533444
2850.0 3596581.3500025887
2860.0 3507147.5041258396
2870.0 3504193.5840594284
2880.0 3529369.8061299957
2890.0 3650530.257326457
2900.0 3837390.3365921364
2910.0 3764372.799489066
2920.0 3834002.334952214
2930.0 4405360.667268291
2940.0 3738871.1628246675
2950.0 3887161.5950987306
2960.0 3931114.4072761657
2970.0 3773674.452602854
2980.0 3902165.9114208603
2990.0 3919826.486230359
3000.0 3879984.6967624607
3010.0 3954781.203943719
3020.0 3900684.841438373
3030.0 4069990.021080846
3040.0 4038201.0986883054
3050.0 4062219.0298770084
3060.0 4133912.477639684
3070.0 4386667.029416584
3080.0 4294380.975768436
3090.0 4372219.0239170175
3100.0 4280254.585574849
3110.0 4639915.7236175565
3120.0 4637214.1083585
3130.0 4585447.721257631
3140.0 4639440.841076235
3150.0 4818907.479362531
3160.0 4558271.558569601
3170.0 4826659.12405627
3180.0 4642271.080386547
3190.0 4888769.721479472
3200.0 4800984.409366436
3210.0 5421366.461578856
3220.0 4749713.833065834
3230.0 4555085.8359058
3240.0 4825172.134151848
3250.0 4909688.014179107
3260.0 5354540.183098568
3270.0 5133316.6798231555
3280.0 5131343.665496873
3290.0 5326405.984270181
3300.0 5479282.64208463
3310.0 5143082.017862091
3320.0 5096530.438125971
3330.0 5370106.803153289
3340.0 5618325.418685311
3350.0 5127589.678999728
3360.0 5106537.095344201
3370.0 4881051.899473004
3380.0 5124537.077140455
3390.0 5117762.655507985
3400.0 5354996.701453003
3410.0 5126582.614374652
3420.0 5745687.640217986
3430.0 5956804.911689317
3440.0 5050469.934566761
3450.0 5253523.61949614
3460.0 5266749.014917549
3470.0 5251167.375824674
3480.0 5417505.023939835
3490.0 5428778.158301795
3500.0 5631711.292749405
3510.0 5445873.813596669
3520.0 5266644.67299624
3530.0 5472104.003235897
3540.0 5836508.157874122
3550.0 5654823.71022428
3560.0 5597869.7188327
3570.0 5218177.033271772
3580.0 5351709.875581302
3590.0 5335989.060068315
3600.0 5725748.562094676
3610.0 5305899.855465095
3620.0 5443075.987724091
3630.0 5642511.78365075
3640.0 5752300.734638489
3650.0 5594546.373269991
3660.0 6209496.191172912
3670.0 6074877.288058098
3680.0 5761448.098805957
3690.0 5862280.571431911
3700.0 6100740.192545635
3710.0 5660044.627341567
3720.0 4733394.248935113
3730.0 7784538.517866783
3740.0 4112201.6198894214
3750.0 4370020.2254011305
3760.0 4332497.968986023
3770.0 5255549.942804991
3780.0 5240951.689117689
3790.0 4692727.846898762
3800.0 5184615.252317079
3810.0 4896235.531679376
3820.0 4276767.907027441
3830.0 4191228.382044043
3840.0 4850806.941384043
3850.0 4922796.513601275
3860.0 8245960.069548662
3870.0 4795302.3375368025
3880.0 5605727.653567249
3890.0 4705895.880850205
3900.0 5414549.158309369
3910.0 5088975.568560686
3920.0 4739723.047453005
3930.0 4257971.00756968
3940.0 4456711.98315582
3950.0 5077440.658331923
3960.0 5992588.266358878
3970.0 4290410.044438872
3980.0 6114600.7659757575
3990.0 5701638.240082427
4000.0 5633877.680210894
4010.0 5705193.330798024
4020.0 6003236.557692454
4030.0 5249214.292741375
4040.0 5698615.735246997
4050.0 5544192.4742532745
4060.0 5501964.1416078005
4070.0 5408319.149743836
4080.0 6271862.023306304
4090.0 6398543.783790836
4100.0 7310968.652261258
4110.0 6111095.378596377
4120.0 6143681.300384921
4130.0 5693845.029627278
4140.0 5829291.684318682
4150.0 5877963.021384948
4160.0 6240140.445941975
4170.0 5963842.809653662
4180.0 5997906.489070685
4190.0 5939899.358392285
4200.0 5522950.192231729
4210.0 6237524.695576437
4220.0 5894298.510236509
4230.0 5468387.929836873
4240.0 5863194.810622576
4250.0 5486842.649874361
4260.0 5814428.091737126
4270.0 5325220.104338607
4280.0 5684112.611910996
4290.0 5476358.778511477
4300.0 5197474.822756602
4310.0 5023099.1518460475
4320.0 6121212.583397369
4330.0 8171978.484638015
4340.0 6148155.270036746
4350.0 6459531.73986906
4360.0 6299357.922698567
4370.0 6275147.062980706
4380.0 5670659.071829364
4390.0 6006672.421683546
4400.0 5957820.149997084
4410.0 6178921.615946733
4420.0 6315484.695774488
4430.0 6327426.801087605
4440.0 6354483.418123908
4450.0 6460972.854473676
4460.0 6304162.860680805
4470.0 6542252.433838759
4480.0 6661599.384126442
4490.0 6778633.387049975
4500.0 6891270.520249985
4510.0 7231417.001241477
4520.0 6915920.826667801
4530.0 6523506.550864108
4540.0 6760374.671433269
4550.0 6922883.320804188
4560.0 7112156.495342173
4570.0 7069576.899841135
4580.0 6870998.05880429
4590.0 6825508.114487609
4600.0 6812264.042630676
4610.0 6984519.469520998
4620.0 7025457.528298005
4630.0 7080555.16255326
4640.0 7120886.889327541
4650.0 7284490.338704839
4660.0 7241553.827221315
4670.0 7082326.364149539
4680.0 7079471.958292726
4690.0 8631221.760491885
4700.0 7117468.848413022
4710.0 7166138.384037519
4720.0 7533401.4736083485
4730.0 7008319.98054363
4740.0 7312540.78852557
4750.0 7306367.6000936655
4760.0 7247236.420843475
4770.0 7161680.071480703
4780.0 7366567.304998248
4790.0 7105223.141305746
4800.0 7215201.3692884855
4810.0 7021111.671264961
4820.0 7190921.920613756
4830.0 7198930.964772783
4840.0 6953146.910955942
4850.0 7221812.168415822
4860.0 11575439.330031566
4870.0 6856903.004570343
4880.0 7165979.932934456
4890.0 6900860.612510696
4900.0 7304549.165644802
4910.0 7157577.576400402
4920.0 6853826.380684584
4930.0 7399119.161538407
4940.0 6977120.971212799
4950.0 7365613.738617602
4960.0 19054635.97766461
4970.0 7254361.116152832
4980.0 6996998.090771392
4990.0 6960940.261729363
5000.0 7011125.776371749
5010.0 42351774.57435451
5020.0 6794460.575841599
5030.0 7249044.862768823
5040.0 6710501.51293151
5050.0 6842938.776375949
5060.0 7229732.96972923
5070.0 6888394.10903842
5080.0 6572506.918597148
5090.0 6956883.838515943
5100.0 6892939.429441508
5110.0 6605000.411350973
5120.0 6706088.5235694125
5130.0 6540614.249833849
5140.0 6551008.093406769
5150.0 6537737.541930225
5160.0 6744524.919564628
5170.0 5793223.0714636
5180.0 6293906.976662373
5190.0 6601518.86350872
5200.0 6816683.432421142
5210.0 6487620.32858981
5220.0 6917026.656636985
5230.0 6681453.007171046
5240.0 7219452.056442846
5250.0 7092346.998313339
5260.0 7027036.849627554
5270.0 6105440.779349985
5280.0 6901229.240179256
5290.0 7372813.808407502
5300.0 7004455.934010578
5310.0 7408681.057471955
5320.0 7169439.016217309
5330.0 6447749.260883246
5340.0 7083392.58994068
5350.0 7165710.845995009
5360.0 7408894.698525314
5370.0 6690525.525159264
5380.0 7244252.666665878
5390.0 7121419.469752165
5400.0 6664802.104563737
5410.0 6679370.020816663
5420.0 7158808.148452781
5430.0 6706342.110478869
5440.0 7251651.058263124
5450.0 6887096.15812441
5460.0 6969310.794681352
5470.0 7269096.971550205
5480.0 7001982.123758533
5490.0 7074034.632978068
5500.0 7103445.645701985
5510.0 6947004.629752987
5520.0 7305014.221162402
5530.0 7061316.279628266
5540.0 7383048.184865857
5550.0 7269867.443626804
5560.0 7215870.996225664
5570.0 7040509.682945637
5580.0 7184785.041808311
5590.0 6788379.423071934
5600.0 7027180.992782028
5610.0 7359540.548500508
5620.0 6972352.448651
5630.0 7303899.6067506075
5640.0 7164685.940262128
5650.0 7182828.903346013
5660.0 6992955.862141002
5670.0 7251272.550988164
5680.0 7237231.6044093855
5690.0 7231245.14990957
5700.0 7108826.5273178145
5710.0 6910226.742755613
5720.0 7268323.883097435
5730.0 7435318.524707302
5740.0 7238794.672997375
5750.0 7034729.196247075
5760.0 7209918.91511086
5770.0 7274604.389424159
5780.0 7070225.138529964
5790.0 7063605.071970842
5800.0 7205650.380549893
5810.0 7161893.924594765
5820.0 7322796.553442855
5830.0 7235432.747078162
5840.0 7222698.768256598
5850.0 7115009.646003239
5860.0 7002929.689066081
5870.0 7138445.854784263
5880.0 7605544.617679065
5890.0 6893608.799277328
5900.0 6960929.88473686
5910.0 7132567.216197894
5920.0 7041040.918775089
5930.0 7057379.205734832
5940.0 7049648.535467792
5950.0 7060284.84050747
5960.0 7085882.989007248
5970.0 7156175.877110383
5980.0 6911567.682801817
5990.0 7067075.875902541
6000.0 7008392.69457457
6010.0 6926552.904781955
6020.0 6873951.205769785
6030.0 7014262.239604957
6040.0 7088879.51708019
6050.0 7068875.837366461
6060.0 6939110.0640815105
6070.0 7025556.499785505
6080.0 6962682.837879326
6090.0 7123733.669584114
6100.0 6823478.114658533
6110.0 6917692.163435631
6120.0 6799067.7943346985
6130.0 6847096.202139962
6140.0 6636837.295266103
6150.0 6849073.559336262
6160.0 6566146.940961771
6170.0 6696829.520823664
6180.0 6880854.000160122
6190.0 6716891.190643137
6200.0 6859132.566475192
6210.0 6785595.1626738645
6220.0 6663143.750782322
6230.0 6690855.8022721
6240.0 6657634.062888509
6250.0 6570111.888125626
6260.0 6646271.388637206
6270.0 6647207.238126612
6280.0 6603440.345883544
6290.0 6680697.563185108
6300.0 7007899.962403024
6310.0 6701670.196541971
6320.0 6575602.584210198
6330.0 6748919.164970496
6340.0 6582528.76867712
6350.0 6744142.732797117
6360.0 6511572.998431075
6370.0 6780590.241459401
6380.0 6677783.827784255
6390.0 6616784.644953793
6400.0 6569843.138643856
6410.0 6584821.063637387
6420.0 6552852.460536011
6430.0 6652499.89204544
6440.0 6547882.050633067
6450.0 6601398.272617191
6460.0 6465780.724107841
6470.0 6588614.287400469
6480.0 6543200.178841252
6490.0 6468345.422416007
6500.0 6342696.2597387135
6510.0 6591310.246806818
6520.0 6575300.745530162
6530.0 6556043.267702665
6540.0 6557625.359667326
6550.0 6427730.124008899
6560.0 18836069.352940857
6570.0 6441829.93987936
6580.0 6516884.765339075
6590.0 8091718.89692446
6600.0 6500757.980159441
6610.0 6423233.278710661
6620.0 6505953.241630462
6630.0 6362263.097194264
6640.0 6429118.649435949
6650.0 6471761.311833501
6660.0 6428603.05963639
6670.0 6426899.6775692655
6680.0 6410046.328957802
6690.0 6569287.917019423
6700.0 6346466.9198911935
6710.0 6248352.86741877
6720.0 6330853.516343197
6730.0 7195922.804368041
6740.0 6362017.31837122
6750.0 6310475.903894646
6760.0 6407267.957600644
6770.0 6261030.717364155
6780.0 6327841.89735637
6790.0 6342383.320559202
6800.0 6281797.225055196
6810.0 6245781.318054853
6820.0 6308472.3304826515
6830.0 6289404.549819191
6840.0 6177844.181899099
6850.0 6266999.4498354355
6860.0 6186326.580316501
6870.0 6250901.813691018
6880.0 6211898.95487155
6890.0 6242048.092827495
6900.0 6276265.854736422
6910.0 6170726.852061226
6920.0 6177752.380090265
6930.0 6112540.710518213
6940.0 6141709.894229421
6950.0 6074801.593262743
6960.0 6122914.5735357795
6970.0 6074968.20514527
6980.0 5964139.79505148
6990.0 6075536.311584208
7000.0 6083176.539032059
7010.0 6012079.536114036
7020.0 5926132.688196769
7030.0 5980693.053940712
7040.0 6030012.443255348
7050.0 6028888.338261206
7060.0 6031904.236268017
7070.0 6288367.150512924
7080.0 5986592.648093328
7090.0 5935532.8635493945
7100.0 5966230.649619769
7110.0 5848824.580651786
7120.0 5915839.947649235
7130.0 5830629.220714904
7140.0 6335599.0940699205
7150.0 5790137.999547169
7160.0 5809749.150161938
7170.0 5898196.222142139
7180.0 5816700.387788774
7190.0 5680392.5764465835
7200.0 5849641.182806294
7210.0 5736388.169854911
7220.0 5808364.3831449505
7230.0 5880110.625095548
7240.0 5810366.800256036
7250.0 5890085.257554785
7260.0 5762328.372883567
7270.0 5801987.675405724
7280.0 5700962.9113525245
7290.0 5770015.150815112
7300.0 5713688.312397829
7310.0 5685095.085010244
7320.0 6273807.063502406
7330.0 5633672.963809237
7340.0 5741316.328584652
7350.0 5710895.7090478605
7360.0 5587127.92791885
7370.0 5719518.992723188
7380.0 5708595.995472094
7390.0 5539979.884765457
7400.0 5651153.690961724
7410.0 5554943.07050622
7420.0 5527445.576958301
7430.0 5669044.339492627
7440.0 5598671.4981914
7450.0 5552842.923865609
7460.0 5587909.574043902
7470.0 5611772.2828897
7480.0 5595834.681702783
7490.0 5555897.259750223
7500.0 5539812.686588714
7510.0 5495295.138349408
7520.0 5584008.393340652
7530.0 5558058.998432143
7540.0 5593116.496355394
7550.0 5565007.844551984
7560.0 5519939.246366073
7570.0 5524509.343602183
7580.0 5534551.277928883
7590.0 5486992.058167048
7600.0 5503277.091958768
7610.0 5506413.942112708
7620.0 5435011.305212149
7630.0 5531258.763970619
7640.0 5518725.273362916
7650.0 5475816.566983073
7660.0 5273483.2152533075
7670.0 5454274.8457102515
7680.0 5459746.830764144
7690.0 5413710.178024811
7700.0 5446150.718424537
7710.0 5346253.698855794
7720.0 5366568.06066975
7730.0 5391208.238669234
7740.0 5501140.65316803
7750.0 5275077.188148793
7760.0 5390519.5965121705
7770.0 5392465.526996013
7780.0 5336883.947299942
7790.0 5338557.927156743
7800.0 5323851.295650117
7810.0 5304029.590409014
7820.0 5338697.906475336
7830.0 5254975.404285108
7840.0 5259712.160817599
7850.0 5264137.5468425
7860.0 5279637.265762767
7870.0 5256749.389768755
7880.0 5205663.949973732
7890.0 5191308.589368431
7900.0 5131283.793354293
7910.0 5087703.600113897
7920.0 5077328.838625586
7930.0 5076115.865403485
7940.0 5010396.378434354
7950.0 5027964.111347432
7960.0 5095379.704045277
7970.0 5217396.464736933
7980.0 5101218.795080227
7990.0 5095269.101962161
8000.0 5016647.153171092
8010.0 5097523.98107655
8020.0 5076811.848791245
8030.0 5006677.660252558
8040.0 5058354.719363615
8050.0 4966942.215059509
8060.0 5059472.89103543
8070.0 4960782.607045056
8080.0 4949123.152157476
8090.0 4894512.570171373
8100.0 4920144.583795756
8110.0 4916020.891780773
8120.0 4942811.4155078335
8130.0 4938820.485387379
8140.0 4887637.659756813
8150.0 4854557.989710497
8160.0 4815511.682040642
8170.0 4799619.647209194
8180.0 4748392.840700054
8190.0 4731708.956973148
8200.0 4694021.241547514
8210.0 4646099.403494971
8220.0 4694256.132349753
8230.0 4704713.316558067
8240.0 4726443.681315754
8250.0 4713270.516530784
8260.0 4751583.83854389
8270.0 4692975.600801985
8280.0 4710891.666157477
8290.0 4652950.990070395
8300.0 4654333.017911721
8310.0 4567047.649631893
8320.0 4641836.538408994
8330.0 4481077.5639436925
8340.0 4634765.514004256
8350.0 4550030.964081707
8360.0 4581071.362887669
8370.0 4592752.553311773
8380.0 4576967.8945662305
8390.0 4479278.315664908
8400.0 4548203.941854823
8410.0 4573325.0082193725
8420.0 4548274.9180792775
8430.0 4534698.561906628
8440.0 4542295.02998395
8450.0 4648314.475216707
8460.0 4654202.218483441
8470.0 4579693.539181398
8480.0 4658105.424397814
8490.0 4683726.957682829
8500.0 4470489.768066689
8510.0 4598176.585954177
8520.0 4584266.974816628
8530.0 4596819.090887284
8540.0 4213686.148146488
8550.0 4570912.314679046
8560.0 4567280.596743651
8570.0 4541896.591033764
8580.0 4484922.541691183
8590.0 4534529.476620043
8600.0 4426229.3315918185
8610.0 4413147.971709002
8620.0 4436420.284639232
8630.0 4437515.835747102
8640.0 4659400.497923251
8650.0 4414933.025405925
8660.0 4069987.8546116548
8670.0 4319658.602016397
8680.0 4379093.2387900995
8690.0 4218811.485528367
8700.0 4352359.039501956
8710.0 4333925.658218024
8720.0 4367485.924529275
8730.0 4365736.919657694
8740.0 4302267.677834732
8750.0 4323301.876831501
8760.0 4305102.991230372
8770.0 4344456.678131017
8780.0 4337648.95280743
8790.0 4270098.902001819
8800.0 4294454.914565413
8810.0 4172181.7242366187
8820.0 4204492.735874678
8830.0 4304007.763532153
8840.0 4219057.078804674
8850.0 4307598.546724465
8860.0 4276590.677429113
8870.0 4232433.071024575
8880.0 4225915.200445752
8890.0 4251633.832775663
8900.0 4329938.975003971
8910.0 4234713.331514284
8920.0 4189268.797542128
8930.0 4172614.3380618035
8940.0 4219456.854435913
8950.0 4155640.384110257
8960.0 4194940.637513253
8970.0 4169728.3649928155
8980.0 4132941.3361186422
8990.0 4153410.671955078
9000.0 4081946.8538817693
9010.0 4032456.1043521967
9020.0 4054197.5229059327
9030.0 4234057.2236900525
9040.0 4115519.5607593097
9050.0 4108500.253222873
9060.0 4077912.58485613
9070.0 4093722.8969884575
9080.0 5218499.546327879
9090.0 3971756.2872987045
9100.0 4019511.640100996
9110.0 3994062.456535116
9120.0 4002767.5819016667
9130.0 4055036.0825923504
9140.0 3957283.406208112
9150.0 3934268.023829528
9160.0 3937984.171028211
9170.0 3837885.263557922
9180.0 3888224.7994686784
9190.0 3885737.5978891747
9200.0 3842048.718291932
9210.0 3798300.235099658
9220.0 3965223.1328857904
9230.0 3848756.7843410196
9240.0 3823475.171175881
9250.0 3824885.5655724616
9260.0 3754404.213039699
9270.0 3863867.5771694286
9280.0 3834181.3954142546
9290.0 3786364.4007269708
9300.0 3825088.6603322374
9310.0 3824702.913654859
9320.0 3805482.9236510545
9330.0 3815917.1795457383
9340.0 3843941.482726131
9350.0 3809026.5454295636
9360.0 3780088.5102158883
9370.0 3787654.612590329
9380.0 3758739.0429096366
9390.0 3766490.7046642043
9400.0 3726690.2428068067
9410.0 3630282.976748474
9420.0 3681352.2948004976
9430.0 3702943.5178369293
9440.0 3678444.896066896
9450.0 3684020.5181217436
9460.0 3690585.2601443436
9470.0 3725440.4495872194
9480.0 3698446.0013519097
9490.0 3670131.195368519
9500.0 3706534.2990771653
9510.0 3670118.9578547482
9520.0 3705866.4135536226
9530.0 3655162.2818836244
9540.0 5107283.404582847
9550.0 5058243.634779006
9560.0 3634308.2862844057
9570.0 3607560.8140533087
9580.0 3646109.2516990965
9590.0 3654274.180057551
9600.0 3587924.0161918458
9610.0 3622802.673710784
9620.0 3604178.854366208
9630.0 3587598.1152080586
9640.0 3574087.235993375
9650.0 3546451.159533197
9660.0 3556567.6893007373
9670.0 3587785.686184275
9680.0 3554855.6098028617
9690.0 3534062.255483856
9700.0 3579667.932625165
9710.0 3552981.15669646
9720.0 3542344.2778180735
9730.0 3521087.8243857715
9740.0 3499350.7418384557
9750.0 3508955.9221943654
9760.0 3513427.684860155
9770.0 3515637.721023401
9780.0 3491013.714233693
9790.0 3487372.6078075403
9800.0 3511792.731286795
9810.0 3504865.3218596615
9820.0 3497237.9025707003
9830.0 3479275.4540845
9840.0 3503684.3555331146
9850.0 3480457.2629720066
9860.0 3488679.978344534
9870.0 3481392.315926382
9880.0 3473063.0437099813
9890.0 3451190.7666036207
9900.0 3434397.337536541
9910.0 3444534.584913715
9920.0 3453595.7415504768
9930.0 3435749.4020255934
9940.0 3421927.5378026166
9950.0 3420646.755334406
9960.0 3433458.3686293466
9970.0 3416819.814215388
9980.0 3417920.562382048
9990.0 3395610.0444139596
10010.0 3382700.9799425374
10020.0 3409477.6900722757
10030.0 3557092.343277266
10040.0 3382334.2560631554
10050.0 3320778.75612865
10060.0 3332930.0888872584
10070.0 3358119.039497681
10080.0 3336594.6572261658
10090.0 3341254.0807122076
10100.0 3324018.243896041
10110.0 3323721.2911492996
10120.0 3332141.568780291
10130.0 3584211.9778870945
10140.0 3323372.841442766
10150.0 3275075.5683466885
10160.0 3278780.844215274
10170.0 3295841.4050899674
10180.0 3281897.7132663173
10190.0 3261743.1429923046
10200.0 3262843.576953359
10210.0 3262780.2865775833
10220.0 3230311.5686457986
10230.0 3264762.932167809
10240.0 3265516.9937174674
10250.0 3266013.0950575145
10260.0 3257334.5544070853
10270.0 3239055.859397527
10280.0 3249281.296317607
10290.0 3220762.0446647424
10300.0 3218633.6362903984
10310.0 3226272.53301659
10320.0 3221775.3862099824
10330.0 3165745.3398105176
10340.0 3354556.058401452
10350.0 3188283.212195602
10360.0 3194476.9305215264
10370.0 3145581.6763248285
10380.0 3168001.2135079606
10390.0 3186516.133828556
10400.0 3121290.289374032
10410.0 3162987.9917483907
10420.0 3134527.0666331435
10430.0 3147462.381749207
10440.0 3156116.7143615317
10450.0 3149876.8141821222
10460.0 3109482.5584774297
10470.0 3094122.6387993777
10480.0 3119577.8021085802
10490.0 3118792.9548886027
10500.0 3091923.9013788598
10510.0 3100769.588070131
10520.0 3105574.2616503155
10530.0 3073889.5007252214
10540.0 3098214.4559463337
10550.0 3085058.9788277117
10560.0 3089028.870663741
10570.0 3057286.2196459696
10580.0 3017175.814829719
10590.0 2989304.1705768947
10600.0 3032948.0812511225
10610.0 3047816.968805675
10620.0 3027605.797881017
10630.0 3009550.2538976846
10640.0 3045059.5290552024
10650.0 3034281.1386988866
10660.0 2986125.0099117802
10670.0 3007539.3734858413
10680.0 2995924.447921969
10690.0 2927987.4805495376
10700.0 2965351.050703138
10710.0 2971823.2498349873
10720.0 2973862.143563411
10730.0 2895026.240135764
10740.0 2982190.999656203
10750.0 2914804.3348731594
10760.0 2975561.205773812
10770.0 2947907.703249445
10780.0 2920328.2949122265
10790.0 2911393.3534043045
10800.0 2941264.5687676207
10810.0 2868320.5198185644
10820.0 7104715.173994886
10830.0 2852303.7468029745
10840.0 2893752.594355806
10850.0 2917510.635534313
10860.0 2901128.257899276
10870.0 2783749.9074161095
10880.0 2855163.0121648256
10890.0 2856296.5429159906
10900.0 2875970.8217175193
10910.0 2852665.069861979
10920.0 3154000.3030903344
10930.0 2753343.450859665
10940.0 2793436.1510594347
10950.0 2799894.390744365
10960.0 2740653.693786081
10970.0 2704965.590062133
10980.0 2702364.2355778934
10990.0 2758460.802384285
11000.0 2720010.705648603
11010.0 2695168.4007073096
11020.0 2689844.033599043
11030.0 2716420.4383908757
11040.0 2734117.441577005
11050.0 2738781.7127261013
11060.0 2689258.2849284634
11070.0 2721891.2417917997
11080.0 2732166.348356023
11090.0 2714277.776305924
11100.0 2711393.628042684
11110.0 2713522.0480804946
11120.0 2708706.317153139
11130.0 2669181.6753284438
11140.0 2739969.4996142574
11150.0 2712536.2405416616
11160.0 2701143.0268849097
11170.0 2695040.172157353
11180.0 2681396.718555389
11190.0 2664807.538848143
11200.0 2650111.194236949
11210.0 2664242.150882424
11220.0 2696666.029442236
11230.0 2675000.649723192
11240.0 2662503.9746226883
11250.0 2591708.1678979155
11260.0 2637768.4096748894
11270.0 2690976.178026477
11280.0 2630291.7541712685
11290.0 2629353.030401487
11300.0 2627690.9473841013
11310.0 2610229.5383984554
11320.0 2657134.773026648
11330.0 2589417.2101209676
11340.0 2647496.323042766
11350.0 2604231.9076668387
11360.0 2641946.1296837684
11370.0 2568671.3415283067
11380.0 2621211.2719534487
11390.0 2563125.210648195
11400.0 2582671.7172439974
11410.0 2582924.31043584
11420.0 2575074.321127964
11430.0 2587080.292597769
11440.0 2547603.5995746413
11450.0 2590822.4212281145
11460.0 2569899.4880360775
11470.0 2578321.703910254
11480.0 2553441.8908952614
11490.0 2572581.4459273764
11500.0 2567143.999712784
11510.0 2582624.0329402685
11520.0 2557806.043161678
11530.0 2538704.5711647915
11540.0 2556229.409404087
11550.0 2550863.6718898364
11560.0 2548527.832150595
11570.0 2557026.3814349407
11580.0 2545034.9801359
11590.0 2478241.789523199
11600.0 2534624.599276293
11610.0 2405250.9940625075
11620.0 2535613.9572272464
11630.0 2504151.696020418
11640.0 2466276.1612392506
11650.0 2519631.472951454
11660.0 2564959.7721069413
11670.0 2489734.261160455
11680.0 2496098.1508615706
11690.0 2422942.8077459475
11700.0 2498014.8974772617
11710.0 2482211.8826181116
11720.0 2484784.9085722435
11730.0 2488325.972497341
11740.0 2469341.10777501
11750.0 2448297.2832120587
11760.0 2480257.349839648
11770.0 2442943.857648914
11780.0 2386089.965786136
11790.0 2459878.7614012556
11800.0 2452159.8353441767
11810.0 2426199.903661398
11820.0 2440174.320639136
11830.0 2329500.029109504
11840.0 2413811.7467668764
11850.0 2434060.556368795
11860.0 2418743.8797138324
11870.0 2414396.6310602096
11880.0 2303259.4743995406
11890.0 2389121.1870491914
11900.0 2409242.073400612
11910.0 2412575.9380509406
11920.0 2402629.8709991896
11930.0 2413993.529413338
11940.0 2385290.678984251
11950.0 2377364.468520991
11960.0 2373136.5122825108
11970.0 2264149.687808609
11980.0 2333061.7214229447
11990.0 2318277.797832375
12000.0 2365683.4663767535
12010.0 2356675.5330393747
12020.0 2365219.1409286927
12030.0 2285362.313539903
12040.0 2323797.0920976656
12050.0 2351988.2473651124
12060.0 2340466.15953682
12070.0 2335495.811555462
12080.0 2216748.732223751
12090.0 2322881.390192894
12100.0 2291061.5035157884
12110.0 2317211.0458252574
12120.0 2319050.1095611914
12130.0 2314599.6082314085
12140.0 2324598.522595215
12150.0 2313100.160254038
12160.0 2323169.8122401927
12170.0 2295528.590757533
12180.0 2302466.442352765
12190.0 2286974.978112742
12200.0 2277709.272085227
12210.0 2274530.361650778
12220.0 2289731.178620087
12230.0 2273570.448613393
12240.0 2275828.7028019563
12250.0 2277789.210275976
12260.0 2269236.963122188
12270.0 2243523.380162097
12280.0 2263424.6467460277
12290.0 2270562.059772443
12300.0 2261325.7921430874
12310.0 2255738.1319194455
12320.0 2249345.114546668
12330.0 2242011.7609706884
12340.0 2204404.7146142763
12350.0 2232216.5467013502
12360.0 2192748.0704955794
12370.0 2223165.228711849
12380.0 2233530.8311676052
12390.0 2219326.798598408
12400.0 2198484.283657601
12410.0 2205409.9895923017
12420.0 2189288.6378926095
12430.0 2178567.823099312
12440.0 2212901.173693432
12450.0 2206780.0720473104
12460.0 2199616.929532346
12470.0 2187172.509727492
12480.0 2194607.6829674235
12490.0 2190818.022080186
12500.0 2214127.5044130455
12510.0 2156403.078583194
12520.0 2112868.119644746
12530.0 2150536.27691252
12540.0 2173425.101868663
12550.0 2169000.3467544853
12560.0 2140006.7072751895
12570.0 2849657.1142905448
12580.0 2145668.450224416
12590.0 2158593.4428129075
12600.0 2153832.6905267225
12610.0 2135429.8206297797
12620.0 2141803.6105663637
12630.0 2143829.7826167033
12640.0 2112221.4872193113
12650.0 2121080.273640425
12660.0 2131729.797363522
12670.0 2120534.2667098427
12680.0 2109124.1632458293
12690.0 2144831.2174760336
12700.0 2119952.3786585173
12710.0 2103239.4680280457
12720.0 2119583.7607056983
12730.0 2109600.179634271
12740.0 2078843.3534246443
12750.0 2111741.640713603
12760.0 2106284.0137164774
12770.0 2101508.0641257437
12780.0 2097256.8617175524
12790.0 2088518.1618376654
12800.0 2084730.6786480653
12810.0 2054792.3317256016
12820.0 2471637.163540079
12830.0 2049690.0452609188
12840.0 2069030.744949095
12850.0 2067531.4872972139
12860.0 2074251.929240671
12870.0 2063936.0372162727
12880.0 2041955.860736454
12890.0 2064476.3685169388
12900.0 2006604.0544886063
12910.0 2035406.6451432095
12920.0 2035381.6735685659
12930.0 2035414.1075402568
12940.0 2035204.8072224646
12950.0 2115210.903562944
12960.0 2034653.3059817234
12970.0 2015245.660306898
12980.0 2007175.7503667483
12990.0 2024404.1472991349
13000.0 2021897.4019616228
13010.0 2030044.9136490186
13020.0 2020423.7684770802
13030.0 1994144.4801826994
13040.0 1998782.961821902
13050.0 2007010.6329547267
13060.0 1996378.7081764098
13070.0 2005876.5442114146
13080.0 2001031.4196498818
13090.0 1997770.3956448247
13100.0 1975649.3037351246
13110.0 1996047.2780350372
13120.0 1909351.7722998927
13130.0 1974316.0687303976
13140.0 1976060.6473125464
13150.0 1897403.9793883949
13160.0 1974147.955585173
13170.0 1980004.6446592691
13180.0 1943877.3914200687
13190.0 1970029.5636594617
13200.0 1950407.7331504175
13210.0 2117009.992031637
13220.0 1955246.3024806129
13230.0 1963999.412358665
13240.0 1962741.8821203697
13250.0 1946968.8816715807
13260.0 1939387.0359253841
13270.0 1939809.7554388046
13280.0 1974098.2917604172
13290.0 1889852.868490903
13300.0 1932164.9712091107
13310.0 1930565.4051421075
13320.0 1883537.7917124021
13330.0 1920956.019421752
13340.0 1924114.020435797
13350.0 1907245.4764487129
13360.0 1925214.653638795
13370.0 1913326.320821671
13380.0 1908115.820568591
13390.0 1878444.9122165993
13400.0 1895872.041662926
13410.0 1905842.3458111656
13420.0 1892021.592419621
13430.0 1898241.89499292
13440.0 1902552.1815897494
13450.0 1889481.526380878
13460.0 1886068.705190789
13470.0 1891624.4036823576
13480.0 1888084.2783465944
13490.0 1878945.7972777502
13500.0 1856893.9955810418
13510.0 1887028.2878150786
13520.0 1874459.9658942241
13530.0 1879255.616120123
13540.0 1877326.1952698692
13550.0 1844299.386968889
13560.0 1852340.9579534372
13570.0 1848433.771846098
13580.0 1863862.606580154
13590.0 1844964.5130967028
13600.0 1827036.8135307378
13610.0 1860480.6460842323
13620.0 1852527.8179903561
13630.0 1817834.7181118312
13640.0 1824432.4060074436
13650.0 1838555.1632791976
13660.0 1841142.2798237675
13670.0 1819801.8264493924
13680.0 1810583.992059182
13690.0 1826281.0696988157
13700.0 1820731.2810717998
13710.0 1818125.2810949124
13720.0 1805401.1733187297
13730.0 1790618.4421823765
13740.0 1815495.522985516
13750.0 1894712.2319581541
13760.0 1789385.7188997862
13770.0 1807202.965160912
13780.0 1805577.889263017
13790.0 1805838.5632432338
13800.0 1807405.969867974
13810.0 1802289.08111506
13820.0 1777441.3305548774
13830.0 1793447.5277635036
13840.0 1799082.859452105
13850.0 1760784.2721809992
13860.0 1765995.875231696
13870.0 1782288.7460602745
13880.0 1783941.180265861
13890.0 1780018.2409691429
13900.0 1753127.5976249452
13910.0 1775635.2875793315
13920.0 1771672.8003362948
13930.0 1772088.461112956
13940.0 1764497.327839965
13950.0 1749032.126587906
13960.0 1760462.6286407565
13970.0 1754583.584699011
13980.0 1752078.2550876387
13990.0 1747390.164020124
14000.0 1708943.8921792018
14010.0 1728478.0977159948
14020.0 1752603.2581431307
14030.0 1729377.0020785066
14040.0 1734252.72197652
14050.0 1747521.5463206118
14060.0 1708556.1182746822
14070.0 1696695.0491337785
14080.0 1707452.150560953
14090.0 1712112.2298218221
14100.0 1695567.6294177135
14110.0 1695582.962304432
14120.0 1657138.6951516774
14130.0 1645341.1444162386
14140.0 1684886.4995367103
14150.0 1686881.9123204916
14160.0 1665397.122331961
14170.0 1686171.2226745773
14180.0 1645903.7334087254
14190.0 1664443.746292976
14200.0 1660143.3720781123
14210.0 1648245.2829102473
14220.0 1647068.4769355608
14230.0 1663272.8811113988
14240.0 1621305.4270521183
14250.0 1625481.6638026978
14260.0 1621530.4354593484
14270.0 1628344.6063338125
14280.0 1645671.6286053373
14290.0 1593210.395831869
14300.0 1648316.8719334444
14310.0 1614317.1561789578
14320.0 1638064.5963959412
14330.0 1661753.7530122758
14340.0 1636507.4389352184
14350.0 1632781.78001538
14360.0 1654938.8512534755
14370.0 1632523.0539495042
14380.0 1654562.596356791
14390.0 1633668.0670506156
14400.0 1546148.445180019
14410.0 1633026.9583409457
14420.0 1591566.1217574864
14430.0 1612743.4051400204
14440.0 1566664.858691712
14450.0 1634358.7605673387
14460.0 1559477.7778657614
14470.0 1617339.371406824
14480.0 1566224.776949855
14490.0 1593596.5405508399
14500.0 1572325.0683747272
14510.0 1550122.1260611578
14520.0 1594536.0612761546
14530.0 1563019.3477323572
14540.0 1550570.1748069567
14550.0 1548949.1605972473
14560.0 1568454.0386117594
14570.0 1548885.7226766574
14580.0 1574470.6366927456
14590.0 1550798.8393439902
14600.0 1519838.50555428
14610.0 1569081.933123485
14620.0 1552217.946262225
14630.0 1539025.8759222687
14640.0 1560934.382832005
14650.0 1470204.4340027068
14660.0 1546852.5069311187
14670.0 1555511.8462999798
14680.0 1526919.1272494218
14690.0 1545813.9658272318
14700.0 1514515.2079281546
14710.0 1521776.5788531094
14720.0 1509132.2043541684
14730.0 1545375.7518914035
14740.0 1539226.3717285392
14750.0 1485788.6238523414
14760.0 1541853.7828216343
14770.0 1507222.2400891124
14780.0 1513393.9597258035
14790.0 1542789.3775014058
14800.0 1522511.8319841153
14810.0 1505111.6681872979
14820.0 1530263.858156337
14830.0 1490713.5237799727
14840.0 1507698.2018155763
14850.0 1523034.2562075476
14860.0 1494207.319479051
14870.0 1475761.7553055973
14880.0 1347571.9914910113
14890.0 1529333.664067239
14900.0 1477986.8539226481
14910.0 1480199.9919417598
14920.0 1524579.8387638365
14930.0 1508913.1725461353
14940.0 1511484.9815445438
14950.0 1499494.072606003
14960.0 1468905.1012552765
14970.0 1489583.390022467
14980.0 1470962.4570567673
14990.0 1505794.941387839
15000.0 1492655.764805891
15010.0 1478144.092747075
15020.0 1391917.4272341838
15030.0 1415651.3235362307
15040.0 1389043.95228906
15050.0 1380743.3863805956
15060.0 1479330.3365171482
15070.0 1500959.6957818842
15080.0 1471795.938250041
15090.0 1495681.78947675
15100.0 1458932.7392809368
15110.0 1501307.492776657
15120.0 1459379.7408178584
15130.0 1492855.804235008
15140.0 1459365.7409950586
15150.0 1508418.2349761222
15160.0 1445638.4749363528
15170.0 1494836.342653498
15180.0 1464975.1992505891
15190.0 1476915.3182719178
15200.0 1457672.9931130153
15210.0 1447775.0206455402
15220.0 1420738.6935678457
15230.0 1451441.381496194
15240.0 1444066.2626489613
15250.0 1449855.377973902
15260.0 1427997.936622671
15270.0 1462201.7519098727
15280.0 1442539.854416034
15290.0 1392145.2927378598
15300.0 1434788.3402294782
15310.0 1449266.2819885174
15320.0 1426920.967106426
15330.0 1431206.8486650044
15340.0 1402735.7344719248
15350.0 1524993.9778724639
15360.0 1428467.9276437177
15370.0 1451347.95529219
15380.0 1406745.1852186117
15390.0 1401076.868427293
15400.0 1396010.886302841
15410.0 1438776.9526285026
15420.0 1404374.36548641
15430.0 1420309.2059295813
15440.0 1424262.9484829754
15450.0 1423220.3681167406
15460.0 1414316.5939227606
15470.0 1417502.1316027213
15480.0 1405511.9693948883
15490.0 1401177.8349556387
15500.0 1395069.1683432572
15510.0 1400228.4584099627
15520.0 1413876.6413873006
15530.0 1383366.9007270036
15540.0 1367768.906725746
15550.0 1393395.8616292363
15560.0 1358189.1967924666
15570.0 1381762.6497279915
15580.0 1397213.1843124675
15590.0 1337900.41718394
15600.0 1393625.2941699577
15610.0 1396071.100188572
15620.0 1357059.0901319925
15630.0 1358887.1660979076
15640.0 1376543.0748237793
15650.0 1379798.7808708276
15660.0 1352831.7527163946
15670.0 1356380.7426322713
15680.0 1352396.7408586123
15690.0 1325977.8109651029
15700.0 1355314.888753131
15710.0 1366757.1828294878
15720.0 1345746.9524707473
15730.0 1376112.5414926077
15740.0 1308748.0124156768
15750.0 1290136.5404010292
15760.0 1348017.2101159762
15770.0 1201645.1910820603
15780.0 1353100.9438223583
15790.0 1343399.7322829952
15800.0 1346376.2762597264
15810.0 1360266.0781063503
15820.0 1273908.4461734165
15830.0 1338809.9795822739
15840.0 1335233.2486926308
15850.0 1344276.1510873004
15860.0 1324852.7630267304
15870.0 1309718.5114833286
15880.0 1270881.3720860688
15890.0 1227421.8178608476
15900.0 1276769.79765764
15910.0 1274272.5533262778
15920.0 1324039.2537376485
15930.0 1325792.788243629
15940.0 1320614.9270857347
15950.0 1316247.0201742132
15960.0 1260800.0812481998
15970.0 1384835.2930739427
15980.0 1282413.0171177636
15990.0 1318474.5480774217
16000.0 1313126.8982110168
16010.0 1266179.5169625317
16020.0 1312281.1410667486
16030.0 1322982.8328863902
16040.0 1270255.6133508103
16050.0 1314309.3610412958
16060.0 1275539.3381975438
16070.0 1292604.9435724393
16080.0 1305737.1862290092
16090.0 1272988.6586942289
16100.0 1248475.8301760852
16110.0 1266499.4807922612
16120.0 1275893.169124196
16130.0 1297849.587455587
16140.0 1281269.7886898606
16150.0 1261575.225941576
16160.0 1229601.909977153
16170.0 1285790.5893367946
16180.0 1263463.5292628026
16190.0 1244938.291474395
16200.0 1206494.8537530703
16210.0 1255924.2385283858
16220.0 1274928.9809577428
16230.0 1246213.7027178195
16240.0 1248979.7842432517
16250.0 1274483.979822883
16260.0 1276350.7476796417
16270.0 1281994.9323525066
16280.0 1275617.2288110775
16290.0 1264778.3315700097
16300.0 1265604.332081447
16310.0 1262007.4235700571
16320.0 1236396.291425455
16330.0 1245806.6912556489
16340.0 1270047.4575526705
16350.0 1254351.9867071847
16360.0 1229423.010751471
16370.0 1239953.298790176
16380.0 1194533.8604003263
16390.0 1216357.8083869002
16400.0 1166908.5676373607
16410.0 1166199.580479143
16420.0 1226101.1530839547
16430.0 1229732.6242697681
16440.0 1192855.2590420619
16450.0 1226150.9287804875
16460.0 1775707.341115618
16470.0 1206329.503509765
16480.0 1230035.906750567
16490.0 1183588.445781311
16500.0 1236017.6932746689
16510.0 1222765.711959349
16520.0 1202278.4799615094
16530.0 1220319.4056608656
16540.0 1187839.856801593
16550.0 1201953.1799036828
16560.0 1187160.6490640065
16570.0 1211313.9367992596
16580.0 1201105.4291776856
16590.0 1189571.2824714354
16600.0 1210546.447843986
16610.0 1186287.559737883
16620.0 1205814.0489776824
16630.0 1167559.6409012172
16640.0 1179477.4157845215
16650.0 1146921.6750931768
16660.0 1183090.232878646
16670.0 1157512.0307773754
16680.0 1163470.4410266932
16690.0 1182305.4446735906
16700.0 1188807.284725999
16710.0 1168100.1977347485
16720.0 1133201.3540206086
16730.0 1174457.5609028863
16740.0 1172871.5188111872
16750.0 1108810.4092170252
16760.0 1141783.0008859995
16770.0 1173201.1391307656
16780.0 1156292.5980371323
16790.0 1224243.9840389376
16800.0 1120642.0777854659
16810.0 1099293.059507877
16820.0 1102022.8115783443
16830.0 1140736.2882907302
16840.0 1131039.197419249
16850.0 1150715.1003850973
16860.0 1115664.1569187194
16870.0 1127526.4000069858
16880.0 1134228.7780524148
16890.0 1121859.7398749606
16900.0 1115496.5355080718
16910.0 1136750.609987487
16920.0 1139714.3373499156
16930.0 1125851.7971577293
16940.0 1137941.3161886227
16950.0 1129237.5843834577
16960.0 1126456.3208126524
16970.0 1104396.6662405245
16980.0 1112474.5019486037
16990.0 1102654.6686424627
17000.0 1085656.034735137
17010.0 1063745.7177192545
17020.0 1103015.491322738
17030.0 1100336.5661125001
17040.0 1113570.3170203352
17050.0 1109663.9349301655
17060.0 1089785.7586422155
17070.0 1083369.6531454562
17080.0 1097589.7744039146
17090.0 1084713.656523343
17100.0 1086828.3614612091
17110.0 1002472.7861085387
17120.0 1086991.5796933523
17130.0 1101825.8001774037
17140.0 1090365.6687879262
17150.0 1086985.0660352125
17160.0 1069160.2655389858
17170.0 1084567.3072157484
17180.0 1078533.326253535
17190.0 1077109.276467948
17200.0 1066101.6030285347
17210.0 1068856.3052752288
17220.0 1069172.8075225884
17230.0 1019554.3280980254
17240.0 1068205.2524461225
17250.0 1056870.8924491105
17260.0 1063637.1733483162
17270.0 1050433.6066730565
17280.0 1043451.05804792
17290.0 1053604.786537279
17300.0 1034716.0358801706
17310.0 1046089.8161115614
17320.0 1037523.3511404191
17330.0 987086.1127567551
17340.0 1013268.2221656886
17350.0 1024658.20875651
17360.0 975137.627011532
17370.0 1009041.6198804555
17380.0 1024509.4102028226
17390.0 1034407.496655266
17400.0 1027601.131738819
17410.0 993550.3022612291
17420.0 1014910.2950311075
17430.0 1019389.6216006742
17440.0 1030441.9178444835
17450.0 1014300.7394619774
17460.0 1014250.6857180465
17470.0 979328.2713142354
17480.0 1031872.0678064662
17490.0 1020704.1786403938
17500.0 1003430.5276818391
17510.0 1001013.5826529801
17520.0 1010347.309154958
17530.0 1008116.5377362637
17540.0 1004168.0871887545
17550.0 992279.1972982483
17560.0 999041.6360453541
17570.0 1004620.1963667399
17580.0 993017.3773988879
17590.0 1001781.6325057962
17600.0 988202.8270888985
17610.0 979411.2364527436
17620.0 955563.0199424445
17630.0 993791.4718735596
17640.0 956279.9942486081
17650.0 993051.2067729445
17660.0 967631.8780211755
17670.0 977284.7330611246
17680.0 952419.8987351167
17690.0 978081.8084483865
17700.0 968346.9976785395
17710.0 955963.7539643728
17720.0 943120.0686601674
17730.0 966289.4863041595
17740.0 959820.487670231
17750.0 955537.5148427382
17760.0 949156.4079722129
17770.0 944574.5189104828
17780.0 955230.0656490896
17790.0 954496.2011358689
17800.0 956437.0681010243
17810.0 952292.7357135282
17820.0 950169.4536765664
17830.0 952267.3847417815
17840.0 935778.6706725045
17850.0 935540.2010942393
17860.0 935304.2315161027
17870.0 943665.8112815756
17880.0 949154.1632348746
17890.0 947307.3053316558
17900.0 946198.4789314764
17910.0 940984.1279696357
17920.0 935754.2634956746
17930.0 916270.3548770773
17940.0 915481.2832799219
17950.0 938630.7561617784
17960.0 935492.112698732
17970.0 925566.4333271303
17980.0 921978.1214383938
17990.0 926773.6521716485
18000.0 918311.5537430857
18010.0 982612.4367374087
18020.0 912520.0875143242
18030.0 898310.5923822067
18040.0 912264.9230262148
18050.0 906183.2052644582
18060.0 910647.023285994
18070.0 908888.1311981827
18080.0 897840.8939581838
18090.0 904973.0949495224
18100.0 987117.8405237874
18110.0 895082.604521642
18120.0 898169.8139403905
18130.0 904341.6167773064
18140.0 896938.5052404295
18150.0 888011.6270064935
18160.0 869255.1157658672
18170.0 840014.2113320195
18180.0 856053.7074791254
18190.0 909655.228886859
18200.0 890248.9576665843
18210.0 891991.0912489691
18220.0 870505.964095118
18230.0 879811.2592809717
18240.0 886211.5032704417
18250.0 884583.9548632741
18260.0 884982.4446001506
18270.0 881988.7586072129
18280.0 861968.1026834113
18290.0 876038.6822590875
18300.0 865555.4460721025
18310.0 876132.4734933949
18320.0 863696.025368517
18330.0 877604.1833150485
18340.0 864702.4838397019
18350.0 862554.8944267298
18360.0 860636.0445786119
18370.0 834065.2651848868
18380.0 859668.9256646641
18390.0 854871.6191590063
18400.0 851376.9705629987
18410.0 836209.1807910766
18420.0 822376.0697358144
18430.0 845078.9581659756
18440.0 848878.9587850152
18450.0 845546.0747980827
18460.0 853625.481761606
18470.0 825085.1852661318
18480.0 848799.7833310128
18490.0 845165.279270851
18500.0 844514.7738608005
18510.0 844673.1449879713
18520.0 823140.7038813247
18530.0 828286.299715217
18540.0 840654.3758913806
18550.0 809816.8741747129
18560.0 828689.9394887461
18570.0 837795.9187663933
18580.0 806289.7545491178
18590.0 830814.435063356
18600.0 831273.4958492013
18610.0 821598.7150853509
18620.0 819823.286507352
18630.0 817549.6615121205
18640.0 821371.666447625
18650.0 887641.0626656516
18660.0 801459.578286045
18670.0 820699.0261826651
18680.0 807678.5677690983
18690.0 815168.4640326782
18700.0 814432.0042051596
18710.0 807638.1151737311
18720.0 787623.8387145137
18730.0 807105.339078307
18740.0 1425293.1597259026
18750.0 727168.3954126975
18760.0 781473.7929758574
18770.0 781939.2733746422
18780.0 800842.0840227401
18790.0 794767.092975653
18800.0 802341.5889544148
18810.0 802776.2385057461
18820.0 789428.9220536053
18830.0 798137.5582990854
18840.0 791498.8082008736
18850.0 789478.2207751278
18860.0 760211.9304682487
18870.0 786725.426265886
18880.0 768324.0635767202
18890.0 771889.652828875
18900.0 757076.4229282491
18910.0 765801.0876721034
18920.0 765948.9843825656
18930.0 760476.247532073
18940.0 765960.4202404844
18950.0 772531.6205796751
18960.0 758017.9559003708
18970.0 759001.0027113417
18980.0 776103.6843140529
18990.0 756914.0900889647
19000.0 768989.6278235225
19010.0 770726.8708542832
19020.0 771305.8735562812
19030.0 756435.8779354345
19040.0 765032.7931249349
19050.0 756437.285403073
19060.0 765670.5576251762
19070.0 767536.8115554873
19080.0 749483.493102114
19090.0 763849.2447031869
19100.0 758218.5744853469
19110.0 741762.7023277958
19120.0 749258.7922446678
19130.0 757322.682158106
19140.0 749240.5435836855
19150.0 752478.6986451903
19160.0 747635.0847403368
19170.0 749406.6607348791
19180.0 750127.499624188
19190.0 731675.2300136919
19200.0 741134.6822277016
19210.0 737078.8596990677
19220.0 742528.8652651577
19230.0 745137.4195016494
19240.0 743640.0583823514
19250.0 734261.2252299809
19260.0 729117.0561294837
19270.0 729748.03896112
19280.0 729792.8076181205
19290.0 735927.5065691371
19300.0 731706.9794449497
19310.0 707342.4638700178
19320.0 731996.6089912988
19330.0 730415.8973618305
19340.0 709068.3163387813
19350.0 728723.0437952718
19360.0 730182.276837491
19370.0 729853.875794246
19380.0 725686.5916758919
19390.0 705671.2198793408
19400.0 716863.2219200743
19410.0 753622.135597263
19420.0 717658.4836182549
19430.0 677092.0380904009
19440.0 687105.7049397745
19450.0 649156.2828854151
19460.0 701967.4592121756
19470.0 699959.5548284973
19480.0 699341.6497278099
19490.0 690090.1395411328
19500.0 706188.6862988328
19510.0 662840.6691598987
19520.0 709221.2670157277
19530.0 701753.8918586855
19540.0 696590.7386897574
19550.0 705848.0468150758
19560.0 705026.8377185024
19570.0 701523.8022289178
19580.0 692026.6426312571
19590.0 691075.7557155677
19600.0 689275.6959060128
19610.0 688204.9350360825
19620.0 692488.174346284
19630.0 673190.445371301
19640.0 681510.631376395
19650.0 694551.4388813556
19660.0 691828.3966057438
19670.0 690448.8009199528
19680.0 688508.5079967814
19690.0 687344.7878453644
19700.0 687423.603733732
19710.0 683769.6859384675
19720.0 654710.5643151262
19730.0 669220.2163306562
19740.0 675697.4691894742
19750.0 676917.6473067175
19760.0 677080.8662325628
19770.0 675293.4372693168
19780.0 629804.6981938457
19790.0 661750.1220220625
19800.0 673359.5176921771
19810.0 671956.6923599294
19820.0 668831.8199227132
19830.0 672203.2616602549
19840.0 672520.8692938209
19850.0 638393.1660420343
19860.0 637001.2697519007
19870.0 662385.9026202485
19880.0 661696.8377344928
19890.0 665322.1248633713
19900.0 662629.475731178
19910.0 659878.6981389795
19920.0 648810.2786534457
19930.0 632522.0227670483
19940.0 657844.3478203112
19950.0 652166.5254874469
19960.0 644022.8091676675
19970.0 635121.894653036
19980.0 650956.2530957474
19990.0 653022.2922158306
20010.0 649181.618397105
20020.0 641346.9429993423
20030.0 641157.6510530824
20040.0 643238.9474433223
20050.0 631825.2105356782
20060.0 642131.9422437341
20070.0 639168.2037650876
20080.0 640169.2937626654
20090.0 635286.5561850828
20100.0 640406.8789344376
20110.0 639212.9101507706
20120.0 640073.9200192549
20130.0 635522.8351941045
20140.0 628790.8253466588
20150.0 635020.8566180789
20160.0 634566.6807736142
20170.0 630498.8161380239
20180.0 633070.9915049318
20190.0 625945.2430064722
20200.0 623972.0066772696
20210.0 609072.2753269554
20220.0 624532.8052589421
20230.0 618550.4990022228
20240.0 615709.531631475
20250.0 623327.220534736
20260.0 615568.170318412
20270.0 617816.1748005964
20280.0 614426.137231947
20290.0 617191.0434745376
20300.0 596011.4138655765
20310.0 620353.1277544273
20320.0 616607.8882634284
20330.0 613553.6042471811
20340.0 599571.1700988144
20350.0 607267.5454728313
20360.0 610641.4968418699
20370.0 608575.0996001111
20380.0 589296.6557419563
20390.0 611138.0327143592
20400.0 605199.0263798414
20410.0 594205.4186307462
20420.0 606436.6568534037
20430.0 607282.0426440518
20440.0 604661.504051398
20450.0 601055.853677993
20460.0 603771.8565981915
20470.0 597886.549043317
20480.0 603134.0142641285
20490.0 602063.9400769864
20500.0 599911.3993229703
20510.0 597551.4238884782
20520.0 583554.1121154104
20530.0 596678.7927306914
20540.0 588737.039282375
20550.0 593330.2063360321
20560.0 591607.7404832268
20570.0 589732.5567982357
20580.0 589855.509328817
20590.0 580678.1446350638
20600.0 566109.659128424
20610.0 619220.2813507109
20620.0 585132.5243197402
20630.0 540811.5316677982
20640.0 583209.6009945762
20650.0 584678.7244432045
20660.0 583150.3314058401
20670.0 562557.9622112758
20680.0 574736.9416454893
20690.0 576436.4770161724
20700.0 561589.0277072873
20710.0 570774.8667320986
20720.0 570041.2837903219
20730.0 574629.5309400898
20740.0 567433.5557012775
20750.0 574083.2536881374
20760.0 563476.9424469362
20770.0 556549.1403437168
20780.0 571411.8398496832
20790.0 568362.1716045353
20800.0 561427.6924068251
20810.0 568878.3575605905
20820.0 565554.5446689435
20830.0 550357.3651293267
20840.0 553517.3274047214
20850.0 561424.7947698734
20860.0 564829.1557391635
20870.0 559957.639326315
20880.0 557765.998331938
20890.0 557833.6645615031
20900.0 559404.0342061241
20910.0 559065.5207053021
20920.0 540403.928687264
20930.0 554443.6093253209
20940.0 555927.3473983137
20950.0 554140.0267925161
20960.0 548082.1104795415
20970.0 549234.3613500381
20980.0 551477.160880743
20990.0 548417.2427097776
21000.0 554763.1029691921
21010.0 543728.4832937681
21020.0 544849.9673932376
21030.0 551753.3060060529
21040.0 548837.1331058217
21050.0 550020.1335032459
21060.0 544164.5419620047
21070.0 538644.4545084639
21080.0 541465.3180299604
21090.0 533096.034711387
21100.0 543259.517959531
21110.0 538981.7927087916
21120.0 538507.5183111365
21130.0 542919.1438854316
21140.0 536268.0706513452
21150.0 538757.0912074504
21160.0 520656.9678709439
21170.0 535638.2405511651
21180.0 533660.858474821
21190.0 515330.70855682
21200.0 528569.5464614584
21210.0 528590.1357681672
21220.0 527979.8756395315
21230.0 512702.3142206659
21240.0 525036.963594379
21250.0 530199.7688804001
21260.0 524698.7699434571
21270.0 526616.639616939
21280.0 525436.1886891068
21290.0 526444.9719548154
21300.0 526199.9035024612
21310.0 526844.9315669963
21320.0 521212.30665716203
21330.0 524339.4440769912
21340.0 521160.97996780643
21350.0 509061.7638117217
21360.0 522510.3873829264
21370.0 522814.2656969604
21380.0 520193.22634058364
21390.0 518033.1577784048
21400.0 518706.7466111679
21410.0 518911.0990701461
21420.0 519281.68330036633
21430.0 511905.6862311892
21440.0 513103.51060985134
21450.0 510745.8946080603
21460.0 509944.8422247956
21470.0 513708.30831434624
21480.0 511915.36942601576
21490.0 508260.88569927216
21500.0 511909.083833788
21510.0 510929.42345131934
21520.0 506152.7319495166
21530.0 505835.47953283024
21540.0 503922.0512203822
21550.0 506141.4771078262
21560.0 506173.6126344494
21570.0 505493.50667312084
21580.0 505174.6353756394
21590.0 498599.2142554565
21600.0 502813.65392042114
21610.0 497536.3646000471
21620.0 499390.43243584904
21630.0 497489.19984104234
21640.0 490631.7248210247
21650.0 474449.706538458
21660.0 474611.1527104832
21670.0 530614.7302220528
21680.0 491604.5059385773
21690.0 489799.4970423827
21700.0 489255.02725642256
21710.0 489960.46011054295
21720.0 491624.64844584215
21730.0 491906.46612095373
21740.0 485045.7729962993
21750.0 486847.8429303869
21760.0 478427.7756442541
21770.0 487339.85713947425
21780.0 464121.6678569013
21790.0 483204.3537671422
21800.0 487558.1592123037
21810.0 486326.1229033569
21820.0 470325.50466213166
21830.0 483854.18752552575
21840.0 484061.069539661
21850.0 482121.7682416296
21860.0 481322.4877196037
21870.0 476372.1039753767
21880.0 463629.69007969444
21890.0 481458.2160705482
21900.0 471903.36423416063
21910.0 477574.77158636996
21920.0 479114.0392958652
21930.0 476773.2278713887
21940.0 470425.75778128114
21950.0 475111.7113486451
21960.0 475501.7170878424
21970.0 473333.01983448816
21980.0 473181.1930283975
21990.0 471580.87206356344
22000.0 468014.8240778886
22010.0 469371.1418075002
22020.0 469555.3940919878
22030.0 467268.31799004285
22040.0 465764.45786886115
22050.0 464954.0265200649
22060.0 439865.88366455084
22070.0 459984.3941377393
22080.0 458050.0895248204
22090.0 464225.30349508766
22100.0 462762.2865168427
22110.0 460272.7757604924
22120.0 463815.0794940957
22130.0 462452.00805382186
22140.0 461877.07036110555
22150.0 460642.22418276826
22160.0 456570.80309816735
22170.0 457193.74114213523
22180.0 458649.2728201082
22190.0 458813.8557202235
22200.0 457466.19506038626
22210.0 454071.8740507876
22220.0 457865.8860965524
22230.0 452761.1748659181
22240.0 454350.397458855
22250.0 455017.77836110286
22260.0 443581.7125923075
22270.0 448616.1119171813
22280.0 447797.5581908334
22290.0 451616.7310935584
22300.0 447678.80759519374
22310.0 447921.78789401986
22320.0 449488.9150020206
22330.0 449991.83414091874
22340.0 447593.9643434065
22350.0 446793.06041039777
22360.0 447541.0904174853
22370.0 446197.3602548901
22380.0 436597.97099876724
22390.0 438024.43036630773
22400.0 444925.03752000525
22410.0 442615.94436446024
22420.0 437495.7537903902
22430.0 441509.3792778731
22440.0 438953.1860595393
22450.0 439726.064431272
22460.0 439104.1203284407
22470.0 430279.6107924414
22480.0 436103.0002897495
22490.0 435259.2095181938
22500.0 435596.37694248155
22510.0 431317.71303084865
22520.0 430981.69251986407
22530.0 430283.87606693734
22540.0 416861.41197468864
22550.0 427327.20498657494
22560.0 427792.16731301846
22570.0 426246.75564081734
22580.0 427362.0355638665
22590.0 427153.62392140686
22600.0 426693.39722403244
22610.0 420052.1482137153
22620.0 412630.07219443744
22630.0 420913.3053976182
22640.0 423110.03866063454
22650.0 416965.9653333835
22660.0 422131.20476108417
22670.0 420883.04851910006
22680.0 421302.2507970801
22690.0 419482.13161933346
22700.0 419611.3921341511
22710.0 414448.5265016401
22720.0 418940.0820393068
22730.0 418062.8330308393
22740.0 412054.4014303081
22750.0 415060.7834194683
22760.0 413725.5243913686
22770.0 416285.76574727474
22780.0 414222.9221816214
22790.0 411881.7142646682
22800.0 411091.63027859974
22810.0 389915.3755120241
22820.0 407409.629244994
22830.0 409289.1762443677
22840.0 411505.68366882694
22850.0 409475.61157387367
22860.0 406552.0001375895
22870.0 408547.9066179575
22880.0 408309.184873543
22890.0 407701.68662815524
22900.0 408830.86803502514
22910.0 404647.84099708294
22920.0 406711.66733445396
22930.0 353247.4710705603
22940.0 363400.9591845148
22950.0 380679.6263316057
22960.0 373115.474087454
22970.0 379000.30091733916
22980.0 383181.1749164481
22990.0 387399.65036218864
23000.0 390637.8542331309
23010.0 387909.89957601577
23020.0 390258.3351044662
23030.0 390710.43880445044
23040.0 388400.9204616287
23050.0 387805.9232860904
23060.0 389311.4614158509
23070.0 387824.4310416746
23080.0 390554.6106686642
23090.0 387244.99858126894
23100.0 393848.016216207
23110.0 386065.3964141833
23120.0 386482.7798426772
23130.0 387971.9498066774
23140.0 380392.43895343575
23150.0 390215.61359465506
23160.0 379575.62860614015
23170.0 384223.1965498376
23180.0 383325.69840303506
23190.0 385618.8715135837
23200.0 384138.5861110086
23210.0 382480.0326638057
23220.0 342594.07773215463
23230.0 338782.3207980539
23240.0 359360.5192203282
23250.0 355369.07680994016
23260.0 363968.48905835464
23270.0 362400.90339038847
23280.0 367928.32062774705
23290.0 372580.50408642
23300.0 358606.96782557183
23310.0 365994.6914662985
23320.0 372713.556643969
23330.0 366346.7946548338
23340.0 374929.22936651227
23350.0 362956.6264437798
23360.0 370019.3906104575
23370.0 364633.64970459056
23380.0 362520.88861108356
23390.0 371807.94076918915
23400.0 367445.7602270945
23410.0 364936.22033465886
23420.0 368168.73011441703
23430.0 367753.9590984556
23440.0 370082.8980342275
23450.0 362394.21854681044
23460.0 366466.30915074475
23470.0 371386.53278855386
23480.0 361822.1983896896
23490.0 363898.0405639702
23500.0 368246.47356763366
23510.0 361158.9210793573
23520.0 313116.37030785717
23530.0 326168.644881861
23540.0 341617.8842835337
23550.0 339105.4822410202
23560.0 346357.83702991065
23570.0 348220.62823145906
23580.0 348214.73724134045
23590.0 348839.4813668948
23600.0 353060.48835765594
23610.0 350598.39283705316
23620.0 345730.7885644701
23630.0 354728.7959591082
23640.0 349333.71717869415
23650.0 350371.65780245874
23660.0 348991.25396637793
23670.0 352065.18984334933
23680.0 350387.0710165107
23690.0 350779.7539961874
23700.0 352754.44873277796
23710.0 352709.2696028929
23720.0 340960.0945129417
23730.0 346382.22448009194
23740.0 336032.6151374224
23750.0 345770.2452284279
23760.0 348604.05098456616
23770.0 351022.00821856677
23780.0 347438.4184658552
23790.0 348590.5299612767
23800.0 346051.1522368251
23810.0 350370.9478047637
23820.0 327826.5937337463
23830.0 298824.6272956335
23840.0 318307.7626775411
23850.0 321941.323179645
23860.0 320179.62971626886
23870.0 327160.5741512998
23880.0 341369.26713319635
23890.0 328480.92224113515
23900.0 328879.48561662843
23910.0 337888.4417260412
23920.0 322648.6575889383
23930.0 341918.16702356865
23940.0 329721.59663000226
23950.0 336467.09708007146
23960.0 335971.5731088297
23970.0 329208.0794226496
23980.0 335358.22451270616
23990.0 345311.8571726027
24000.0 321548.6467943283
24010.0 338841.63893531205
24020.0 332312.793672341
24030.0 337223.7131620042
24040.0 332744.11045090563
24050.0 329224.61400366516
24060.0 338155.78717043926
24070.0 338248.64666721126
24080.0 328332.865247376
24090.0 335390.84234136576
24100.0 331420.3608637285
24110.0 331961.56528083945
24120.0 336790.4009793941
24130.0 319868.8203100642
24140.0 288365.3875610245
24150.0 302497.06815061206
24160.0 304824.4044014471
24170.0 320203.08249774436
24180.0 316693.7185785738
24190.0 311719.2661805231
24200.0 326883.4562516554
24210.0 320944.9550522118
24220.0 322569.784114933
24230.0 316620.72148557066
24240.0 323121.4017209102
24250.0 317382.4626387704
24260.0 320735.58540014026
24270.0 322036.94767796574
24280.0 315003.713099386
24290.0 325808.9286433562
24300.0 322642.0438433895
24310.0 317971.2181497377
24320.0 327056.01834839606
24330.0 313478.197697515
24340.0 321409.62734930275
24350.0 315758.2926973908
24360.0 318097.45853736403
24370.0 309663.55092178506
24380.0 319973.22656835103
24390.0 320292.3169448152
24400.0 311776.8866470168
24410.0 317351.23460751807
24420.0 316519.2340771948
24430.0 324989.1449830254
24440.0 303102.1765266218
24450.0 310134.44890560803
24460.0 282391.34205180476
24470.0 283049.10578341887
24480.0 305352.1884237282
24490.0 300341.3788577165
24500.0 295537.6119691442
24510.0 296467.3656161113
24520.0 302022.8085444747
24530.0 306560.13410244434
24540.0 298982.9968003969
24550.0 302495.50328294403
24560.0 295573.1984407505
24570.0 293403.71226630616
24580.0 311800.1529547905
24590.0 300230.80389804416
24600.0 308267.6094706416
24610.0 307572.7692503292
24620.0 302644.9321224418
24630.0 307852.480228053
24640.0 301085.7452864921
24650.0 301686.87790350046
24660.0 308692.89645048673
24670.0 305559.5767378918
24680.0 297706.13951377047
24690.0 298685.28177085303
24700.0 298622.35567700607
24710.0 299953.6234689644
24720.0 302515.53853659943
24730.0 297549.27181320795
24740.0 303714.71144006355
24750.0 297006.1208058195
24760.0 294271.90963493835
24770.0 304933.3606268144
24780.0 282937.3145677208
24790.0 277028.14127431274
24800.0 281314.38216901093
24810.0 287165.7033596708
24820.0 281121.615291368
24830.0 283133.8426866119
24840.0 294538.59438246884
24850.0 289358.106233975
24860.0 270277.38322550664
24870.0 286895.3813992856
24880.0 285061.6921511998
24890.0 292775.0127373165
24900.0 291898.21836619714
24910.0 288652.4115006567
24920.0 289411.01901742857
24930.0 295633.8551024344
24940.0 287386.336029105
24950.0 289034.4479065377
24960.0 288076.8508708896
24970.0 291070.2239007935
24980.0 289052.23582847643
24990.0 289202.9707702626
