#lam[Angstrom] flux[erg/cm2/s/A]
1010.0 0.05652996249788293
1020.0 0.05853422679739118
1030.0 0.20193986531983313
1040.0 0.07960150028646282
1050.0 0.059939826146486797
1060.0 0.0604816869592525
1070.0 0.0638667828710635
1080.0 0.19327986548280382
1090.0 0.1969084606573493
1100.0 0.06312357298393564
1110.0 0.06362957544732552
1120.0 0.06610335945585878
1130.0 0.06429833187355143
1140.0 0.06982818851730119
1150.0 0.06552841363518347
1160.0 0.06677438989622266
1170.0 0.06689793378236698
1180.0 0.06718603739090931
1190.0 0.06759495716994314
1200.0 0.10192318471549469
1210.0 0.09071735830060827
1220.0 0.5771818497503552
1230.0 0.08348931143980812
1240.0 0.34034157575259
1250.0 0.11854212252750475
1260.0 0.16496210136267628
1270.0 0.16947847830389423
1280.0 0.17497773359661828
1290.0 0.1888486137229049
1300.0 0.20336910297017768
1310.0 0.22365001792575576
1320.0 0.23360985077325996
1330.0 0.23755345088990465
1340.0 0.2651310461226981
1350.0 0.2551665116531238
1360.0 0.2612511722875755
1370.0 0.26512030262029024
1380.0 0.27074154108168047
1390.0 0.6198773505675191
1400.0 0.6893512058715733
1410.0 0.5096146971870761
1420.0 0.287470033944788
1430.0 0.28228705757700384
1440.0 0.2837350922758053
1450.0 0.2856229071098224
1460.0 0.28787066418218643
1470.0 0.2901019355861994
1480.0 0.29146811383921656
1490.0 0.45745817992019194
1500.0 0.28858536580247696
1510.0 0.2881101084507575
1520.0 0.2884263977988358
1530.0 0.30138352130423257
1540.0 0.2864009169061211
1550.0 4.066662415839021
1560.0 0.2865160107736313
1570.0 0.2852865129044126
1580.0 0.2989185255746739
1590.0 0.2850160200731795
1600.0 0.31249981178029007
1610.0 0.28446093721435967
1620.0 0.28443834752016633
1630.0 0.2827548944408348
1640.0 2.586147950292006
1650.0 0.28038712987618863
1660.0 0.3626893927595561
1670.0 0.49389420420898406
1680.0 0.2785907824082121
1690.0 0.2777492231304182
1700.0 0.2766140721667202
1710.0 0.2752160278229972
1720.0 0.2954511893309247
1730.0 0.276598524580825
1740.0 0.28183504185728514
1750.0 0.41815554280956546
1760.0 0.2741371124442459
1770.0 0.27405084661759255
1780.0 0.27487661759399323
1790.0 0.29397028143025233
1800.0 0.27303452572486353
1810.0 0.33676190187311666
1820.0 0.3425465808478364
1830.0 0.2679944055487109
1840.0 0.26628494831237676
1850.0 0.2874961326966882
1860.0 0.27656619220217304
1870.0 0.26316428191519514
1880.0 0.43147081321688563
1890.0 0.5399752320232301
1900.0 0.26054567154520986
1910.0 1.750564941146362
1920.0 0.2587437565480241
1930.0 0.25989388182500534
1940.0 0.2551783493884008
1950.0 0.25503916627140855
1960.0 0.25244472479941565
1970.0 0.2509587746563769
1980.0 0.2496158791379252
1990.0 0.2485202527150378
2000.0 0.2468393413081718
2010.0 0.24468823091831787
2020.0 0.23455159332408929
2030.0 0.22122785146186924
2040.0 0.2147262595882144
2050.0 0.20495963278736354
2060.0 0.2015468182106147
2070.0 0.20307049716471456
2080.0 0.19860520756472583
2090.0 0.20478308645580623
2100.0 0.2003642860197088
2110.0 0.20039484567818094
2120.0 0.2061795657554654
2130.0 0.20589409271105946
2140.0 0.21655649562907225
2150.0 0.19810953797142358
2160.0 0.19963528208356743
2170.0 0.19482910138227008
2180.0 0.2024973394039322
2190.0 0.1980793700656249
2200.0 0.2000678995560728
2210.0 0.2024842827514515
2220.0 0.2124514837744892
2230.0 0.2078701972305463
2240.0 0.21122481195241763
2250.0 0.22434557066750271
2260.0 0.2189032557998767
2270.0 0.22326770940237065
2280.0 0.22781899618737012
2290.0 0.23257484119338082
2300.0 0.2432205017978423
2310.0 0.2558859640612317
2320.0 0.2686104391842938
2330.0 0.4813429950788284
2340.0 0.3051575334191851
2350.0 0.2721143645770848
2360.0 0.26563933105673476
2370.0 0.2708421174840304
2380.0 0.275977447719561
2390.0 0.3016810332701529
2400.0 0.2864091004464056
2410.0 0.2923506946564907
2420.0 0.2963951938994496
2430.0 0.6417676657440349
2440.0 0.30620050647346475
2450.0 0.31203329078851727
2460.0 0.31587410519079767
2470.0 0.32072125138262375
2480.0 0.3256082881050826
2490.0 0.33059893003657953
2500.0 0.3351044303345458
2510.0 0.37399353611571745
2520.0 0.34516991525947316
2530.0 0.3498031058860378
2540.0 0.35371042345124154
2550.0 0.3583763041864357
2560.0 0.41515293674442005
2570.0 0.3671714435527473
2580.0 0.37188192057056774
2590.0 0.38561076930979715
2600.0 0.38096782655895356
2610.0 0.3849701374609211
2620.0 0.3888807255316261
2630.0 0.39312457260637435
2640.0 0.3975606644390911
2650.0 0.4010737576704227
2660.0 0.4037942970907983
2670.0 0.45331231683629786
2680.0 0.41070056829612717
2690.0 0.414818124889438
2700.0 0.41873218052196487
2710.0 0.42180898477945733
2720.0 0.42713173936644494
2730.0 0.45774543296135634
2740.0 0.46169229198039236
2750.0 0.43776642420952794
2760.0 0.4434738673353902
2770.0 0.4460000427574424
2780.0 0.45005098762986673
2790.0 1.7954428457615634
2800.0 1.1339565074368854
2810.0 0.46279931384357037
2820.0 0.4665817390045304
2830.0 0.7271165063736842
2840.0 0.47407862456420924
2850.0 0.505775762096461
2860.0 0.49124157443383054
2870.0 0.48625782788387184
2880.0 0.49052287533080113
2890.0 0.4941659907914891
2900.0 0.49790857961915624
2910.0 0.5013405492014543
2920.0 0.505021535188565
2930.0 0.5886212138953077
2940.0 0.5124487790158576
2950.0 0.5273745909930961
2960.0 0.5200942174433041
2970.0 0.5240091051499903
2980.0 0.5293986941982768
2990.0 0.5316832233755454
3000.0 0.5349290815264557
3010.0 0.5387467583070995
3020.0 0.5428414430989803
3030.0 0.5463460095891346
3040.0 0.5503941377864828
3050.0 0.5536889780348319
3060.0 0.557219496455842
3070.0 0.560825845724037
3080.0 0.5641069822221882
3090.0 0.5671707394887665
3100.0 0.5731693989471969
3110.0 0.5762938576123071
3120.0 0.5798269722891083
3130.0 0.5814057760952791
3140.0 0.5843084483810368
3150.0 0.5877059315596789
3160.0 0.5908219532168517
3170.0 0.5939137688010284
3180.0 0.5982711957110407
3190.0 0.6199887146326192
3200.0 0.6050063722338508
3210.0 0.7102809773876639
3220.0 0.6114371337980797
3230.0 0.6155636330030284
3240.0 0.6201405660749781
3250.0 0.6213201955810054
3260.0 0.6266299501753922
3270.0 0.626794123180264
3280.0 0.629402789429856
3290.0 0.6326890833825817
3300.0 0.6346326696477483
3310.0 0.6374008772678208
3320.0 0.6401515800686784
3330.0 0.6433645560329045
3340.0 0.7148525292500214
3350.0 0.6511187151703133
3360.0 0.6591289956362333
3370.0 0.6557295719754801
3380.0 0.6599134610921248
3390.0 0.6621404432010125
3400.0 0.6646017486371075
3410.0 0.6662354190647339
3420.0 0.7558339287832198
3430.0 0.7582151841315754
3440.0 0.6752201160280792
3450.0 0.6764788071161629
3460.0 0.68066346106905
3470.0 0.6846882615552675
3480.0 0.6901439037229304
3490.0 0.6935073283767966
3500.0 0.6895771487162159
3510.0 0.6859614545855917
3520.0 0.6848659354194235
3530.0 0.6888617102166785
3540.0 0.6921650004283519
3550.0 0.695355109781951
3560.0 0.6964410728617962
3570.0 0.6959610534431987
3580.0 0.7176040539271763
3590.0 0.6971736370607622
3600.0 0.6964573465359739
3610.0 0.698675522580592
3620.0 0.7079541921163596
3630.0 0.7100185095089762
3640.0 0.7209898940308982
3650.0 0.7137442262989584
3660.0 0.7402770422028719
3670.0 0.7442639883428911
3680.0 0.7334498442162657
3690.0 0.7552307329607422
3700.0 0.7630524626050517
3710.0 0.7391637324613556
3720.0 0.6359702521801115
3730.0 1.0486322363328764
3740.0 0.557440975975167
3750.0 0.6072232103790443
3760.0 0.6279997070561614
3770.0 0.7270114456678314
3780.0 0.6370627170911002
3790.0 0.6589384639587959
3800.0 0.6500262663416156
3810.0 0.6708046310444868
3820.0 0.6536149874346907
3830.0 0.6651577586946715
3840.0 0.7548843145455946
3850.0 0.6442901018602831
3860.0 1.1293873271974133
3870.0 0.6168010292439698
3880.0 0.7299526426828962
3890.0 0.6264632558604089
3900.0 0.7233059946788913
3910.0 0.6312693304331233
3920.0 0.6734603927343257
3930.0 0.6232300806140165
3940.0 0.6914404974433991
3950.0 0.7086832213056916
3960.0 0.8516027305894073
3970.0 0.6473694224493125
3980.0 0.7361365257750563
3990.0 0.5961716464635288
4000.0 0.5858588979801719
4010.0 0.5702924668772542
4020.0 0.5828620418461261
4030.0 0.5634024161460612
4040.0 0.5639795644551462
4050.0 0.5655761398774843
4060.0 0.5819769844920842
4070.0 0.6212974250305201
4080.0 0.7200802967163744
4090.0 0.7050563151789935
4100.0 0.9353413689821978
4110.0 0.8888962939005892
4120.0 0.9332648371959249
4130.0 0.9802384941432166
4140.0 1.1439858069820037
4150.0 1.0439061517811536
4160.0 1.0950076365210952
4170.0 0.6973730171254653
4180.0 0.9899489325140929
4190.0 0.7543923765175229
4200.0 0.944896955875294
4210.0 0.9465752081478422
4220.0 0.9209730394539271
4230.0 0.7945627977552367
4240.0 0.8738517216453807
4250.0 0.6746073033657862
4260.0 0.6865273347431409
4270.0 0.6879852022052604
4280.0 0.6884026321957434
4290.0 0.6684411913233708
4300.0 0.9200739041898146
4310.0 1.1272950835311377
4320.0 1.3302014457358287
4330.0 1.7640307588926891
4340.0 1.5195519204340375
4350.0 1.937818839053669
4360.0 2.2051094770697777
4370.0 2.6315114730988682
4380.0 2.6570965518564615
4390.0 3.25130201421951
4400.0 3.06484072772278
4410.0 3.23764591460193
4420.0 2.9792730173916286
4430.0 3.16953467790122
4440.0 3.868792861926346
4450.0 4.824391397900305
4460.0 4.912456268882981
4470.0 5.743019031454904
4480.0 4.128725962661591
4490.0 5.935074780231816
4500.0 3.640966813161399
4510.0 5.845737374907793
4520.0 5.316396288172268
4530.0 5.982526544307786
4540.0 6.371296922163572
4550.0 5.06630063569174
4560.0 7.167168298382847
4570.0 5.531850044714343
4580.0 5.489549630886591
4590.0 3.873142497165539
4600.0 2.2622522710578212
4610.0 1.028604559202015
4620.0 4.114890631792085
4630.0 2.2214760422219615
4640.0 4.485484614102346
4650.0 2.6939560835838106
4660.0 7.383117470065935
4670.0 8.827923420879056
4680.0 8.939920470127435
4690.0 8.996168131062158
4700.0 15.9108150678301
4710.0 10.959272926829007
4720.0 6.0538651578324885
4730.0 5.5353301929490915
4740.0 9.26748065571265
4750.0 9.785326509232187
4760.0 6.669090441669881
4770.0 6.997330935482264
4780.0 4.9708348491716166
4790.0 4.768212378994543
4800.0 4.877387490623201
4810.0 2.7260576924965276
4820.0 4.334189750815906
4830.0 4.450311455620842
4840.0 3.337898396472325
4850.0 2.746498777418233
4860.0 3.7428637965992584
4870.0 3.026906592795927
4880.0 2.6881133655156946
4890.0 2.6731449485024354
4900.0 2.056932029606341
4910.0 1.997642267598719
4920.0 1.6704279599731864
4930.0 1.9242274795334382
4940.0 1.7924769015452315
4950.0 1.3177693139267301
4960.0 3.208256389585128
4970.0 1.4681928897769079
4980.0 1.276509683470763
4990.0 1.1834366492135786
5000.0 1.0698673001141064
5010.0 5.9903461999617615
5020.0 0.8423308116673097
5030.0 0.7848817036118094
5040.0 0.7650913126476907
5050.0 0.7604739839298877
5060.0 0.7576590519908497
5070.0 0.7631391843726247
5080.0 0.7771445975099969
5090.0 0.773034009409372
5100.0 0.7515401034737783
5110.0 0.7511788781589372
5120.0 0.73208668352917
5130.0 0.7210375131113008
5140.0 0.7195658433487298
5150.0 0.7139797294251756
5160.0 0.7200307706138144
5170.0 0.6996381059531057
5180.0 0.6899842534109515
5190.0 0.7115223587326593
5200.0 0.6732881374092493
5210.0 0.6922841704772134
5220.0 0.6863833588263424
5230.0 0.6729274613295586
5240.0 0.6736908866780086
5250.0 0.6703060088351148
5260.0 0.6798995162924575
5270.0 0.6740609885898967
5280.0 0.6556665344023807
5290.0 0.6542952696552764
5300.0 0.6478305760141021
5310.0 0.6472362539391296
5320.0 0.6545795542404343
5330.0 0.6387603879932284
5340.0 0.633626653070017
5350.0 0.6327026832134272
5360.0 0.628627862591701
5370.0 0.6259379725854357
5380.0 0.6223258541384733
5390.0 0.6208893944849675
5400.0 0.6166858721439137
5410.0 0.6156947646006941
5420.0 0.6218021266438261
5430.0 0.6187836072266183
5440.0 0.6077062665702029
5450.0 0.6051539020648676
5460.0 0.6023648775479952
5470.0 0.6007573777338462
5480.0 0.5982173912905654
5490.0 0.5952366746868459
5500.0 0.5937023865547489
5510.0 0.5941587475664357
5520.0 0.5897951581277404
5530.0 0.5891739528953709
5540.0 0.5876349037559251
5550.0 0.5831847728400157
5560.0 0.5810240885930567
5570.0 0.5797443042671675
5580.0 0.578178852946537
5590.0 0.5776469140713005
5600.0 0.5747375209102626
5610.0 0.5728091223835128
5620.0 0.5713293429748905
5630.0 0.5695101381787666
5640.0 0.5678851545752309
5650.0 0.5665847618643821
5660.0 0.5651406321822647
5670.0 0.5639562701150681
5680.0 0.5617360124645931
5690.0 0.5595313778930275
5700.0 0.5575549917559409
5710.0 0.5556708918145382
5720.0 0.5544099595834643
5730.0 0.5767967871563959
5740.0 0.5518801026389012
5750.0 0.5505899588118632
5760.0 0.5558698190001055
5770.0 0.548213622588122
5780.0 0.5472464040307075
5790.0 0.5462589039207686
5800.0 0.5452048733136758
5810.0 0.5441743292400466
5820.0 0.5534449432771216
5830.0 0.5420011316005957
5840.0 0.5408059078179785
5850.0 0.5398781295400739
5860.0 0.5389412693615532
5870.0 0.537580248893256
5880.0 0.6041311730741827
5890.0 0.5349557886015897
5900.0 0.5343277949385907
5910.0 0.5342476220036534
5920.0 0.5347970691614367
5930.0 0.5351526748006965
5940.0 0.5351558201603551
5950.0 0.535146036877364
5960.0 0.5352272770026008
5970.0 0.5368289472721336
5980.0 0.5363422809608963
5990.0 0.5375495518931358
6000.0 0.5397243098908886
6010.0 0.5410618574187435
6020.0 0.5435824788322984
6030.0 0.5471726009524835
6040.0 0.5512291951846973
6050.0 0.5559797833118796
6060.0 0.5618358499088515
6070.0 0.5687819362636226
6080.0 0.5761444358820034
6090.0 0.6234783629596842
6100.0 0.5979733438325937
6110.0 0.6120616473639485
6120.0 0.6282177820044277
6130.0 0.6455222852763833
6140.0 0.665206260830155
6150.0 0.6880999465992986
6160.0 0.7154381385508425
6170.0 0.7470745185545483
6180.0 0.7814641329117886
6190.0 0.8156990570537224
6200.0 0.8619515609742471
6210.0 0.9098058885389175
6220.0 0.9560768992364204
6230.0 1.0116570011710158
6240.0 1.069255206393212
6250.0 1.1400640536352855
6260.0 1.2025839894718058
6270.0 1.2915981077893548
6280.0 1.3802571944704325
6290.0 1.4777021221717828
6300.0 1.6103276808150508
6310.0 1.6709417731564105
6320.0 1.8467790392681493
6330.0 1.9809451102438227
6340.0 2.146859673858508
6350.0 2.323724832221561
6360.0 2.5106278596933143
6370.0 2.719665032276115
6380.0 2.9288961153768494
6390.0 3.1588654654723234
6400.0 3.4092599361696196
6410.0 3.6793297858141614
6420.0 3.9528307748926093
6430.0 4.213389408764601
6440.0 4.611176217583441
6450.0 4.989531120457382
6460.0 5.322391719131638
6470.0 5.7808341021197105
6480.0 6.246695824420427
6490.0 6.720515688324544
6500.0 7.23330359035495
6510.0 7.704126118792004
6520.0 8.370029646716002
6530.0 8.9896262272168
6540.0 9.690318133081798
6550.0 10.39784831467428
6560.0 12.943994907658311
6570.0 11.987896243227455
6580.0 12.46475626812772
6590.0 13.969713408744987
6600.0 14.648321338108044
6610.0 15.62508109972934
6620.0 16.783575553470964
6630.0 17.75529567385428
6640.0 19.085979296922087
6650.0 20.308258894107396
6660.0 21.62788028864478
6670.0 22.947039595699007
6680.0 24.411270100403506
6690.0 25.94393348968299
6700.0 27.245379146058394
6710.0 28.045388215029348
6720.0 30.792705526099667
6730.0 32.148517198214776
6740.0 34.265868676369365
6750.0 35.97420726951035
6760.0 37.71042468020208
6770.0 39.21436752779903
6780.0 39.982007856140484
6790.0 42.63417696629584
6800.0 43.997162473037186
6810.0 45.321438802156656
6820.0 46.2099759766038
6830.0 47.157235812537685
6840.0 47.29172490503355
6850.0 48.08522825077943
6860.0 47.44022491158568
6870.0 47.96364281695873
6880.0 47.3702246174651
6890.0 43.086303236193295
6900.0 44.904057782786985
6910.0 44.117952836184905
6920.0 41.5385195756202
6930.0 42.621201519124654
6940.0 41.56488184381088
6950.0 42.02936912604558
6960.0 41.86598920295224
6970.0 42.432974308500675
6980.0 42.87984879072565
6990.0 41.76074123109715
7000.0 44.932127165878235
7010.0 46.99034355727277
7020.0 48.59450678444449
7030.0 49.98833378057313
7040.0 51.49755066923367
7050.0 52.209502319955405
7060.0 53.19121064146759
7070.0 53.803841741546904
7080.0 54.364236133795025
7090.0 53.71867131657114
7100.0 55.206610138564926
7110.0 56.71099598117334
7120.0 57.79297911036739
7130.0 57.334384270263
7140.0 58.41525417264895
7150.0 58.949404896194274
7160.0 58.90986994762974
7170.0 58.341670528087995
7180.0 58.59186119695086
7190.0 58.06516798870863
7200.0 56.30966522590164
7210.0 56.67675922524328
7220.0 55.66566277746571
7230.0 55.53082937883693
7240.0 54.658257072402165
7250.0 53.82921732660131
7260.0 52.580913095471786
7270.0 51.45487372557201
7280.0 50.36467042796298
7290.0 49.71310444197196
7300.0 48.575881526426734
7310.0 47.19463170063051
7320.0 45.50487087753476
7330.0 43.512584960299876
7340.0 42.62983921990783
7350.0 41.49920244066779
7360.0 40.01108078260463
7370.0 39.111953663035194
7380.0 38.44625411827729
7390.0 36.7762118166074
7400.0 33.270830837866185
7410.0 32.25175878259067
7420.0 31.600723056755665
7430.0 31.44616577996299
7440.0 29.432959040956373
7450.0 27.402635943560632
7460.0 26.991586990197792
7470.0 27.560961522574555
7480.0 24.89209675355922
7490.0 21.547446351749453
7500.0 21.250381955423684
7510.0 20.60752201224276
7520.0 18.137285848056514
7530.0 16.78708093308153
7540.0 16.022905874722973
7550.0 14.48552670831777
7560.0 12.046961398355396
7570.0 11.801918925579283
7580.0 10.312839612798852
7590.0 9.720200577643341
7600.0 7.825857759380035
7610.0 7.0660104692076375
7620.0 5.80562326725407
7630.0 4.038349959261857
7640.0 1.5817738247196658
7650.0 0.5624126004475752
7660.0 0.44602629693316836
7670.0 0.44826044498597645
7680.0 0.5068422507810507
7690.0 0.47277290773016656
7700.0 0.45185319460567813
7710.0 0.5279851105505734
7720.0 0.9462141414158122
7730.0 2.214150781446171
7740.0 4.528572988984007
7750.0 7.245529507189483
7760.0 10.70345343912418
7770.0 13.6373540234322
7780.0 15.824417054189821
7790.0 16.58812728118569
7800.0 7.853185948089132
7810.0 21.01135856337116
7820.0 26.85622344308544
7830.0 30.900524512332254
7840.0 34.64144803088897
7850.0 39.25860382210433
7860.0 43.016448668003264
7870.0 47.094322207557894
7880.0 52.22786308176677
7890.0 57.13335046569946
7900.0 62.027995337861654
7910.0 67.45598882735929
7920.0 73.2714874727923
7930.0 76.89944955746368
7940.0 65.5286193710783
7950.0 35.115313030839886
7960.0 89.45486245956164
7970.0 104.35047716343108
7980.0 114.48203709431763
7990.0 122.90962840322932
8000.0 130.7029704452869
8010.0 138.60163753407065
8020.0 147.17519102760653
8030.0 156.32791743885903
8040.0 165.56804590503512
8050.0 174.76699545639812
8060.0 183.44325003875826
8070.0 191.9524900750921
8080.0 201.5370609376256
8090.0 211.20135743547004
8100.0 222.55505767658678
8110.0 233.71231757170324
8120.0 244.75252719854637
8130.0 255.62899370422164
8140.0 266.9232389310888
8150.0 278.16303849854637
8160.0 289.6010624798013
8170.0 301.3310381186474
8180.0 309.6311129600701
8190.0 321.1449411323796
8200.0 336.3699030771489
8210.0 355.6302674305338
8220.0 368.5660791015721
8230.0 378.6756554682015
8240.0 396.151431963475
8250.0 411.5809118765293
8260.0 425.52243131928907
8270.0 443.11405606150373
8280.0 458.5636746404953
8290.0 473.5845443200136
8300.0 489.89852514838293
8310.0 506.1552910796068
8320.0 522.1390460194508
8330.0 537.7934002705299
8340.0 555.5417614067306
8350.0 572.183793634466
8360.0 588.4667018591874
8370.0 607.4471131562755
8380.0 627.4185448616803
8390.0 647.5255243570167
8400.0 667.4373707226229
8410.0 687.4082032408061
8420.0 710.5338766026293
8430.0 732.5069422218285
8440.0 754.1053535487912
8450.0 774.0801637149794
8460.0 795.7711999471752
8470.0 813.8445100386128
8480.0 833.3548999052192
8490.0 845.5310157082097
8500.0 842.7757892822459
8510.0 794.3139676574855
8520.0 374.88170646238774
8530.0 787.1510323301827
8540.0 926.0589461199006
8550.0 983.378532527161
8560.0 1020.8506654075516
8570.0 1056.488461394476
8580.0 1084.8841625361272
8590.0 1108.0157560790744
8600.0 1130.4960315535016
8610.0 1109.127132761716
8620.0 1064.372654203497
8630.0 1094.9279041141563
8640.0 1134.305557023036
8650.0 1168.2153207493488
8660.0 1208.679128621692
8670.0 1250.0254876698489
8680.0 1262.3492621840392
8690.0 1312.3256225315756
8700.0 1317.8034379776868
8710.0 1336.0079323729324
8720.0 1367.092763097622
8730.0 1399.4553898584572
8740.0 1452.6972485251083
8750.0 1475.9471182160985
8760.0 1545.9528392276873
8770.0 1539.3649232331434
8780.0 1614.6274571939887
8790.0 1627.9532240354822
8800.0 1695.5532349612567
8810.0 1688.13466317914
8820.0 1782.2519319239746
8830.0 1788.0984963997835
8840.0 1904.0542799528287
8850.0 1882.455449118746
8860.0 1953.1833825580768
8870.0 1952.2955825079305
8880.0 2053.6367403010104
8890.0 2139.202666019605
8900.0 2112.880821218386
8910.0 2129.063969785531
8920.0 2056.1728220508026
8930.0 2082.701953862909
8940.0 1100.9601471403696
8950.0 1558.2100802682244
8960.0 2322.082599892875
8970.0 2341.348997863977
8980.0 2468.3558371511926
8990.0 2622.1502107161205
9000.0 2588.625908779119
9010.0 2672.6906716117223
9020.0 2898.214050264671
9030.0 2757.9045373918298
9040.0 2923.89952160514
9050.0 3029.818689019083
9060.0 3007.0946264607237
9070.0 3098.2965327929614
9080.0 3146.32893831284
9090.0 3256.1572918015763
9100.0 3282.838039193706
9110.0 3329.4545410876026
9120.0 3488.737301161232
9130.0 3443.664494059864
9140.0 3520.7305720961162
9150.0 3592.3538703416784
9160.0 3723.710062153917
9170.0 3685.8540152476016
9180.0 3816.032154751828
9190.0 3935.1119854842646
9200.0 4018.1900325287947
9210.0 3967.964362696702
9220.0 4166.8399881074065
9230.0 4247.533586472622
9240.0 4223.035328696524
9250.0 4263.509981166061
9260.0 4311.959092174426
9270.0 4031.3471831887073
9280.0 3428.546990869224
9290.0 3663.806394309897
9300.0 3883.9499293095837
9310.0 4173.607502505516
9320.0 3898.156712820149
9330.0 4143.416624511708
9340.0 4148.539280472461
9350.0 4424.0826927896505
9360.0 4711.350109687794
9370.0 4698.6389162874575
9380.0 4867.725451728112
9390.0 5057.925923447273
9400.0 5127.642358138624
9410.0 5264.876060681694
9420.0 5285.597926217732
9430.0 5248.079247800878
9440.0 5062.858936098967
9450.0 5597.266974735393
9460.0 5233.664233237181
9470.0 5363.524661491655
9480.0 5531.3358575005905
9490.0 5435.124418940933
9500.0 5453.070060773679
9510.0 5879.094226966743
9520.0 5542.982165947494
9530.0 5999.675631774598
9540.0 5839.755045825841
9550.0 5764.318360894744
9560.0 5836.837840126481
9570.0 5805.453051743802
9580.0 6140.389463248447
9590.0 5812.064666475505
9600.0 6125.39187177759
9610.0 5983.629725638423
9620.0 6044.118349807618
9630.0 6555.724842055675
9640.0 5891.005594546178
9650.0 6526.51765028629
9660.0 6612.565748479577
9670.0 6383.864234754058
9680.0 6757.906247243095
9690.0 6420.428207682132
9700.0 7043.386830927333
9710.0 6938.879532104561
9720.0 6705.794894512174
9730.0 7134.926831908634
9740.0 7162.71200772688
9750.0 7013.429816516222
9760.0 7208.817355654229
9770.0 7503.35731440269
9780.0 7247.854850105741
9790.0 7519.214554020526
9800.0 7644.864952834348
9810.0 7585.1751868746
9820.0 7768.810841751249
9830.0 7793.170392504382
9840.0 7791.719828096158
9850.0 7927.64573776486
9860.0 8143.623121923149
9870.0 8061.5936894374145
9880.0 8202.451171675511
9890.0 8325.838081288312
9900.0 7729.627706105357
9910.0 7266.307287155364
9920.0 7397.7824699932
9930.0 7655.24380383172
9940.0 8044.385048315448
9950.0 8218.431752588558
9960.0 8173.483799074496
9970.0 7024.463091236407
9980.0 6468.1653454280395
9990.0 6284.029837033557
10010.0 6481.125245889813
10020.0 6386.336856254956
10030.0 6524.250361011673
10040.0 7063.5893296660215
10050.0 6903.675892720473
10060.0 6868.027056915126
10070.0 7028.8302722707795
10080.0 7096.352678982715
10090.0 7350.2523059970235
10100.0 7817.84757437838
10110.0 7625.38549389134
10120.0 7643.130614549706
10130.0 8054.12434234611
10140.0 7868.360827948174
10150.0 8317.175820693681
10160.0 8013.39661457657
10170.0 8373.010309594605
10180.0 8127.867105732855
10190.0 8537.176321564313
10200.0 8689.453051410548
10210.0 8675.02785091552
10220.0 8534.685701553119
10230.0 8649.442853297049
10240.0 9056.43471555373
10250.0 9100.230210139704
10260.0 8662.678865231595
10270.0 8795.477821428594
10280.0 9188.851928736043
10290.0 9255.689727649222
10300.0 9036.840270727334
10310.0 9353.374605389281
10320.0 9276.63069110827
10330.0 9592.76332787894
10340.0 9548.321112775335
10350.0 9504.724863765037
10360.0 9729.016812883841
10370.0 10073.281163096863
10380.0 9534.244814381487
10390.0 9926.396920914576
10400.0 10047.710419262557
10410.0 9999.431222845244
10420.0 9959.333977484146
10430.0 9951.859183200815
10440.0 10411.12571226106
10450.0 10353.97921559897
10460.0 10437.264392281124
10470.0 10135.257820032513
10480.0 10286.835098845308
10490.0 10391.609278705013
10500.0 10476.84302290011
10510.0 10568.689558864355
10520.0 10365.634059125237
10530.0 10506.559610422239
10540.0 10545.102262738561
10550.0 10663.116442540251
10560.0 10727.365279592139
10570.0 10488.280444108561
10580.0 10793.02430966701
10590.0 10768.567176241633
10600.0 11006.214175071924
10610.0 10863.368536172735
10620.0 10876.611829547583
10630.0 11025.975923929409
10640.0 11288.524519351753
10650.0 11054.101700011395
10660.0 11220.760482371501
10670.0 11276.800749942779
10680.0 11442.216818519497
10690.0 11381.99038808877
10700.0 11492.040458656342
10710.0 11500.31006453763
10720.0 11695.105133727138
10730.0 11637.199738229505
10740.0 11592.52034373897
10750.0 11769.356950247233
10760.0 11820.625076320533
10770.0 11892.610166249615
10780.0 11886.120775740903
10790.0 11903.528886230055
10800.0 11967.534497697703
10810.0 12034.710110166789
10820.0 12061.574103930627
10830.0 12176.095838050185
10840.0 12227.159953455508
10850.0 12144.907569845027
10860.0 12004.98268719139
10870.0 12164.842296376888
10880.0 12254.061851506229
10890.0 12043.14689841355
10900.0 11990.956446248629
10910.0 11901.60899502626
10920.0 11831.450346763488
10930.0 11609.932154779797
10940.0 11502.57706578852
10950.0 11387.513077736048
10960.0 11252.350490638917
10970.0 11122.385704489618
10980.0 11530.712647702996
10990.0 11132.771369554599
11000.0 10963.88792074631
11010.0 10661.772672833291
11020.0 10461.36042583955
11030.0 10712.403711912844
11040.0 10491.291614113552
11050.0 9576.396849409837
11060.0 10300.871085636085
11070.0 10697.932822785637
11080.0 9564.274060882057
11090.0 9836.471743765835
11100.0 8989.204204840787
11110.0 8508.025140692751
11120.0 8848.31651746069
11130.0 8685.763535114407
11140.0 9103.77779353411
11150.0 8523.451613119265
11160.0 8625.271893474197
11170.0 8028.099984720833
11180.0 10209.949856888446
11190.0 7969.174869928863
11200.0 8414.464280392118
11210.0 8836.563738457598
11220.0 7047.503613916478
11230.0 6967.010305273623
11240.0 8485.839642505227
11250.0 7689.745695616225
11260.0 8356.508852136638
11270.0 8689.554949836145
11280.0 7653.544435927874
11290.0 8068.5545628977125
11300.0 8609.262370755818
11310.0 8038.752744216477
11320.0 9099.625610956964
11330.0 6990.071133291915
11340.0 5182.173006488489
11350.0 4749.990830530935
11360.0 6625.344385434785
11370.0 7614.432708971118
11380.0 7922.671931065927
11390.0 9089.054031783393
11400.0 7957.502483347939
11410.0 8224.989635776747
11420.0 9500.220389043676
11430.0 8570.297020886424
11440.0 7899.511383040666
11450.0 8986.353383765645
11460.0 8589.236645345352
11470.0 8824.34257775321
11480.0 8911.511079246988
11490.0 8281.263100694632
11500.0 7912.890646191925
11510.0 7306.912537520886
11520.0 5902.85919466042
11530.0 5970.8545326133835
11540.0 6078.307640112276
11550.0 5480.130577526082
11560.0 5767.086014477704
11570.0 6026.3886312531195
11580.0 8209.405410839172
11590.0 7470.673150235869
11600.0 6245.184415710922
11610.0 6769.358409990521
11620.0 4102.78730036205
11630.0 5687.931661521643
11640.0 5591.028973497
11650.0 5634.150626276005
11660.0 6619.502930073336
11670.0 6347.292458617405
11680.0 6005.97004819036
11690.0 3866.869558564334
11700.0 5636.837839725973
11710.0 7474.960871683733
11720.0 7999.430080863024
11730.0 7659.412147972489
11740.0 8162.778202294589
11750.0 7257.290547409063
11760.0 7018.9736933051545
11770.0 3894.224793286583
11780.0 5850.331394582342
11790.0 8547.956149952857
11800.0 8724.637606079801
11810.0 9168.08521296594
11820.0 9425.05207060599
11830.0 9696.731510096652
11840.0 10433.36498104259
11850.0 10233.592383855523
11860.0 10675.210587427724
11870.0 10032.153291759438
11880.0 10373.482496844537
11890.0 10630.293648420187
11900.0 11749.032531248018
11910.0 11304.438710540408
11920.0 11669.105340586046
11930.0 12385.534121361916
11940.0 12362.607902877879
11950.0 12223.682325404016
11960.0 12800.937696201303
11970.0 12647.41270801176
11980.0 12754.534020559473
11990.0 12941.825533848252
12000.0 13142.687647870018
12010.0 13294.560375991636
12020.0 13329.548550162763
12030.0 12882.128738409125
12040.0 13855.76492739063
12050.0 13839.166617076144
12060.0 14267.615307483029
12070.0 13849.293547651601
12080.0 14042.703718414525
12090.0 14068.043938950432
12100.0 14633.765660197803
12110.0 14118.088882168753
12120.0 14593.092104844598
12130.0 14236.602341434997
12140.0 14828.857023458899
12150.0 14937.079219386454
12160.0 14839.793416002385
12170.0 14819.618113323922
12180.0 14999.917311328561
12190.0 15159.924226823934
12200.0 15067.35223831565
12210.0 15197.62746730332
12220.0 15036.914196987032
12230.0 15265.539927363283
12240.0 15455.256158420421
12250.0 15266.080407537653
12260.0 15661.18812262469
12270.0 15329.20435575996
12280.0 15748.324589561535
12290.0 15496.895824072291
12300.0 15638.484059237166
12310.0 15677.248795091371
12320.0 15720.583738402767
12330.0 15882.760268836051
12340.0 15604.444506710732
12350.0 15881.05324525574
12360.0 15971.12198448345
12370.0 15931.067724365003
12380.0 16147.066957876938
12390.0 16025.036649736967
12400.0 16004.80233519615
12410.0 15755.418021308282
12420.0 15394.51920805257
12430.0 11052.721695428361
12440.0 14266.219325818052
12450.0 16023.241328583634
12460.0 16258.37207435118
12470.0 16395.456820774976
12480.0 16133.155567856718
12490.0 16375.936315562627
12500.0 16211.73952395256
12510.0 14953.279812940023
12520.0 9499.969412589358
12530.0 13533.839262881238
12540.0 15888.162063814574
12550.0 16437.413315373207
12560.0 16676.104567582413
12570.0 16605.30836445375
12580.0 16781.168073885936
12590.0 16861.59232798158
12600.0 16708.859082707677
12610.0 16949.38233806161
12620.0 16869.796594039937
12630.0 16981.13334408261
12640.0 16729.954055378286
12650.0 16996.966260705485
12660.0 16933.25646663077
12670.0 17090.286673175375
12680.0 17008.639380317814
12690.0 17043.92629859415
12700.0 17007.658848922805
12710.0 17145.54411041843
12720.0 17171.521372516432
12730.0 16866.268135224826
12740.0 16887.56589852706
12750.0 17216.88177603217
12760.0 17218.888426958893
12770.0 17166.45869207646
12780.0 17066.493457790726
12790.0 17115.04572411546
12800.0 16804.037991018304
12810.0 17304.294758525673
12820.0 17527.93041927672
12830.0 16654.631755705952
12840.0 17216.76398536908
12850.0 17207.425715614965
12860.0 16497.163946433913
12870.0 17344.37017781987
12880.0 16673.866438519486
12890.0 16966.687681955776
12900.0 17078.3229547122
12910.0 17117.589228041626
12920.0 16355.798501944952
12930.0 17321.51777641878
12940.0 17084.508051483313
12950.0 16812.92522237162
12960.0 16982.209603310257
12970.0 16795.69038007908
12980.0 17650.47065742099
12990.0 16621.075935315872
13000.0 17063.864213786874
13010.0 16623.414254344905
13020.0 16923.922272415046
13030.0 17145.89705256313
13040.0 16698.845333273377
13050.0 17285.35111454791
13060.0 16698.17139636475
13070.0 15934.224578744394
13080.0 16456.407954804163
13090.0 16092.459690209016
13100.0 16004.998919299049
13110.0 15844.396748899464
13120.0 14869.625379048455
13130.0 15982.97100972276
13140.0 14691.092370738328
13150.0 16142.180927643334
13160.0 15850.340414903536
13170.0 16533.169702701754
13180.0 13955.996491036905
13190.0 16409.573779904993
13200.0 16000.680269310567
13210.0 16171.408311810557
13220.0 16330.488049723805
13230.0 15391.835240719529
13240.0 14566.766132251349
13250.0 13176.273024316044
13260.0 15614.687816896476
13270.0 14596.658810011531
13280.0 14205.259156692793
13290.0 11304.554158514951
13300.0 8552.735763887322
13310.0 4153.323679783531
13320.0 6063.294086179331
13330.0 10114.662883084793
13340.0 6963.5564181140635
13350.0 5375.708980680491
13360.0 5061.643231376416
13370.0 3431.749773586073
13380.0 3832.629974295703
13390.0 5393.264473518761
13400.0 3659.3438342525187
13410.0 4439.647865728622
13420.0 3514.902912219847
13430.0 3352.985560959308
13440.0 2610.447683511927
13450.0 3928.1007647495494
13460.0 2713.1258560774227
13470.0 2855.0422574009804
13480.0 2082.538305197525
13490.0 4107.099249379262
13500.0 1515.1213113268816
13510.0 3021.6220415723433
13520.0 2430.1321765102507
13530.0 3071.9816279322117
13540.0 1459.8395109239664
13550.0 2349.4933743350016
13560.0 2848.2248589160363
13570.0 1283.2528080885402
13580.0 2668.9313107305256
13590.0 2103.7127331621828
13600.0 3553.2646318638876
13610.0 2098.6149445320766
13620.0 1698.7914056444058
13630.0 4500.719854412613
13640.0 2456.9877333319187
13650.0 3098.401473130732
13660.0 3540.6483871849973
13670.0 3876.674962708363
13680.0 2837.0389025925583
13690.0 3854.850773543405
13700.0 3020.755762861207
13710.0 2109.1505291485096
13720.0 3240.354459895253
13730.0 3078.586082597013
13740.0 3147.1606387704487
13750.0 3434.549128534975
13760.0 3600.3821220386153
13770.0 3770.839986138301
13780.0 3418.5965766988083
13790.0 4722.81513971881
13800.0 2715.265494382673
13810.0 4403.02251809946
13820.0 1640.042597871333
13830.0 2833.0936481193016
13840.0 3986.1927832687793
13850.0 2669.170419417523
13860.0 2849.3968604661313
13870.0 4028.813224151256
13880.0 2679.1940707849667
13890.0 4251.945524296799
13900.0 2691.561318654749
13910.0 2692.006820989389
13920.0 2070.128547557854
13930.0 4182.289668563741
13940.0 3410.334206894793
13950.0 2258.1874144606127
13960.0 3647.5036896703687
13970.0 3015.6703112634636
13980.0 2291.000399105681
13990.0 3403.66397657139
14000.0 2156.2392920708303
14010.0 2304.2568322072966
14020.0 3765.683791763642
14030.0 3229.8143884056017
14040.0 2857.1160582841794
14050.0 2749.998357438612
14060.0 4451.385322614315
14070.0 2271.511150110218
14080.0 2894.093937615143
14090.0 1668.092841244901
14100.0 2961.4453413011483
14110.0 3284.6356322330853
14120.0 2432.5470415927557
14130.0 3854.5091813688005
14140.0 2041.7603396592779
14150.0 3423.9990661515435
14160.0 4521.972753157427
14170.0 2335.0984120136045
14180.0 3172.7865295370757
14190.0 2167.966493804333
14200.0 2670.906444383591
14210.0 4534.723750466279
14220.0 3017.8076719532805
14230.0 2469.682251840009
14240.0 3271.485907650974
14250.0 2892.4138059950224
14260.0 3210.661949251519
14270.0 3549.086754906744
14280.0 2275.230567954424
14290.0 3119.526471397472
14300.0 6482.030912225945
14310.0 3435.7542157181883
14320.0 3057.8572170950456
14330.0 3876.049174129947
14340.0 2840.771121553864
14350.0 4642.132914363307
14360.0 4449.535642569676
14370.0 4685.465449155576
14380.0 4790.661493232951
14390.0 2512.4500861573706
14400.0 5011.8681664858605
14410.0 3466.2243051189985
14420.0 4034.999700060778
14430.0 7292.478894305863
14440.0 3876.8760958460616
14450.0 2481.878196568405
14460.0 4957.990393636572
14470.0 4206.172052972072
14480.0 5483.690536672226
14490.0 7038.481583752827
14500.0 3130.4052012053503
14510.0 5821.013370046173
14520.0 7313.7327372519085
14530.0 5967.37411148673
14540.0 5434.871688487587
14550.0 6257.582731522583
14560.0 4541.746204922301
14570.0 4839.153608686148
14580.0 8728.945952812037
14590.0 8310.086787309843
14600.0 6945.769929155472
14610.0 5800.174833672397
14620.0 4713.254795550614
14630.0 4749.999727789378
14640.0 8098.626230385456
14650.0 7667.495183344703
14660.0 7257.680036658985
14670.0 6514.9873817571615
14680.0 4976.087664378996
14690.0 5298.436178769167
14700.0 6415.534753519187
14710.0 6419.410428619537
14720.0 7867.1831240720285
14730.0 7775.04371987859
14740.0 5821.943794918841
14750.0 6261.62044255035
14760.0 6357.88690941449
14770.0 7630.718406626496
14780.0 9165.345304182729
14790.0 6773.650712087941
14800.0 6213.619380334452
14810.0 7486.685328933312
14820.0 6904.052717876925
14830.0 7900.317877157464
14840.0 8473.02255678248
14850.0 6850.977846748002
14860.0 8571.276747056329
14870.0 7684.041487703683
14880.0 7136.862878692399
14890.0 7009.045864495934
14900.0 7628.670261676567
14910.0 8927.835083670117
14920.0 7975.891146005773
14930.0 9188.200458671388
14940.0 7714.957271666155
14950.0 7956.229794995606
14960.0 7202.588638653525
14970.0 9489.721983688873
14980.0 8985.78522697048
14990.0 8899.686591620346
15000.0 9400.440056598827
15010.0 8298.542921900815
15020.0 8722.034937535374
15030.0 8596.947903489541
15040.0 10265.829775548265
15050.0 9879.341646143368
15060.0 9637.493472902643
15070.0 8989.331350040096
15080.0 8826.15597756309
15090.0 11206.871855461992
15100.0 9178.506633741727
15110.0 9506.634112399983
15120.0 10018.046736573515
15130.0 9144.242860832446
15140.0 11784.658730542596
15150.0 11517.65985056989
15160.0 10274.870020911141
15170.0 8975.280441564764
15180.0 10195.292912525965
15190.0 11318.068386364255
15200.0 11216.033775905033
15210.0 11167.417868259306
15220.0 10497.408410848346
15230.0 13530.834003692618
15240.0 10780.665996781834
15250.0 11614.443690111071
15260.0 11097.991433678422
15270.0 11099.929516421007
15280.0 11771.933351290814
15290.0 13106.141325384042
15300.0 11944.831599770847
15310.0 12321.67327446747
15320.0 10335.55914945886
15330.0 13091.811224749088
15340.0 13719.671100346442
15350.0 12259.670470581736
15360.0 12467.319215403373
15370.0 12520.773154859417
15380.0 13072.252094607251
15390.0 13232.637334641846
15400.0 13146.588974969854
15410.0 13714.664515577197
15420.0 12675.600013100531
15430.0 13018.739934696841
15440.0 12616.9586132152
15450.0 14532.81399202166
15460.0 14478.124871117274
15470.0 13297.266150500218
15480.0 14521.517030170804
15490.0 14043.619710131767
15500.0 13417.355914859607
15510.0 13885.565459264895
15520.0 14514.89742845112
15530.0 14452.443997908696
15540.0 14811.44486765172
15550.0 14502.611837671837
15560.0 14496.679107971577
15570.0 13574.078078553111
15580.0 12862.251870086724
15590.0 14122.609232192757
15600.0 13799.476115248004
15610.0 14095.030098578904
15620.0 14437.89878219554
15630.0 14348.900366084346
15640.0 14052.169950245074
15650.0 13797.049434688253
15660.0 14497.496628711768
15670.0 15531.44630438538
15680.0 15009.535689639633
15690.0 14403.703575172178
15700.0 15154.31546097278
15710.0 14753.221347041912
15720.0 14413.630233379177
15730.0 14905.519662654979
15740.0 15595.668996542703
15750.0 14594.116373349643
15760.0 14878.579750419178
15770.0 15111.58362775573
15780.0 13747.519505366421
15790.0 14207.604883221813
15800.0 14155.525261353554
15810.0 14360.716649311882
15820.0 14536.716528734782
15830.0 14029.137917991418
15840.0 14279.65530750782
15850.0 14542.162197286909
15860.0 14277.978587317173
15870.0 14110.110977607525
15880.0 14635.968868162798
15890.0 14424.157239125427
15900.0 14396.791103811827
15910.0 13915.33394890058
15920.0 14250.432394240202
15930.0 14025.561639826163
15940.0 13813.075985660751
15950.0 14423.359331739395
15960.0 13759.164678067214
15970.0 13369.208786638883
15980.0 14460.941904483072
15990.0 13430.211284572251
16000.0 13461.833964917672
16010.0 13846.059545501943
16020.0 13360.858926336303
16030.0 12649.327607418447
16040.0 13864.984188745528
16050.0 13282.73261958368
16060.0 12248.583565370043
16070.0 13669.300860668223
16080.0 12338.826956210713
16090.0 12748.595851997718
16100.0 12376.081248027642
16110.0 12724.837344298954
16120.0 12203.278940819397
16130.0 12239.869604797708
16140.0 12809.401634571615
16150.0 11410.25703181057
16160.0 12148.694329293283
16170.0 11045.13262701139
16180.0 11032.796374967998
16190.0 10677.458473163771
16200.0 11512.56822159425
16210.0 11201.549129727948
16220.0 12874.195410091415
16230.0 13035.1392001565
16240.0 13020.860090454695
16250.0 13329.101980986385
16260.0 12309.572471745945
16270.0 12898.063762742768
16280.0 12444.801953970551
16290.0 13043.68504542577
16300.0 11760.888746416324
16310.0 12269.437338102118
16320.0 11762.879039326705
16330.0 11445.016640779937
16340.0 11959.698442459725
16350.0 11033.108544372331
16360.0 11480.841346509023
16370.0 11416.10494887168
16380.0 11221.033857745453
16390.0 12193.055654276091
16400.0 11116.09745731206
16410.0 11511.959560579526
16420.0 10616.230364067686
16430.0 11343.105567777762
16440.0 12024.428071708751
16450.0 9979.793075865307
16460.0 10428.603535883183
16470.0 11349.015484839776
16480.0 10883.633439656172
16490.0 11175.153144695281
16500.0 11377.76469995267
16510.0 12272.681005426683
16520.0 11566.144411118803
16530.0 11874.545417027408
16540.0 12016.467520355387
16550.0 11197.948407079613
16560.0 9815.386141216532
16570.0 10511.38112556382
16580.0 9189.572510123306
16590.0 10548.30799489142
16600.0 10958.242129874638
16610.0 11241.076115069041
16620.0 10760.266371607499
16630.0 10749.20335851339
16640.0 11523.89486676121
16650.0 9272.236525223429
16660.0 8628.187133895879
16670.0 8725.877092776089
16680.0 7545.340651867998
16690.0 9213.194211166265
16700.0 8235.055720672472
16710.0 7293.885465236861
16720.0 8374.485840304606
16730.0 8801.24065043064
16740.0 9423.82061076544
16750.0 10776.463321300349
16760.0 10452.978732041032
16770.0 10452.621742987922
16780.0 10831.14800413683
16790.0 10912.775928752948
16800.0 10442.280177044197
16810.0 10156.060988800084
16820.0 10267.586200758024
16830.0 8865.274462914404
16840.0 7811.484275275383
16850.0 8582.131437832535
16860.0 8315.408400587356
16870.0 6963.36066354281
16880.0 7828.904272495025
16890.0 7109.622756394095
16900.0 7019.151336280355
16910.0 8118.391216362572
16920.0 7452.4290966357175
16930.0 8622.909627096551
16940.0 6980.853707753216
16950.0 7323.9154385952215
16960.0 6647.257913551278
16970.0 6853.586384532296
16980.0 7626.767799620433
16990.0 8329.221814908333
17000.0 7459.080230385333
17010.0 8368.907296052654
17020.0 8586.578911909806
17030.0 7640.198727962437
17040.0 7448.737094201979
17050.0 8586.214203002743
17060.0 9096.247077247906
17070.0 7698.109794059084
17080.0 7940.130061051507
17090.0 8973.384628231786
17100.0 8252.933295602646
17110.0 6989.030963161819
17120.0 8235.767530903073
17130.0 8412.89657906502
17140.0 8069.046216945766
17150.0 8525.426785243873
17160.0 9295.455953726332
17170.0 8533.74537239125
17180.0 8423.959941244324
17190.0 8421.732410276147
17200.0 7454.3803294906975
17210.0 7799.118348884331
17220.0 7977.358215621372
17230.0 7524.074515475646
17240.0 6752.211562662788
17250.0 7972.643660027246
17260.0 6427.198257569503
17270.0 7207.9637552889035
17280.0 7052.309003184077
17290.0 8166.171351249322
17300.0 8615.511688426423
17310.0 7377.967769911281
17320.0 7150.3128905064
17330.0 8172.225661270664
17340.0 8296.16523221669
17350.0 7159.683753334725
17360.0 7025.183674628423
17370.0 7007.426296097981
17380.0 7149.67781774047
17390.0 7453.037953865432
17400.0 6186.508262310063
17410.0 6239.718185234256
17420.0 6991.466908332389
17430.0 7043.90553160037
17440.0 6160.849805041303
17450.0 6583.952178655209
17460.0 6026.501702436742
17470.0 6035.5249763884285
17480.0 6617.406336874749
17490.0 6674.279368366541
17500.0 5420.056456392407
17510.0 6300.655444579504
17520.0 7260.887382937443
17530.0 6485.01544145907
17540.0 5267.672430144914
17550.0 5929.949928998832
17560.0 5483.486033269881
17570.0 6183.5500785452605
17580.0 5420.799859245092
17590.0 7473.2306801106715
17600.0 6310.2114911367
17610.0 7355.958322326641
17620.0 4527.884293680776
17630.0 6660.7204251941785
17640.0 5458.71665687367
17650.0 6926.925827092334
17660.0 6665.599515805529
17670.0 4931.699573058631
17680.0 3832.477170473201
17690.0 5618.3018380486
17700.0 5903.216995780898
17710.0 4830.943583676761
17720.0 4268.042231731029
17730.0 5307.134189945995
17740.0 5231.830375235011
17750.0 4260.470326846623
17760.0 3880.7991045359317
17770.0 5147.5596643782355
17780.0 5562.85930338333
17790.0 3877.263216540934
17800.0 6095.654691858907
17810.0 2797.82182132792
17820.0 5075.55441095021
17830.0 5161.837235319757
17840.0 3384.08622467164
17850.0 3509.9940757606846
17860.0 4195.113611002204
17870.0 3117.3321814013307
17880.0 4723.272181954962
17890.0 6205.190202657888
17900.0 4473.7389535097855
17910.0 2931.0937225204584
17920.0 3558.2172069834146
17930.0 4406.370654420637
17940.0 4613.066037307032
17950.0 4427.144254350863
17960.0 2830.2541765382484
17970.0 4463.846751877693
17980.0 6736.644352365162
17990.0 3750.051332001857
18000.0 2836.375620283944
18010.0 2722.8941487413667
18020.0 3009.174798379012
18030.0 4076.4905891867347
18040.0 4605.61525013871
18050.0 3314.0141212352105
18060.0 3202.146945478898
18070.0 3147.70417286461
18080.0 3676.4166623951614
18090.0 5239.377023066745
18100.0 3125.5440044718252
18110.0 3731.133817028643
18120.0 1773.2064393196638
18130.0 5871.893448755977
18140.0 6091.655777330194
18150.0 3087.819364048122
18160.0 4176.716261408021
18170.0 4016.0064894081656
18180.0 2857.33691005135
18190.0 4565.871900440996
18200.0 2577.961266573439
18210.0 3105.243493950427
18220.0 1987.281983467848
18230.0 7113.697870125519
18240.0 6222.699455920502
18250.0 4897.39525185443
18260.0 2360.1177209289244
18270.0 3547.546464143942
18280.0 3762.6424944347195
18290.0 5573.690790484575
18300.0 3264.2079736124224
18310.0 3742.027010373709
18320.0 2976.601758275556
18330.0 4912.390724314028
18340.0 3790.059391488206
18350.0 3619.31662179907
18360.0 3613.9720702435816
18370.0 2565.525872160609
18380.0 4633.4032715418425
18390.0 2799.3994673892375
18400.0 4052.77149737607
18410.0 4537.833981494598
18420.0 2719.0236497485084
18430.0 3751.9770371293807
18440.0 3550.1334106474346
18450.0 4457.32301930045
18460.0 3363.751735207209
18470.0 2825.995134998647
18480.0 2365.426251048676
18490.0 3650.742508228336
18500.0 3000.030241534846
18510.0 4881.401978971993
18520.0 4268.077925531572
18530.0 2284.9304822243093
18540.0 2330.569464043194
18550.0 4515.444380986278
18560.0 2628.943864580151
18570.0 2329.792825709161
18580.0 3206.126074486203
18590.0 2349.9079173890873
18600.0 1628.3346324244837
18610.0 2879.810377584199
18620.0 3472.733768869682
18630.0 3318.843625281042
18640.0 1835.8329688205974
18650.0 2006.8517748706897
18660.0 3955.4899149784646
18670.0 2111.0883215975523
18680.0 2591.403898342483
18690.0 3924.1384622141013
18700.0 2591.2029552049785
18710.0 2632.225145324149
18720.0 3648.9042965628346
18730.0 1967.7921129255815
18740.0 4493.186078327709
18750.0 3774.0245868720513
18760.0 2993.0459264568262
18770.0 3363.4706661608047
18780.0 3523.9642219899747
18790.0 4593.809584944192
18800.0 4106.817848012091
18810.0 2934.9128412043005
18820.0 5362.7714945164535
18830.0 5847.647687951225
18840.0 3135.7618778260453
18850.0 2952.620950949985
18860.0 4598.285786515636
18870.0 5307.8895552003305
18880.0 3833.0689799993493
18890.0 4888.113514921624
18900.0 3965.3862919573744
18910.0 4096.792395110798
18920.0 3179.444051379909
18930.0 5169.283965107609
18940.0 4672.284316558722
18950.0 6324.849927466912
18960.0 4899.342608488429
18970.0 4744.14346362698
18980.0 3829.8804418844884
18990.0 4645.730960255863
19000.0 4896.4058967410865
19010.0 4439.8972253397715
19020.0 5323.8415840586995
19030.0 4037.301704639444
19040.0 5605.967924780068
19050.0 3233.7118777840737
19060.0 2856.6181879053534
19070.0 5647.832893139087
19080.0 5946.761419488997
19090.0 5711.125655952518
19100.0 4958.223985520212
19110.0 2701.351954207787
19120.0 5360.046985639631
19130.0 3381.1168889145683
19140.0 4570.036233937508
19150.0 6215.395517072577
19160.0 3008.452182315
19170.0 5422.702601672707
19180.0 6291.747709136357
19190.0 4013.207212712717
19200.0 2618.513447397467
19210.0 4012.766089195286
19220.0 5457.022544049791
19230.0 4427.837372115581
19240.0 2717.862660236638
19250.0 5597.013599471892
19260.0 3562.156619810789
19270.0 4260.648023259247
19280.0 3842.6423558148867
19290.0 4917.33134847917
19300.0 3603.5700522507855
19310.0 3038.4683991301126
19320.0 3945.88660111598
19330.0 3806.4825907091454
19340.0 3997.013385910066
19350.0 3708.4311057111877
19360.0 3117.269378122911
19370.0 4540.069453640946
19380.0 3397.7592112612697
19390.0 2041.6976789852215
19400.0 2392.329956817805
19410.0 2288.8807530412787
19420.0 4823.142790295359
19430.0 3901.139639937971
19440.0 3240.43225868703
19450.0 3367.4180695357327
19460.0 5256.0667294859895
19470.0 3290.2718265347735
19480.0 2611.4990286884445
19490.0 3216.6188299413134
19500.0 4339.511690297242
19510.0 4561.279291172005
19520.0 4381.140327806802
19530.0 3418.274747963958
19540.0 3248.1475692246945
19550.0 2010.3600245867867
19560.0 3231.995606046661
19570.0 4686.9800696075745
19580.0 3604.3159882692944
19590.0 3718.598100031313
19600.0 3102.7765978898087
19610.0 3355.693061653093
19620.0 3719.4947959133697
19630.0 2873.257225075895
19640.0 4186.1167423386605
19650.0 4079.9479596984916
19660.0 4600.544732158002
19670.0 3302.79832871506
19680.0 3773.180227369253
19690.0 4627.561830120457
19700.0 3855.012497460663
19710.0 2887.1692970250074
19720.0 5147.182638175215
19730.0 3309.209173420616
19740.0 3504.2803387637596
19750.0 2631.064174201489
19760.0 3863.222359734108
19770.0 4294.0093353635575
19780.0 4773.561961087851
19790.0 4109.388156904908
19800.0 3375.8146052026036
19810.0 3775.8754726762327
19820.0 3345.036432630833
19830.0 4304.270362678614
19840.0 4332.072602819947
19850.0 4620.264883055177
19860.0 5285.539683384124
19870.0 5024.612183806328
19880.0 3855.4986193200325
19890.0 3014.182889928
19900.0 2830.0512075971874
19910.0 3909.492306615701
19920.0 4774.648877693434
19930.0 4960.345368865102
19940.0 4355.837810126313
19950.0 4086.471351478539
19960.0 5378.760142924973
19970.0 3269.1310444608475
19980.0 4530.898906087512
19990.0 4258.350347804554
20010.0 4895.606755366377
20020.0 4554.665871204351
20030.0 5205.724147136651
20040.0 5188.509623156804
20050.0 4977.708879267869
20060.0 4228.492125468636
20070.0 4916.754881756851
20080.0 4377.762338136936
20090.0 3590.920384605559
20100.0 4242.010428081113
20110.0 5487.020309954852
20120.0 5188.153908832957
20130.0 4854.0157578038825
20140.0 5819.309306857022
20150.0 5147.606856000411
20160.0 4202.174255231482
20170.0 4417.485654543335
20180.0 5507.450853946692
20190.0 4061.0399134326535
20200.0 4625.409715698051
20210.0 6127.108160520238
20220.0 5524.397118122008
20230.0 5977.619325804363
20240.0 6016.393333577279
20250.0 4576.700291430103
20260.0 4962.500219373664
20270.0 5186.566857398793
20280.0 5710.778915510265
20290.0 4720.365923705062
20300.0 4493.633169841242
20310.0 6031.531040349646
20320.0 6066.1909487964
20330.0 5577.189907328205
20340.0 5752.257215945231
20350.0 5249.632124646139
20360.0 6160.475133425864
20370.0 5937.807192292546
20380.0 6141.360201239823
20390.0 5271.1599102696155
20400.0 5570.467569385927
20410.0 5511.272832464636
20420.0 6217.62133596456
20430.0 5800.460393435199
20440.0 5752.379400984443
20450.0 5457.5446586159605
20460.0 6306.44101632875
20470.0 6677.043124122285
20480.0 6225.288281994805
20490.0 5402.3447899487865
20500.0 6504.016397984723
20510.0 6423.940156589549
20520.0 5504.7412030700325
20530.0 5994.05545011694
20540.0 5712.513197244604
20550.0 6066.493094455082
20560.0 6469.044441737985
20570.0 6586.873939100979
20580.0 6595.087036543339
20590.0 6593.387934061066
20600.0 6135.8260316594
20610.0 6481.914233826411
20620.0 6196.71548621833
20630.0 5586.840993179016
20640.0 6352.800850219892
20650.0 6489.682857334696
20660.0 6485.572164526189
20670.0 6489.520071798775
20680.0 6332.801679145305
20690.0 6300.627486570351
20700.0 6567.658444073357
20710.0 6058.372274297063
20720.0 6529.439013293842
20730.0 6392.572525013999
20740.0 6533.75948681503
20750.0 6014.23164868737
20760.0 6047.419210637877
20770.0 6466.906522662244
20780.0 6515.049134766169
20790.0 6463.848696938738
20800.0 6443.613009190835
20810.0 6228.632321515669
20820.0 6364.182100123991
20830.0 6364.399539057573
20840.0 6495.094694272116
20850.0 6401.112949561188
20860.0 6332.059004922643
20870.0 6220.830810358728
20880.0 6406.94416586812
20890.0 6435.822571448314
20900.0 6423.728627102676
20910.0 6408.413682831698
20920.0 6429.4742004371155
20930.0 6328.170198314182
20940.0 6214.400608071236
20950.0 6467.690467901518
20960.0 6278.887427801167
20970.0 6332.412237776113
20980.0 6423.918347820417
20990.0 6181.304057937697
21000.0 6368.91846812459
21010.0 6310.155978386322
21020.0 6189.41388871562
21030.0 6215.557860775125
21040.0 6280.63831311633
21050.0 6214.501077183737
21060.0 6288.82409132373
21070.0 6221.922305532082
21080.0 6159.654119811769
21090.0 6189.365384161769
21100.0 6216.493748582492
21110.0 6123.354563071955
21120.0 6125.778777633691
21130.0 6262.240963304584
21140.0 6265.197406961155
21150.0 6154.683121727583
21160.0 6169.369836566945
21170.0 5899.713301470036
21180.0 6055.246016446228
21190.0 6067.97233149009
21200.0 6117.1785466000765
21210.0 6094.987311779841
21220.0 6128.209877027072
21230.0 6000.396292345742
21240.0 6081.752911609363
21250.0 6066.392773178161
21260.0 6138.593088698815
21270.0 5955.286504285054
21280.0 5971.006469936844
21290.0 5841.966285658682
21300.0 5994.7275014452625
21310.0 6036.623067300269
21320.0 5871.176833220487
21330.0 6023.974349206581
21340.0 5925.315215261121
21350.0 6043.465131380215
21360.0 5824.793797566478
21370.0 5705.937463815356
21380.0 5898.062430132422
21390.0 5872.596046515796
21400.0 5791.9901129637465
21410.0 5709.442079475448
21420.0 5456.427946052625
21430.0 5767.320712696965
21440.0 5743.555929403741
21450.0 5704.698816558794
21460.0 5546.301563014039
21470.0 5442.4302299139645
21480.0 5651.00714687849
21490.0 5608.482213908305
21500.0 5646.5612310021215
21510.0 5444.909398157011
21520.0 5416.868765377583
21530.0 5656.834082661342
21540.0 5564.31640000964
21550.0 5402.045917419796
21560.0 5534.980690921318
21570.0 5500.5581825658
21580.0 5614.6420803023375
21590.0 5440.326328099488
21600.0 5168.489025959144
21610.0 5355.7584738779615
21620.0 5369.021471858079
21630.0 5530.932269899014
21640.0 5433.3840680012145
21650.0 5261.820066164547
21660.0 5200.398764388377
21670.0 5046.422477354333
21680.0 5300.777277977237
21690.0 5288.37579334287
21700.0 5221.450258771436
21710.0 5285.643724258406
21720.0 4858.081539807159
21730.0 5117.962255415343
21740.0 5057.770971085332
21750.0 5079.072936814564
21760.0 5112.481802603394
21770.0 4947.75361845249
21780.0 4740.479222710603
21790.0 4952.472353237389
21800.0 4789.106472170841
21810.0 5055.8138411694445
21820.0 4961.791060224957
21830.0 4475.018279338308
21840.0 4741.192798511861
21850.0 4758.063267745235
21860.0 4696.670987034826
21870.0 4746.387306385042
21880.0 4594.816425794076
21890.0 4173.752489159566
21900.0 4482.184407903054
21910.0 4464.393970601553
21920.0 4358.067633358276
21930.0 4238.6741961736725
21940.0 4158.08130904435
21950.0 3823.792021973609
21960.0 4001.8249849592667
21970.0 3840.645998004
21980.0 3501.914061103979
21990.0 3766.603574260625
22000.0 3399.1429986947096
22010.0 3052.0028043037705
22020.0 3100.468321186256
22030.0 3384.4506381275423
22040.0 2975.500255124811
22050.0 2693.7481221787602
22060.0 2909.4437892886885
22070.0 3121.264056452952
22080.0 2881.009373674019
22090.0 3105.680340951625
22100.0 3174.1081582850834
22110.0 3381.4771869322676
22120.0 3166.778743276084
22130.0 3361.2976609330644
22140.0 3452.3302286459975
22150.0 3863.335696415156
22160.0 3615.422964237995
22170.0 3809.562732116661
22180.0 3463.3787500483695
22190.0 3844.0003180362683
22200.0 3419.2714860772385
22210.0 3688.43680417263
22220.0 3478.6882135320257
22230.0 3630.784193698959
22240.0 3684.8011151277346
22250.0 3679.1309366101277
22260.0 3447.257858146822
22270.0 3057.2147297389365
22280.0 3552.6628013838913
22290.0 3666.060023080685
22300.0 3385.092994829612
22310.0 3136.2588666361553
22320.0 3411.9975884945434
22330.0 3277.119616770151
22340.0 3491.8437260623045
22350.0 3462.8987417750254
22360.0 3281.601707537201
22370.0 3194.973123350682
22380.0 3217.339739217557
22390.0 3423.612755137301
22400.0 2988.9118511070888
22410.0 2905.8808371295836
22420.0 3113.817603204471
22430.0 2959.362569330119
22440.0 3306.6575491399535
22450.0 2936.9543873723487
22460.0 2740.893859287648
22470.0 3008.1084612497607
22480.0 3038.940733258547
22490.0 3073.2204953172527
22500.0 2837.8960674238606
22510.0 3090.242649577448
22520.0 2916.091381777598
22530.0 2847.958594026563
22540.0 3200.4834563220784
22550.0 2767.301749580777
22560.0 2845.761358816314
22570.0 2857.6621090199883
22580.0 3224.7759292716714
22590.0 2941.789049572529
22600.0 2769.960669925645
22610.0 2714.831730327698
22620.0 3243.885710779099
22630.0 3027.661871278955
22640.0 2410.906411828858
22650.0 3021.385022429221
22660.0 3151.7626487948096
22670.0 3032.807616700793
22680.0 2490.133340373278
22690.0 2970.5354140972677
22700.0 2922.218757867964
22710.0 2881.152961688093
22720.0 2513.5412155559143
22730.0 3119.7983094727315
22740.0 2907.2524334379273
22750.0 2650.956087451379
22760.0 2780.610711512357
22770.0 2841.0114456240017
22780.0 2643.580499797626
22790.0 2911.746453987666
22800.0 2479.80358824136
22810.0 2913.215252543613
22820.0 2479.6025968918466
22830.0 2576.7778212895782
22840.0 2634.6236757328934
22850.0 2545.3589002243925
22860.0 2497.3925247620623
22870.0 2626.2262693477874
22880.0 2645.133523980241
22890.0 2352.954371097994
22900.0 2314.0593471132693
22910.0 2375.9992956124865
22920.0 2244.5320541587635
22930.0 2116.6648327499693
22940.0 2096.644501386743
22950.0 2045.1366200715509
22960.0 2053.304448802003
22970.0 2179.5850275766666
22980.0 1934.854151398035
22990.0 2244.1364102634748
23000.0 2138.8422041772546
23010.0 2329.56194144761
23020.0 2068.037288412216
23030.0 2185.1307437355754
23040.0 2262.627559103273
23050.0 2334.4712945167967
23060.0 2376.9131299748624
23070.0 2414.334585479811
23080.0 2613.369631027506
23090.0 2456.5868466229595
23100.0 2926.8399522606037
23110.0 2559.026607943909
23120.0 2486.23623498221
23130.0 2595.1105649664523
23140.0 2443.049286302432
23150.0 2877.1187676856066
23160.0 1690.8922201098155
23170.0 1572.7657305783853
23180.0 1842.6652280921676
23190.0 1805.0332996492023
23200.0 1754.7443892487079
23210.0 1913.4137618925747
23220.0 1988.4555135807682
23230.0 1690.787974311866
23240.0 1715.7760625720643
23250.0 1642.298167792772
23260.0 1736.3951465430346
23270.0 1874.7714993374518
23280.0 1533.1778551737427
23290.0 1914.2534460540483
23300.0 1578.3991439770796
23310.0 1677.0139389427284
23320.0 2046.231368950719
23330.0 1711.7876650000221
23340.0 1662.0601010949633
23350.0 1715.7232133303623
23360.0 1935.6542239982352
23370.0 1899.7354508078172
23380.0 1893.3666926622416
23390.0 1662.7255395560924
23400.0 1983.0930314915067
23410.0 1662.4978884707723
23420.0 2232.021855491478
23430.0 1619.5435225525816
23440.0 2005.7562696558698
23450.0 1820.4249068010824
23460.0 2017.693933988189
23470.0 2146.806141555228
23480.0 1957.935348485144
23490.0 2055.637465796162
23500.0 1919.9902031472088
23510.0 1749.8649905393559
23520.0 2009.3538579726803
23530.0 2060.9679154467804
23540.0 2203.1521929618766
23550.0 1925.4167055184842
23560.0 2264.318973114469
23570.0 2399.7654257510003
23580.0 1644.0438834284505
23590.0 2286.6837517949716
23600.0 2435.977518903037
23610.0 2164.686506700449
23620.0 2282.8163295385066
23630.0 2125.3185374159093
23640.0 2490.0177103340907
23650.0 2386.789768291612
23660.0 2405.8434962887627
23670.0 1901.3969043249908
23680.0 2537.3389224003104
23690.0 2268.314960516426
23700.0 1138.9192136698246
23710.0 1524.3692818654865
23720.0 1509.6465251004333
23730.0 2057.68903337219
23740.0 2049.5136316835574
23750.0 1834.6831600341334
23760.0 2039.976428424455
23770.0 1938.9987568516626
23780.0 1635.059035318563
23790.0 2094.988813824568
23800.0 1539.231642369242
23810.0 1973.7397709520446
23820.0 1844.550969573165
23830.0 1409.1463712603124
23840.0 1981.5545169293969
23850.0 2175.512935664729
23860.0 1721.6677744382362
23870.0 2169.7944532505303
23880.0 2310.258142100452
23890.0 2049.5583209880206
23900.0 2293.7032799119297
23910.0 1889.879463874977
23920.0 2026.7259628747363
23930.0 2348.014026912988
23940.0 1976.0586159883849
23950.0 2142.245172541397
23960.0 2123.093964250947
23970.0 2104.2730034381075
23980.0 2556.3709926614933
23990.0 2641.795101922928
24000.0 1947.8485812211231
24010.0 2450.6939505568657
24020.0 2442.22205992778
24030.0 2267.85890933631
24040.0 2433.429328782765
24050.0 2526.2157682624675
24060.0 2615.298747781279
24070.0 1896.4766213766952
24080.0 2295.5071941825913
24090.0 2409.676201065168
24100.0 2060.8544229843633
24110.0 2735.281754941068
24120.0 2642.5688369329837
24130.0 2021.2562989618868
24140.0 2430.4634610289986
24150.0 2537.659453130119
24160.0 2085.806385268693
24170.0 2449.795497443501
24180.0 2225.678629653113
24190.0 1702.8507700461003
24200.0 2901.583501924325
24210.0 2854.1257919845475
24220.0 2174.281632079511
24230.0 2108.7839222100783
24240.0 2677.7098323739215
24250.0 2351.2769825745995
24260.0 2268.4569328098637
24270.0 2016.294263080507
24280.0 2364.232293384654
24290.0 2807.6038337251734
24300.0 2301.0576240989194
24310.0 2354.0294792499603
24320.0 2956.2861313239137
24330.0 2104.036928174146
24340.0 2338.3399750563863
24350.0 2119.6981119708653
24360.0 1639.6350189191764
24370.0 2144.669645900621
24380.0 3001.5105729132633
24390.0 2715.5530099596203
24400.0 2346.1770170375703
24410.0 2410.5264041494083
24420.0 2243.392291292456
24430.0 2484.593920849331
24440.0 2142.8951093118358
24450.0 2474.4056901903464
24460.0 2178.807731099411
24470.0 1810.6843520441419
24480.0 2277.0067630213875
24490.0 2812.633894032749
24500.0 2699.6315250762295
24510.0 1878.0906961539422
24520.0 2008.8686972658581
24530.0 1625.3344584095003
24540.0 1745.267299586342
24550.0 2701.7813755736397
24560.0 2502.544542287642
24570.0 2880.0236338112854
24580.0 2592.9330103695097
24590.0 1803.2474169588613
24600.0 2231.7381335823147
24610.0 1668.9439502362247
24620.0 2611.037766922411
24630.0 2722.952733641855
24640.0 2948.1632203923477
24650.0 2481.399117176159
24660.0 2339.538793991171
24670.0 1684.1237608383794
24680.0 1682.3038904158668
24690.0 2353.6287593790894
24700.0 2093.3228710729586
24710.0 2345.6268827986623
24720.0 1960.444359557341
24730.0 1624.1967013472502
24740.0 1621.7412531687073
24750.0 1795.3357700224526
24760.0 2888.2243569063958
24770.0 1835.5901338230385
24780.0 1691.6462057705623
24790.0 2196.6547677485405
24800.0 2381.3350059371905
24810.0 1772.2531618009814
24820.0 1610.868523873193
24830.0 2280.0786559765265
24840.0 2467.211888111874
24850.0 3140.0325802753005
24860.0 2134.0125124723436
24870.0 1878.572854699732
24880.0 1490.642286957831
24890.0 1114.4340252469344
24900.0 1056.254406566639
24910.0 1988.8542689157982
24920.0 2625.404219130931
24930.0 2345.434213237985
24940.0 2286.600080208502
24950.0 2519.785877209193
24960.0 1482.2228642402188
24970.0 1303.459692301562
24980.0 1803.6454483909267
24990.0 1902.9968800986524
